57090 344300 1135800 00781 00802 4
20100502230000 156 013 161 013 161 013 2300 164 027 164 027 2300 0000 0220 0220 2300 0204 2201 075 075 2300 198 0174 09963 09963 2300 09958 2201 0239 0239 2300 0170 2203 0228 0228 2300 0177 2201 0200 0206 0209 0211 0195 0160 0131 0131 //// 10055 ///// ///// ////
000000000000000000000000000000000000000000000000000000000000000000000000000000000000000000000000000000000000000000000000=
57083 344300 1133900 01104 01116 4
20100502230000 155 013 153 013 153 021 2225 152 012 141 032 2220 0000 0249 0249 2300 0236 2201 063 062 2258 198 0174 09923 09923 2300 09918 2201 0246 0246 2300 0168 2201 0232 0232 2300 0187 2201 0203 0202 0204 0205 0169 0142 0129 0130 0003 10050 ///// ///// ////
000000000000000000000000000000000000000000000000000000000000000000000000000000000000000000000000000000000000000000000000
120 009 000 /// //// /////////////////////CIE /// //// 6///1 0//// 7//// 1//// 2//// 3//// /// /// /// // 911// 915// 919// 934// 939//=
57086 342300 1134300 01166 01168 4
20100502230000 155 014 153 017 150 019 2256 136 017 147 031 2242 0000 0208 0211 2201 0204 2222 073 070 2201 179 0158 09927 09927 2258 09921 2201 0235 0235 2257 0192 2202 0208 0208 2300 0183 2201 0197 0199 0201 0201 0180 0143 0123 0124 //// 10061 ///// ///// ////
000000000000000000000000000000000000000000000000000000000000000000000000000000000000000000000000000000000000000000000000=
57085 343200 1132000 02599 02648 4
20100502230000 339 015 334 016 346 018 2216 344 015 338 025 2212 0000 0220 0220 2300 0211 2213 074 074 2300 196 0172 09754 09755 2252 09751 2201 0236 0236 2300 0192 2201 0197 0197 2300 0172 2201 0189 0195 0199 0198 0187 0150 0127 0129 //// 10054 ///// ///// ////
000000000000000000000000000000000000000000000000000000000000000000000000000000000000000000000000000000000000000000000000=
57081 344800 1132600 01409 01419 4
20100502230000 126 016 100 006 100 006 2300 113 014 113 022 2257 0000 0222 0222 2300 0204 2215 070 070 2300 187 0165 09887 09887 2252 09884 2201 0244 0244 2300 0155 2201 0214 0214 2300 0175 2201 0198 0202 0208 0204 0164 0143 0126 0122 //// 10048 ///// ///// ////
000000000000000000000000000000000000000000000000000000000000000000000000000000000000000000000000000000000000000000000000=
57084 343000 1130300 11784 11790 4
20100502230000 245 026 250 025 258 031 2247 240 029 262 038 2240 0000 0213 0214 2201 0212 2211 047 043 2218 119 0095 08779 08779 2300 08775 2201 0176 0177 2259 0139 2201 0196 0196 2300 0144 2201 0162 0167 0173 0172 0139 //// //// //// //// 10053 ///// ///// ////
000000000000000000000000000000000000000000000000000000000000000000000000000000000000000000000000000000000000000000000000=
57080 344400 1125800 01652 01661 4
20100502230000 000 000 000 000 054 011 2214 344 000 026 019 2212 0000 0202 0202 2300 0185 2201 079 078 2253 187 0164 09860 09860 2300 09853 2217 0201 0201 2300 0139 2201 0207 0207 2300 0161 2201 0190 0199 0207 0208 0165 0135 0120 0124 //// 10049 ///// ///// ////
000000000000000000000000000000000000000000000000000000000000000000000000000000000000000000000000000000000000000000000000=
57082 342800 1130100 04271 04284 4
20100502230000 000 000 006 005 349 009 2240 344 004 094 021 2220 0000 0215 0215 2300 0193 2209 068 068 2300 174 0154 09575 09575 2300 09571 2202 0205 0205 2300 0169 2201 0208 0208 2300 0173 2201 0197 0207 0214 0216 0178 0147 0127 //// //// 10055 ///// ///// ////
000000000000000000000000000000000000000000000000000000000000000000000000000000000000000000000000000000000000000000000000=
57295 323700 1142100 00785 00802 4
20100502230000 185 026 187 026 186 027 2245 156 015 181 056 2237 0000 0219 0219 2300 0209 2208 068 068 2300 179 0157 09981 09981 2300 09974 2201 0200 0200 2259 0157 2201 0212 0212 2300 0182 2201 0211 0210 0211 0211 0171 0148 0131 0132 //// 10073 ///// ///// ////
000000000000000000000000000000000000000000000000000000000000000000000000000000000000000000000000000000000000000000000000=
57189 330800 1135700 00646 00655 4
20100502230000 142 020 145 015 140 018 2251 125 025 125 025 2300 0000 0199 0199 2300 0184 2215 083 080 2201 193 0169 09988 09988 2300 09983 2201 0173 0173 2300 0139 2201 0202 0202 2300 0170 2201 0194 0200 0204 0206 0162 0139 0125 0127 //// 10064 ///// ///// ////
000000000000000000000000000000000000000000000000000000000000000000000000000000000000000000000000000000000000000000000000=
57194 331700 1141600 00598 00609 4
20100502230000 166 023 170 021 168 027 2248 173 018 156 046 2246 0000 0214 0214 2259 0196 2201 071 070 2245 181 0159 09995 09995 2300 09989 2204 0227 0227 2300 0175 2201 0212 0212 2300 0171 2201 0194 0200 0205 0205 0163 0138 0124 0128 //// 10065 ///// ///// ////
000000000000000000000000000000000000000000000000000000000000000000000000000000000000000000000000000000000000000000000000=
57197 330000 1142000 00489 00545 4
20100502230000 172 023 165 022 155 025 2239 181 024 164 044 2206 0000 0203 0203 2300 0182 2201 083 083 2300 198 0173 10006 10006 2300 09998 2201 0197 0197 2300 0136 2202 0201 0201 2300 0161 2201 0194 0199 0203 0201 0174 0148 0129 0129 //// 10069 ///// ///// ////
000000000000000000000000000000000000000000000000000000000000000000000000000000000000000000000000000000000000000000000000=
57294 325000 1140100 00836 00846 4
20100502230000 214 039 216 038 216 038 2300 206 037 243 064 2242 0000 0250 0250 2300 0230 2201 061 061 2300 193 0170 09965 09965 2300 09960 2201 0234 0234 2300 0199 2201 0230 0230 2300 0197 2201 0206 0207 0208 0204 0166 0147 0129 0127 //// 10061 ///// ///// ////
000000000000000000000000000000000000000000000000000000000000000000000000000000000000000000000000000000000000000000000000=
57292 325800 1143800 00444 00453 4
20100502230000 175 027 170 030 169 030 2256 173 035 156 054 2246 0000 0221 0221 2300 0207 2211 075 074 2201 199 0175 10022 10022 2300 10014 2201 0214 0214 2300 0174 2204 0224 0224 2300 0182 2201 0200 0205 0209 0212 0188 0154 0133 0135 //// 10074 ///// ///// ////
000000000000000000000000000000000000000000000000000000000000000000000000000000000000000000000000000000000000000000000000=
57195 333700 1143700 00466 00476 4
20100502230000 115 010 112 010 109 012 2235 206 008 116 021 2216 0000 0214 0214 2300 0211 2201 066 065 2202 168 0148 10016 10016 2300 10010 2201 0223 0223 2300 0174 2201 0221 0221 2300 0177 2201 0201 0206 0214 0216 0178 0146 0129 0141 //// 10071 ///// ///// ////
000000000000000000000000000000000000000000000000000000000000000000000000000000000000000000000000000000000000000000000000=
57193 334700 1143100 00526 00541 4
20100502230000 170 015 175 017 176 017 2259 133 017 142 035 2259 0000 0224 0224 2300 0200 2201 066 066 2259 179 0157 10007 10007 2300 10002 2201 0212 0212 2300 0179 2201 0222 0222 2300 0178 2201 0195 0198 0203 0205 0179 0147 0131 0132 //// 10069 ///// ///// ////
000000000000000000000000000000000000000000000000000000000000000000000000000000000000000000000000000000000000000000000000=
57099 340400 1145100 00526 00536 4
20100502230000 153 010 155 008 175 009 2226 225 014 194 018 2219 0000 0214 0214 2300 0197 2201 072 072 2300 183 0161 10009 10009 2300 10003 2201 0218 0230 2253 0162 2201 0196 0198 2253 0170 2201 0189 0193 0197 0199 0177 0144 0124 0132 //// 10071 ///// ///// ////
000000000000000000000000000000000000000000000000000000000000000000000000000000000000000000000000000000000000000000000000=
58104 332400 1150400 00412 00425 4
20100502230000 164 021 160 022 155 024 2248 175 023 155 044 2244 0000 0205 0205 2300 0182 2201 081 080 2258 195 0171 10027 10027 2300 10021 2201 0240 0240 2300 0150 2201 0201 0201 2300 0158 2201 0186 0193 0202 0207 0192 0149 0128 0135 //// 10076 ///// ///// ////
000000000000000000000000000000000000000000000000000000000000000000000000000000000000000000000000000000000000000000000000=
57198 333300 1143700 00463 00473 4
20100502230000 161 006 139 006 117 010 2234 158 004 113 014 2234 0000 0205 0205 2300 0186 2201 074 074 2300 178 0157 10017 10018 2256 10011 2201 0213 0213 2300 0141 2201 0203 0203 2300 0163 2201 0188 0197 0204 0207 0167 0146 0132 0139 //// 10072 ///// ///// ////
000000000000000000000000000000000000000000000000000000000000000000000000000000000000000000000000000000000000000000000000=
58101 335200 1152900 00413 00428 4
20100502230000 165 015 164 015 162 018 2252 153 020 167 032 2234 0000 0203 0203 2300 0188 2201 080 079 2259 190 0167 10028 10028 2300 10024 2201 0224 0224 2300 0164 2201 0206 0206 2300 0162 2201 0190 0191 0195 0196 0165 0141 0126 0131 //// 10078 ///// ///// ////
000000000000000000000000000000000000000000000000000000000000000000000000000000000000000000000000000000000000000000000000=
57098 340500 1142400 00583 00593 4
20100502230000 199 007 184 007 147 013 2201 200 007 155 018 2207 0000 0208 0208 2300 0183 2201 080 079 2259 196 0172 09997 09998 2255 09992 2201 0252 0252 2300 0170 2201 0203 0203 2300 0166 2201 0185 0182 0185 0189 0175 0144 0126 0130 //// 10065 ///// ///// ////
000000000000000000000000000000000000000000000000000000000000000000000000000000000000000000000000000000000000000000000000=
57190 334500 1142400 00505 00516 4
20100502230000 183 022 187 022 192 022 2254 152 023 183 035 2252 0000 0209 0209 2300 0185 2201 075 075 2300 185 0163 10006 10007 2250 10002 2201 0239 0239 2300 0173 2201 0210 0210 2300 0162 2201 0186 0190 0196 0197 0187 0149 0129 0132 //// 10066 ///// ///// ////
000000000000000000000000000000000000000000000000000000000000000000000000000000000000000000000000000000000000000000000000=
57088 340900 1133000 01161 01177 4
20100502230000 147 004 150 006 162 012 2243 136 006 131 016 2242 0000 0202 0202 2300 0180 2201 084 084 2300 199 0174 09925 09926 2252 09918 2201 0205 0205 2300 0157 2201 0220 0220 2300 0169 2201 0195 0201 0208 0208 0159 0137 0127 0131 //// 10060 ///// ///// ////
000000000000000000000000000000000000000000000000000000000000000000000000000000000000000000000000000000000000000000000000=
57182 335100 1133000 00805 00814 4
20100502230000 145 019 141 019 141 019 2259 175 020 144 030 2255 0000 0210 0210 2300 0193 2205 078 078 2300 194 0170 09967 09967 2300 09962 2201 0239 0239 2300 0174 2201 0237 0237 2300 0183 2201 0208 0215 0220 0216 0185 0152 0134 0139 //// 10061 ///// ///// ////
000000000000000000000000000000000000000000000000000000000000000000000000000000000000000000000000000000000000000000000000=
57087 341200 1134800 00877 00885 4
20100502230000 105 007 094 008 083 010 2247 138 006 096 012 2246 0000 0207 0207 2300 0190 2201 079 078 2258 193 0169 09963 09963 2300 09955 2201 0226 0226 2300 0151 2201 0215 0215 2300 0168 2201 0192 0196 0201 0201 0164 0139 0125 0128 //// 10065 ///// ///// ////
000000000000000000000000000000000000000000000000000000000000000000000000000000000000000000000000000000000000000000000000=
58301 314900 1152300 00916 00929 4
20100502230000 223 038 220 041 229 055 2242 215 040 227 067 2242 0000 0242 0247 2201 0239 2234 052 047 2201 157 0137 09977 09978 2259 09974 2201 0232 0232 2259 0222 2213 0240 0240 2300 0213 2203 0216 0217 0220 0219 0203 0169 0140 0134 //// 10083 ///// ///// ////
000000000000000000000000000000000000000000000000000000000000000000000000000000000000000000000000000000000000000000000000=
57298 321300 1143300 00554 00562 4
20100502230000 182 020 195 019 191 023 2213 152 023 206 037 2212 0000 0231 0231 2300 0215 2201 069 069 2300 195 0171 10016 10016 2300 10007 2201 0206 0206 2300 0180 2201 0225 0225 2300 0180 2201 0200 0205 0209 0208 0172 0147 0128 0138 //// 10081 ///// ///// ////
000000000000000000000000000000000000000000000000000000000000000000000000000000000000000000000000000000000000000000000000=
57390 314800 1140400 07335 07347 4
20100502230000 199 065 199 067 202 074 2252 221 040 204 151 2252 0000 0217 0219 2201 0215 2236 065 063 2201 169 0148 09270 09270 2300 09264 2201 0239 0239 2300 0211 2207 0213 0213 2300 0179 2201 0181 0180 0185 0185 0167 0134 //// //// //// 10087 ///// ///// ////
000000000000000000000000000000000000000000000000000000000000000000000000000000000000000000000000000000000000000000000000=
53989 350300 1135700 00766 00777 4
20100502230000 099 005 118 005 140 008 2218 125 006 159 019 2217 0000 0212 0212 2300 0198 2201 078 077 2253 196 0172 09969 09969 2300 09959 2202 0216 0216 2300 0160 2201 0209 0209 2300 0169 2201 0193 0199 0204 0204 0173 0142 0124 0126 //// 10058 ///// ///// ////
000000000000000000000000000000000000000000000000000000000000000000000000000000000000000000000000000000000000000000000000=
53997 350900 1141100 00711 00723 4
20100502230000 074 013 082 010 106 016 2227 043 014 104 024 2226 0000 0222 0222 2300 0206 2201 070 070 2300 187 0165 09978 09978 2300 09968 2201 0207 0207 2300 0170 2204 0215 0215 2300 0174 2201 0193 0197 0197 0201 0162 0139 0122 0126 //// 10061 ///// ///// ////
000000000000000000000000000000000000000000000000000000000000000000000000000000000000000000000000000000000000000000000000=
53986 351900 1135300 00732 00740 4
20100502230000 069 015 091 013 068 016 2210 035 014 102 029 2242 0000 0213 0213 2300 0195 2201 087 087 2300 220 0190 09976 09976 2300 09967 2201 0231 0231 2300 0157 2202 0209 0209 2300 0168 2201 0194 0198 0200 0201 0175 0145 0126 0130 //// 10061 ///// ///// ////
000000000000000000000000000000000000000000000000000000000000000000000000000000000000000000000000000000000000000000000000=
53988 351600 1134000 00776 00784 4
20100502230000 087 017 080 015 086 017 2237 099 016 037 028 2255 0000 0216 0216 2300 0191 2201 077 077 2300 199 0174 09964 09964 2300 09954 2201 0215 0215 2300 0161 2201 0220 0220 2300 0163 2201 0191 0196 0200 0201 0157 0135 0123 0128 //// 10054 ///// ///// ////
000000000000000000000000000000000000000000000000000000000000000000000000000000000000000000000000000000000000000000000000=
53998 351200 1143900 00616 00625 4
20100502230000 165 025 162 024 164 027 2222 161 025 175 043 2250 0000 0213 0213 2300 0206 2203 077 077 2300 195 0171 09990 09990 2300 09983 2206 0207 0207 2300 0177 2201 0208 0208 2300 0179 2201 0194 0198 0200 0199 0184 0148 0124 0130 //// 10062 ///// ///// ////
000000000000000000000000000000000000000000000000000000000000000000000000000000000000000000000000000000000000000000000000=
57051 344800 1111200 04099 04117 4
20100502230000 094 019 093 021 093 021 2300 105 017 088 036 2251 0000 0197 0198 2236 0195 2231 069 068 2234 158 0139 09575 09575 2256 09569 2202 0181 0181 2300 0153 2203 0190 0190 2300 0165 2202 0191 0199 0204 0204 0175 0136 0119 0120 //// 10035 ///// ///// ////
000000000000000000000000000000000000000000000000000000000000000000000000000000000000000000000000000000000000000000000000=
57063 344600 1114600 05236 05236 4
20100502230000 000 000 237 005 252 007 2256 215 000 251 011 2255 0000 0160 0160 2300 0147 2225 086 086 2300 156 0137 09461 09462 2258 09455 2201 0173 0173 2300 0105 2201 0179 0179 2300 0134 2201 0166 0174 0181 0181 0128 0114 0104 0111 //// 10049 ///// ///// ////
000000000000000000000000000000000000000000000000000000000000000000000000000000000000000000000000000000000000000000000000=
57067 340300 1110200 05688 05699 4
20100502230000 242 019 239 017 239 017 2300 251 029 251 029 2300 0000 0154 0154 2300 0148 2215 085 084 2201 149 0129 09417 09417 2300 09412 2202 0159 0159 2300 0119 2201 0177 0177 2300 0158 2203 0187 0199 0203 0205 0179 0152 0124 0125 //// 10057 ///// ///// ////
000000000000000000000000000000000000000000000000000000000000000000000000000000000000000000000000000000000000000000000000=
57056 343200 1105300 03904 03909 4
20100502230000 145 044 150 049 157 052 2254 147 084 156 117 2207 0000 0251 0251 2238 0246 2201 045 044 2237 143 0123 09591 09592 2258 09586 2204 0228 0231 2256 0219 2205 0224 0224 2300 0209 2205 0210 0213 0213 0211 0156 0132 0118 0121 //// 10026 ///// ///// ////
000000000000000000000000000000000000000000000000000000000000000000000000000000000000000000000000000000000000000000000000=
58007 340400 1151800 00472 00532 4
20100502230000 157 014 161 015 155 017 2217 164 013 142 033 2256 0000 0203 0203 2300 0180 2201 075 075 2300 179 0157 10014 10014 2300 10008 2201 0220 0220 2300 0147 2201 0196 0196 2300 0153 2201 0181 0189 0196 0197 0161 0140 0127 0132 //// 10076 ///// ///// ////
000000000000000000000000000000000000000000000000000000000000000000000000000000000000000000000000000000000000000000000000=
58006 342300 1155300 00463 00506 4
20100502230000 163 019 151 024 146 025 2258 170 019 142 039 2250 0000 0207 0207 2300 0193 2201 073 072 2206 178 0157 10024 10024 2259 10019 2202 0218 0218 2300 0149 2201 0195 0195 2300 0151 2201 0175 0181 0188 0191 0171 0142 0123 0128 //// 10083 ///// ///// ////
000000000000000000000000000000000000000000000000000000000000000000000000000000000000000000000000000000000000000000000000=
58111 335800 1162700 00325 00325 4
20100502230000 127 015 123 012 123 015 2201 150 025 150 025 2300 0000 0207 0207 2300 0198 2221 072 071 2253 176 0155 10051 10051 2259 10047 2212 0173 0173 2300 0150 2201 0201 0201 2300 0165 2201 0180 0182 0186 0188 0166 0142 0130 0138 //// 10089 ///// ///// ////
000000000000000000000000000000000000000000000000000000000000000000000000000000000000000000000000000000000000000000000000=
58017 341500 1160800 00410 00420 4
20100502230000 125 029 124 020 124 020 2300 128 014 085 053 2259 0000 0215 0215 2300 0203 2206 079 079 2300 202 0177 10034 10034 2258 10028 2202 0202 0202 2300 0157 2201 0195 0195 2300 0167 2201 0186 0190 0193 0194 0160 0142 0127 0130 //// 10083 ///// ///// ////
000000000000000000000000000000000000000000000000000000000000000000000000000000000000000000000000000000000000000000000000=
58001 342600 1150600 00563 00569 4
20100502230000 185 024 183 018 186 020 2250 181 039 181 039 2300 0000 0206 0206 2300 0189 2202 078 078 2300 189 0166 10002 10002 2255 09997 2213 0227 0228 2259 0174 2201 0197 0197 2300 0166 2201 0182 0184 0188 0188 0160 0133 0118 0126 //// 10068 ///// ///// ////
000000000000000000000000000000000000000000000000000000000000000000000000000000000000000000000000000000000000000000000000=
58005 342700 1154000 00501 00511 4
20100502230000 179 023 177 022 173 026 2247 175 028 184 044 2245 0000 0217 0217 2300 0198 2213 067 067 2300 174 0153 10017 10017 2300 10010 2201 0213 0213 2300 0157 2203 0214 0214 2300 0171 2201 0193 0199 0198 0196 0164 0135 0127 0133 0003 10076 ///// ///// ////
000000000000000000000000000000000000000000000000000000000000000000000000000000000000000000000000000000000000000000000000
130 000 000 /// //// //////////////////////// /// //// 6///1 0//// 7//// 1//// 2//// 3//// /// /// /// // 911// 915// 919// 934// 939//=
58008 342800 1152000 00544 00592 4
20100502230000 165 015 175 014 170 018 2229 170 022 170 038 2219 0000 0216 0216 2300 0198 2201 068 068 2300 175 0154 10001 10001 2300 09995 2207 0246 0246 2300 0171 2201 0213 0213 2300 0171 2201 0185 0186 0190 0191 0157 0137 0122 0129 //// 10069 ///// ///// ////
000000000000000000000000000000000000000000000000000000000000000000000000000000000000000000000000000000000000000000000000=
58004 343900 1150900 00606 00616 4
20100502230000 201 013 195 009 159 011 2235 212 008 195 026 2228 0000 0202 0202 2300 0185 2204 084 084 2300 199 0174 09995 09995 2300 09990 2201 0241 0241 2300 0155 2201 0206 0206 2300 0165 2201 0188 0197 0199 0201 0171 0141 0127 0129 //// 10066 ///// ///// ////
000000000000000000000000000000000000000000000000000000000000000000000000000000000000000000000000000000000000000000000000=
54817 355900 1155200 00421 00434 4
20100502230000 155 016 151 016 155 022 2201 164 018 161 031 2207 0000 0212 0212 2300 0205 2202 089 089 2300 224 0193 10014 10014 2300 10007 2202 0216 0216 2300 0182 2201 0221 0221 2300 0181 2201 0192 0192 0194 0190 0151 0122 0111 0113 //// 10064 ///// ///// ////
000000000000000000000000000000000000000000000000000000000000000000000000000000000000000000000000000000000000000000000000=
54902 355400 1150700 00495 00499 4
20100502230000 184 009 165 010 184 011 2250 181 010 206 021 2256 0000 0206 0206 2300 0192 2201 083 083 2300 201 0176 10000 10000 2300 09992 2201 0224 0224 2300 0153 2204 0205 0205 2300 0157 2201 0186 0190 0192 0192 0157 0122 0111 0115 //// 10058 ///// ///// ////
000000000000000000000000000000000000000000000000000000000000000000000000000000000000000000000000000000000000000000000000=
54900 354200 1150100 00537 00541 4
20100502230000 202 022 200 017 180 025 2212 192 019 178 043 2229 0000 0211 0211 2300 0202 2203 084 084 2258 210 0183 09997 09997 2300 09989 2201 0207 0207 2300 0169 2201 0210 0210 2300 0173 2201 0194 0196 0196 0194 0174 0135 0115 0115 //// 10059 ///// ///// ////
000000000000000000000000000000000000000000000000000000000000000000000000000000000000000000000000000000000000000000000000=
54901 360500 1151000 00475 00478 4
20100502230000 167 017 168 018 183 020 2253 156 018 184 023 2252 0000 0194 0194 2300 0178 2218 093 092 2220 209 0182 10003 10003 2252 09996 2201 0201 0201 2300 0157 2201 0200 0200 2300 0160 2201 0178 0181 0185 0186 0172 0140 0116 0115 //// 10058 ///// ///// ////
000000000000000000000000000000000000000000000000000000000000000000000000000000000000000000000000000000000000000000000000=
54903 355100 1152900 00457 00506 4
20100502230000 210 012 207 012 214 019 2201 198 016 209 030 2208 0000 0215 0215 2300 0208 2205 080 080 2258 205 0179 10003 10003 2256 09995 2201 0248 0248 2300 0194 2205 0218 0218 2300 0184 2201 0192 0195 0196 0193 0167 0134 0118 0116 //// 10061 ///// ///// ////
000000000000000000000000000000000000000000000000000000000000000000000000000000000000000000000000000000000000000000000000=
57184 333800 1132200 00834 00847 4
20100502230000 089 009 102 008 046 009 2204 085 009 116 014 2256 0000 0211 0211 2300 0194 2201 078 078 2300 195 0171 09961 09961 2300 09955 2201 0201 0201 2300 0173 2201 0234 0234 2300 0183 2201 0208 0216 0218 0219 0149 0135 0126 0133 //// 10058 ///// ///// ////
000000000000000000000000000000000000000000000000000000000000000000000000000000000000000000000000000000000000000000000000=
57177 332000 1133200 00898 00913 4
20100502230000 261 007 059 010 095 016 2216 350 007 091 028 2214 0000 0217 0231 2201 0214 2218 069 060 2201 179 0158 09952 09953 2259 09947 2201 0245 0245 2300 0196 2207 0217 0217 2300 0196 2202 0183 0210 0202 0213 0177 0148 0131 0125 //// 10056 ///// ///// ////
000000000000000000000000000000000000000000000000000000000000000000000000000000000000000000000000000000000000000000000000=
57075 341000 1125200 02031 02043 4
20100502230000 103 039 102 037 098 038 2244 110 056 110 056 2300 0000 0216 0216 2300 0205 2201 078 078 2300 201 0176 09824 09824 2300 09818 2201 0226 0227 2259 0195 2201 0220 0220 2259 0184 2201 0195 0200 0205 0206 0208 0167 0133 0126 //// 10057 ///// ///// ////
000000000000000000000000000000000000000000000000000000000000000000000000000000000000000000000000000000000000000000000000=
57173 334500 1125300 01457 01468 4
20100502230000 137 014 120 009 229 011 2205 153 019 226 027 2204 0000 0225 0225 2300 0216 2223 071 069 2201 193 0170 09883 09883 2300 09878 2201 -246 0231 2257 -246 2300 -246 0231 2257 -246 2300 -246 -246 -246 0239 0239 0239 0239 0239 //// 10050 ///// ///// ////
000000000000000000000000000000000000000000000000000000000000000000000000000000000000000000000000000000000000000000000000=
57180 335900 1131200 01175 01186 4
20100502230000       1600     1600    1600  1600   1600 000 -800 ///// ///// //// 0//// ////   1600  1600   1600  1600          /////   1600
000000000000000000000000000000000000000000000000000000000000000000000000000000000000000000000000000000000000000000000000=
57181 335300 1130300 01364 01380 4
20100502230000 169 035 174 038 181 041 2253 170 042 203 061 2253 0000 0226 0226 2300 0217 2235 073 071 2206 200 0175 09899 09901 2253 09896 2201 0209 0209 2300 0178 2201 0215 0215 2300 0184 2201 0204 0209 0215 0219 0181 0149 0130 0133 //// 10057 ///// ///// ////
000000000000000000000000000000000000000000000000000000000000000000000000000000000000000000000000000000000000000000000000=
57175 330300 1121400 01914 01922 4
20100502230000 086 008 086 006 090 012 2227 088 010 088 019 2220 0000 0198 0198 2300 0171 2205 094 093 2240 217 0188 09847 09847 2300 09841 2201 0197 0197 2300 0139 2201 0210 0210 2300 0169 2201 0202 0210 0217 0217 0169 0148 0134 0139 //// 10067 ///// ///// ////
000000000000000000000000000000000000000000000000000000000000000000000000000000000000000000000000000000000000000000000000=
57156 331800 1113000 02503 02523 4
20100502230000 298 016 292 014 294 020 2201 291 015 299 031 2206 0000 0192 0192 2300 0190 2236 085 085 2300 189 0166 09777 09777 2300 09772 2201 0181 0181 2300 0173 2201 0196 0196 2300 0180 2201 0202 0210 0216 0216 0189 0161 0139 0143 //// 10065 ///// ///// ////
000000000000000000000000000000000000000000000000000000000000000000000000000000000000000000000000000000000000000000000000=
57271 323300 1122300 00879 00897 4
20100502230000 147 006 147 007 149 014 2211 173 007 144 028 2205 0000 0210 0210 2300 0197 2208 080 080 2259 199 0174 09960 09960 2300 09955 2225 0232 0232 2300 0164 2202 0220 0220 2300 0181 2201 0211 0217 0222 0222 0174 0146 0135 0139 //// 10063 ///// ///// ////
000000000000000000000000000000000000000000000000000000000000000000000000000000000000000000000000000000000000000000000000=
57261 330700 1113100 02330 02345 4
20100502230000 071 015 058 013 058 013 2300 071 015 073 020 2257 0000 0198 0198 2300 0196 2201 086 086 2300 199 0174 09789 09789 2300 09783 2201 0205 0205 2300 0175 2201 0206 0206 2300 0190 2201 0213 0223 0228 0228 0206 0171 0149 //// //// 10056 ///// ///// ////
000000000000000000000000000000000000000000000000000000000000000000000000000000000000000000000000000000000000000000000000=
57285 322300 1132500 01530 01492 4
20100502230000 215 019 209 031 215 043 2234 175 014 181 101 2230 0000 0268 0268 2300 0261 2224 047 047 2258 166 0146 09894 09895 2252 09889 2202 0220 0220 2300 0199 2205 0238 0238 2300 0209 2204 0217 0220 0222 0223 0168 0144 0130 0135 //// ///// ///// ///// ////
////////////////////////////////////////////////////////////////////////////////////////////////////////////////////////=
57273 324100 1125100 01095 01105 4
20100502230000 034 005 047 008 064 011 2234 066 010 077 018 2227 0000 0196 0196 2300 0173 2201 078 078 2300 178 0157 09938 09938 2300 09933 2201 0222 0222 2300 0169 2201 0223 0223 2300 0183 2201 0211 0219 0223 0223 0180 0154 0136 0138 //// 10065 ///// ///// ////
000000000000000000000000000000000000000000000000000000000000000000000000000000000000000000000000000000000000000000000000=
57187 330400 1125600 01180 01193 4
20100502230000 331 009 012 006 012 006 2300 344 008 327 012 2259 0000 0190 0190 2300 0161 2201 090 090 2300 198 0173 09919 09920 2255 09916 2201 0242 0242 2300 0142 2203 0210 0210 2300 0167 2201 0195 0196 0210 0212 0192 0159 0139 0137 //// 10056 ///// ///// ////
000000000000000000000000000000000000000000000000000000000000000000000000000000000000000000000000000000000000000000000000=
57178 330200 1123500 01292 01305 4
20100502230000 076 009 083 007 310 009 2211 068 009 293 012 2223 0000 0215 0215 2300 0196 2216 080 079 2251 205 0179 09916 09916 2300 09910 2201 0258 0258 2300 0154 2201 0235 0235 2300 0174 2201 0207 0212 0213 0211 0176 0148 0134 0135 0002 10065 ///// ///// ////
000000000000000000000000000000000000000000000000000000000000000000000000000000000000000000000000000000000000000000000000
130 007 000 /// //// /////////////////////CIE /// //// 6///1 0//// 7//// 1//// 2//// 3//// /// /// /// // 911// 915// 919// 934// 939//=
57169 330300 1115200 01591 01600 4
20100502230000 000 000 042 001 240 014 2201 015 001 232 011 2201 0000 0180 0180 2245 0173 2205 098 098 2205 202 0177 09879 09880 2252 09876 2212 0180 0180 2300 0171 2201 0196 0196 2300 0166 2201 0197 0206 0212 0214 0190 0154 0134 0135 //// 10063 ///// ///// ////
000000000000000000000000000000000000000000000000000000000000000000000000000000000000000000000000000000000000000000000000=
57176 332900 1122500 02311 02304 4
20100502230000 000 000 172 002 346 008 2228 260 001 336 010 2224 0000 0192 0192 2300 0182 2216 088 088 2300 196 0172 09807 09807 2300 09802 2201 0222 0222 2300 0159 2201 0211 0211 2300 0174 2201 0201 0209 0215 0217 0194 0164 0140 0137 //// 10070 ///// ///// ////
000000000000000000000000000000000000000000000000000000000000000000000000000000000000000000000000000000000000000000000000=
57179 331700 1130000 01604 01616 4
20100502230000 224 005 216 008 257 008 2201 220 004 206 010 2254 0000 0186 0186 2300 0171 2208 094 093 2208 201 0176 09879 09879 2257 09876 2201 0206 0206 2300 0143 2201 0205 0205 2300 0168 2201 0196 0204 0209 0211 0180 0149 0130 0134 //// 10065 ///// ///// ////
000000000000000000000000000000000000000000000000000000000000000000000000000000000000000000000000000000000000000000000000=
57274 324200 1120700 01076 01088 4
20100502230000 067 010 072 010 072 010 2300 066 013 063 018 2256 0000 0192 0192 2300 0183 2215 084 084 2300 187 0164 09937 09937 2300 09932 2201 0201 0201 2300 0169 2201 0204 0204 2300 0181 2201 0208 0214 0221 0224 0212 0183 0150 0145 //// 10062 ///// ///// ////
000000000000000000000000000000000000000000000000000000000000000000000000000000000000000000000000000000000000000000000000=
57065 343000 1121100 01949 01964 4
20100502230000 289 014 326 010 326 010 2300 302 012 268 024 2258 0000 0195 0195 2300 0177 2201 076 076 2300 172 0152 09825 09825 2300 09820 2202 0188 0188 2300 0157 2201 0219 0219 2300 0166 2201 0201 0210 0218 0220 0175 0147 0134 0138 //// 10049 ///// ///// ////
000000000000000000000000000000000000000000000000000000000000000000000000000000000000000000000000000000000000000000000000=
57074 342500 1122500 01973 01989 4
20100502230000 211 010 212 009 213 016 2212 218 011 184 041 2239 0000 0221 0221 2300 0214 2204 074 074 2300 197 0173 09824 09824 2300 09819 2202 0216 0216 2300 0180 2204 0220 0220 2300 0185 2201 0203 0209 0213 0212 0170 0146 0129 0130 //// 10050 ///// ///// ////
000000000000000000000000000000000000000000000000000000000000000000000000000000000000000000000000000000000000000000000000=
57076 344400 1124700 01895 01901 4
20100502230000 018 043 019 041 019 041 2300 015 045 021 055 2247 0000 0235 0237 2250 0216 2201 062 060 2224 179 0158 09829 09829 2300 09822 2201 0228 0229 2257 0169 2201 0213 0213 2300 0169 2201 0188 0193 0197 0197 0166 0138 0122 0125 //// 10044 ///// ///// ////
000000000000000000000000000000000000000000000000000000000000000000000000000000000000000000000000000000000000000000000000=
57070 344400 1120700 03640 03595 4
20100502230000 000 000 091 001 050 012 2225 009 000 046 018 2221 0000 0202 0202 2259 0194 2211 081 081 2259 192 0168 09642 09642 2300 09635 2201 0226 0226 2258 0164 2205 0217 0217 2300 0169 2201 0191 0196 0199 0197 0179 0143 0123 0125 //// 10047 ///// ///// ////
000000000000000000000000000000000000000000000000000000000000000000000000000000000000000000000000000000000000000000000000=
57162 340900 1120500 03258 03275 4
20100502230000 148 011 154 010 205 012 2230 170 011 272 020 2228 0000 0199 0199 2300 0193 2216 069 069 2300 160 0140 09680 09680 2300 09674 2201 0194 0194 2300 0161 2201 0213 0213 2300 0173 2201 0201 0209 0216 0217 0167 0145 0129 0134 //// 10050 ///// ///// ////
000000000000000000000000000000000000000000000000000000000000000000000000000000000000000000000000000000000000000000000000=
57078 340900 1122800 03365 03340 4
20100502230000 035 003 046 005 075 008 2247 347 000 054 011 2245 0000 0181 0181 2300 0174 2218 079 079 2251 164 0144 09675 09675 2300 09670 2201 0189 0189 2300 0132 2201 0194 0194 2300 0149 2201 0177 0189 0200 0204 0155 0135 0124 0124 //// 10054 ///// ///// ////
000000000000000000000000000000000000000000000000000000000000000000000000000000000000000000000000000000000000000000000000=
57071 344900 1122600 03333 03332 4
20100502230000 114 007 125 007 202 013 2215 113 003 184 020 2208 0000 0214 0214 2300 0201 2201 073 073 2300 186 0164 09673 09673 2300 09665 2201 0210 0210 2300 0144 2201 0213 0213 2300 0167 2201 0193 0199 0203 0203 0188 0145 0122 0123 //// 10049 ///// ///// ////
000000000000000000000000000000000000000000000000000000000000000000000000000000000000000000000000000000000000000000000000=
57066 342300 1114000 03283 03298 4
20100502230000 178 005 183 003 176 004 2230 161 003 130 009 2236 0000 0178 0178 2300 0177 2212 077 075 2201 157 0137 09674 09674 2300 09666 2204 0168 0168 2300 0147 2201 0175 0175 2300 0159 2201 0174 0179 0182 0180 0160 0138 0121 0120 //// 10049 ///// ///// ////
000000000000000000000000000000000000000000000000000000000000000000000000000000000000000000000000000000000000000000000000=
57077 334700 1113900 07424 07388 4
20100502230000 266 020 267 020 273 029 2251 257 024 282 043 2249 0000 0168 0168 2253 0156 2203 074 074 2258 141 0121 09241 09241 2300 09235 2204 0158 0159 2250 0129 2201 0163 0163 2247 0138 2201 0168 0179 0186 0189 0166 0131 0114 0117 //// 10061 ///// ///// ////
000000000000000000000000000000000000000000000000000000000000000000000000000000000000000000000000000000000000000000000000=
57183 334800 1135500 00600 00615 4
20100502230000 000 000 000 000 129 002 2204 057 000 147 006 2206 0000 0179 0179 2300 0160 2201 095 094 2201 195 0171 09991 09991 2300 09986 2201 0196 0196 2300 0149 2201 0201 0201 2300 0160 2201 0187 0193 0198 0200 0188 0151 0128 0126 //// 10062 ///// ///// ////
000000000000000000000000000000000000000000000000000000000000000000000000000000000000000000000000000000000000000000000000=
57186 333600 1140300 00587 00598 4
20100502230000 161 018 152 018 147 019 2258 204 017 154 035 2256 0000 0215 0215 2300 0188 2201 072 071 2257 185 0162 09994 09994 2300 09988 2201 0199 0199 2259 0164 2202 0225 0225 2259 0174 2201 0197 0203 0206 0209 0189 0155 0134 0137 //// 10063 ///// ///// ////
000000000000000000000000000000000000000000000000000000000000000000000000000000000000000000000000000000000000000000000000=
57094 342400 1141300 00674 00685 4
20100502230000 187 014 180 017 181 020 2252 211 014 203 032 2252 0000 0208 0208 2300 0188 2201 081 080 2258 199 0174 09981 09981 2300 09975 2201 0212 0212 2300 0160 2201 0215 0215 2300 0170 2201 0192 0194 0199 0201 0186 0157 0130 0130 //// 10060 ///// ///// ////
000000000000000000000000000000000000000000000000000000000000000000000000000000000000000000000000000000000000000000000000=
57191 342900 1142900 00634 00642 4
20100502230000 175 019 171 018 171 021 2232 173 023 184 041 2252 0000 0216 0216 2300 0203 2201 074 074 2300 191 0168 09992 09992 2300 09985 2201 0245 0245 2259 0185 2201 0224 0224 2300 0186 2201 0201 0203 0207 0207 0177 0144 0125 0127 //// 10066 ///// ///// ////
000000000000000000000000000000000000000000000000000000000000000000000000000000000000000000000000000000000000000000000000=
57096 343200 1144700 00597 00607 4
20100502230000 182 012 178 012 169 017 2227 121 008 178 031 2238 0000 0206 0206 2300 0186 2202 081 081 2300 196 0172 09993 09993 2300 09985 2204 0212 0212 2300 0173 2201 0205 0205 2259 0165 2201 0188 0195 0200 0199 0168 0141 0126 0130 //// 10063 ///// ///// ////
000000000000000000000000000000000000000000000000000000000000000000000000000000000000000000000000000000000000000000000000=
57093 345100 1144900 00733 00740 4
20100502230000 163 022 170 020 174 022 2236 166 028 192 036 2226 0000 0212 0212 2300 0198 2204 078 078 2300 196 0172 09979 09979 2300 09971 2202 0227 0227 2300 0192 2201 0213 0213 2300 0176 2201 0194 0196 0199 0196 0177 0142 0123 0125 //// 10064 ///// ///// ////
000000000000000000000000000000000000000000000000000000000000000000000000000000000000000000000000000000000000000000000000=
57091 344700 1141800 00737 00748 4
20100502230000 182 029 182 029 188 038 2206 184 029 181 052 2204 0000 0223 0223 2300 0220 2203 067 067 2300 180 0159 09971 09971 2300 09964 2201 0227 0227 2300 0196 2201 0228 0228 2300 0192 2201 0199 0199 0201 0189 0174 0145 0125 0120 //// 10057 ///// ///// ////
000000000000000000000000000000000000000000000000000000000000000000000000000000000000000000000000000000000000000000000000=
53978 350500 1123800 01401 01409 4
20100502230000 097 004 108 001 232 014 2238 088 004 229 018 2231 0000 0194 0194 2300 0172 2202 085 085 2300 191 0168 09888 09888 2300 09879 2201 0199 0199 2300 0154 2201 0199 0199 2300 0164 2201 0188 0195 0198 0201 0151 0132 0124 0130 //// 10049 ///// ///// ////
000000000000000000000000000000000000000000000000000000000000000000000000000000000000000000000000000000000000000000000000=
53987 350600 1132500 00910 00918 4
20100502230000 075 014 088 013 009 013 2201 074 021 074 021 2300 0000 0206 0206 2300 0194 2225 086 086 2201 209 0182 09947 09947 2300 09941 2202 0213 0213 2300 0172 2211 0206 0206 2300 0176 2201 0193 0196 0200 0203 0180 0151 0134 0132 //// 10052 ///// ///// ////
000000000000000000000000000000000000000000000000000000000000000000000000000000000000000000000000000000000000000000000000=
57079 345700 1130200 01064 01069 4
20100502230000 340 014 339 014 086 015 2205 330 015 080 019 2201 0000 0196 0196 2300 0178 2201 083 083 2300 189 0166 09923 09924 2246 09917 2201 0225 0225 2300 0163 2201 0215 0215 2300 0164 2201 0189 0191 0196 0196 0186 0151 0128 0126 //// 10045 ///// ///// ////
000000000000000000000000000000000000000000000000000000000000000000000000000000000000000000000000000000000000000000000000=
57072 345500 1124500 01275 01285 4
20100502230000 072 000 345 001 176 009 2203 096 000 262 012 2237 0000 0192 0192 2300 0169 2201 095 094 2201 211 0184 09903 09903 2300 09895 2201 0220 0220 2300 0139 2201 0207 0207 2300 0155 2201 0183 0189 0194 0193 0154 0132 0117 0119 //// 10050 ///// ///// ////
000000000000000000000000000000000000000000000000000000000000000000000000000000000000000000000000000000000000000000000000=
53982 351400 1131600 01120 01135 4
20100502230000 063 016 064 017 066 018 2258 074 014 194 036 2219 0000 0224 0224 2300 0208 2201 060 060 2300 162 0143 09921 09921 2300 09914 2201 0199 0199 2257 0168 2201 0225 0225 2300 0178 2201 0201 0206 0210 0210 0181 0149 0132 0136 //// 10050 ///// ///// ////
000000000000000000000000000000000000000000000000000000000000000000000000000000000000000000000000000000000000000000000000=
53979 350900 1130500 01200 01211 4
20100502230000 056 013 061 012 083 017 2215 042 014 064 027 2214 0000 0211 0211 2300 0177 2201 077 077 2300 193 0169 09914 09914 2300 09907 2201 0219 0219 2300 0151 2201 0228 0228 2300 0158 2201 0194 0201 0210 0212 0161 0143 0129 0134 //// 10052 ///// ///// ////
000000000000000000000000000000000000000000000000000000000000000000000000000000000000000000000000000000000000000000000000=
53992 353900 1143100 00582 00592 4
20100502230000 298 009 287 009 308 023 2207 300 009 308 029 2203 0000 0202 0202 2300 0175 2201 088 088 2300 208 0181 09990 09991 2258 09983 2203 0218 0218 2300 0158 2201 0208 0208 2300 0168 2201 0188 0188 0197 0197 0159 0133 0116 0123 //// 10058 ///// ///// ////
000000000000000000000000000000000000000000000000000000000000000000000000000000000000000000000000000000000000000000000000=
53974 353700 1141100 00723 00739 4
20100502230000 006 021 012 021 025 022 2241 004 025 026 040 2237 0000 0231 0231 2300 0210 2201 066 066 2300 186 0164 09975 09975 2300 09971 2203 0212 0212 2300 0175 2201 0218 0218 2300 0184 2201 0202 0208 0212 0211 0176 0143 0125 0129 //// 10060 ///// ///// ////
000000000000000000000000000000000000000000000000000000000000000000000000000000000000000000000000000000000000000000000000=
53990 354300 1141900 00795 00805 4
20100502230000 351 036 355 034 355 034 2300 339 036 353 045 2256 0000 0200 0200 2300 0167 2201 086 086 2300 201 0176 09968 09968 2300 09963 2201 0229 0229 2300 0170 2201 0230 0230 2300 0173 2201 0202 0209 0211 0213 0192 0147 0119 0116 //// 10061 ///// ///// ////
000000000000000000000000000000000000000000000000000000000000000000000000000000000000000000000000000000000000000000000000=
53991 355600 1142100 00743 00753 4
20100502230000 293 006 313 008 288 014 2204 291 006 354 021 2230 0000 0221 0221 2300 0212 2201 067 067 2300 178 0157 09977 09977 2300 09970 2201 0225 0225 2300 0184 2201 0215 0215 2300 0181 2201 0197 0202 0199 0204 0172 0140 0121 0123 //// 10063 ///// ///// ////
000000000000000000000000000000000000000000000000000000000000000000000000000000000000000000000000000000000000000000000000=
53889 360400 1134900 03068 03086 4
20100502230000 317 008 321 009 306 013 2229 286 008 272 018 2220 0000 0208 0208 2300 0188 2201 069 069 2300 169 0149 09713 09713 2300 09709 2201 0224 0224 2300 0143 2201 0208 0208 2300 0167 2201 0192 0193 0197 0201 0160 0128 0122 0108 //// 10062 ///// ///// ////
000000000000000000000000000000000000000000000000000000000000000000000000000000000000000000000000000000000000000000000000=
53995 353300 1143000 00625 00645 4
20100502230000 147 018 152 006 248 010 2201 139 023 139 023 2300 0000 0201 0201 2300 0183 2201 085 085 2300 200 0175 09986 09986 2300 09979 2202 0233 0233 2259 0166 2201 0208 0208 2300 0168 2201 0197 0202 0205 0206 0182 0148 0124 0123 //// 10060 ///// ///// ////
000000000000000000000000000000000000000000000000000000000000000000000000000000000000000000000000000000000000000000000000=
NNNN
