57188 332200 1140200 00559 00568 4
20100502180000 144 017 145 015 141 020 1739 142 018 130 024 1739 0000 0190 0196 1701 0186 1728 080 077 1701 176 0155 09991 09996 1701 09991 1759 0145 0150 1744 0142 1731 0163 0166 1741 0163 1800 0212 0221 0228 0221 0154 0134 0125 0134 //// 10056 ///// ///// ////
000000000000000000000000000000000000000000000000000000000000000000000000000000000000000000000000000000000000000000000000=
57293 324400 1145900 00380 00391 4
20100502180000 187 017 188 017 195 018 1716 195 017 204 024 1705 0000 0179 0184 1723 0179 1800 084 083 1724 172 0152 10024 10028 1701 10024 1800 0152 0158 1701 0152 1752 0176 0179 1701 0176 1800 0208 0223 0227 0224 0192 0160 0137 0136 //// 10069 ///// ///// ////
000000000000000000000000000000000000000000000000000000000000000000000000000000000000000000000000000000000000000000000000=
57281 324200 1131800 01422 01431 4
20100502180000 088 009 086 012 084 018 1719 057 007 057 030 1712 0000 0212 0215 1736 0212 1800 074 074 1756 186 0164 09898 09902 1708 09898 1759 0171 0182 1705 0168 1747 0180 0185 1706 0180 1800 0208 0218 0223 0220 0174 0142 0130 0134 //// 10061 ///// ///// ////
000000000000000000000000000000000000000000000000000000000000000000000000000000000000000000000000000000000000000000000000=
57196 332800 1145200 00420 00428 4
20100502180000 177 015 181 014 195 019 1701 209 013 198 030 1737 0000 0202 0212 1701 0202 1800 078 074 1701 185 0162 10015 10016 1701 10014 1723 0145 0169 1701 0142 1758 0161 0174 1701 0161 1759 0199 0213 0214 0209 0155 0137 0127 0132 //// 10064 ///// ///// ////
000000000000000000000000000000000000000000000000000000000000000000000000000000000000000000000000000000000000000000000000=
57099 340400 1145100 00526 00536 4
20100502180000 159 006 157 007 188 020 1701 138 007 197 036 1710 0000 0219 0234 1701 0219 1800 074 069 1701 194 0171 09995 09996 1707 09994 1702 0165 0193 1701 0164 1758 0180 0191 1701 0180 1800 0205 0216 0216 0212 0176 0143 0124 0132 //// 10056 ///// ///// ////
000000000000000000000000000000000000000000000000000000000000000000000000000000000000000000000000000000000000000000000000=
57198 333300 1143700 00463 00473 4
20100502180000 200 012 199 013 190 018 1742 232 010 187 028 1726 0000 0210 0222 1701 0210 1800 079 075 1701 196 0172 10007 10010 1701 10007 1800 0152 0164 1728 0150 1719 0181 0192 1701 0181 1800 0210 0223 0225 0222 0165 0145 0132 0139 //// 10061 ///// ///// ////
000000000000000000000000000000000000000000000000000000000000000000000000000000000000000000000000000000000000000000000000=
57192 334400 1145100 00455 00466 4
20100502180000 196 022 197 021 205 024 1724 234 017 226 049 1732 0000 0227 0236 1701 0227 1800 072 068 1701 199 0174 10006 10007 1701 10005 1713 0194 0203 1716 0194 1759 0195 0202 1701 0195 1800 0221 0233 0235 0227 0180 0151 0134 0141 //// 10059 ///// ///// ////
000000000000000000000000000000000000000000000000000000000000000000000000000000000000000000000000000000000000000000000000=
57190 334500 1142400 00505 00516 4
20100502180000 185 020 185 022 177 029 1749 183 022 175 042 1745 0000 0200 0211 1701 0199 1741 084 080 1701 196 0172 09996 09999 1701 09995 1758 0179 0192 1702 0175 1737 0170 0180 1701 0170 1800 0203 0214 0216 0211 0186 0147 0128 0132 //// 10055 ///// ///// ////
000000000000000000000000000000000000000000000000000000000000000000000000000000000000000000000000000000000000000000000000=
58100 333900 1151000 00414 00424 4
20100502180000 219 018 223 019 221 021 1757 188 019 223 052 1753 0000 0226 0232 1701 0226 1800 068 066 1701 186 0164 10013 10015 1701 10012 1751 0215 0222 1710 0214 1749 0189 0194 1713 0188 1749 0219 0235 0242 0239 0192 0157 0139 0141 //// 10062 ///// ///// ////
000000000000000000000000000000000000000000000000000000000000000000000000000000000000000000000000000000000000000000000000=
57095 340700 1140900 00611 00622 4
20100502180000 151 010 152 011 201 015 1706 181 014 152 028 1749 0000 0205 0216 1701 0205 1800 086 083 1701 207 0181 09979 09981 1709 09979 1800 0143 0152 1702 0143 1729 0171 0180 1701 0171 1800 0202 0203 0219 0218 0171 0143 0126 0129 //// 10050 ///// ///// ////
000000000000000000000000000000000000000000000000000000000000000000000000000000000000000000000000000000000000000000000000=
57089 340200 1135200 00668 00681 4
20100502180000 188 011 193 011 225 015 1701 178 008 175 025 1740 0000 0217 0229 1701 0217 1800 070 064 1701 182 0160 09973 09975 1705 09973 1742 0193 0195 1757 0187 1720 0189 0192 1701 0189 1800 0204 0214 0218 0215 0169 0140 0128 0132 //// 10051 ///// ///// ////
000000000000000000000000000000000000000000000000000000000000000000000000000000000000000000000000000000000000000000000000
120 000 000 000 //// //////////////////////// /// 0000 6///1 0//// 7//// 10311 2//// 3//// /// /// /// // 911// 915// 919// 934// 939//=
57296 322100 1144400 00489 00501 4
20100502180000 219 020 220 019 214 033 1701 178 014 220 048 1704 0000 0229 0241 1701 0228 1750 065 059 1701 181 0160 10012 10017 1701 10012 1800 0195 0218 1701 0187 1747 0184 0197 1701 0183 1752 0212 0224 0227 0224 0192 0157 0137 0133 //// 10069 ///// ///// ////
000000000000000000000000000000000000000000000000000000000000000000000000000000000000000000000000000000000000000000000000=
57396 313800 1145100 01287 01297 4
20100502180000 188 045 190 051 194 054 1754 200 039 189 069 1748 0000 0218 0222 1701 0216 1734 067 066 1701 175 0154 09932 09937 1701 09932 1800 0205 0209 1713 0204 1735 0191 0195 1701 0191 1800 0211 0221 0225 0221 0202 0159 //// //// //// 10080 ///// ///// ////
000000000000000000000000000000000000000000000000000000000000000000000000000000000000000000000000000000000000000000000000=
58207 321000 1150300 00428 00440 4
20100502180000 196 026 203 028 204 032 1751 170 021 211 052 1745 0000 0247 0247 1800 0243 1720 055 054 1748 171 0151 10021 10026 1701 10021 1800 0211 0213 1752 0188 1722 0211 0215 1701 0211 1800 0195 0217 0216 0211 0167 0146 0134 0139 //// 10071 ///// ///// ////
000000000000000000000000000000000000000000000000000000000000000000000000000000000000000000000000000000000000000000000000=
58205 322800 1152600 00349 00360 4
20100502180000 163 008 184 007 215 013 1702 153 009 195 021 1701 0000 0201 0230 1712 0201 1800 078 063 1715 183 0161 10030 10036 1701 10030 1800 0174 0213 1704 0174 1800 0187 0194 1701 0187 1800 0200 0208 0216 0218 0180 0155 0138 0127 //// 10071 ///// ///// ////
000000000000000000000000000000000000000000000000000000000000000000000000000000000000000000000000000000000000000000000000=
58208 321000 1153700 00429 00439 4
20100502180000 124 010 126 009 128 009 1736 129 010 116 012 1732 0000 0189 0191 1705 0188 1749 084 077 1750 183 0161 10023 10029 1720 10023 1800 0159 0166 1732 0146 1756 0180 0185 1701 0180 1757 0212 0232 0238 0240 0187 0161 0141 0142 //// 10073 ///// ///// ////
000000000000000000000000000000000000000000000000000000000000000000000000000000000000000000000000000000000000000000000000
120 000 000 000 //// //////////////////////// /// 0000 6///1 0//// 7//// 10322 2//// 3//// /// /// /// // 911// 915// 919// 934// 939//=
57299 320100 1145400 00494 00506 4
20100502180000 147 015 153 015 197 019 1703 147 013 169 027 1736 0000 0237 0240 1701 0235 1731 059 058 1701 173 0152 10013 10018 1701 10013 1800 0165 0172 1701 0157 1757 0180 0188 1701 0179 1757 0197 0207 0216 0219 0199 0156 0135 0132 //// 10071 ///// ///// ////
000000000000000000000000000000000000000000000000000000000000000000000000000000000000000000000000000000000000000000000000=
53997 350900 1141100 00711 00723 4
20100502180000 170 021 172 024 163 028 1727 141 021 181 046 1752 0000 0219 0229 1701 0219 1800 073 069 1701 192 0168 09954 09956 1701 09954 1800 0181 0182 1724 0175 1701 0186 0188 1723 0186 1800 0208 0216 0213 0213 0159 0138 0121 0125 //// 10036 ///// ///// ////
000000000000000000000000000000000000000000000000000000000000000000000000000000000000000000000000000000000000000000000000=
53994 352300 1140400 00700 00712 4
20100502180000 250 014 251 015 251 015 1800 226 013 231 022 1712 0000 0210 0210 1800 0205 1703 080 080 1800 199 0174 09949 09954 1705 09949 1800 0154 0161 1712 0142 1701 0159 0163 1716 0157 1751 0196 0210 0215 0208 0163 0133 0121 0129 //// 10030 ///// ///// ////
000000000000000000000000000000000000000000000000000000000000000000000000000000000000000000000000000000000000000000000000=
53988 351600 1134000 00776 00784 4
20100502180000 172 016 181 011 121 015 1739 155 015 155 021 1738 0000 0203 0207 1743 0203 1800 085 084 1733 202 0177 09939 09943 1701 09938 1745 0158 0171 1741 0151 1701 0170 0172 1745 0170 1759 0206 0217 0218 0214 0156 0134 0123 0128 //// 10028 ///// ///// ////
000000000000000000000000000000000000000000000000000000000000000000000000000000000000000000000000000000000000000000000000=
53985 352700 1134900 00964 00979 4
20100502180000 156 004 037 000 050 005 1740 088 006 063 008 1737 0000 0225 0231 1701 0225 1800 079 078 1701 215 0187 09919 09924 1702 09919 1800 0183 0186 1730 0181 1725 0189 0193 1702 0189 1758 0209 0215 0212 0206 0173 0139 0119 0122 //// 10030 ///// ///// ////
000000000000000000000000000000000000000000000000000000000000000000000000000000000000000000000000000000000000000000000000=
53983 350200 1142500 00696 00708 4
20100502180000 211 026 210 029 214 034 1753 195 026 217 050 1748 0000 0216 0218 1736 0212 1701 079 078 1749 204 0178 09962 09962 1800 09960 1701 0191 0193 1751 0178 1709 0179 0182 1748 0177 1709 0202 0213 0216 0214 0149 0129 0117 0126 //// 10043 ///// ///// ////
000000000000000000000000000000000000000000000000000000000000000000000000000000000000000000000000000000000000000000000000=
57171 334600 1130700 01420 01430 4
20100502180000 202 061 199 062 199 063 1754 206 065 206 085 1753 0000 0254 0254 1800 0244 1734 058 058 1800 188 0165 09883 09887 1702 09882 1743 0247 0247 1758 0234 1733 0234 0234 1759 0224 1701 0214 0221 0222 0219 0204 0170 0143 0138 //// 10044 ///// ///// ////
000000000000000000000000000000000000000000000000000000000000000000000000000000000000000000000000000000000000000000000000=
57185 332700 1133500 00911 00921 4
20100502180000 222 013 231 013 229 020 1701 203 009 239 021 1701 0000 0179 0221 1701 0179 1800 079 064 1701 162 0142 09947 09952 1701 09947 1800 0157 0166 1701 0157 1757 0172 0179 1701 0172 1759 0213 0221 0226 0217 0185 0152 0130 0129 //// 10053 ///// ///// ////
000000000000000000000000000000000000000000000000000000000000000000000000000000000000000000000000000000000000000000000000=
57094 342400 1141300 00674 00685 4
20100502180000 202 025 204 019 218 023 1701 242 039 242 039 1800 0000 0221 0227 1701 0221 1800 075 074 1717 199 0175 09966 09968 1701 09966 1800 0186 0197 1717 0186 1759 0187 0194 1703 0187 1758 0207 0215 0218 0216 0187 0156 0130 0130 //// 10044 ///// ///// ////
000000000000000000000000000000000000000000000000000000000000000000000000000000000000000000000000000000000000000000000000=
53972 350700 1125500 01196 01210 4
20100502180000 283 012 275 011 287 014 1747 283 010 018 024 1747 0000 0237 0241 1701 0237 1800 064 063 1701 187 0165 09897 09899 1701 09895 1745 0165 0170 1718 0163 1745 0183 0189 1706 0183 1800 0210 0217 0220 0215 0173 0147 0133 0139 //// 10034 ///// ///// ////
000000000000000000000000000000000000000000000000000000000000000000000000000000000000000000000000000000000000000000000000=
53993 355600 1145500 00516 00524 4
20100502180000 238 012 222 015 207 019 1753 245 012 219 033 1753 0000 0220 0234 1701 0220 1800 077 073 1701 203 0178 09974 09975 1701 09972 1732 0198 0215 1706 0198 1723 0182 0195 1701 0182 1800 0210 0216 0213 0205 0183 0141 0116 0114 //// 10034 ///// ///// ////
000000000000000000000000000000000000000000000000000000000000000000000000000000000000000000000000000000000000000000000000=
NNNN
