57196 332800 1145200 00420 00428 4
20100503060000 178 055 182 051 186 056 0542 195 053 182 093 0539 0000 0308 0309 0521 0305 0501 048 047 0525 213 0185 10004 10014 0501 10004 0600 0377 0404 0522 0374 0558 0482 0500 0513 0480 0559 0325 0270 0228 0204 0158 0138 0128 0132 //// 10053 ///// ///// ////
000000000000000000000000000000000000000000000000000000000000000000000000000000000000000000000000000000000000000000000000
200 005 000 000 5000 //////////////////CIECII 002 0000 6///1 0//// 7//// 1//// 2//// 3//// /// /// /// // 911// 915// 919// 934// 939//=
57099 340400 1145100 00526 00536 4
20100503060000 176 028 178 028 187 029 0555 161 032 225 061 0551 0000 0316 0316 0600 0311 0501 046 044 0538 214 0186 09990 09997 0501 09989 0559 0390 0410 0519 0383 0553 0463 0478 0519 0461 0553 0354 0288 0239 0212 0177 0146 0124 0132 //// 10051 ///// ///// ////
000000000000000000000000000000000000000000000000000000000000000000000000000000000000000000000000000000000000000000000000
250 005 000 000 //// /////////////////////CIE 002 0000 6///1 0//// 7//// 1//// 2//// 3//// /// /// /// // 911// 915// 919// 934// 939//=
57198 333300 1143700 00463 00473 4
20100503060000 152 029 169 032 186 042 0528 102 018 206 082 0524 0000 0323 0323 0600 0318 0502 049 047 0524 237 0202 09995 10004 0501 09995 0600 0439 0452 0532 0426 0525 0529 0533 0539 0525 0528 0355 0293 0248 0222 0167 0147 0132 0139 //// ///// ///// ///// ////
000000000000000000000000000000000000000000000000000000000000000000000000000000000000000000000000000000000000000000000000
190 003 000 /// //// //////////////////CIECII /// //// 6///1 0//// 7//// 1//// 2//// 3//// /// /// /// // 911// 915// 919// 934// 939//=
57192 334400 1145100 00455 00466 4
20100503060000 175 030 184 028 197 038 0513 173 030 190 070 0505 0000 0323 0325 0543 0320 0510 043 040 0503 208 0181 09997 10007 0501 09997 0600 0413 0444 0502 0413 0600 0495 0510 0543 0495 0600 0359 0294 0249 0222 0182 0153 0135 0141 //// 10050 ///// ///// ////
000000000000000000000000000000000000000000000000000000000000000000000000000000000000000000000000000000000000000000000000=
58100 333900 1151000 00414 00424 4
20100503060000 /// /// /// /// /// /// //// /// /// /// /// //// 0000 //// //// //// //// //// /// /// //// /// //// ///// ///// //// ///// //// //// //// //// //// //// //// //// //// //// //// //// //// //// //// //// //// //// //// //// ///// ///// ///// ///
000000000000000000000000000000000000000000000000000000000000000000000000000000000000000000000000000000000000000000000000=
57095 340700 1140900 00611 00622 4
20100503060000 154 027 146 036 139 042 0558 159 036 182 073 0550 0000 0315 0316 0539 0309 0517 053 051 0501 245 0208 09968 09977 0501 09968 0600 0434 0462 0501 0429 0555 0514 0537 0501 0510 0550 0353 0280 0250 0223 0171 0146 0127 0129 //// 10039 ///// ///// ////
000000000000000000000000000000000000000000000000000000000000000000000000000000000000000000000000000000000000000000000000=
57296 322100 1144400 00489 00501 4
20100503060000 216 047 213 043 213 050 0545 226 043 209 085 0536 0000 0329 0330 0553 0323 0510 031 031 0600 155 0135 10001 10012 0501 10000 0557 0373 0377 0556 0358 0543 0521 0524 0558 0502 0547 0349 0291 0248 0224 0192 0160 0138 0133 //// 10058 ///// ///// ////
000000000000000000000000000000000000000000000000000000000000000000000000000000000000000000000000000000000000000000000000
220 008 000 000 5500 //////////////////CIECII 002 0000 6///1 0//// 7//// 1//// 2//// 3//// /// /// /// // 911// 915// 919// 934// 939//=
57396 313800 1145100 01287 01297 4
20100503060000 223 060 210 059 190 063 0521 240 063 201 113 0552 0000 0325 0330 0517 0324 0544 027 026 0504 132 0111 09916 09924 0501 09916 0600 0378 0422 0528 0377 0552 0485 0544 0510 0480 0543 0358 0296 0253 0222 0197 0163 //// //// //// 10063 ///// ///// ////
000000000000000000000000000000000000000000000000000000000000000000000000000000000000000000000000000000000000000000000000=
58207 321000 1150300 00428 00440 4
20100503060000 195 059 194 050 203 063 0503 184 065 178 089 0515 0000 0337 0338 0555 0331 0501 023 022 0559 120 0097 10007 10018 0501 10006 0557 0407 0419 0536 0400 0516 0339 0339 0600 0331 0501 0506 0273 0238 0216 0169 0148 0134 0140 //// 10057 ///// ///// ////
000000000000000000000000000000000000000000000000000000000000000000000000000000000000000000000000000000000000000000000000=
58205 322800 1152600 00349 00360 4
20100503060000 219 032 212 030 231 038 0522 256 037 212 062 0514 0000 0343 0346 0505 0340 0543 023 022 0501 124 0102 10021 10030 0502 10021 0600 0387 0431 0504 0387 0600 0383 0418 0504 0383 0600 0353 0326 0299 0274 0184 0157 0139 0127 //// 10062 ///// ///// ////
000000000000000000000000000000000000000000000000000000000000000000000000000000000000000000000000000000000000000000000000=
57299 320100 1145400 00494 00506 4
20100503060000 191 041 191 040 199 046 0514 192 039 217 074 0513 0000 0330 0333 0533 0326 0511 031 028 0507 156 0136 10002 10012 0501 10002 0600 0392 0431 0532 0382 0508 0486 0509 0532 0471 0508 0379 0343 0306 0276 0195 0159 0136 0132 //// 10060 ///// ///// ////
000000000000000000000000000000000000000000000000000000000000000000000000000000000000000000000000000000000000000000000000=
53994 352300 1140400 00700 00712 4
20100503060000 068 026 069 022 075 031 0518 071 025 099 047 0511 0000 0297 0299 0547 0290 0518 059 056 0544 246 0208 09959 09967 0501 09959 0600 0374 0411 0504 0374 0600 0468 0529 0503 0468 0600 0333 0270 0231 0204 0163 0136 0122 0129 //// 10040 ///// ///// ////
000000000000000000000000000000000000000000000000000000000000000000000000000000000000000000000000000000000000000000000000
150 010 000 /// //// /////////////////////CSE /// //// 6///1 0//// 7//// 1//// 2//// 3//// /// /// /// // 911// 915// 919// 934// 939//=
53988 351600 1134000 00776 00784 4
20100503060000 075 023 076 029 081 035 0546 071 020 071 057 0504 0000 0298 0299 0509 0296 0521 052 049 0514 218 0189 09946 09954 0501 09946 0600 0385 0440 0501 0381 0555 0454 0521 0501 0454 0559 0316 0268 0232 0212 0157 0136 0123 0128 //// 10036 ///// ///// ////
000000000000000000000000000000000000000000000000000000000000000000000000000000000000000000000000000000000000000000000000
110 010 000 000 5500 /////////////////////CSE 007 0000 6///1 0//// 7//// 1//// 2//// 3//// /// /// /// // 911// 915// 919// 934// 939//=
53983 350200 1142500 00696 00708 4
20100503060000 172 051 168 046 183 052 0508 191 070 184 078 0505 0000 0299 0306 0521 0299 0600 057 049 0507 240 0205 09960 09968 0501 09960 0600 0379 0422 0520 0368 0554 0482 0539 0520 0474 0556 0356 0295 0255 0229 0151 0131 0118 0126 //// 10041 ///// ///// ////
000000000000000000000000000000000000000000000000000000000000000000000000000000000000000000000000000000000000000000000000=
54902 355400 1150700 00495 00499 4
20100503060000 179 046 185 041 201 050 0515 195 046 218 080 0508 0000 0296 0296 0559 0287 0509 055 055 0522 228 0196 09986 09996 0502 09986 0600 0377 0378 0520 0344 0501 0487 0487 0600 0442 0501 0312 0264 0229 0205 0158 0124 0111 0115 //// 10043 ///// ///// ////
000000000000000000000000000000000000000000000000000000000000000000000000000000000000000000000000000000000000000000000000
150 006 000 000 5000 /////////////////////CIE 002 0000 6///1 0//// 7//// 1//// 2//// 3//// /// /// /// // 911// 915// 919// 934// 939//=
57171 334600 1130700 01420 01430 4
20100503060000 176 062 176 054 177 073 0538 186 071 175 091 0535 0000 0298 0299 0502 0292 0533 055 053 0505 231 0198 09869 09876 0501 09869 0600 0341 0364 0501 0327 0535 0375 0406 0501 0356 0534 0324 0274 0246 0226 0201 0175 0144 0138 //// 10031 ///// ///// ////
000000000000000000000000000000000000000000000000000000000000000000000000000000000000000000000000000000000000000000000000=
57185 332700 1133500 00911 00921 4
20100503060000 191 035 193 030 193 039 0547 211 035 188 059 0544 0000 0324 0328 0526 0322 0501 039 038 0545 190 0167 09934 09938 0501 09934 0600 0365 0389 0525 0362 0547 0492 0541 0523 0488 0556 0322 0278 0244 0218 0183 0155 0131 0129 //// 10039 ///// ///// ////
000000000000000000000000000000000000000000000000000000000000000000000000000000000000000000000000000000000000000000000000
350 010 001 001 1000 ///////////////CSEFCBCUU 107 0000 6///1 0//// 7//// 1//// 2//// 3//// /// /// /// // 911// 915// 919// 934// 939//=
57094 342400 1141300 00674 00685 4
20100503060000 172 031 172 026 189 034 0534 214 024 170 058 0539 0000 0305 0306 0519 0300 0501 055 053 0523 240 0204 09960 09969 0501 09960 0600 0436 0476 0520 0436 0600 0488 0527 0515 0488 0600 0352 0299 0259 0229 0185 0159 0131 0130 //// 10038 ///// ///// ////
000000000000000000000000000000000000000000000000000000000000000000000000000000000000000000000000000000000000000000000000
130 008 000 000 6000 //////////////////CIECII 002 0000 6///1 0//// 7//// 1//// 2//// 3//// /// /// /// // 911// 915// 919// 934// 939//=
53972 350700 1125500 01196 01210 4
20100503060000 068 031 076 032 090 046 0504 080 024 094 079 0524 0000 0299 0301 0541 0295 0501 052 051 0518 219 0190 09891 09898 0511 09891 0600 0321 0346 0513 0320 0558 0444 0486 0510 0438 0555 0299 0262 0235 0213 0173 0150 0134 0139 //// 10028 ///// ///// ////
000000000000000000000000000000000000000000000000000000000000000000000000000000000000000000000000000000000000000000000000
120 000 000 000 //// //////////////////////// /// 0000 6///1 0//// 7//// 1//// 2//// 3//// /// /// /// // 911// 915// 919// 934// 939//=
53993 355600 1145500 00516 00524 4
20100503060000 209 032 202 028 202 028 0600 205 035 164 048 0557 0000 0296 0297 0554 0287 0502 056 056 0600 232 0199 09981 09991 0501 09981 0600 0380 0396 0539 0357 0535 0469 0480 0504 0441 0535 0303 0257 0223 0203 0182 0145 0117 0114 //// 10041 ///// ///// ////
000000000000000000000000000000000000000000000000000000000000000000000000000000000000000000000000000000000000000000000000=
NNNN
