57090 344300 1135800 00781 00802 4
20100325140000 154 016 149 014 147 022 1328 147 023 153 037 1325 0000 0065 0073 1301 0065 1400 051 046 1301 049 -029 10181 10181 1400 10179 1310 0028 0047 1301 0026 1354 0038 0049 1301 0038 1400 0095 0116 0121 0120 0104 0093 0087 0119 //// 10281 ///// ///// ////
000000000000000000000000000000000000000000000000000000000000000000000000000000000000000000000000000000000000000000000000=
57083 344300 1133900 01104 01116 4
20100325140000 151 031 149 033 147 035 1359 166 028 135 049 1330 0000 0080 0083 1301 0079 1357 044 042 1301 047 -035 10138 10139 1319 10138 1400 0019 0020 1301 -008 1344 0046 0053 1301 0044 1344 0102 0117 0123 0124 0100 0099 0104 0126 0001 10277 ///// ///// ////
000000000000000000000000000000000000000000000000000000000000000000000000000000000000000000000000000000000000000000000000
130 004 000 /// //// /////////////////////CIE /// //// 6///1 0//// 7//// 1//// 2//// 3//// /// /// /// // 911// 915// 919// 934// 939//=
57086 342300 1134300 01166 01168 4
20100325140000 201 024 211 022 204 024 1325 195 028 198 038 1338 0000 0054 0066 1318 0054 1400 055 050 1314 049 -029 10140 10140 1317 10139 1303 0014 0026 1325 0012 1305 0044 0054 1301 0044 1400 0094 0115 0121 0119 0101 0095 0094 0116 //// 10286 ///// ///// ////
000000000000000000000000000000000000000000000000000000000000000000000000000000000000000000000000000000000000000000000000=
57085 343200 1132000 02599 02648 4
20100325140000 291 016 263 011 291 019 1350 296 014 209 041 1348 0000 0054 0062 1347 0054 1354 028 023 1346 025 -116 09952 09953 1349 09952 1359 0028 0049 1305 0028 1400 0026 0039 1301 0026 1400 0088 0112 0120 0118 0106 0098 0094 0121 //// 10278 ///// ///// ////
000000000000000000000000000000000000000000000000000000000000000000000000000000000000000000000000000000000000000000000000=
57081 344800 1132600 01409 01419 4
20100325140000 000 000 317 003 347 008 1327 279 004 313 022 1319 0000 0065 0096 1301 0065 1400 028 015 1323 027 -107 10098 10100 1325 10096 1301 -031 0013 1302 -031 1400 0026 0045 1302 0026 1400 0095 0116 0124 0118 0091 0094 0096 0117 //// 10274 ///// ///// ////
000000000000000000000000000000000000000000000000000000000000000000000000000000000000000000000000000000000000000000000000=
57084 343000 1130300 11784 11790 4
20100325140000 273 060 271 064 271 064 1400 248 045 270 110 1354 0000 0020 0020 1400 0017 1301 019 018 1301 013 -192 08895 08897 1316 08895 1400 0000 0005 1315 -002 1332 -012 -005 1301 -012 1400 0029 0062 0076 0076 0058 //// //// //// //// 10283 ///// ///// ////
000000000000000000000000000000000000000000000000000000000000000000000000000000000000000000000000000000000000000000000000=
57080 344400 1125800 01652 01661 4
20100325140000 186 015 198 020 182 034 1330 144 010 173 054 1323 0000 0082 0092 1331 0082 1400 015 015 1314 016 -169 10071 10072 1319 10070 1302 0029 0062 1328 0029 1400 0034 0046 1330 0034 1400 0100 0118 0122 0117 0093 0088 0089 0119 //// 10275 ///// ///// ////
000000000000000000000000000000000000000000000000000000000000000000000000000000000000000000000000000000000000000000000000=
57082 342800 1130100 04271 04284 4
20100325140000 299 020 309 018 336 023 1349 302 017 355 031 1349 0000 0071 0078 1301 0070 1342 015 014 1303 015 -178 09758 09761 1329 09758 1354 0038 0049 1308 0012 1338 0029 0040 1302 0028 1358 0090 0112 0120 0119 0094 0097 0101 //// //// 10279 ///// ///// ////
000000000000000000000000000000000000000000000000000000000000000000000000000000000000000000000000000000000000000000000000=
57295 323700 1142100 00785 00802 4
20100325140000 190 015 189 017 168 018 1328 192 010 203 038 1339 0000 0069 0075 1301 0069 1400 055 051 1335 055 -015 10196 10199 1312 10196 1346 0026 0034 1338 0019 1316 0047 0050 1305 0047 1400 0080 0095 0101 0104 0098 0099 0103 0127 //// 10295 ///// ///// ////
000000000000000000000000000000000000000000000000000000000000000000000000000000000000000000000000000000000000000000000000=
57189 330800 1135700 00646 00655 4
20100325140000 163 029 166 028 166 028 1400 167 027 170 042 1358 0000 0047 0049 1301 0044 1349 074 074 1400 063 0005 10211 10213 1337 10209 1303 0032 0033 1359 0007 1325 0035 0043 1301 0035 1350 0071 0090 0100 0103 0095 0096 0099 0122 //// 10293 ///// ///// ////
000000000000000000000000000000000000000000000000000000000000000000000000000000000000000000000000000000000000000000000000=
57194 331700 1141600 00598 00609 4
20100325140000 191 042 186 035 185 036 1356 189 033 195 054 1347 0000 0067 0072 1308 0067 1347 059 058 1312 058 -007 10215 10217 1350 10214 1308 0049 0052 1354 0044 1320 0034 0040 1303 0034 1400 0078 0093 0100 0102 0095 0093 0099 0126 //// 10291 ///// ///// ////
000000000000000000000000000000000000000000000000000000000000000000000000000000000000000000000000000000000000000000000000=
57197 330000 1142000 00489 00545 4
20100325140000 180 019 185 020 181 025 1323 178 018 178 035 1315 0000 0053 0062 1301 0053 1400 068 066 1320 061 -001 10225 10227 1336 10224 1306 -017 0005 1304 -019 1352 0032 0045 1301 0032 1400 0072 0091 0101 0101 0101 0100 0101 0125 //// 10293 ///// ///// ////
000000000000000000000000000000000000000000000000000000000000000000000000000000000000000000000000000000000000000000000000=
57294 325000 1140100 00836 00846 4
20100325140000 251 015 247 015 218 022 1340 251 013 203 037 1331 0000 0050 0071 1302 0050 1400 074 065 1306 065 0008 10187 10189 1322 10187 1357 0032 0065 1302 0032 1400 0033 0048 1302 0033 1400 0070 0090 0100 0101 0097 0105 0103 0118 //// 10292 ///// ///// ////
000000000000000000000000000000000000000000000000000000000000000000000000000000000000000000000000000000000000000000000000=
57195 333700 1143700 00466 00476 4
20100325140000 234 017 245 015 245 015 1400 314 013 231 034 1330 0000 0070 0077 1301 0070 1400 053 047 1301 053 -019 10233 10234 1350 10231 1309 0050 0053 1331 0038 1352 0036 0044 1301 0035 1352 0071 0099 0112 0114 0101 0099 0102 0141 //// 10293 ///// ///// ////
000000000000000000000000000000000000000000000000000000000000000000000000000000000000000000000000000000000000000000000000=
57193 334700 1143100 00526 00541 4
20100325140000 182 018 178 013 145 017 1302 173 013 189 033 1357 0000 0064 0070 1301 0063 1359 054 051 1301 052 -022 10225 10227 1329 10223 1301 0020 0025 1304 0006 1343 0033 0042 1303 0033 1359 0080 0099 0108 0111 0103 0102 0105 0131 //// 10293 ///// ///// ////
000000000000000000000000000000000000000000000000000000000000000000000000000000000000000000000000000000000000000000000000=
58101 335200 1152900 00413 00428 4
20100325140000 158 018 155 016 160 017 1346 181 028 181 028 1400 0000 0047 0050 1349 0030 1303 060 059 1346 051 -024 10239 10240 1323 10239 1400 0006 0007 1358 -033 1308 0009 0016 1301 0009 1400 0066 0091 0103 0105 0099 0098 0100 0130 //// 10293 ///// ///// ////
000000000000000000000000000000000000000000000000000000000000000000000000000000000000000000000000000000000000000000000000=
57192 334400 1145100 00455 00466 4
20100325140000 177 014 181 014 126 019 1301 203 013 203 024 1304 0000 0063 0077 1301 0063 1400 053 047 1301 051 -026 10235 10235 1400 10232 1308 0027 0047 1301 0023 1345 0030 0045 1301 0030 1400 0090 0117 0124 0119 0107 0106 0108 0140 //// 10293 ///// ///// ////
000000000000000000000000000000000000000000000000000000000000000000000000000000000000000000000000000000000000000000000000=
57098 340500 1142400 00583 00593 4
20100325140000 176 023 170 022 167 023 1359 175 024 155 034 1354 0000 0048 0053 1301 0046 1350 062 058 1303 053 -019 10216 10216 1400 10213 1301 0013 0021 1315 0006 1348 0028 0038 1301 0028 1400 0058 0086 0101 0107 0103 0097 0098 0128 //// 10291 ///// ///// ////
000000000000000000000000000000000000000000000000000000000000000000000000000000000000000000000000000000000000000000000000=
57190 334500 1142400 00505 00516 4
20100325140000 161 018 151 019 184 026 1301 166 018 194 035 1301 0000 0028 0050 1301 0027 1359 077 067 1301 058 -008 10228 10228 1400 10225 1335 0001 0030 1305 0001 1359 0015 0029 1301 0015 1359 0069 0095 0108 0109 0099 0098 0101 0130 //// 10293 ///// ///// ////
000000000000000000000000000000000000000000000000000000000000000000000000000000000000000000000000000000000000000000000000=
57182 335100 1133000 00805 00814 4
20100325140000 179 026 185 029 183 032 1348 155 020 192 047 1355 0000 0066 0073 1301 0066 1400 060 057 1302 058 -006 10183 10184 1315 10183 1400 0051 0058 1301 0050 1330 0041 0051 1301 0041 1400 0101 0125 0131 0123 0106 0106 0108 0139 //// 10284 ///// ///// ////
000000000000000000000000000000000000000000000000000000000000000000000000000000000000000000000000000000000000000000000000=
57297 320800 1140300 01145 01154 4
20100325140000 125 019 127 018 112 034 1334 119 015 102 048 1333 0000 0082 0085 1301 0082 1400 047 044 1322 051 -024 10153 10157 1315 10153 1356 0055 0061 1328 0055 1359 0049 0051 1328 0049 1354 0070 0090 0102 0106 0109 0112 0116 //// //// 10295 ///// ///// ////
000000000000000000000000000000000000000000000000000000000000000000000000000000000000000000000000000000000000000000000000=
58207 321000 1150300 00428 00440 4
20100325140000 200 008 178 008 120 016 1301 222 009 132 019 1335 0000 0065 0072 1301 0060 1337 061 058 1302 059 -005 10244 10244 1400 10242 1324 0021 0039 1301 0009 1330 0072 0082 1301 0072 1400 0027 0095 0103 0105 0103 0110 0113 0137 //// 10299 ///// ///// ////
000000000000000000000000000000000000000000000000000000000000000000000000000000000000000000000000000000000000000000000000=
58208 321000 1153700 00429 00439 4
20100325140000 123 030 123 027 123 027 1400 104 030 132 038 1356 0000 0066 0073 1301 0062 1349 060 053 1305 058 -006 10244 10249 1317 10244 1400 0049 0049 1400 0032 1331 0038 0045 1301 0038 1348 0062 0084 0093 0098 0101 0108 0113 0139 //// 10299 ///// ///// ////
000000000000000000000000000000000000000000000000000000000000000000000000000000000000000000000000000000000000000000000000=
53989 350300 1135700 00766 00777 4
20100325140000 181 029 173 033 175 037 1354 189 036 175 057 1352 0000 0069 0069 1400 0062 1347 048 048 1400 048 -033 10182 10183 1336 10180 1318 0042 0045 1301 0035 1340 0030 0035 1301 0028 1348 0088 0110 0118 0117 0094 0092 0096 0123 //// 10279 ///// ///// ////
000000000000000000000000000000000000000000000000000000000000000000000000000000000000000000000000000000000000000000000000=
53997 350900 1141100 00711 00723 4
20100325140000 161 009 137 011 109 019 1324 138 009 130 032 1319 0000 0051 0056 1301 0051 1400 057 055 1301 050 -027 10190 10190 1400 10187 1302 -008 -005 1325 -023 1348 0028 0037 1301 0026 1352 0090 0112 0120 0119 0093 0094 0097 0124 //// 10281 ///// ///// ////
000000000000000000000000000000000000000000000000000000000000000000000000000000000000000000000000000000000000000000000000=
53986 351900 1135300 00732 00740 4
20100325140000 058 011 061 011 100 014 1303 052 013 097 019 1301 0000 0055 0066 1301 0054 1344 061 057 1301 055 -014 10190 10191 1335 10189 1302 -014 0030 1302 -020 1346 0017 0032 1301 0017 1400 0085 0104 0112 0113 0097 0094 0099 0127 //// 10283 ///// ///// ////
000000000000000000000000000000000000000000000000000000000000000000000000000000000000000000000000000000000000000000000000=
53994 352300 1140400 00700 00712 4
20100325140000 081 009 090 009 099 009 1348 068 009 124 014 1306 0000 0053 0062 1301 0049 1334 056 053 1308 050 -028 10194 10194 1400 10192 1301 -029 -008 1301 -031 1347 -008 0009 1301 -008 1400 0078 0109 0117 0112 0092 0090 0095 0127 //// 10284 ///// ///// ////
000000000000000000000000000000000000000000000000000000000000000000000000000000000000000000000000000000000000000000000000=
53985 352700 1134900 00964 00979 4
20100325140000 049 005 055 004 311 005 1311 009 005 313 009 1310 0000 0060 0068 1301 0060 1400 055 050 1301 051 -023 10162 10163 1315 10160 1301 0046 0059 1311 0041 1347 0023 0032 1311 0023 1400 0070 0086 0093 0093 0082 0080 0084 0118 //// 10284 ///// ///// ////
000000000000000000000000000000000000000000000000000000000000000000000000000000000000000000000000000000000000000000000000=
57051 344800 1111200 04099 04117 4
20100325140000 094 018 110 016 115 016 1359 083 021 142 029 1350 0000 0062 0067 1301 0062 1400 019 019 1358 018 -157 09779 09781 1301 09779 1400 -017 -015 1311 -039 1333 0011 0022 1301 0009 1349 0081 0108 0115 0113 0089 0086 0087 0114 //// 10281 ///// ///// ////
000000000000000000000000000000000000000000000000000000000000000000000000000000000000000000000000000000000000000000000000=
57063 344600 1114600 05236 05236 4
20100325140000 255 016 311 018 339 024 1331 257 017 344 029 1349 0000 -010 0017 1303 -010 1400 033 025 1302 019 -152 09648 09652 1312 09648 1357 -073 -056 1305 -077 1350 -026 -010 1301 -026 1400 0063 0087 0093 0090 0073 0077 0084 0110 //// 10291 ///// ///// ////
000000000000000000000000000000000000000000000000000000000000000000000000000000000000000000000000000000000000000000000000=
57067 340300 1110200 05688 05699 4
20100325140000 215 006 218 004 198 007 1318 226 005 192 009 1313 0000 0002 0021 1301 0002 1400 053 044 1303 033 -082 09600 09602 1335 09600 1355 -030 -019 1301 -040 1353 0011 0024 1301 0011 1400 0070 0093 0096 0099 0085 0093 0096 0122 //// 10298 ///// ///// ////
000000000000000000000000000000000000000000000000000000000000000000000000000000000000000000000000000000000000000000000000=
57056 343200 1105300 03904 03909 4
20100325140000 000 000 002 001 007 013 1324 324 000 358 016 1322 0000 0020 0032 1310 0020 1400 034 029 1309 024 -122 09804 09807 1326 09804 1347 -070 -060 1301 -070 1400 -007 0008 1301 -007 1400 0076 0110 0117 0113 0088 0090 0093 0118 //// 10285 ///// ///// ////
000000000000000000000000000000000000000000000000000000000000000000000000000000000000000000000000000000000000000000000000=
58007 340400 1151800 00472 00532 4
20100325140000 141 011 142 010 143 011 1350 147 014 105 022 1358 0000 0049 0055 1301 0049 1354 054 054 1331 047 -036 10223 10225 1324 10223 1358 0005 0016 1301 0002 1338 0024 0034 1301 0024 1400 0081 0104 0112 0112 0101 0100 0103 0131 //// 10290 ///// ///// ////
000000000000000000000000000000000000000000000000000000000000000000000000000000000000000000000000000000000000000000000000=
58006 342300 1155300 00463 00506 4
20100325140000 141 009 148 009 170 011 1349 144 010 173 018 1346 0000 0013 0026 1301 0013 1400 068 058 1312 046 -039 10233 10235 1345 10233 1317 -044 -027 1301 -044 1400 0008 0021 1301 0008 1400 0063 0095 0108 0111 0095 0093 0098 0126 //// 10297 ///// ///// ////
000000000000000000000000000000000000000000000000000000000000000000000000000000000000000000000000000000000000000000000000=
58111 335800 1162700 00325 00325 4
20100325140000 130 006 132 007 114 017 1336 133 004 097 031 1328 0000 0053 0062 1334 0053 1400 047 040 1331 042 -051 10256 10257 1355 10253 1321 -018 0001 1332 -018 1400 0016 0023 1301 0016 1400 0054 0075 0087 0094 0094 0097 0105 0138 //// 10297 ///// ///// ////
000000000000000000000000000000000000000000000000000000000000000000000000000000000000000000000000000000000000000000000000=
58017 341500 1160800 00410 00420 4
20100325140000 132 016 131 016 099 016 1302 128 016 125 025 1358 0000 0052 0058 1302 0051 1343 046 045 1301 041 -055 10240 10241 1348 10238 1322 -011 0002 1302 -038 1329 0015 0024 1301 0014 1358 0069 0092 0103 0106 0098 0097 0103 0128 //// 10293 ///// ///// ////
000000000000000000000000000000000000000000000000000000000000000000000000000000000000000000000000000000000000000000000000=
58001 342600 1150600 00563 00569 4
20100325140000 146 028 148 028 144 031 1346 144 025 147 045 1340 0000 0055 0059 1308 0055 1400 051 050 1307 046 -038 10214 10216 1305 10213 1348 0035 0038 1349 0027 1307 0027 0029 1342 0026 1359 0059 0080 0092 0096 0090 0089 0094 0126 //// 10286 ///// ///// ////
000000000000000000000000000000000000000000000000000000000000000000000000000000000000000000000000000000000000000000000000=
58005 342700 1154000 00501 00511 4
20100325140000 146 014 147 016 149 017 1356 133 012 161 024 1325 0000 0038 0043 1301 0037 1337 055 054 1301 044 -044 10224 10226 1323 10224 1400 -052 -045 1326 -052 1347 0007 0017 1301 0007 1400 0070 0098 0107 0110 0099 0097 0103 0131 0005 10288 ///// ///// ////
000000000000000000000000000000000000000000000000000000000000000000000000000000000000000000000000000000000000000000000000
160 000 000 /// //// //////////////////////// /// //// 6///1 0//// 7//// 1//// 2//// 3//// /// /// /// // 911// 915// 919// 934// 939//=
58008 342800 1152000 00544 00592 4
20100325140000 151 014 139 013 132 014 1355 122 018 147 032 1357 0000 0048 0054 1311 0048 1347 052 051 1301 045 -042 10213 10214 1314 10212 1348 -006 -001 1312 -013 1317 0019 0026 1307 0019 1400 0052 0078 0090 0096 0095 0094 0098 0128 //// 10288 ///// ///// ////
000000000000000000000000000000000000000000000000000000000000000000000000000000000000000000000000000000000000000000000000=
58004 343900 1150900 00606 00616 4
20100325140000 139 010 141 014 139 016 1357 128 010 108 029 1356 0000 0049 0054 1309 0048 1348 054 051 1305 047 -036 10207 10208 1309 10206 1348 -001 0014 1309 -006 1336 0026 0036 1301 0026 1400 0075 0105 0112 0114 0101 0099 0102 0127 //// 10284 ///// ///// ////
000000000000000000000000000000000000000000000000000000000000000000000000000000000000000000000000000000000000000000000000=
54817 355900 1155200 00421 00434 4
20100325140000 171 016 163 017 157 024 1328 195 016 161 038 1321 0000 0044 0049 1332 0043 1348 049 045 1302 041 -054 10228 10228 1400 10226 1337 0010 0024 1339 0006 1347 0004 0012 1301 0004 1400 0052 0078 0090 0089 0081 0078 0088 0115 //// 10283 ///// ///// ////
000000000000000000000000000000000000000000000000000000000000000000000000000000000000000000000000000000000000000000000000=
54900 354200 1150100 00537 00541 4
20100325140000 168 019 169 020 164 022 1307 175 017 173 034 1356 0000 0044 0051 1337 0044 1400 059 055 1337 049 -029 10213 10213 1359 10210 1301 0001 0007 1308 -012 1351 0013 0021 1308 0013 1356 0076 0100 0108 0106 0088 0082 0084 0110 //// 10281 ///// ///// ////
000000000000000000000000000000000000000000000000000000000000000000000000000000000000000000000000000000000000000000000000=
54901 360500 1151000 00475 00478 4
20100325140000 164 031 163 029 158 030 1343 164 031 164 039 1356 0000 0037 0038 1301 0034 1342 054 054 1301 043 -047 10218 10218 1342 10216 1306 0012 0017 1311 0009 1339 0013 0022 1301 0013 1400 0063 0086 0095 0095 0086 0080 0077 0105 //// 10278 ///// ///// ////
000000000000000000000000000000000000000000000000000000000000000000000000000000000000000000000000000000000000000000000000=
54903 355100 1152900 00457 00506 4
20100325140000 172 018 174 018 174 018 1400 173 021 181 029 1330 0000 0049 0052 1301 0049 1400 045 044 1349 039 -060 10217 10217 1400 10216 1307 0032 0033 1350 0015 1308 0016 0018 1301 0015 1353 0066 0089 0096 0096 0083 0080 0090 0114 //// 10281 ///// ///// ////
000000000000000000000000000000000000000000000000000000000000000000000000000000000000000000000000000000000000000000000000=
57184 333800 1132200 00834 00847 4
20100325140000 164 014 156 017 182 026 1321 172 011 198 050 1313 0000 0062 0072 1320 0062 1400 065 060 1315 062 0001 10178 10180 1326 10177 1301 0036 0050 1302 0036 1400 0032 0041 1321 0032 1400 0079 0106 0113 0116 0099 0102 0104 0129 //// 10283 ///// ///// ////
000000000000000000000000000000000000000000000000000000000000000000000000000000000000000000000000000000000000000000000000=
57177 332000 1133200 00898 00913 4
20100325140000 141 017 141 016 143 024 1313 144 015 141 034 1312 0000 0051 0065 1324 0051 1400 068 059 1314 060 -003 10171 10174 1325 10171 1400 0005 0033 1323 0001 1354 0026 0035 1301 0026 1400 0045 0088 0093 0108 0101 0103 0105 0121 //// 10284 ///// ///// ////
000000000000000000000000000000000000000000000000000000000000000000000000000000000000000000000000000000000000000000000000=
57075 341000 1125200 02031 02043 4
20100325140000 325 013 350 015 016 019 1349 316 013 023 025 1347 0000 0047 0053 1301 0041 1354 035 035 1400 030 -095 10030 10031 1316 10029 1302 0010 0023 1340 0002 1301 0006 0014 1301 0006 1400 0069 0097 0108 0108 0101 0100 0097 0117 //// 10282 ///// ///// ////
000000000000000000000000000000000000000000000000000000000000000000000000000000000000000000000000000000000000000000000000=
57173 334500 1125300 01457 01468 4
20100325140000 059 008 060 009 090 017 1302 048 008 094 020 1305 0000 0045 0061 1301 0045 1400 068 061 1301 057 -009 10100 10102 1305 10100 1400 -001 0014 1301 -011 1330 0019 0030 1301 0019 1400 0081 0106 0115 0112 0101 0102 0104 0133 //// 10282 ///// ///// ////
000000000000000000000000000000000000000000000000000000000000000000000000000000000000000000000000000000000000000000000000=
57180 335900 1131200 01175 01186 4
20100325140000 035 014 020 011 182 020 1301 024 014 194 031 1308 0000 0040 0077 1301 0040 1400 064 043 1301 052 -022 10136 10137 1337 10134 1301 -011 0033 1309 -014 1347 0017 0034 1302 0017 1400 0082 0112 0122 0120 0100 0099 0102 0130 //// 10284 ///// ///// ////
000000000000000000000000000000000000000000000000000000000000000000000000000000000000000000000000000000000000000000000000=
57181 335300 1130300 01364 01380 4
20100325140000 219 021 210 027 204 029 1357 220 019 189 040 1341 0000 0041 0063 1337 0041 1400 071 064 1339 058 -007 10115 10116 1353 10114 1333 0009 0024 1337 -004 1305 0016 0022 1336 0016 1400 0071 0102 0113 0114 0099 0100 0102 0129 //// 10287 ///// ///// ////
000000000000000000000000000000000000000000000000000000000000000000000000000000000000000000000000000000000000000000000000=
57171 334600 1130700 01420 01430 4
20100325140000 133 045 133 046 124 047 1341 142 040 133 060 1331 0000 0073 0080 1304 0073 1400 063 059 1301 064 0007 10103 10104 1305 10102 1301 0067 0075 1302 0067 1400 0052 0059 1301 0052 1400 0090 0108 0116 0116 0110 0109 0114 0124 //// 10280 ///// ///// ////
000000000000000000000000000000000000000000000000000000000000000000000000000000000000000000000000000000000000000000000000=
57175 330300 1121400 01914 01922 4
20100325140000 046 006 040 005 032 011 1347 043 005 043 016 1345 0000 0026 0072 1301 0025 1344 077 056 1301 057 -010 10052 10055 1321 10051 1350 -012 0005 1301 -012 1400 0031 0048 1301 0031 1400 0094 0123 0132 0129 0105 0107 0111 0138 //// 10289 ///// ///// ////
000000000000000000000000000000000000000000000000000000000000000000000000000000000000000000000000000000000000000000000000=
57156 331800 1113000 02503 02523 4
20100325140000 114 010 102 010 081 027 1325 122 010 088 047 1317 0000 0064 0084 1301 0064 1400 044 034 1303 042 -050 09979 09979 1351 09974 1301 0036 0048 1332 0035 1302 0019 0028 1323 0019 1400 0085 0105 0114 0113 0101 0109 0117 0142 //// 10288 ///// ///// ////
000000000000000000000000000000000000000000000000000000000000000000000000000000000000000000000000000000000000000000000000=
57271 323300 1122300 00879 00897 4
20100325140000 152 006 152 006 148 013 1301 156 005 074 020 1305 0000 0065 0081 1301 0064 1356 057 051 1310 055 -014 10174 10174 1330 10171 1306 -013 0039 1301 -013 1400 0038 0052 1301 0038 1400 0086 0110 0120 0121 0102 0106 0114 0139 //// 10285 ///// ///// ////
000000000000000000000000000000000000000000000000000000000000000000000000000000000000000000000000000000000000000000000000=
57261 330700 1113100 02330 02345 4
20100325140000 287 020 292 024 300 029 1351 301 024 290 053 1350 0000 0093 0093 1400 0072 1331 033 033 1400 039 -061 09991 09991 1400 09986 1301 0027 0029 1349 0016 1317 0042 0052 1301 0042 1400 0088 0108 0115 0114 0112 0121 0128 //// //// 10277 ///// ///// ////
000000000000000000000000000000000000000000000000000000000000000000000000000000000000000000000000000000000000000000000000=
57285 322300 1132500 01530 01492 4
20100325140000 015 004 032 007 058 013 1304 353 003 046 017 1304 0000 0074 0081 1302 0074 1357 056 052 1343 058 -008 10113 10113 1400 10110 1312 0019 0043 1308 0017 1346 0054 0062 1312 0054 1400 0092 0108 0115 0117 0103 0107 0110 0135 //// ///// ///// ///// ////
////////////////////////////////////////////////////////////////////////////////////////////////////////////////////////=
57273 324100 1125100 01095 01105 4
20100325140000 129 042 129 040 131 046 1319 113 050 136 076 1330 0000 0071 0078 1301 0071 1400 057 054 1328 057 -008 10148 10151 1313 10148 1400 0057 0064 1314 0056 1356 0043 0050 1301 0043 1356 0083 0103 0112 0114 0109 0110 0112 0136 //// 10284 ///// ///// ////
000000000000000000000000000000000000000000000000000000000000000000000000000000000000000000000000000000000000000000000000=
57187 330400 1125600 01180 01193 4
20100325140000 133 031 132 033 132 035 1356 127 025 153 050 1354 0000 0066 0074 1301 0066 1400 065 062 1301 063 0005 10131 10134 1313 10131 1400 0054 0061 1304 0053 1346 0038 0046 1301 0038 1400 0079 0096 0109 0111 0109 0110 0110 0132 //// 10278 ///// ///// ////
000000000000000000000000000000000000000000000000000000000000000000000000000000000000000000000000000000000000000000000000=
57178 330200 1123500 01292 01305 4
20100325140000 119 019 120 022 121 025 1355 124 019 124 036 1354 0000 0072 0078 1301 0067 1334 053 045 1301 054 -017 10126 10129 1301 10125 1354 0026 0031 1357 -013 1341 0041 0050 1301 0041 1400 0083 0104 0110 0110 0108 0108 0110 0132 0000 10286 ///// ///// ////
000000000000000000000000000000000000000000000000000000000000000000000000000000000000000000000000000000000000000000000000
200 000 000 /// //// //////////////////////// /// //// 6///1 0//// 7//// 1//// 2//// 3//// /// /// /// // 911// 915// 919// 934// 939//=
57169 330300 1115200 01591 01600 4
20100325140000 000 000 230 001 131 014 1316 164 000 119 020 1313 0000 0049 0061 1315 0049 1359 070 065 1314 061 -001 10092 10092 1357 10090 1341 0037 0049 1301 0034 1352 0027 0040 1301 0027 1400 0081 0104 0114 0115 0104 0105 0109 0133 //// 10289 ///// ///// ////
000000000000000000000000000000000000000000000000000000000000000000000000000000000000000000000000000000000000000000000000=
57176 332900 1122500 02311 02304 4
20100325140000 345 012 357 012 345 014 1335 338 013 347 018 1331 0000 0065 0072 1304 0064 1353 050 045 1306 048 -032 10010 10010 1323 10008 1331 0012 0023 1304 0011 1357 0033 0043 1301 0033 1400 0079 0100 0111 0115 0112 0111 0113 0130 //// 10293 ///// ///// ////
000000000000000000000000000000000000000000000000000000000000000000000000000000000000000000000000000000000000000000000000=
57179 331700 1130000 01604 01616 4
20100325140000 158 036 164 034 164 035 1359 142 036 161 061 1354 0000 0078 0079 1350 0073 1301 055 052 1311 058 -007 10086 10090 1323 10086 1358 0036 0036 1400 0007 1319 0034 0037 1305 0033 1345 0071 0090 0099 0102 0102 0104 0106 0132 //// 10285 ///// ///// ////
000000000000000000000000000000000000000000000000000000000000000000000000000000000000000000000000000000000000000000000000=
57274 324200 1120700 01076 01088 4
20100325140000 144 013 142 014 122 021 1301 147 010 130 025 1303 0000 0068 0080 1301 0068 1400 052 048 1329 051 -024 10149 10151 1329 10148 1308 0017 0043 1301 0017 1400 0051 0062 1301 0051 1400 0098 0116 0126 0127 0113 0114 0116 0140 //// 10283 ///// ///// ////
000000000000000000000000000000000000000000000000000000000000000000000000000000000000000000000000000000000000000000000000=
57065 343000 1121100 01949 01964 4
20100325140000 273 020 274 024 270 029 1355 268 019 265 043 1351 0000 0082 0100 1301 0082 1400 016 014 1349 017 -161 10038 10039 1328 10038 1301 0028 0030 1305 0025 1353 0036 0044 1301 0036 1347 0093 0114 0121 0120 0098 0103 0110 0138 //// 10279 ///// ///// ////
000000000000000000000000000000000000000000000000000000000000000000000000000000000000000000000000000000000000000000000000=
57074 342500 1122500 01973 01989 4
20100325140000 117 002 146 004 269 017 1301 102 005 302 024 1304 0000 0072 0097 1302 0072 1400 028 015 1303 028 -101 10035 10037 1328 10035 1348 0019 0066 1306 0009 1354 0031 0051 1301 0031 1354 0097 0116 0121 0118 0104 0102 0103 0125 //// 10280 ///// ///// ////
000000000000000000000000000000000000000000000000000000000000000000000000000000000000000000000000000000000000000000000000=
57070 344400 1120700 03640 03595 4
20100325140000 278 026 269 028 255 036 1347 293 022 248 043 1343 0000 0057 0071 1318 0057 1400 023 018 1313 021 -138 09837 09841 1303 09837 1359 0027 0045 1319 0027 1400 0021 0031 1301 0021 1400 0082 0105 0109 0104 0091 0092 0095 0122 //// 10277 ///// ///// ////
000000000000000000000000000000000000000000000000000000000000000000000000000000000000000000000000000000000000000000000000=
57162 340900 1120500 03258 03275 4
20100325140000 208 010 210 011 208 012 1353 201 008 223 019 1352 0000 0060 0074 1301 0060 1400 032 031 1301 030 -094 09882 09884 1315 09880 1302 0014 0029 1342 0012 1358 0025 0037 1302 0025 1400 0091 0115 0121 0116 0094 0097 0102 0131 //// 10282 ///// ///// ////
000000000000000000000000000000000000000000000000000000000000000000000000000000000000000000000000000000000000000000000000=
57078 340900 1122800 03365 03340 4
20100325140000 214 011 205 014 209 017 1349 268 008 189 028 1358 0000 0074 0079 1340 0074 1400 025 015 1301 026 -113 09872 09874 1322 09872 1356 0022 0029 1354 -017 1318 0021 0027 1301 0020 1319 0071 0097 0107 0106 0095 0097 0098 0118 //// 10280 ///// ///// ////
000000000000000000000000000000000000000000000000000000000000000000000000000000000000000000000000000000000000000000000000=
57071 344900 1122600 03333 03332 4
20100325140000 207 020 218 019 212 021 1346 229 014 209 040 1359 0000 0065 0070 1301 0062 1336 016 014 1309 015 -175 09870 09872 1330 09870 1348 0013 0020 1357 -018 1337 0015 0028 1301 0015 1400 0086 0108 0114 0111 0091 0088 0092 0119 //// 10277 ///// ///// ////
000000000000000000000000000000000000000000000000000000000000000000000000000000000000000000000000000000000000000000000000=
57066 342300 1114000 03283 03298 4
20100325140000 313 007 301 007 309 009 1342 319 005 344 016 1334 0000 0063 0077 1301 0063 1400 021 018 1310 020 -144 09877 09879 1329 09877 1358 0003 0011 1338 -001 1356 0013 0023 1301 0013 1400 0080 0105 0111 0106 0091 0090 0091 0115 //// 10280 ///// ///// ////
000000000000000000000000000000000000000000000000000000000000000000000000000000000000000000000000000000000000000000000000=
57077 334700 1113900 07424 07388 4
20100325140000 269 017 268 017 265 018 1316 274 014 248 024 1347 0000 0024 0025 1337 0020 1350 045 044 1338 033 -083 09408 09411 1326 09408 1400 -031 -031 1400 -049 1343 -005 -005 1400 -012 1331 0042 0069 0080 0082 0079 0086 0092 0115 //// 10299 ///// ///// ////
000000000000000000000000000000000000000000000000000000000000000000000000000000000000000000000000000000000000000000000000=
57185 332700 1133500 00911 00921 4
20100325140000 153 036 152 038 158 051 1302 161 033 186 070 1319 0000 0067 0076 1301 0067 1400 058 055 1301 057 -010 10169 10171 1319 10169 1400 0029 0051 1302 0029 1358 0032 0040 1301 0032 1400 0075 0092 0103 0099 0108 0103 0101 0123 //// 10283 ///// ///// ////
000000000000000000000000000000000000000000000000000000000000000000000000000000000000000000000000000000000000000000000000=
57183 334800 1135500 00600 00615 4
20100325140000 177 020 180 023 184 032 1347 178 021 181 042 1342 0000 0039 0048 1331 0038 1356 074 070 1339 060 -003 10209 10209 1350 10207 1338 -005 0001 1328 -005 1400 0042 0053 1301 0042 1358 0088 0107 0114 0114 0102 0099 0098 0122 //// 10286 ///// ///// ////
000000000000000000000000000000000000000000000000000000000000000000000000000000000000000000000000000000000000000000000000=
57186 333600 1140300 00587 00598 4
20100325140000 176 037 177 039 175 043 1352 184 034 164 065 1351 0000 0070 0081 1317 0070 1400 056 048 1329 056 -012 10214 10215 1336 10213 1301 0029 0042 1321 0024 1301 0040 0049 1301 0040 1400 0088 0111 0117 0118 0104 0103 0103 0133 //// 10288 ///// ///// ////
000000000000000000000000000000000000000000000000000000000000000000000000000000000000000000000000000000000000000000000000=
57191 342900 1142900 00634 00642 4
20100325140000 169 018 164 018 158 022 1323 184 022 164 043 1322 0000 0064 0071 1301 0064 1400 053 051 1301 051 -025 10207 10207 1400 10204 1328 0047 0051 1321 0042 1347 0034 0040 1302 0034 1400 0075 0090 0099 0101 0096 0093 0095 0124 //// 10288 ///// ///// ////
000000000000000000000000000000000000000000000000000000000000000000000000000000000000000000000000000000000000000000000000=
57096 343200 1144700 00597 00607 4
20100325140000 176 025 173 024 167 025 1354 181 026 178 036 1353 0000 0053 0059 1301 0053 1400 054 052 1301 048 -032 10206 10206 1400 10204 1312 0029 0034 1307 0023 1345 0013 0023 1301 0012 1359 0080 0110 0118 0116 0103 0100 0101 0128 //// 10282 ///// ///// ////
000000000000000000000000000000000000000000000000000000000000000000000000000000000000000000000000000000000000000000000000=
57091 344700 1141800 00737 00748 4
20100325140000 186 027 184 026 173 029 1342 178 036 169 048 1341 0000 0071 0079 1301 0071 1400 045 039 1301 045 -040 10191 10191 1400 10188 1303 0031 0041 1302 0024 1356 0043 0051 1301 0041 1356 0097 0118 0123 0113 0103 0101 0101 0122 //// 10285 ///// ///// ////
000000000000000000000000000000000000000000000000000000000000000000000000000000000000000000000000000000000000000000000000=
53978 350500 1123800 01401 01409 4
20100325140000 076 032 073 031 073 031 1400 071 030 083 041 1358 0000 0067 0074 1348 0059 1322 044 023 1345 043 -047 10100 10100 1400 10097 1302 0038 0038 1359 -028 1339 0037 0038 1301 0028 1340 0092 0118 0125 0125 0094 0092 0097 0125 //// 10274 ///// ///// ////
000000000000000000000000000000000000000000000000000000000000000000000000000000000000000000000000000000000000000000000000=
53987 350600 1132500 00910 00918 4
20100325140000 026 018 024 020 021 025 1307 040 022 026 039 1304 0000 0055 0063 1301 0055 1400 060 057 1301 054 -016 10162 10163 1330 10162 1301 0033 0047 1301 0032 1350 0043 0054 1301 0043 1400 0094 0114 0122 0124 0103 0098 0101 0127 //// 10277 ///// ///// ////
000000000000000000000000000000000000000000000000000000000000000000000000000000000000000000000000000000000000000000000000=
57079 345700 1130200 01064 01069 4
20100325140000 089 020 098 018 077 022 1343 082 020 074 033 1340 0000 0056 0061 1301 0053 1320 058 057 1343 053 -020 10140 10142 1351 10139 1301 0013 0037 1344 0012 1328 0019 0032 1301 0019 1400 0094 0110 0116 0114 0099 0095 0095 0119 //// 10273 ///// ///// ////
000000000000000000000000000000000000000000000000000000000000000000000000000000000000000000000000000000000000000000000000=
57072 345500 1124500 01275 01285 4
20100325140000 025 023 047 017 270 020 1301 016 025 057 027 1341 0000 0048 0081 1301 0047 1341 030 021 1301 026 -113 10116 10117 1340 10114 1301 -020 0023 1301 -020 1359 0003 0020 1301 0003 1400 0082 0108 0114 0111 0088 0086 0087 0113 //// 10275 ///// ///// ////
000000000000000000000000000000000000000000000000000000000000000000000000000000000000000000000000000000000000000000000000=
53982 351400 1131600 01120 01135 4
20100325140000 044 024 040 020 026 029 1342 040 024 023 051 1332 0000 0077 0082 1301 0077 1400 048 046 1344 050 -026 10136 10136 1400 10135 1301 0053 0062 1301 0053 1400 0046 0056 1301 0045 1359 0105 0122 0128 0125 0100 0098 0101 0131 //// 10276 ///// ///// ////
000000000000000000000000000000000000000000000000000000000000000000000000000000000000000000000000000000000000000000000000=
53979 350900 1130500 01200 01211 4
20100325140000 060 017 058 020 054 027 1347 096 016 056 044 1343 0000 0069 0073 1301 0068 1328 051 050 1344 051 -025 10126 10128 1314 10126 1400 0048 0056 1347 0022 1314 0020 0029 1347 0011 1315 0098 0122 0129 0125 0098 0099 0104 0131 //// 10275 ///// ///// ////
000000000000000000000000000000000000000000000000000000000000000000000000000000000000000000000000000000000000000000000000=
53974 353700 1141100 00723 00739 4
20100325140000 226 025 225 027 225 028 1358 187 026 246 045 1346 0000 0062 0069 1301 0062 1400 053 051 1310 050 -027 10190 10190 1331 10188 1301 0033 0036 1355 0021 1301 0037 0043 1301 0037 1358 0085 0107 0116 0115 0091 0091 0097 0124 //// 10283 ///// ///// ////
000000000000000000000000000000000000000000000000000000000000000000000000000000000000000000000000000000000000000000000000=
53990 354300 1141900 00795 00805 4
20100325140000 193 033 195 034 203 039 1312 195 036 206 052 1312 0000 0039 0047 1320 0039 1400 066 063 1312 053 -019 10180 10180 1400 10177 1306 0026 0037 1323 0026 1400 0010 0019 1301 0010 1400 0081 0102 0106 0106 0092 0085 0083 0110 //// 10281 ///// ///// ////
000000000000000000000000000000000000000000000000000000000000000000000000000000000000000000000000000000000000000000000000=
53991 355600 1142100 00743 00753 4
20100325140000 132 013 165 017 181 020 1358 094 011 152 039 1344 0000 0046 0051 1301 0046 1400 058 056 1301 049 -029 10183 10184 1343 10182 1301 0033 0039 1304 0019 1331 0026 0035 1302 0025 1351 0080 0103 0105 0108 0089 0084 0087 0118 //// 10278 ///// ///// ////
000000000000000000000000000000000000000000000000000000000000000000000000000000000000000000000000000000000000000000000000=
53889 360400 1134900 03068 03086 4
20100325140000 278 015 257 012 257 012 1400 289 018 289 018 1400 0000 0051 0052 1353 0045 1329 052 051 1356 046 -039 09893 09894 1340 09892 1301 0004 0017 1354 -007 1344 0020 0032 1301 0020 1358 0067 0087 0099 0106 0083 0075 0088 0098 //// 10275 ///// ///// ////
000000000000000000000000000000000000000000000000000000000000000000000000000000000000000000000000000000000000000000000000=
53995 353300 1143000 00625 00645 4
20100325140000 146 017 151 012 157 026 1313 142 018 153 041 1305 0000 0037 0051 1318 0037 1400 062 058 1337 049 -029 10201 10201 1400 10198 1301 0012 0033 1317 0010 1358 0023 0033 1305 0023 1400 0086 0111 0117 0117 0093 0087 0087 0116 //// 10282 ///// ///// ////
000000000000000000000000000000000000000000000000000000000000000000000000000000000000000000000000000000000000000000000000=
NNNN
