57090 344300 1135800 00781 00802 4
20100325150000 159 017 152 021 144 029 1446 139 014 150 056 1439 0000 0060 0065 1401 0060 1455 053 051 1401 050 -028 10179 10182 1410 10179 1500 0032 0041 1441 0028 1423 0032 0038 1402 0032 1500 0086 0108 0115 0117 0104 0093 0087 0119 //// 10279 ///// ///// ////
000000000000000000000000000000000000000000000000000000000000000000000000000000000000000000000000000000000000000000000000=
57083 344300 1133900 01104 01116 4
20100325150000 169 036 168 041 149 044 1444 179 028 197 075 1451 0000 0076 0080 1401 0076 1500 047 044 1401 049 -030 10137 10139 1401 10136 1443 0025 0027 1444 0014 1417 0044 0046 1401 0044 1455 0094 0109 0117 0120 0100 0099 0104 0126 0002 10275 ///// ///// ////
000000000000000000000000000000000000000000000000000000000000000000000000000000000000000000000000000000000000000000000000
130 002 000 000 //// /////////////////////CIE 002 0000 6///1 0//// 7//// 1//// 2//// 3//// /// /// /// // 911// 915// 919// 934// 939//=
57086 342300 1134300 01166 01168 4
20100325150000 193 026 195 029 196 029 1458 184 020 203 048 1457 0000 0050 0056 1429 0050 1500 059 055 1401 051 -023 10137 10140 1415 10137 1500 0021 0028 1421 0012 1449 0038 0044 1401 0038 1451 0083 0106 0115 0116 0102 0095 0094 0116 //// 10283 ///// ///// ////
000000000000000000000000000000000000000000000000000000000000000000000000000000000000000000000000000000000000000000000000=
57085 343200 1132000 02599 02648 4
20100325150000 013 009 019 008 292 020 1409 029 008 293 032 1406 0000 0049 0060 1423 0048 1459 027 023 1422 023 -125 09950 09952 1401 09950 1457 0015 0037 1418 0014 1457 0013 0026 1401 0013 1500 0076 0103 0114 0115 0106 0098 0095 0121 //// 10275 ///// ///// ////
000000000000000000000000000000000000000000000000000000000000000000000000000000000000000000000000000000000000000000000000=
57081 344800 1132600 01409 01419 4
20100325150000 000 000 231 003 302 006 1423 192 000 271 015 1414 0000 0061 0066 1428 0061 1500 045 026 1413 042 -049 10097 10098 1406 10096 1454 -032 -017 1429 -032 1500 0019 0026 1401 0019 1500 0084 0106 0118 0115 0091 0094 0096 0117 //// 10273 ///// ///// ////
000000000000000000000000000000000000000000000000000000000000000000000000000000000000000000000000000000000000000000000000=
57080 344400 1125800 01652 01661 4
20100325150000 174 012 171 013 194 019 1401 167 016 341 024 1411 0000 0069 0082 1401 0064 1445 019 015 1404 019 -151 10069 10072 1416 10069 1459 -013 0027 1401 -027 1444 0016 0034 1401 0016 1500 0089 0110 0117 0115 0093 0088 0089 0119 //// 10274 ///// ///// ////
000000000000000000000000000000000000000000000000000000000000000000000000000000000000000000000000000000000000000000000000=
57082 342800 1130100 04271 04284 4
20100325150000 156 018 213 009 306 018 1401 113 015 192 032 1458 0000 0057 0071 1403 0057 1500 021 015 1401 019 -149 09757 09759 1414 09757 1448 0028 0042 1401 0007 1408 0018 0029 1401 0017 1457 0079 0102 0113 0115 0095 0097 0101 //// //// 10278 ///// ///// ////
000000000000000000000000000000000000000000000000000000000000000000000000000000000000000000000000000000000000000000000000=
57295 323700 1142100 00785 00802 4
20100325150000 173 016 175 019 165 020 1451 167 018 181 043 1456 0000 0069 0071 1448 0066 1423 054 053 1450 054 -018 10191 10198 1414 10191 1459 0018 0025 1401 0008 1420 0038 0046 1401 0038 1500 0074 0089 0097 0102 0098 0099 0103 0127 //// 10290 ///// ///// ////
000000000000000000000000000000000000000000000000000000000000000000000000000000000000000000000000000000000000000000000000=
57188 332200 1140200 00559 00568 4
20100325150000 161 025 161 027 170 033 1415 164 021 167 052 1418 0000 0053 0058 1421 0053 1459 059 058 1422 053 -021 10215 10220 1401 10215 1436 0022 0028 1416 0018 1402 0025 0031 1411 0025 1500 0069 0090 0104 0105 0095 0096 0102 0132 //// 10286 ///// ///// ////
000000000000000000000000000000000000000000000000000000000000000000000000000000000000000000000000000000000000000000000000=
57189 330800 1135700 00646 00655 4
20100325150000 169 023 166 023 165 028 1403 170 020 167 039 1401 0000 0036 0047 1401 0036 1452 077 074 1403 061 0000 10207 10210 1401 10207 1449 0013 0032 1401 0005 1435 0026 0035 1401 0026 1500 0064 0084 0095 0100 0095 0096 0099 0122 //// 10289 ///// ///// ////
000000000000000000000000000000000000000000000000000000000000000000000000000000000000000000000000000000000000000000000000=
57194 331700 1141600 00598 00609 4
20100325150000 183 044 183 038 183 038 1500 195 036 181 068 1424 0000 0061 0068 1403 0061 1459 063 057 1428 059 -004 10210 10216 1403 10210 1457 0044 0052 1429 0042 1442 0028 0034 1401 0028 1500 0070 0088 0096 0100 0095 0093 0099 0126 //// 10286 ///// ///// ////
000000000000000000000000000000000000000000000000000000000000000000000000000000000000000000000000000000000000000000000000=
57294 325000 1140100 00836 00846 4
20100325150000 218 016 228 014 232 020 1416 218 016 218 029 1415 0000 0048 0050 1447 0044 1414 075 074 1448 064 0007 10182 10187 1401 10182 1500 0035 0036 1427 0027 1455 0024 0033 1402 0024 1500 0062 0084 0096 0099 0097 0105 0103 0119 //// 10287 ///// ///// ////
000000000000000000000000000000000000000000000000000000000000000000000000000000000000000000000000000000000000000000000000=
57195 333700 1143700 00466 00476 4
20100325150000 267 010 231 010 238 017 1404 262 023 192 042 1434 0000 0064 0070 1401 0064 1500 057 053 1401 055 -015 10229 10233 1401 10229 1500 0034 0050 1401 0033 1452 0027 0036 1401 0027 1500 0062 0091 0107 0111 0102 0099 0102 0141 //// 10288 ///// ///// ////
000000000000000000000000000000000000000000000000000000000000000000000000000000000000000000000000000000000000000000000000=
57193 334700 1143100 00526 00541 4
20100325150000 168 017 167 014 175 021 1413 150 022 164 036 1410 0000 0054 0065 1409 0054 1457 060 053 1405 054 -017 10223 10226 1418 10223 1453 0000 0032 1413 -005 1445 0025 0033 1401 0025 1500 0072 0092 0103 0108 0103 0102 0105 0131 //// 10291 ///// ///// ////
000000000000000000000000000000000000000000000000000000000000000000000000000000000000000000000000000000000000000000000000
120 000 000 000 //// //////////////////////// /// 0000 6///1 0//// 7//// 1//// 2//// 3//// /// /// /// // 911// 915// 919// 934// 939//=
58101 335200 1152900 00413 00428 4
20100325150000 167 023 169 019 161 020 1420 156 037 156 037 1500 0000 0045 0047 1418 0045 1445 061 060 1401 051 -024 10240 10240 1500 10238 1407 0011 0017 1428 0003 1449 0006 0010 1403 0005 1454 0058 0083 0097 0102 0099 0098 0100 0130 //// 10294 ///// ///// ////
000000000000000000000000000000000000000000000000000000000000000000000000000000000000000000000000000000000000000000000000=
57098 340500 1142400 00583 00593 4
20100325150000 155 018 150 020 161 028 1412 138 015 158 041 1411 0000 0038 0048 1401 0038 1500 066 063 1401 053 -020 10213 10217 1401 10213 1500 0004 0025 1415 0004 1500 0020 0028 1401 0020 1500 0049 0077 0095 0103 0103 0097 0098 0129 //// 10287 ///// ///// ////
000000000000000000000000000000000000000000000000000000000000000000000000000000000000000000000000000000000000000000000000=
57182 335100 1133000 00805 00814 4
20100325150000 196 031 197 029 199 034 1445 206 031 217 050 1444 0000 0061 0066 1401 0061 1500 061 060 1443 057 -008 10181 10183 1401 10181 1500 0046 0051 1401 0045 1415 0033 0041 1401 0033 1500 0091 0117 0126 0122 0107 0106 0108 0139 //// 10282 ///// ///// ////
000000000000000000000000000000000000000000000000000000000000000000000000000000000000000000000000000000000000000000000000=
57297 320800 1140300 01145 01154 4
20100325150000 144 015 152 015 135 023 1425 142 015 128 036 1421 0000 0075 0082 1401 0075 1500 048 045 1422 050 -028 10149 10155 1409 10149 1500 0027 0056 1403 0023 1458 0035 0049 1402 0034 1453 0064 0084 0098 0103 0109 0112 0116 //// //// 10291 ///// ///// ////
000000000000000000000000000000000000000000000000000000000000000000000000000000000000000000000000000000000000000000000000
120 000 000 000 //// //////////////////////// /// 0000 6///1 0//// 7//// 1//// 2//// 3//// /// /// /// // 911// 915// 919// 934// 939//=
57296 322100 1144400 00489 00501 4
20100325150000 139 011 148 011 171 015 1454 166 012 172 031 1454 0000 0071 0073 1401 0068 1427 059 058 1401 059 -004 10232 10236 1402 10232 1500 0047 0051 1447 0024 1430 0027 0035 1401 0027 1452 0067 0091 0102 0106 0105 0109 0111 0131 //// 10294 ///// ///// ////
000000000000000000000000000000000000000000000000000000000000000000000000000000000000000000000000000000000000000000000000=
57390 314800 1140400 07335 07347 4
20100325150000 036 018 036 018 018 021 1438 026 016 017 039 1436 0000 0024 0029 1428 0023 1449 046 046 1500 033 -080 09411 09414 1401 09411 1500 0012 0014 1428 0002 1448 0003 0015 1413 0003 1458 0043 0064 0077 0080 0074 0086 //// //// //// 10292 ///// ///// ////
000000000000000000000000000000000000000000000000000000000000000000000000000000000000000000000000000000000000000000000000=
58207 321000 1150300 00428 00440 4
20100325150000 207 007 207 007 190 012 1436 197 011 183 017 1435 0000 0065 0070 1430 0065 1500 064 058 1439 062 0002 10242 10244 1401 10241 1416 0008 0029 1427 0008 1500 0065 0072 1401 0065 1500 0016 0088 0098 0103 0103 0110 0113 0137 //// 10297 ///// ///// ////
000000000000000000000000000000000000000000000000000000000000000000000000000000000000000000000000000000000000000000000000=
58205 322800 1152600 00349 00360 4
20100325150000 175 012 196 009 156 016 1401 158 015 155 022 1409 0000 0064 0068 1407 0064 1500 062 058 1411 060 -003 10248 10250 1405 10248 1500 0040 0064 1416 0038 1457 0033 0045 1401 0033 1459 0050 0063 0077 0085 0105 0110 0111 0123 //// 10293 ///// ///// ////
000000000000000000000000000000000000000000000000000000000000000000000000000000000000000000000000000000000000000000000000=
53989 350300 1135700 00766 00777 4
20100325150000 131 020 143 021 173 033 1401 105 020 184 044 1413 0000 0060 0069 1401 0060 1500 053 048 1405 050 -028 10177 10183 1402 10177 1500 0035 0046 1431 0029 1451 0020 0030 1401 0020 1457 0079 0101 0112 0113 0094 0092 0096 0123 //// 10274 ///// ///// ////
000000000000000000000000000000000000000000000000000000000000000000000000000000000000000000000000000000000000000000000000=
53986 351900 1135300 00732 00740 4
20100325150000 050 008 063 008 055 012 1404 046 010 049 018 1404 0000 0043 0054 1413 0043 1500 067 061 1413 056 -013 10186 10190 1408 10186 1450 -029 -001 1415 -036 1450 0006 0017 1401 0006 1500 0075 0097 0106 0110 0097 0094 0099 0127 //// 10279 ///// ///// ////
000000000000000000000000000000000000000000000000000000000000000000000000000000000000000000000000000000000000000000000000
120 000 000 000 //// //////////////////////// /// 0000 6///1 0//// 7//// 1//// 2//// 3//// /// /// /// // 911// 915// 919// 934// 939//=
53994 352300 1140400 00700 00712 4
20100325150000 066 010 061 010 055 014 1433 062 011 037 018 1443 0000 0052 0056 1411 0052 1500 058 055 1407 051 -024 10191 10194 1401 10190 1456 -038 -019 1435 -038 1500 -018 -008 1401 -018 1500 0066 0099 0111 0110 0093 0090 0095 0127 //// 10280 ///// ///// ////
000000000000000000000000000000000000000000000000000000000000000000000000000000000000000000000000000000000000000000000000=
53983 350200 1142500 00696 00708 4
20100325150000 165 037 165 036 165 036 1500 161 037 166 049 1456 0000 0034 0038 1402 0030 1419 071 066 1403 055 -014 10193 10195 1405 10192 1453 0018 0018 1459 -009 1415 0014 0018 1401 0013 1454 0066 0096 0107 0110 0087 0086 0089 0123 //// 10282 ///// ///// ////
000000000000000000000000000000000000000000000000000000000000000000000000000000000000000000000000000000000000000000000000=
53998 351200 1143900 00616 00625 4
20100325150000 150 031 154 029 155 031 1449 142 027 156 047 1411 0000 0054 0060 1401 0054 1500 051 049 1403 046 -039 10202 10203 1410 10202 1458 0026 0030 1414 0026 1440 0024 0030 1401 0024 1459 0077 0101 0110 0111 0101 0095 0096 0128 //// 10280 ///// ///// ////
000000000000000000000000000000000000000000000000000000000000000000000000000000000000000000000000000000000000000000000000=
57051 344800 1111200 04099 04117 4
20100325150000 105 013 103 015 104 018 1429 097 015 122 034 1422 0000 0047 0062 1401 0047 1458 022 019 1402 019 -152 09773 09779 1419 09773 1500 -037 -016 1414 -037 1500 -001 0011 1401 -001 1500 0071 0099 0109 0110 0088 0086 0087 0114 //// 10275 ///// ///// ////
000000000000000000000000000000000000000000000000000000000000000000000000000000000000000000000000000000000000000000000000
150 000 000 000 //// //////////////////////// /// 0000 6///1 0//// 7//// 1//// 2//// 3//// /// /// /// // 911// 915// 919// 934// 939//=
57063 344600 1114600 05236 05236 4
20100325150000 356 019 353 012 301 017 1401 001 023 001 023 1500 0000 -006 -003 1427 -013 1406 034 032 1418 020 -145 09643 09648 1401 09643 1500 -085 -074 1401 -097 1456 -037 -026 1401 -038 1457 0052 0079 0088 0088 0074 0077 0084 0110 //// 10284 ///// ///// ////
000000000000000000000000000000000000000000000000000000000000000000000000000000000000000000000000000000000000000000000000=
57067 340300 1110200 05688 05699 4
20100325150000 PPC 000 PPC 002 260 009 1431 PPC 000 209 013 1423 0000 -009 0002 1401 -009 1500 058 053 1401 033 -081 09599 09601 1424 09599 1500 -044 -026 1436 -047 1452 0000 0010 1401 0000 1459 0059 0085 0095 0095 0086 0093 0096 0122 //// 10297 ///// ///// ////
000000000000000000000000000000000000000000000000000000000000000000000000000000000000000000000000000000000000000000000000
150 000 000 000 //// //////////////////////// /// 0000 6///1 0//// 7//// 1//// 2//// 3//// /// /// /// // 911// 915// 919// 934// 939//=
57056 343200 1105300 03904 03909 4
20100325150000 328 004 343 005 034 016 1438 316 003 043 019 1438 0000 0014 0020 1415 0012 1448 037 032 1407 025 -117 09797 09804 1402 09797 1500 -076 -068 1408 -076 1500 -020 -007 1401 -020 1500 0062 0098 0110 0110 0088 0090 0093 0118 //// 10277 ///// ///// ////
000000000000000000000000000000000000000000000000000000000000000000000000000000000000000000000000000000000000000000000000=
58007 340400 1151800 00472 00532 4
20100325150000 151 018 153 016 158 017 1445 153 019 144 030 1442 0000 0046 0050 1424 0046 1500 055 053 1422 047 -037 10225 10225 1441 10223 1405 0010 0017 1429 0006 1441 0017 0024 1401 0017 1500 0072 0096 0107 0109 0101 0100 0103 0131 //// 10292 ///// ///// ////
000000000000000000000000000000000000000000000000000000000000000000000000000000000000000000000000000000000000000000000000=
58006 342300 1155300 00463 00506 4
20100325150000 139 013 143 014 143 014 1500 130 012 142 021 1455 0000 0009 0014 1418 0007 1444 066 066 1500 043 -047 10232 10234 1412 10231 1445 -045 -043 1406 -050 1451 -002 0008 1401 -002 1500 0051 0084 0100 0107 0096 0093 0098 0126 //// 10296 ///// ///// ////
000000000000000000000000000000000000000000000000000000000000000000000000000000000000000000000000000000000000000000000000=
58111 335800 1162700 00325 00325 4
20100325150000 148 010 148 009 150 012 1454 139 008 150 020 1449 0000 0052 0053 1421 0051 1448 049 045 1419 043 -046 10254 10256 1415 10252 1442 -020 -018 1451 -024 1432 0010 0016 1401 0010 1500 0048 0069 0083 0091 0093 0097 0105 0138 //// 10295 ///// ///// ////
000000000000000000000000000000000000000000000000000000000000000000000000000000000000000000000000000000000000000000000000
150 000 000 000 //// //////////////////////// /// 0000 6///1 0//// 7//// 1//// 2//// 3//// /// /// /// // 911// 915// 919// 934// 939//=
58017 341500 1160800 00410 00420 4
20100325150000 134 010 138 015 128 020 1450 142 006 122 035 1443 0000 0051 0054 1414 0051 1453 047 046 1415 041 -053 10239 10240 1407 10237 1442 -003 0001 1446 -018 1408 0011 0015 1401 0011 1500 0062 0086 0098 0103 0098 0097 0103 0128 //// 10292 ///// ///// ////
000000000000000000000000000000000000000000000000000000000000000000000000000000000000000000000000000000000000000000000000=
58001 342600 1150600 00563 00569 4
20100325150000 177 019 177 017 148 027 1401 173 023 164 034 1426 0000 0041 0055 1401 0041 1458 057 051 1401 047 -036 10215 10216 1455 10214 1401 0016 0035 1401 0016 1500 0014 0026 1401 0014 1500 0051 0073 0087 0093 0090 0089 0094 0126 //// 10287 ///// ///// ////
000000000000000000000000000000000000000000000000000000000000000000000000000000000000000000000000000000000000000000000000=
58005 342700 1154000 00501 00511 4
20100325150000 154 029 154 024 154 024 1500 147 031 149 038 1459 0000 0039 0040 1440 0036 1408 055 054 1435 044 -043 10223 10225 1410 10222 1435 -016 -016 1500 -056 1409 0004 0007 1401 0001 1453 0061 0090 0101 0106 0099 0097 0103 0131 0001 10287 ///// ///// ////
000000000000000000000000000000000000000000000000000000000000000000000000000000000000000000000000000000000000000000000000
160 000 000 000 //// //////////////////////// /// 0000 6///1 0//// 7//// 1//// 2//// 3//// /// /// /// // 911// 915// 919// 934// 939//=
58008 342800 1152000 00544 00592 4
20100325150000 154 015 157 015 158 016 1453 158 008 147 029 1415 0000 0045 0048 1401 0044 1440 053 052 1402 045 -042 10213 10213 1500 10211 1418 0000 0006 1453 -010 1423 0013 0019 1405 0013 1500 0045 0070 0084 0093 0094 0094 0098 0129 //// 10287 ///// ///// ////
000000000000000000000000000000000000000000000000000000000000000000000000000000000000000000000000000000000000000000000000=
58004 343900 1150900 00606 00616 4
20100325150000 175 013 171 016 139 016 1422 198 005 167 031 1454 0000 0044 0048 1401 0043 1455 056 054 1401 047 -036 10207 10207 1448 10206 1415 0002 0008 1414 -012 1436 0018 0026 1401 0018 1500 0065 0096 0106 0110 0101 0099 0102 0127 //// 10284 ///// ///// ////
000000000000000000000000000000000000000000000000000000000000000000000000000000000000000000000000000000000000000000000000=
54817 355900 1155200 00421 00434 4
20100325150000 189 020 183 020 176 022 1445 195 014 195 037 1423 0000 0044 0047 1430 0043 1407 049 047 1428 041 -054 10227 10228 1408 10226 1445 0021 0026 1418 0007 1402 0002 0005 1425 0001 1454 0044 0070 0084 0086 0082 0078 0088 0116 //// 10282 ///// ///// ////
000000000000000000000000000000000000000000000000000000000000000000000000000000000000000000000000000000000000000000000000=
54900 354200 1150100 00537 00541 4
20100325150000 152 015 159 014 169 020 1401 142 015 173 027 1419 0000 0036 0044 1401 0036 1500 063 059 1408 050 -028 10211 10213 1408 10211 1459 -039 0003 1402 -039 1500 0001 0013 1401 0001 1500 0065 0091 0102 0103 0088 0082 0083 0110 //// 10279 ///// ///// ////
000000000000000000000000000000000000000000000000000000000000000000000000000000000000000000000000000000000000000000000000=
54901 360500 1151000 00475 00478 4
20100325150000 166 034 169 033 172 033 1441 164 032 175 043 1453 0000 0033 0037 1403 0033 1417 058 054 1402 045 -042 10217 10218 1418 10214 1421 0011 0018 1439 0006 1417 0007 0013 1401 0007 1500 0053 0077 0089 0092 0086 0080 0077 0105 //// 10277 ///// ///// ////
000000000000000000000000000000000000000000000000000000000000000000000000000000000000000000000000000000000000000000000000=
54903 355100 1152900 00457 00506 4
20100325150000 159 014 169 019 181 029 1452 150 016 173 050 1449 0000 0047 0049 1430 0047 1500 045 044 1427 038 -062 10216 10218 1428 10216 1451 0030 0037 1454 0029 1406 0014 0017 1428 0014 1500 0059 0082 0091 0093 0083 0080 0090 0114 //// 10280 ///// ///// ////
000000000000000000000000000000000000000000000000000000000000000000000000000000000000000000000000000000000000000000000000=
57184 333800 1132200 00834 00847 4
20100325150000 091 016 115 016 156 017 1401 079 014 187 028 1444 0000 0057 0065 1425 0057 1500 067 064 1403 061 0001 10177 10178 1401 10176 1423 0032 0036 1401 0028 1417 0023 0032 1401 0023 1500 0071 0099 0108 0113 0099 0102 0104 0129 //// 10282 ///// ///// ////
000000000000000000000000000000000000000000000000000000000000000000000000000000000000000000000000000000000000000000000000=
57177 332000 1133200 00898 00913 4
20100325150000 127 013 126 012 114 019 1431 124 011 110 023 1424 0000 0040 0051 1401 0030 1430 070 067 1408 057 -010 10168 10172 1401 10168 1500 -008 0006 1412 -009 1446 0017 0026 1401 0017 1500 0036 0080 0088 0105 0102 0103 0105 0121 //// 10282 ///// ///// ////
000000000000000000000000000000000000000000000000000000000000000000000000000000000000000000000000000000000000000000000000=
57075 341000 1125200 02031 02043 4
20100325150000 089 020 089 022 101 025 1453 088 020 102 033 1450 0000 0016 0052 1408 0013 1454 062 036 1403 042 -049 10029 10031 1422 10028 1438 0001 0016 1413 -007 1454 -006 0006 1408 -006 1453 0059 0089 0102 0105 0101 0100 0097 0117 //// 10283 ///// ///// ////
000000000000000000000000000000000000000000000000000000000000000000000000000000000000000000000000000000000000000000000000=
57173 334500 1125300 01457 01468 4
20100325150000 156 009 169 008 212 012 1442 141 008 211 019 1438 0000 0028 0044 1401 0028 1500 074 068 1401 055 -014 10098 10101 1415 10098 1500 -015 0006 1440 -015 1500 0011 0019 1401 0011 1459 0071 0098 0110 0110 0102 0103 0105 0133 //// 10280 ///// ///// ////
000000000000000000000000000000000000000000000000000000000000000000000000000000000000000000000000000000000000000000000000=
57180 335900 1131200 01175 01186 4
20100325150000 279 012 297 010 347 012 1432 276 013 344 018 1429 0000 0040 0041 1455 0036 1411 067 064 1401 054 -016 10136 10136 1500 10134 1429 -020 -011 1401 -023 1453 0006 0017 1401 0006 1456 0070 0103 0116 0117 0100 0099 0102 0130 //// 10283 ///// ///// ////
000000000000000000000000000000000000000000000000000000000000000000000000000000000000000000000000000000000000000000000000=
57181 335300 1130300 01364 01380 4
20100325150000 209 015 207 016 210 027 1401 212 015 218 028 1406 0000 0033 0044 1448 0031 1420 075 071 1401 058 -007 10112 10116 1412 10112 1458 -014 0008 1401 -014 1500 0003 0016 1401 0003 1500 0060 0095 0107 0111 0099 0100 0102 0129 //// 10283 ///// ///// ////
000000000000000000000000000000000000000000000000000000000000000000000000000000000000000000000000000000000000000000000000
200 000 000 000 //// //////////////////////// /// 0000 6///1 0//// 7//// 1//// 2//// 3//// /// /// /// // 911// 915// 919// 934// 939//=
57171 334600 1130700 01420 01430 4
20100325150000 159 010 152 013 133 046 1401 152 010 136 053 1402 0000 0064 0073 1401 0064 1500 070 063 1401 067 0013 10101 10104 1403 10101 1500 0054 0067 1401 0054 1500 0040 0052 1401 0040 1500 0082 0101 0111 0113 0110 0109 0115 0125 //// 10278 ///// ///// ////
000000000000000000000000000000000000000000000000000000000000000000000000000000000000000000000000000000000000000000000000=
57175 330300 1121400 01914 01922 4
20100325150000 324 006 332 003 310 009 1427 313 003 271 013 1418 0000 0017 0038 1423 0017 1500 079 069 1422 055 -015 10054 10057 1425 10052 1401 -016 -012 1426 -016 1459 0020 0031 1401 0020 1500 0081 0112 0126 0126 0105 0107 0111 0138 //// 10291 ///// ///// ////
000000000000000000000000000000000000000000000000000000000000000000000000000000000000000000000000000000000000000000000000=
57156 331800 1113000 02503 02523 4
20100325150000 PPC 000 133 003 132 012 1444 PPC 000 139 019 1436 0000 0061 0069 1431 0061 1500 047 042 1425 044 -044 09981 09981 1437 09979 1401 0033 0037 1415 0033 1431 0010 0019 1401 0010 1500 0076 0097 0109 0111 0101 0109 0117 0142 //// 10290 ///// ///// ////
000000000000000000000000000000000000000000000000000000000000000000000000000000000000000000000000000000000000000000000000
120 002 000 000 //// /////////////////////CIE 002 0000 6///1 0//// 7//// 1//// 2//// 3//// /// /// /// // 911// 915// 919// 934// 939//=
57271 323300 1122300 00879 00897 4
20100325150000 153 011 156 011 171 014 1419 150 011 181 019 1417 0000 0057 0066 1405 0057 1500 062 056 1433 057 -010 10176 10177 1446 10174 1401 -018 -013 1402 -019 1445 0027 0038 1401 0027 1500 0076 0102 0115 0118 0102 0106 0114 0139 //// 10287 ///// ///// ////
000000000000000000000000000000000000000000000000000000000000000000000000000000000000000000000000000000000000000000000000=
57261 330700 1113100 02330 02345 4
20100325150000 303 012 295 011 294 026 1423 313 012 310 043 1422 0000 0079 0093 1401 0079 1500 041 032 1412 044 -045 09991 09993 1433 09991 1500 0015 0030 1413 0012 1454 0035 0042 1401 0034 1459 0080 0100 0110 0111 0111 0120 0128 //// //// 10277 ///// ///// ////
000000000000000000000000000000000000000000000000000000000000000000000000000000000000000000000000000000000000000000000000=
57285 322300 1132500 01530 01492 4
20100325150000 056 007 054 008 050 018 1414 057 008 049 026 1412 0000 0065 0074 1401 0065 1500 058 055 1415 056 -012 10107 10113 1401 10107 1458 0005 0034 1416 -003 1441 0038 0054 1401 0038 1500 0083 0101 0110 0114 0103 0107 0110 0135 //// 10290 ///// ///// ////
000000000000000000000000000000000000000000000000000000000000000000000000000000000000000000000000000000000000000000000000
200 010 000 000 6300 /////////////////////CSI 007 0000 6///1 0//// 7//// 1//// 2//// 3//// /// /// /// // 911// 915// 919// 934// 939//=
57273 324100 1125100 01095 01105 4
20100325150000 132 023 148 019 129 041 1406 144 025 136 058 1402 0000 0057 0071 1401 0057 1500 063 057 1401 058 -008 10149 10150 1455 10147 1426 0034 0057 1403 0033 1459 0032 0043 1401 0032 1459 0076 0097 0108 0112 0109 0110 0112 0136 //// 10285 ///// ///// ////
000000000000000000000000000000000000000000000000000000000000000000000000000000000000000000000000000000000000000000000000=
57187 330400 1125600 01180 01193 4
20100325150000 114 027 118 025 132 036 1406 113 023 141 059 1405 0000 0052 0066 1401 0051 1458 071 064 1402 063 0004 10130 10132 1434 10130 1500 0038 0057 1406 0035 1446 0028 0038 1401 0028 1500 0070 0089 0104 0108 0109 0110 0110 0131 //// 10277 ///// ///// ////
000000000000000000000000000000000000000000000000000000000000000000000000000000000000000000000000000000000000000000000000=
57169 330300 1115200 01591 01600 4
20100325150000 038 007 330 005 021 010 1444 021 010 018 012 1443 0000 0033 0049 1401 0033 1500 078 070 1401 060 -002 10093 10094 1455 10091 1403 0025 0036 1401 0025 1500 0017 0027 1401 0017 1500 0071 0096 0108 0113 0104 0105 0109 0132 //// 10291 ///// ///// ////
000000000000000000000000000000000000000000000000000000000000000000000000000000000000000000000000000000000000000000000000=
57176 332900 1122500 02311 02304 4
20100325150000 342 011 349 010 335 016 1408 313 009 336 019 1408 0000 0058 0066 1408 0058 1500 055 049 1408 051 -025 10007 10010 1409 10007 1451 0005 0012 1401 0004 1433 0025 0033 1401 0025 1500 0070 0092 0105 0112 0112 0111 0113 0130 //// 10289 ///// ///// ////
000000000000000000000000000000000000000000000000000000000000000000000000000000000000000000000000000000000000000000000000=
57179 331700 1130000 01604 01616 4
20100325150000 159 038 162 040 164 047 1416 147 025 167 079 1407 0000 0071 0078 1401 0071 1500 060 055 1401 060 -001 10086 10088 1437 10085 1412 0040 0046 1417 0035 1449 0031 0034 1415 0031 1458 0066 0085 0095 0100 0103 0104 0106 0132 //// 10285 ///// ///// ////
000000000000000000000000000000000000000000000000000000000000000000000000000000000000000000000000000000000000000000000000=
57274 324200 1120700 01076 01088 4
20100325150000 004 005 346 005 141 013 1401 035 004 147 014 1401 0000 0049 0068 1401 0049 1500 067 052 1410 058 -007 10151 10152 1437 10150 1401 0004 0017 1401 0004 1500 0041 0051 1401 0041 1500 0089 0108 0120 0124 0114 0114 0116 0140 //// 10285 ///// ///// ////
000000000000000000000000000000000000000000000000000000000000000000000000000000000000000000000000000000000000000000000000=
57065 343000 1121100 01949 01964 4
20100325150000 279 010 281 009 267 024 1410 296 004 277 037 1405 0000 0060 0082 1401 0060 1457 021 014 1409 020 -147 10033 10038 1404 10033 1500 0013 0028 1401 0013 1500 0009 0036 1404 0008 1457 0083 0107 0116 0118 0098 0103 0111 0138 //// 10275 ///// ///// ////
000000000000000000000000000000000000000000000000000000000000000000000000000000000000000000000000000000000000000000000000=
57074 342500 1122500 01973 01989 4
20100325150000 173 003 158 004 182 010 1435 212 006 237 022 1430 0000 0056 0072 1401 0056 1500 033 027 1401 030 -094 10032 10035 1411 10032 1425 -003 0030 1434 -004 1415 0019 0031 1401 0019 1500 0086 0108 0116 0116 0103 0102 0103 0125 //// 10277 ///// ///// ////
000000000000000000000000000000000000000000000000000000000000000000000000000000000000000000000000000000000000000000000000=
57076 344400 1124700 01895 01901 4
20100325150000 290 022 291 021 291 021 1500 279 026 284 031 1454 0000 0078 0079 1401 0074 1447 016 016 1500 017 -165 10037 10041 1401 10037 1500 0001 0003 1426 -037 1448 0011 0016 1401 0001 1448 0070 0097 0109 0108 0092 0089 0090 0120 //// 10270 ///// ///// ////
000000000000000000000000000000000000000000000000000000000000000000000000000000000000000000000000000000000000000000000000=
57070 344400 1120700 03640 03595 4
20100325150000 267 016 258 017 271 027 1401 279 016 260 035 1406 0000 0057 0058 1456 0054 1414 023 022 1453 021 -138 09833 09837 1406 09833 1446 0017 0027 1431 0015 1457 0007 0021 1401 0007 1500 0072 0097 0105 0103 0091 0092 0095 0122 //// 10272 ///// ///// ////
000000000000000000000000000000000000000000000000000000000000000000000000000000000000000000000000000000000000000000000000=
57162 340900 1120500 03258 03275 4
20100325150000 272 010 266 009 231 012 1430 285 012 254 019 1421 0000 0049 0059 1401 0049 1500 035 033 1401 030 -093 09878 09882 1401 09878 1500 -005 0018 1432 -012 1448 0013 0025 1401 0013 1500 0080 0106 0115 0114 0094 0097 0102 0131 //// 10278 ///// ///// ////
000000000000000000000000000000000000000000000000000000000000000000000000000000000000000000000000000000000000000000000000=
57078 340900 1122800 03365 03340 4
20100325150000 269 009 279 010 198 015 1433 268 006 212 026 1430 0000 0056 0074 1401 0056 1500 030 025 1401 027 -106 09869 09872 1407 09869 1500 -023 0021 1401 -023 1457 0004 0021 1401 0004 1500 0061 0088 0101 0104 0095 0097 0098 0118 //// 10278 ///// ///// ////
000000000000000000000000000000000000000000000000000000000000000000000000000000000000000000000000000000000000000000000000=
57071 344900 1122600 03333 03332 4
20100325150000 238 023 237 022 221 029 1423 232 017 218 051 1422 0000 0068 0068 1459 0064 1446 016 014 1405 016 -173 09866 09870 1406 09866 1445 0027 0038 1423 0009 1411 0014 0018 1427 0013 1412 0076 0099 0109 0108 0091 0088 0092 0119 //// 10273 ///// ///// ////
000000000000000000000000000000000000000000000000000000000000000000000000000000000000000000000000000000000000000000000000
220 000 000 000 //// //////////////////////// /// 0000 6///1 0//// 7//// 1//// 2//// 3//// /// /// /// // 911// 915// 919// 934// 939//=
57066 342300 1114000 03283 03298 4
20100325150000 330 010 292 008 264 009 1457 327 014 277 019 1453 0000 0051 0062 1401 0051 1500 026 021 1402 023 -128 09874 09878 1404 09874 1450 -007 0004 1403 -008 1456 0003 0013 1402 0003 1500 0068 0095 0105 0104 0092 0090 0091 0115 //// 10278 ///// ///// ////
000000000000000000000000000000000000000000000000000000000000000000000000000000000000000000000000000000000000000000000000=
57077 334700 1113900 07424 07388 4
20100325150000 245 031 243 032 240 033 1456 257 027 257 042 1455 0000 0021 0025 1403 0018 1434 047 044 1402 033 -080 09405 09408 1403 09405 1500 -011 -011 1500 -038 1411 -007 -005 1401 -007 1454 0037 0063 0075 0080 0079 0086 0092 0115 //// 10295 ///// ///// ////
000000000000000000000000000000000000000000000000000000000000000000000000000000000000000000000000000000000000000000000000
220 000 000 000 //// //////////////////////// /// 0000 6///1 0//// 7//// 1//// 2//// 3//// /// /// /// // 911// 915// 919// 934// 939//=
57183 334800 1135500 00600 00615 4
20100325150000 156 012 148 012 180 023 1401 158 015 156 035 1430 0000 0032 0041 1420 0030 1452 074 071 1439 057 -010 10206 10208 1402 10205 1433 -012 0001 1436 -012 1500 0034 0042 1401 0034 1500 0080 0100 0109 0112 0103 0099 0098 0122 //// 10283 ///// ///// ////
000000000000000000000000000000000000000000000000000000000000000000000000000000000000000000000000000000000000000000000000=
57186 333600 1140300 00587 00598 4
20100325150000 182 050 179 043 179 045 1411 182 064 182 064 1500 0000 0066 0073 1426 0066 1500 057 054 1433 056 -013 10211 10213 1401 10210 1432 0028 0035 1436 0023 1446 0033 0040 1401 0033 1500 0079 0103 0112 0115 0104 0102 0103 0133 //// 10286 ///// ///// ////
000000000000000000000000000000000000000000000000000000000000000000000000000000000000000000000000000000000000000000000000=
57191 342900 1142900 00634 00642 4
20100325150000 176 019 175 018 175 022 1443 204 024 172 040 1419 0000 0058 0063 1401 0058 1500 055 053 1401 051 -025 10206 10207 1401 10206 1500 0038 0049 1406 0036 1459 0028 0034 1404 0028 1500 0069 0085 0094 0098 0096 0093 0095 0124 //// 10286 ///// ///// ////
000000000000000000000000000000000000000000000000000000000000000000000000000000000000000000000000000000000000000000000000=
57096 343200 1144700 00597 00607 4
20100325150000 192 021 190 021 175 024 1408 194 019 203 036 1428 0000 0052 0054 1410 0052 1500 053 053 1500 047 -036 10205 10207 1412 10205 1500 0038 0038 1500 0023 1409 0014 0016 1435 0011 1418 0070 0101 0113 0114 0104 0100 0102 0128 //// 10281 ///// ///// ////
000000000000000000000000000000000000000000000000000000000000000000000000000000000000000000000000000000000000000000000000=
57091 344700 1141800 00737 00748 4
20100325150000 189 044 187 043 187 043 1456 186 047 172 061 1441 0000 0067 0071 1401 0067 1500 047 045 1401 046 -038 10188 10192 1404 10188 1500 0038 0041 1438 0031 1401 0041 0043 1410 0041 1459 0089 0110 0118 0111 0104 0101 0101 0122 //// 10281 ///// ///// ////
000000000000000000000000000000000000000000000000000000000000000000000000000000000000000000000000000000000000000000000000
160 000 000 000 //// //////////////////////// /// 0000 6///1 0//// 7//// 1//// 2//// 3//// /// /// /// // 911// 915// 919// 934// 939//=
53978 350500 1123800 01401 01409 4
20100325150000 090 015 085 015 074 030 1401 094 013 088 041 1404 0000 0050 0067 1401 0049 1453 057 045 1401 050 -028 10098 10101 1409 10098 1500 -031 0037 1401 -031 1500 0018 0037 1401 0018 1500 0082 0108 0118 0122 0094 0092 0097 0125 //// 10272 ///// ///// ////
000000000000000000000000000000000000000000000000000000000000000000000000000000000000000000000000000000000000000000000000=
53984 351400 1132800 00827 00837 4
20100325150000 040 015 033 017 043 033 1404 048 016 043 042 1403 0000 0018 0045 1401 0018 1500 070 059 1401 049 -031 10171 10174 1401 10170 1449 -028 0016 1401 -028 1500 0006 0022 1401 0006 1500 0085 0106 0110 0113 0099 0095 0095 0120 //// 10276 ///// ///// ////
000000000000000000000000000000000000000000000000000000000000000000000000000000000000000000000000000000000000000000000000=
53987 350600 1132500 00910 00918 4
20100325150000 036 013 030 016 024 021 1432 043 007 040 035 1432 0000 0047 0055 1401 0047 1500 062 059 1413 053 -020 10160 10163 1411 10159 1443 0013 0033 1420 0013 1500 0034 0043 1401 0034 1500 0084 0106 0116 0120 0103 0098 0101 0127 //// 10275 ///// ///// ////
000000000000000000000000000000000000000000000000000000000000000000000000000000000000000000000000000000000000000000000000=
57079 345700 1130200 01064 01069 4
20100325150000 040 016 040 017 051 020 1449 043 016 069 028 1405 0000 0049 0055 1401 0049 1500 062 058 1401 054 -018 10138 10140 1401 10138 1500 0005 0030 1413 -001 1433 0011 0019 1408 0011 1500 0085 0102 0111 0112 0100 0096 0096 0119 //// 10271 ///// ///// ////
000000000000000000000000000000000000000000000000000000000000000000000000000000000000000000000000000000000000000000000000=
57072 345500 1124500 01275 01285 4
20100325150000 004 010 009 010 044 023 1406 035 009 027 032 1401 0000 0027 0050 1408 0027 1500 063 030 1401 047 -036 10115 10117 1406 10115 1500 -025 0023 1408 -026 1438 -006 0008 1408 -006 1500 0070 0099 0109 0108 0088 0086 0087 0113 //// 10275 ///// ///// ////
000000000000000000000000000000000000000000000000000000000000000000000000000000000000000000000000000000000000000000000000=
53982 351400 1131600 01120 01135 4
20100325150000 021 028 026 022 025 027 1441 017 035 009 046 1438 0000 0074 0076 1401 0074 1500 047 046 1439 048 -032 10131 10136 1401 10131 1500 0047 0053 1401 0047 1458 0038 0046 1401 0038 1456 0095 0114 0123 0123 0101 0098 0101 0131 //// 10271 ///// ///// ////
000000000000000000000000000000000000000000000000000000000000000000000000000000000000000000000000000000000000000000000000=
53979 350900 1130500 01200 01211 4
20100325150000 102 007 080 010 050 022 1442 115 007 051 032 1437 0000 0061 0069 1401 0060 1424 054 051 1401 051 -025 10125 10127 1402 10124 1434 0018 0049 1401 0015 1427 -003 0020 1401 -003 1500 0087 0113 0124 0123 0099 0099 0104 0131 //// 10275 ///// ///// ////
000000000000000000000000000000000000000000000000000000000000000000000000000000000000000000000000000000000000000000000000=
53974 353700 1141100 00723 00739 4
20100325150000 225 020 232 021 226 027 1401 223 021 243 045 1436 0000 0060 0061 1401 0059 1420 052 052 1500 049 -031 10188 10190 1407 10188 1500 0020 0032 1401 0018 1445 0028 0037 1401 0028 1459 0076 0099 0110 0112 0091 0091 0097 0124 //// 10280 ///// ///// ////
000000000000000000000000000000000000000000000000000000000000000000000000000000000000000000000000000000000000000000000000=
53990 354300 1141900 00795 00805 4
20100325150000 209 038 209 038 195 043 1432 209 035 197 049 1440 0000 0031 0039 1401 0028 1444 070 066 1401 053 -018 10177 10181 1403 10177 1500 0021 0026 1401 0017 1410 0003 0010 1401 0002 1450 0072 0095 0102 0104 0092 0085 0083 0110 //// 10278 ///// ///// ////
000000000000000000000000000000000000000000000000000000000000000000000000000000000000000000000000000000000000000000000000=
53889 360400 1134900 03068 03086 4
20100325150000 170 010 227 009 257 013 1401 182 011 289 020 1426 0000 0041 0051 1402 0041 1500 056 052 1401 046 -039 09891 09894 1401 09891 1500 0012 0017 1404 -011 1425 0008 0020 1401 0008 1459 0055 0076 0089 0098 0083 0075 0088 0098 //// 10273 ///// ///// ////
000000000000000000000000000000000000000000000000000000000000000000000000000000000000000000000000000000000000000000000000=
53995 353300 1143000 00625 00645 4
20100325150000 144 014 147 013 143 019 1408 150 013 142 025 1416 0000 0027 0039 1409 0027 1447 066 061 1408 049 -030 10198 10201 1404 10198 1451 -005 0013 1401 -009 1455 0011 0023 1401 0011 1500 0074 0102 0110 0113 0093 0087 0087 0116 //// 10279 ///// ///// ////
000000000000000000000000000000000000000000000000000000000000000000000000000000000000000000000000000000000000000000000000=
NNNN
