57090 344300 1135800 00781 00802 4
20100326080000 176 039 179 031 176 040 0717 187 054 167 077 0749 0000 0164 0169 0733 0164 0759 035 029 0713 065 0009 10093 10099 0701 10093 0759 0189 0234 0722 0189 0800 0234 0284 0703 0234 0800 0194 0160 0133 0116 0097 0094 0088 0119 //// 10191 ///// ///// ////
000000000000000000000000000000000000000000000000000000000000000000000000000000000000000000000000000000000000000000000000=
57083 344300 1133900 01104 01116 4
20100326080000 173 027 168 030 168 039 0734 181 022 186 059 0731 0000 0167 0174 0701 0165 0741 034 025 0708 065 0008 10053 10057 0708 10053 0800 0262 0364 0701 0259 0735 0243 0304 0701 0243 0800 0188 0162 0136 0118 0095 0099 0104 0126 0000 10190 ///// ///// ////
000000000000000000000000000000000000000000000000000000000000000000000000000000000000000000000000000000000000000000000000
100 010 000 /// //// /////////////////////CSI /// //// 6///1 0//// 7//// 1//// 2//// 3//// /// /// /// // 911// 915// 919// 934// 939//=
57086 342300 1134300 01166 01168 4
20100326080000 171 045 177 035 180 043 0722 156 032 164 072 0714 0000 0149 0155 0703 0148 0755 046 040 0708 078 0034 10053 10058 0701 10052 0751 0181 0202 0707 0180 0755 0231 0267 0701 0228 0755 0197 0163 0131 0110 0095 0095 0095 0116 //// 10196 ///// ///// ////
000000000000000000000000000000000000000000000000000000000000000000000000000000000000000000000000000000000000000000000000=
57085 343200 1132000 02599 02648 4
20100326080000 237 027 233 023 219 026 0701 218 023 218 045 0717 0000 0163 0166 0746 0163 0800 027 023 0712 050 -027 09872 09876 0706 09871 0741 0187 0206 0703 0187 0754 0247 0284 0703 0247 0800 0206 0165 0135 0113 0099 0098 0095 0121 //// 10193 ///// ///// ////
000000000000000000000000000000000000000000000000000000000000000000000000000000000000000000000000000000000000000000000000=
57081 344800 1132600 01409 01419 4
20100326080000 108 006 153 008 148 012 0727 122 008 181 032 0709 0000 0165 0166 0718 0162 0701 020 017 0713 038 -065 10018 10024 0701 10018 0800 0201 0246 0706 0200 0757 0237 0292 0704 0237 0800 0189 0160 0135 0109 0086 0094 0097 0117 //// 10191 ///// ///// ////
000000000000000000000000000000000000000000000000000000000000000000000000000000000000000000000000000000000000000000000000=
57084 343000 1130300 11784 11790 4
20100326080000 187 016 177 015 256 030 0706 170 020 268 048 0704 0000 0095 0102 0701 0094 0754 037 028 0703 044 -045 08844 08847 0702 08844 0800 0140 0169 0701 0135 0755 0187 0229 0701 0187 0800 0169 0138 0102 0076 0053 //// //// //// //// 10206 ///// ///// ////
000000000000000000000000000000000000000000000000000000000000000000000000000000000000000000000000000000000000000000000000=
57080 344400 1125800 01652 01661 4
20100326080000 229 022 230 028 225 033 0748 215 019 223 051 0744 0000 0156 0159 0727 0155 0759 024 020 0704 043 -049 09991 09996 0704 09990 0756 0189 0213 0712 0188 0759 0227 0268 0701 0227 0800 0176 0145 0117 0102 0086 0089 0090 0119 //// 10194 ///// ///// ////
000000000000000000000000000000000000000000000000000000000000000000000000000000000000000000000000000000000000000000000000=
57082 342800 1130100 04271 04284 4
20100326080000 336 024 339 025 243 034 0705 001 045 336 054 0754 0000 0156 0161 0702 0155 0756 020 018 0702 035 -073 09682 09686 0705 09682 0759 0194 0219 0739 0194 0800 0238 0273 0701 0238 0800 0192 0164 0135 0114 0091 0097 0101 //// //// 10197 ///// ///// ////
000000000000000000000000000000000000000000000000000000000000000000000000000000000000000000000000000000000000000000000000=
57295 323700 1142100 00785 00802 4
20100326080000 201 022 206 025 230 031 0706 212 041 234 059 0705 0000 0182 0185 0755 0180 0701 027 025 0721 056 -011 10103 10111 0703 10102 0752 0240 0312 0703 0240 0800 0221 0265 0703 0221 0800 0197 0154 0128 0109 0095 0098 0104 0127 //// 10201 ///// ///// ////
000000000000000000000000000000000000000000000000000000000000000000000000000000000000000000000000000000000000000000000000=
57188 332200 1140200 00559 00568 4
20100326080000 120 022 119 022 139 030 0707 139 019 136 050 0712 0000 0165 0167 0743 0161 0704 045 041 0718 084 0045 10128 10136 0703 10128 0759 0223 0263 0729 0223 0800 0246 0279 0733 0246 0800 0196 0151 0120 0101 0092 0096 0103 0132 //// 10198 ///// ///// ////
000000000000000000000000000000000000000000000000000000000000000000000000000000000000000000000000000000000000000000000000=
57293 324400 1145900 00380 00391 4
20100326080000 223 032 211 035 188 048 0713 234 033 192 067 0706 0000 0169 0171 0730 0166 0706 033 033 0800 064 0005 10158 10167 0701 10158 0800 0238 0266 0723 0232 0716 0265 0300 0703 0265 0756 0193 0154 0125 0101 0097 0102 0107 0132 //// 10206 ///// ///// ////
000000000000000000000000000000000000000000000000000000000000000000000000000000000000000000000000000000000000000000000000=
57189 330800 1135700 00646 00655 4
20100326080000 259 026 262 030 265 031 0758 268 021 246 052 0718 0000 0177 0180 0732 0174 0701 042 038 0746 085 0046 10117 10125 0701 10117 0758 0229 0262 0724 0218 0750 0244 0277 0713 0242 0751 0186 0152 0128 0110 0089 0095 0100 0122 //// 10197 ///// ///// ////
000000000000000000000000000000000000000000000000000000000000000000000000000000000000000000000000000000000000000000000000=
57194 331700 1141600 00598 00609 4
20100326080000 135 017 162 019 163 026 0701 128 020 192 050 0701 0000 0168 0169 0757 0162 0712 039 038 0727 075 0028 10124 10133 0702 10124 0800 0217 0244 0737 0205 0704 0245 0263 0742 0241 0706 0166 0140 0117 0101 0092 0093 0099 0125 //// 10198 ///// ///// ////
000000000000000000000000000000000000000000000000000000000000000000000000000000000000000000000000000000000000000000000000=
57197 330000 1142000 00489 00545 4
20100326080000 164 021 152 030 167 041 0720 147 029 158 067 0713 0000 0170 0173 0738 0164 0705 044 039 0728 085 0047 10130 10140 0702 10130 0758 0243 0299 0729 0237 0705 0223 0250 0733 0222 0759 0188 0161 0130 0109 0097 0100 0102 0125 //// 10197 ///// ///// ////
000000000000000000000000000000000000000000000000000000000000000000000000000000000000000000000000000000000000000000000000=
57294 325000 1140100 00836 00846 4
20100326080000 030 019 022 023 213 036 0705 052 025 257 061 0705 0000 0184 0188 0731 0182 0749 042 032 0702 089 0053 10091 10098 0701 10089 0740 0237 0254 0736 0234 0727 0287 0311 0702 0287 0800 0203 0157 0120 0100 0093 0104 0103 0118 //// 10194 ///// ///// ////
000000000000000000000000000000000000000000000000000000000000000000000000000000000000000000000000000000000000000000000000=
57292 325800 1143800 00444 00453 4
20100326080000 153 022 173 030 196 038 0703 156 024 161 074 0727 0000 0170 0171 0742 0159 0716 038 037 0752 074 0026 10147 10157 0701 10147 0800 0249 0277 0723 0205 0714 0232 0243 0728 0199 0715 0173 0139 0114 0102 0095 0102 0106 0133 //// 10202 ///// ///// ////
000000000000000000000000000000000000000000000000000000000000000000000000000000000000000000000000000000000000000000000000=
57281 324200 1131800 01422 01431 4
20100326080000 265 018 256 020 250 031 0751 282 018 237 051 0745 0000 0167 0179 0717 0167 0800 037 032 0707 070 0020 10028 10032 0701 10028 0800 0179 0272 0710 0178 0758 0179 0242 0709 0178 0759 0173 0147 0124 0108 0096 0103 0108 0130 //// 10203 ///// ///// ////
000000000000000000000000000000000000000000000000000000000000000000000000000000000000000000000000000000000000000000000000=
57195 333700 1143700 00466 00476 4
20100326080000 102 015 168 015 228 028 0718 229 016 088 053 0729 0000 0165 0165 0800 0157 0719 039 038 0705 073 0025 10146 10155 0701 10146 0800 0214 0227 0749 0199 0710 0248 0278 0702 0248 0800 0211 0176 0140 0116 0098 0099 0103 0141 //// 10204 ///// ///// ////
000000000000000000000000000000000000000000000000000000000000000000000000000000000000000000000000000000000000000000000000=
57193 334700 1143100 00526 00541 4
20100326080000 169 026 170 034 172 035 0758 173 019 195 063 0702 0000 0154 0156 0723 0154 0748 043 042 0707 075 0029 10139 10147 0701 10139 0752 0205 0231 0717 0199 0737 0230 0258 0719 0230 0800 0188 0161 0137 0116 0099 0102 0106 0130 //// 10205 ///// ///// ////
000000000000000000000000000000000000000000000000000000000000000000000000000000000000000000000000000000000000000000000000=
57196 332800 1145200 00420 00428 4
20100326080000 195 044 195 039 191 047 0705 192 039 217 063 0716 0000 0156 0159 0714 0155 0721 043 041 0701 076 0031 10153 10162 0701 10153 0800 0207 0229 0713 0196 0748 0239 0299 0701 0239 0800 0192 0150 0115 0095 0095 0100 0105 0131 //// 10206 ///// ///// ////
000000000000000000000000000000000000000000000000000000000000000000000000000000000000000000000000000000000000000000000000=
57099 340400 1145100 00526 00536 4
20100326080000 187 029 194 031 199 037 0747 176 041 242 070 0742 0000 0156 0160 0716 0155 0748 040 036 0705 071 0021 10140 10146 0706 10139 0759 0180 0215 0704 0177 0746 0226 0278 0704 0226 0759 0192 0158 0122 0101 0096 0096 0099 0131 //// 10206 ///// ///// ////
000000000000000000000000000000000000000000000000000000000000000000000000000000000000000000000000000000000000000000000000=
58104 332400 1150400 00412 00425 4
20100326080000 195 031 204 035 198 049 0738 200 036 223 075 0702 0000 0157 0159 0701 0155 0754 050 041 0702 089 0053 10156 10165 0701 10156 0800 0218 0237 0714 0200 0752 0230 0258 0701 0221 0752 0195 0159 0126 0104 0091 0096 0100 0135 //// 10208 ///// ///// ////
000000000000000000000000000000000000000000000000000000000000000000000000000000000000000000000000000000000000000000000000=
57198 333300 1143700 00463 00473 4
20100326080000 158 018 168 022 182 034 0705 164 020 217 060 0701 0000 0161 0164 0701 0159 0712 041 039 0702 075 0029 10145 10156 0702 10145 0800 0242 0286 0731 0241 0740 0255 0314 0701 0255 0800 0189 0153 0124 0107 0100 0104 0108 0137 //// 10203 ///// ///// ////
000000000000000000000000000000000000000000000000000000000000000000000000000000000000000000000000000000000000000000000000=
58101 335200 1152900 00413 00428 4
20100326080000 195 031 199 028 202 037 0702 201 028 209 075 0701 0000 0158 0162 0707 0157 0745 033 030 0701 059 -004 10157 10164 0701 10157 0800 0213 0255 0705 0208 0744 0245 0309 0701 0245 0800 0213 0167 0127 0104 0094 0098 0101 0130 //// 10210 ///// ///// ////
000000000000000000000000000000000000000000000000000000000000000000000000000000000000000000000000000000000000000000000000=
57192 334400 1145100 00455 00466 4
20100326080000 188 026 189 026 227 032 0711 198 025 178 053 0739 0000 0162 0168 0701 0161 0748 037 032 0702 068 0015 10148 10156 0701 10148 0800 0238 0279 0701 0228 0746 0280 0335 0701 0276 0746 0222 0178 0135 0111 0104 0107 0108 0140 //// 10205 ///// ///// ////
000000000000000000000000000000000000000000000000000000000000000000000000000000000000000000000000000000000000000000000000=
57098 340500 1142400 00583 00593 4
20100326080000 206 041 199 040 204 046 0710 217 032 184 063 0724 0000 0152 0153 0709 0150 0753 046 043 0713 079 0037 10128 10136 0701 10127 0754 0191 0219 0711 0185 0751 0186 0210 0701 0186 0759 0177 0156 0129 0113 0096 0097 0099 0128 //// 10201 ///// ///// ////
000000000000000000000000000000000000000000000000000000000000000000000000000000000000000000000000000000000000000000000000=
57190 334500 1142400 00505 00516 4
20100326080000 174 034 167 036 187 047 0706 183 027 192 063 0705 0000 0151 0155 0745 0150 0754 052 045 0734 089 0053 10138 10147 0701 10138 0800 0192 0209 0746 0188 0734 0246 0273 0701 0242 0734 0205 0172 0136 0110 0092 0098 0102 0129 //// 10202 ///// ///// ////
000000000000000000000000000000000000000000000000000000000000000000000000000000000000000000000000000000000000000000000000=
58100 333900 1151000 00414 00424 4
20100326080000 245 024 228 022 227 031 0735 325 031 150 059 0722 0000 0162 0165 0716 0161 0702 037 032 0701 068 0015 10155 10162 0701 10155 0800 0213 0233 0705 0204 0745 0295 0344 0709 0285 0755 0228 0183 0142 0115 0101 0106 0111 0135 //// 10207 ///// ///// ////
000000000000000000000000000000000000000000000000000000000000000000000000000000000000000000000000000000000000000000000000=
57088 340900 1133000 01161 01177 4
20100326080000 241 038 247 033 235 034 0732 245 045 251 051 0727 0000 0158 0163 0709 0158 0800 035 034 0701 063 0004 10051 10055 0701 10051 0800 0203 0236 0703 0203 0800 0256 0313 0701 0256 0800 0220 0180 0138 0114 0093 0100 0104 0126 //// 10196 ///// ///// ////
000000000000000000000000000000000000000000000000000000000000000000000000000000000000000000000000000000000000000000000000=
57095 340700 1140900 00611 00622 4
20100326080000 218 022 211 026 229 039 0717 256 018 195 069 0702 0000 0158 0161 0709 0156 0724 041 037 0717 074 0026 10121 10128 0701 10120 0750 0191 0215 0709 0186 0758 0240 0284 0708 0238 0757 0212 0196 0176 0155 0095 0096 0097 0125 //// 10197 ///// ///// ////
000000000000000000000000000000000000000000000000000000000000000000000000000000000000000000000000000000000000000000000000=
57089 340200 1135200 00668 00681 4
20100326080000 204 024 203 028 222 042 0701 195 033 198 073 0736 0000 0151 0152 0732 0148 0723 043 043 0710 074 0026 10115 10121 0705 10115 0800 0175 0196 0703 0173 0741 0216 0249 0705 0216 0800 0179 0155 0134 0117 0097 0097 0101 0129 //// 10199 ///// ///// ////
000000000000000000000000000000000000000000000000000000000000000000000000000000000000000000000000000000000000000000000000=
57182 335100 1133000 00805 00814 4
20100326080000 214 032 214 032 202 038 0723 189 027 197 056 0722 0000 0157 0162 0726 0156 0758 043 039 0714 077 0032 10096 10102 0701 10096 0800 0195 0229 0724 0195 0800 0255 0306 0724 0255 0800 0204 0162 0132 0111 0106 0106 0108 0139 //// 10196 ///// ///// ////
000000000000000000000000000000000000000000000000000000000000000000000000000000000000000000000000000000000000000000000000=
57087 341200 1134800 00877 00885 4
20100326080000 189 039 188 036 192 042 0740 172 038 214 064 0738 0000 0151 0155 0703 0150 0717 045 042 0703 077 0033 10087 10092 0701 10087 0800 0195 0213 0701 0189 0717 0229 0259 0702 0229 0800 0185 0160 0131 0112 0095 0096 0099 0123 //// 10196 ///// ///// ////
000000000000000000000000000000000000000000000000000000000000000000000000000000000000000000000000000000000000000000000000=
57297 320800 1140300 01145 01154 4
20100326080000 185 041 187 034 202 038 0710 195 035 187 075 0706 0000 0172 0179 0746 0172 0756 029 026 0718 057 -010 10063 10070 0707 10062 0748 0223 0287 0702 0223 0800 0262 0333 0709 0262 0800 0228 0184 0146 0119 0106 0111 0116 //// //// 10203 ///// ///// ////
000000000000000000000000000000000000000000000000000000000000000000000000000000000000000000000000000000000000000000000000=
57296 322100 1144400 00489 00501 4
20100326080000 218 032 216 028 224 033 0704 211 023 190 055 0715 0000 0178 0179 0745 0175 0704 028 026 0702 057 -009 10141 10151 0701 10141 0800 0227 0256 0712 0223 0741 0301 0348 0701 0301 0800 0225 0170 0129 0108 0102 0108 0112 0131 //// 10202 ///// ///// ////
000000000000000000000000000000000000000000000000000000000000000000000000000000000000000000000000000000000000000000000000=
57396 313800 1145100 01287 01297 4
20100326080000 211 034 207 039 197 051 0705 242 033 181 075 0703 0000 0169 0171 0726 0166 0717 026 025 0710 050 -027 10048 10058 0701 10048 0800 0218 0243 0728 0212 0754 0259 0280 0729 0256 0757 0212 0164 0127 0103 0093 0102 //// //// //// 10207 ///// ///// ////
000000000000000000000000000000000000000000000000000000000000000000000000000000000000000000000000000000000000000000000000=
58301 314900 1152300 00916 00929 4
20100326080000 244 018 270 018 254 027 0725 254 018 182 046 0706 0000 0188 0191 0756 0183 0717 017 016 0703 037 -068 10091 10101 0701 10091 0800 0245 0276 0752 0235 0717 0262 0295 0704 0262 0800 0215 0174 0140 0114 0097 0106 0112 0128 //// 10204 ///// ///// ////
000000000000000000000000000000000000000000000000000000000000000000000000000000000000000000000000000000000000000000000000=
57390 314800 1140400 07335 07347 4
20100326080000 217 046 217 047 215 050 0747 214 042 219 113 0709 0000 0122 0127 0715 0120 0702 040 036 0723 057 -010 09349 09355 0701 09349 0800 0189 0204 0712 0182 0758 0218 0247 0701 0217 0759 0168 0126 0097 0081 0071 0085 //// //// //// 10219 ///// ///// ////
000000000000000000000000000000000000000000000000000000000000000000000000000000000000000000000000000000000000000000000000=
58207 321000 1150300 00428 00440 4
20100326080000 160 026 177 020 223 030 0715 161 021 234 045 0707 0000 0182 0184 0744 0177 0717 024 023 0738 050 -027 10150 10159 0701 10149 0756 0253 0283 0708 0253 0800 0226 0227 0730 0226 0800 0313 0174 0137 0113 0099 0109 0114 0137 //// 10204 ///// ///// ////
000000000000000000000000000000000000000000000000000000000000000000000000000000000000000000000000000000000000000000000000=
58205 322800 1152600 00349 00360 4
20100326080000 152 028 158 029 159 031 0754 139 038 209 053 0714 0000 0171 0175 0718 0171 0800 027 024 0707 053 -020 10164 10174 0701 10164 0800 0214 0234 0712 0209 0754 0217 0250 0702 0216 0757 0197 0188 0172 0152 0104 0110 0112 0123 //// 10208 ///// ///// ////
000000000000000000000000000000000000000000000000000000000000000000000000000000000000000000000000000000000000000000000000=
58208 321000 1153700 00429 00439 4
20100326080000 096 021 119 020 176 028 0705 095 024 160 047 0704 0000 0167 0173 0747 0165 0710 025 021 0712 048 -034 10158 10166 0701 10158 0800 0241 0279 0718 0236 0757 0251 0282 0701 0250 0757 0202 0161 0130 0108 0099 0107 0114 0139 //// 10212 ///// ///// ////
000000000000000000000000000000000000000000000000000000000000000000000000000000000000000000000000000000000000000000000000=
57299 320100 1145400 00494 00506 4
20100326080000 190 034 179 029 177 033 0730 234 030 206 057 0748 0000 0181 0185 0721 0180 0701 027 024 0733 056 -012 10140 10149 0701 10140 0800 0262 0308 0715 0262 0800 0232 0259 0715 0232 0800 0196 0179 0159 0140 0096 0105 0109 0126 //// 10202 ///// ///// ////
000000000000000000000000000000000000000000000000000000000000000000000000000000000000000000000000000000000000000000000000=
53989 350300 1135700 00766 00777 4
20100326080000 198 030 201 031 207 044 0706 195 030 212 056 0704 0000 0165 0168 0728 0162 0752 028 023 0709 053 -021 10094 10099 0701 10094 0800 0217 0252 0701 0198 0750 0269 0340 0701 0258 0751 0204 0171 0139 0117 0090 0092 0096 0123 //// 10189 ///// ///// ////
000000000000000000000000000000000000000000000000000000000000000000000000000000000000000000000000000000000000000000000000=
53997 350900 1141100 00711 00723 4
20100326080000 201 041 200 038 195 048 0747 205 042 189 069 0744 0000 0164 0168 0732 0162 0701 030 026 0736 056 -012 10102 10106 0701 10102 0800 0208 0245 0711 0186 0751 0260 0310 0710 0245 0751 0200 0167 0133 0112 0091 0094 0098 0124 //// 10191 ///// ///// ////
000000000000000000000000000000000000000000000000000000000000000000000000000000000000000000000000000000000000000000000000=
53986 351900 1135300 00732 00740 4
20100326080000 211 035 222 046 224 054 0755 218 034 226 085 0755 0000 0168 0170 0743 0164 0732 023 020 0755 044 -044 10099 10102 0701 10099 0800 0225 0259 0704 0216 0756 0261 0322 0704 0260 0757 0189 0155 0127 0110 0091 0095 0099 0127 //// 10190 ///// ///// ////
000000000000000000000000000000000000000000000000000000000000000000000000000000000000000000000000000000000000000000000000=
53994 352300 1140400 00700 00712 4
20100326080000 219 031 231 037 237 043 0748 203 025 213 070 0702 0000 0169 0174 0735 0167 0707 025 021 0703 048 -032 10102 10105 0701 10102 0800 0235 0286 0701 0235 0800 0301 0381 0701 0301 0800 0214 0163 0127 0103 0086 0091 0095 0127 //// 10189 ///// ///// ////
000000000000000000000000000000000000000000000000000000000000000000000000000000000000000000000000000000000000000000000000=
53988 351600 1134000 00776 00784 4
20100326080000 214 036 218 039 218 051 0703 228 026 243 085 0701 0000 0171 0176 0710 0170 0747 016 015 0732 031 -089 10089 10091 0701 10089 0800 0218 0283 0701 0218 0800 0285 0364 0701 0285 0800 0229 0178 0133 0111 0089 0093 0099 0126 //// 10185 ///// ///// ////
000000000000000000000000000000000000000000000000000000000000000000000000000000000000000000000000000000000000000000000000=
53985 352700 1134900 00964 00979 4
20100326080000 294 017 292 018 281 025 0721 133 012 302 047 0751 0000 0170 0175 0742 0170 0800 022 019 0722 043 -049 10068 10071 0701 10068 0800 0211 0232 0733 0187 0702 0225 0230 0750 0182 0728 0129 0115 0096 0086 0078 0081 0085 0118 //// 10188 ///// ///// ////
000000000000000000000000000000000000000000000000000000000000000000000000000000000000000000000000000000000000000000000000=
53983 350200 1142500 00696 00708 4
20100326080000 201 038 195 045 193 053 0712 197 032 209 075 0705 0000 0164 0170 0716 0163 0752 039 032 0731 073 0024 10106 10109 0701 10105 0751 0212 0251 0718 0212 0800 0266 0328 0701 0266 0800 0209 0166 0135 0115 0082 0086 0089 0123 //// 10193 ///// ///// ////
000000000000000000000000000000000000000000000000000000000000000000000000000000000000000000000000000000000000000000000000=
53998 351200 1143900 00616 00625 4
20100326080000 185 050 189 044 199 054 0735 198 049 187 083 0758 0000 0165 0174 0714 0165 0800 031 027 0739 058 -007 10115 10121 0706 10115 0744 0211 0279 0714 0210 0750 0245 0319 0701 0245 0800 0204 0163 0127 0106 0095 0096 0097 0128 //// 10192 ///// ///// ////
000000000000000000000000000000000000000000000000000000000000000000000000000000000000000000000000000000000000000000000000=
57051 344800 1111200 04099 04117 4
20100326080000 268 007 244 011 237 018 0742 336 006 277 038 0722 0000 0146 0149 0729 0145 0755 020 017 0714 033 -081 09707 09713 0702 09707 0759 0176 0199 0701 0176 0800 0208 0238 0701 0208 0800 0162 0135 0116 0101 0082 0087 0088 0114 //// 10204 ///// ///// ////
000000000000000000000000000000000000000000000000000000000000000000000000000000000000000000000000000000000000000000000000=
57063 344600 1114600 05236 05236 4
20100326080000 255 037 271 042 273 048 0751 248 020 263 077 0714 0000 0144 0151 0702 0144 0800 017 016 0744 028 -103 09573 09577 0703 09573 0747 0166 0199 0702 0166 0800 0197 0244 0701 0197 0800 0148 0120 0094 0079 0071 0077 0084 0110 //// 10206 ///// ///// ////
000000000000000000000000000000000000000000000000000000000000000000000000000000000000000000000000000000000000000000000000=
57067 340300 1110200 05688 05699 4
20100326080000 013 010 045 010 061 014 0734 032 009 057 026 0709 0000 0146 0147 0716 0146 0727 028 024 0707 047 -037 09518 09520 0711 09516 0739 0188 0216 0718 0188 0800 0197 0215 0701 0197 0800 0152 0117 0084 0096 0081 0092 0096 0122 //// 10203 ///// ///// ////
000000000000000000000000000000000000000000000000000000000000000000000000000000000000000000000000000000000000000000000000=
57056 343200 1105300 03904 03909 4
20100326080000 324 002 271 004 262 017 0703 313 000 316 024 0711 0000 0140 0143 0716 0140 0750 019 017 0701 030 -093 09733 09741 0701 09733 0757 0175 0205 0703 0175 0800 0215 0249 0703 0215 0800 0169 0137 0109 0096 0084 0089 0094 0118 //// 10207 ///// ///// ////
000000000000000000000000000000000000000000000000000000000000000000000000000000000000000000000000000000000000000000000000=
58007 340400 1151800 00472 00532 4
20100326080000 173 025 192 025 194 037 0729 181 027 195 071 0723 0000 0158 0162 0701 0156 0737 038 033 0703 068 0015 10143 10148 0701 10142 0750 0180 0223 0705 0180 0800 0242 0311 0701 0242 0800 0200 0160 0127 0107 0095 0100 0104 0130 //// 10209 ///// ///// ////
000000000000000000000000000000000000000000000000000000000000000000000000000000000000000000000000000000000000000000000000=
58006 342300 1155300 00463 00506 4
20100326080000 226 043 217 049 222 053 0713 220 040 218 080 0733 0000 0161 0164 0733 0159 0755 029 027 0710 053 -019 10149 10154 0705 10149 0757 0212 0242 0705 0207 0754 0247 0294 0705 0247 0800 0209 0170 0134 0108 0090 0094 0098 0126 //// 10212 ///// ///// ////
000000000000000000000000000000000000000000000000000000000000000000000000000000000000000000000000000000000000000000000000=
58111 335800 1162700 00325 00325 4
20100326080000 208 031 201 038 200 042 0738 209 046 175 087 0710 0000 0150 0152 0708 0149 0716 028 025 0701 048 -033 10179 10183 0711 10177 0744 0215 0263 0701 0207 0743 0209 0256 0708 0209 0800 0164 0140 0116 0099 0088 0097 0106 0138 //// 10219 ///// ///// ////
000000000000000000000000000000000000000000000000000000000000000000000000000000000000000000000000000000000000000000000000=
58017 341500 1160800 00410 00420 4
20100326080000 184 050 177 042 180 045 0734 181 065 164 080 0717 0000 0160 0163 0725 0159 0735 030 027 0707 055 -016 10157 10162 0708 10156 0758 0223 0270 0702 0223 0759 0237 0285 0702 0237 0800 0179 0146 0121 0105 0094 0097 0103 0127 //// 10209 ///// ///// ////
000000000000000000000000000000000000000000000000000000000000000000000000000000000000000000000000000000000000000000000000=
58001 342600 1150600 00563 00569 4
20100326080000 205 039 214 043 194 045 0719 215 052 173 085 0711 0000 0154 0162 0710 0154 0800 040 035 0702 070 0019 10132 10139 0702 10132 0756 0181 0225 0706 0180 0757 0186 0233 0706 0186 0800 0159 0136 0113 0095 0086 0089 0095 0126 //// 10202 ///// ///// ////
000000000000000000000000000000000000000000000000000000000000000000000000000000000000000000000000000000000000000000000000=
58005 342700 1154000 00501 00511 4
20100326080000 208 040 214 049 217 054 0759 176 028 221 084 0703 0000 0158 0166 0701 0158 0800 030 028 0703 054 -017 10143 10148 0701 10143 0800 0215 0281 0701 0210 0758 0240 0304 0701 0237 0758 0196 0162 0130 0108 0092 0098 0104 0132 0002 10206 ///// ///// ////
000000000000000000000000000000000000000000000000000000000000000000000000000000000000000000000000000000000000000000000000
160 001 000 /// //// /////////////////////CIE /// //// 6///1 0//// 7//// 1//// 2//// 3//// /// /// /// // 911// 915// 919// 934// 939//=
58008 342800 1152000 00544 00592 4
20100326080000 198 040 209 043 209 043 0800 201 018 215 088 0707 0000 0158 0163 0704 0157 0756 033 030 0705 059 -004 10128 10135 0702 10127 0755 0221 0295 0707 0221 0800 0199 0247 0701 0199 0800 0169 0142 0118 0096 0089 0094 0098 0129 //// 10201 ///// ///// ////
000000000000000000000000000000000000000000000000000000000000000000000000000000000000000000000000000000000000000000000000=
58004 343900 1150900 00606 00616 4
20100326080000 216 025 214 027 195 044 0704 187 023 237 079 0707 0000 0162 0166 0714 0162 0750 035 031 0717 064 0007 10123 10130 0702 10123 0750 0200 0249 0712 0200 0757 0233 0288 0701 0233 0800 0200 0169 0133 0113 0096 0100 0102 0126 //// 10199 ///// ///// ////
000000000000000000000000000000000000000000000000000000000000000000000000000000000000000000000000000000000000000000000000=
54817 355900 1155200 00421 00434 4
20100326080000 208 024 218 030 226 039 0721 153 026 263 071 0720 0000 0164 0170 0710 0164 0800 021 016 0704 039 -060 10140 10143 0701 10140 0740 0196 0242 0710 0193 0758 0232 0304 0701 0232 0800 0197 0152 0117 0090 0078 0078 0088 0115 //// 10193 ///// ///// ////
000000000000000000000000000000000000000000000000000000000000000000000000000000000000000000000000000000000000000000000000=
54902 355400 1150700 00495 00499 4
20100326080000 196 059 201 059 205 068 0716 198 045 215 097 0715 0000 0165 0168 0701 0163 0725 026 023 0702 049 -031 10126 10129 0701 10126 0744 0206 0220 0701 0198 0733 0248 0288 0701 0247 0757 0190 0153 0119 0096 0077 0074 0081 0111 //// 10187 ///// ///// ////
000000000000000000000000000000000000000000000000000000000000000000000000000000000000000000000000000000000000000000000000=
54900 354200 1150100 00537 00541 4
20100326080000 217 040 200 044 197 060 0701 232 027 189 099 0709 0000 0167 0169 0756 0160 0702 027 024 0712 051 -024 10122 10126 0720 10122 0800 0243 0256 0756 0212 0702 0263 0266 0728 0253 0713 0192 0155 0120 0099 0084 0082 0084 0110 //// 10188 ///// ///// ////
000000000000000000000000000000000000000000000000000000000000000000000000000000000000000000000000000000000000000000000000=
54903 355100 1152900 00457 00506 4
20100326080000 217 056 221 058 220 058 0730 218 063 246 094 0756 0000 0162 0167 0710 0161 0734 026 019 0703 048 -033 10128 10132 0711 10128 0758 0195 0222 0701 0191 0731 0227 0273 0701 0227 0800 0173 0141 0112 0094 0079 0081 0091 0114 //// 10190 ///// ///// ////
000000000000000000000000000000000000000000000000000000000000000000000000000000000000000000000000000000000000000000000000=
57184 333800 1132200 00834 00847 4
20100326080000 192 020 213 018 204 027 0703 172 018 227 049 0703 0000 0157 0158 0718 0154 0704 043 040 0720 077 0032 10091 10097 0701 10091 0800 0151 0168 0701 0151 0759 0230 0276 0715 0225 0749 0185 0151 0129 0112 0096 0102 0105 0129 //// 10195 ///// ///// ////
000000000000000000000000000000000000000000000000000000000000000000000000000000000000000000000000000000000000000000000000=
57177 332000 1133200 00898 00913 4
20100326080000 199 027 214 030 221 043 0749 187 022 203 069 0718 0000 0168 0175 0728 0167 0701 034 031 0730 065 0009 10085 10092 0701 10085 0800 0204 0252 0726 0201 0746 0198 0234 0728 0198 0800 0152 0142 0110 0105 0097 0103 0106 0121 //// 10197 ///// ///// ////
000000000000000000000000000000000000000000000000000000000000000000000000000000000000000000000000000000000000000000000000=
57075 341000 1125200 02031 02043 4
20100326080000 186 010 205 007 164 018 0703 169 010 169 027 0701 0000 0158 0160 0737 0154 0711 034 029 0734 061 0000 09950 09955 0703 09950 0800 0194 0231 0701 0194 0800 0245 0310 0701 0245 0800 0203 0166 0136 0111 0094 0100 0098 0117 //// 10199 ///// ///// ////
000000000000000000000000000000000000000000000000000000000000000000000000000000000000000000000000000000000000000000000000=
57173 334500 1125300 01457 01468 4
20100326080000 193 025 200 018 191 024 0706 178 030 212 038 0702 0000 0159 0163 0701 0158 0743 038 034 0706 069 0016 10016 10020 0701 10014 0740 0188 0244 0707 0188 0800 0222 0279 0701 0222 0800 0189 0156 0129 0109 0096 0102 0105 0133 //// 10195 ///// ///// ////
000000000000000000000000000000000000000000000000000000000000000000000000000000000000000000000000000000000000000000000000=
57180 335900 1131200 01175 01186 4
20100326080000 186 021 203 022 212 030 0707 184 026 211 044 0704 0000 0155 0156 0715 0154 0701 041 036 0709 072 0023 10049 10056 0701 10048 0758 0194 0227 0702 0189 0757 0255 0300 0714 0254 0757 0208 0170 0135 0110 0095 0099 0102 0130 //// 10195 ///// ///// ////
000000000000000000000000000000000000000000000000000000000000000000000000000000000000000000000000000000000000000000000000=
57181 335300 1130300 01364 01380 4
20100326080000 193 023 201 021 193 030 0726 203 019 192 049 0719 0000 0151 0155 0718 0151 0757 052 045 0732 089 0053 10031 10036 0701 10030 0756 0183 0221 0707 0182 0758 0238 0292 0707 0238 0800 0208 0165 0134 0111 0093 0100 0103 0129 //// 10199 ///// ///// ////
000000000000000000000000000000000000000000000000000000000000000000000000000000000000000000000000000000000000000000000000=
57171 334600 1130700 01420 01430 4
20100326080000 181 027 178 027 161 039 0722 184 030 169 049 0712 0000 0153 0156 0741 0152 0721 041 039 0741 071 0021 10019 10024 0701 10018 0755 0178 0200 0711 0178 0800 0218 0266 0705 0218 0800 0187 0160 0135 0117 0104 0109 0115 0125 //// 10193 ///// ///// ////
000000000000000000000000000000000000000000000000000000000000000000000000000000000000000000000000000000000000000000000000=
57175 330300 1121400 01914 01922 4
20100326080000 224 024 226 021 197 025 0714 223 029 223 043 0720 0000 0144 0150 0701 0144 0752 054 051 0706 089 0052 09971 09975 0712 09971 0758 0154 0207 0701 0152 0743 0205 0267 0701 0205 0800 0201 0176 0143 0121 0100 0106 0112 0138 //// 10206 ///// ///// ////
000000000000000000000000000000000000000000000000000000000000000000000000000000000000000000000000000000000000000000000000=
57156 331800 1113000 02503 02523 4
20100326080000 110 033 101 031 106 036 0749 105 036 119 053 0743 0000 0146 0153 0705 0146 0800 043 031 0709 071 0022 09892 09897 0705 09891 0755 0127 0143 0701 0127 0757 0167 0208 0702 0167 0800 0167 0150 0128 0111 0098 0108 0117 0142 //// 10199 ///// ///// ////
000000000000000000000000000000000000000000000000000000000000000000000000000000000000000000000000000000000000000000000000=
57271 323300 1122300 00879 00897 4
20100326080000 229 033 228 024 163 027 0727 243 027 226 042 0709 0000 0175 0177 0710 0173 0727 037 037 0705 074 0027 10091 10096 0702 10091 0800 0209 0264 0708 0209 0800 0246 0312 0703 0246 0800 0210 0174 0141 0120 0098 0105 0115 0138 //// 10201 ///// ///// ////
000000000000000000000000000000000000000000000000000000000000000000000000000000000000000000000000000000000000000000000000=
57261 330700 1113100 02330 02345 4
20100326080000 340 009 343 008 046 016 0728 344 011 040 025 0723 0000 0156 0156 0800 0152 0726 039 036 0701 069 0017 09904 09912 0707 09902 0752 0169 0177 0701 0164 0750 0184 0207 0701 0183 0752 0170 0155 0134 0116 0108 0119 0129 //// //// 10188 ///// ///// ////
000000000000000000000000000000000000000000000000000000000000000000000000000000000000000000000000000000000000000000000000=
57285 322300 1132500 01530 01492 4
20100326080000 186 022 181 022 210 040 0706 198 018 195 073 0704 0000 0178 0184 0711 0177 0735 028 026 0702 057 -009 10021 10024 0703 10021 0738 0200 0266 0711 0200 0800 0236 0300 0701 0236 0800 0210 0177 0146 0122 0100 0107 0110 0134 //// ///// ///// ///// ////
////////////////////////////////////////////////////////////////////////////////////////////////////////////////////////=
57273 324100 1125100 01095 01105 4
20100326080000 233 024 245 031 231 037 0726 215 017 234 060 0710 0000 0164 0172 0701 0164 0800 033 029 0721 062 0001 10068 10069 0724 10066 0745 0171 0241 0701 0171 0800 0202 0301 0701 0202 0759 0192 0164 0132 0112 0106 0110 0113 0136 //// 10203 ///// ///// ////
000000000000000000000000000000000000000000000000000000000000000000000000000000000000000000000000000000000000000000000000=
57187 330400 1125600 01180 01193 4
20100326080000 220 027 228 028 217 044 0701 206 035 217 059 0714 0000 0157 0161 0713 0156 0754 045 042 0725 080 0038 10047 10051 0701 10046 0746 0172 0235 0709 0172 0758 0210 0287 0703 0210 0800 0199 0158 0131 0112 0105 0110 0110 0131 //// 10194 ///// ///// ////
000000000000000000000000000000000000000000000000000000000000000000000000000000000000000000000000000000000000000000000000=
57178 330200 1123500 01292 01305 4
20100326080000 222 022 222 027 228 031 0750 164 021 218 047 0742 0000 0153 0161 0701 0153 0800 040 035 0701 069 0018 10044 10046 0708 10043 0730 0162 0234 0701 0157 0749 0165 0236 0701 0164 0758 0166 0149 0126 0109 0103 0107 0111 0132 0000 10203 ///// ///// ////
000000000000000000000000000000000000000000000000000000000000000000000000000000000000000000000000000000000000000000000000
250 10- 000 /// //// //////////////////ACRCIE /// //// 6///1 0//// 7//// 1//// 2//// 3//// /// /// /// // 911// 915// 919// 934// 939//=
57169 330300 1115200 01591 01600 4
20100326080000 142 022 137 026 137 028 0701 142 018 133 038 0743 0000 0140 0144 0725 0140 0756 061 057 0717 097 0066 10005 10012 0702 10005 0758 0134 0149 0701 0134 0800 0172 0201 0701 0171 0758 0172 0154 0134 0114 0097 0105 0109 0132 //// 10201 ///// ///// ////
000000000000000000000000000000000000000000000000000000000000000000000000000000000000000000000000000000000000000000000000=
57176 332900 1122500 02311 02304 4
20100326080000 061 013 081 015 109 031 0717 043 014 122 059 0714 0000 0151 0151 0759 0147 0719 043 043 0730 074 0026 09923 09926 0701 09923 0759 0185 0200 0709 0182 0756 0199 0232 0701 0199 0800 0175 0152 0131 0115 0106 0111 0113 0130 //// 10204 ///// ///// ////
000000000000000000000000000000000000000000000000000000000000000000000000000000000000000000000000000000000000000000000000=
57179 331700 1130000 01604 01616 4
20100326080000 236 039 232 040 209 046 0731 220 039 198 073 0730 0000 0150 0158 0717 0150 0800 046 045 0720 078 0035 10006 10010 0701 10005 0751 0176 0255 0701 0176 0800 0199 0262 0708 0199 0800 0168 0136 0113 0100 0098 0104 0106 0132 //// 10203 ///// ///// ////
000000000000000000000000000000000000000000000000000000000000000000000000000000000000000000000000000000000000000000000000=
57274 324200 1120700 01076 01088 4
20100326080000 134 019 128 023 127 024 0758 150 020 128 040 0754 0000 0158 0163 0740 0158 0800 044 040 0741 079 0036 10066 10073 0702 10065 0753 0176 0231 0701 0176 0800 0203 0258 0701 0203 0800 0196 0174 0150 0129 0109 0114 0117 0140 //// 10199 ///// ///// ////
000000000000000000000000000000000000000000000000000000000000000000000000000000000000000000000000000000000000000000000000=
57065 343000 1121100 01949 01964 4
20100326080000 281 012 286 009 269 021 0713 282 013 274 030 0704 0000 0171 0171 0800 0163 0701 019 017 0719 037 -067 09951 09959 0701 09951 0800 0172 0197 0710 0172 0800 0239 0280 0706 0239 0800 0185 0154 0128 0111 0094 0103 0111 0138 //// 10190 ///// ///// ////
000000000000000000000000000000000000000000000000000000000000000000000000000000000000000000000000000000000000000000000000=
57074 342500 1122500 01973 01989 4
20100326080000 165 010 184 012 186 012 0759 113 013 209 025 0706 0000 0160 0165 0725 0160 0800 026 024 0747 047 -035 09952 09958 0704 09952 0758 0184 0223 0701 0184 0800 0222 0266 0701 0222 0800 0175 0146 0122 0108 0099 0102 0104 0125 //// 10194 ///// ///// ////
000000000000000000000000000000000000000000000000000000000000000000000000000000000000000000000000000000000000000000000000=
57076 344400 1124700 01895 01901 4
20100326080000 230 023 231 027 239 039 0743 224 026 242 051 0738 0000 0149 0151 0711 0147 0744 027 026 0734 046 -039 09960 09966 0701 09959 0750 0167 0192 0706 0167 0800 0214 0255 0706 0214 0750 0177 0149 0115 0097 0087 0089 0090 0120 //// 10191 ///// ///// ////
000000000000000000000000000000000000000000000000000000000000000000000000000000000000000000000000000000000000000000000000=
57070 344400 1120700 03640 03595 4
20100326080000 097 044 098 043 098 043 0800 091 048 102 056 0752 0000 0149 0154 0706 0149 0757 028 023 0703 047 -034 09757 09763 0710 09757 0800 0169 0196 0701 0169 0800 0207 0255 0701 0207 0800 0167 0136 0109 0094 0088 0092 0096 0122 //// 10190 ///// ///// ////
000000000000000000000000000000000000000000000000000000000000000000000000000000000000000000000000000000000000000000000000=
57162 340900 1120500 03258 03275 4
20100326080000 059 008 053 008 107 015 0720 094 005 105 027 0718 0000 0152 0152 0800 0149 0705 027 025 0751 047 -037 09799 09804 0701 09799 0800 0180 0217 0714 0175 0752 0222 0270 0715 0222 0800 0171 0136 0114 0100 0092 0097 0103 0132 //// 10195 ///// ///// ////
000000000000000000000000000000000000000000000000000000000000000000000000000000000000000000000000000000000000000000000000=
57078 340900 1122800 03365 03340 4
20100326080000 065 027 075 020 069 022 0730 057 019 077 038 0721 0000 0147 0151 0733 0147 0800 030 027 0705 050 -027 09793 09797 0707 09793 0733 0186 0242 0704 0185 0759 0200 0249 0701 0200 0800 0175 0143 0114 0096 0090 0097 0098 0118 //// 10198 ///// ///// ////
000000000000000000000000000000000000000000000000000000000000000000000000000000000000000000000000000000000000000000000000=
57071 344900 1122600 03333 03332 4
20100326080000 123 022 119 019 122 024 0701 125 028 133 036 0703 0000 0148 0149 0756 0145 0709 023 021 0759 039 -061 09793 09798 0701 09792 0756 0184 0203 0701 0178 0742 0234 0271 0701 0234 0800 0181 0148 0120 0101 0086 0088 0092 0119 //// 10196 ///// ///// ////
000000000000000000000000000000000000000000000000000000000000000000000000000000000000000000000000000000000000000000000000=
57066 342300 1114000 03283 03298 4
20100326080000 096 007 079 007 130 010 0705 173 006 128 018 0708 0000 0161 0161 0800 0157 0701 025 024 0704 046 -039 09792 09800 0703 09792 0759 0191 0209 0718 0188 0754 0206 0233 0701 0206 0755 0163 0124 0100 0088 0086 0090 0092 0115 //// 10190 ///// ///// ////
000000000000000000000000000000000000000000000000000000000000000000000000000000000000000000000000000000000000000000000000=
57077 334700 1113900 07424 07388 4
20100326080000 071 023 063 021 052 035 0734 066 039 040 048 0726 0000 0164 0165 0750 0163 0735 019 018 0718 035 -073 09320 09325 0713 09320 0800 0198 0237 0711 0191 0735 0194 0227 0711 0189 0743 0154 0126 0099 0082 0077 0085 0092 0115 //// 10189 ///// ///// ////
000000000000000000000000000000000000000000000000000000000000000000000000000000000000000000000000000000000000000000000000=
57185 332700 1133500 00911 00921 4
20100326080000 292 029 286 027 283 029 0740 293 027 259 045 0720 0000 0162 0169 0719 0162 0800 050 037 0714 092 0058 10085 10093 0701 10084 0753 0224 0284 0715 0217 0755 0210 0253 0701 0206 0755 0170 0141 0117 0097 0102 0103 0102 0123 //// 10199 ///// ///// ////
000000000000000000000000000000000000000000000000000000000000000000000000000000000000000000000000000000000000000000000000=
57183 334800 1135500 00600 00615 4
20100326080000 238 021 242 024 234 036 0703 232 031 229 050 0709 0000 0156 0159 0742 0154 0703 055 048 0703 097 0066 10122 10129 0702 10122 0800 0205 0228 0718 0203 0755 0219 0244 0718 0219 0800 0180 0151 0126 0111 0097 0099 0099 0122 //// 10198 ///// ///// ////
000000000000000000000000000000000000000000000000000000000000000000000000000000000000000000000000000000000000000000000000=
57186 333600 1140300 00587 00598 4
20100326080000 269 034 244 024 210 037 0711 277 032 240 065 0726 0000 0166 0167 0743 0162 0701 043 040 0749 081 0040 10125 10133 0701 10125 0800 0224 0270 0717 0219 0752 0275 0329 0716 0275 0800 0226 0180 0142 0119 0100 0103 0104 0133 //// 10198 ///// ///// ////
000000000000000000000000000000000000000000000000000000000000000000000000000000000000000000000000000000000000000000000000=
57094 342400 1141300 00674 00685 4
20100326080000 216 028 221 034 219 042 0723 221 024 254 064 0702 0000 0152 0162 0701 0152 0800 044 038 0716 076 0030 10110 10117 0703 10110 0800 0201 0254 0701 0195 0758 0222 0291 0701 0221 0758 0186 0160 0136 0115 0096 0096 0092 0116 //// 10194 ///// ///// ////
000000000000000000000000000000000000000000000000000000000000000000000000000000000000000000000000000000000000000000000000=
57191 342900 1142900 00634 00642 4
20100326080000 188 019 182 025 180 029 0756 204 013 212 051 0743 0000 0158 0170 0720 0158 0800 039 034 0701 070 0019 10120 10129 0701 10120 0800 0177 0229 0706 0171 0756 0195 0254 0704 0192 0757 0165 0140 0118 0102 0092 0094 0096 0124 //// 10199 ///// ///// ////
000000000000000000000000000000000000000000000000000000000000000000000000000000000000000000000000000000000000000000000000=
57096 343200 1144700 00597 00607 4
20100326080000 222 030 219 033 212 041 0753 194 037 215 067 0708 0000 0161 0167 0701 0160 0749 035 031 0701 064 0006 10121 10127 0701 10121 0800 0202 0253 0701 0187 0747 0254 0328 0701 0243 0747 0213 0172 0130 0109 0100 0100 0102 0128 //// 10196 ///// ///// ////
000000000000000000000000000000000000000000000000000000000000000000000000000000000000000000000000000000000000000000000000=
57093 345100 1144900 00733 00740 4
20100326080000 205 049 207 044 209 052 0747 223 044 203 079 0746 0000 0162 0167 0701 0161 0738 034 031 0701 063 0003 10105 10111 0701 10105 0800 0213 0234 0701 0202 0756 0253 0315 0701 0251 0756 0202 0159 0125 0102 0091 0091 0094 0121 //// 10196 ///// ///// ////
000000000000000000000000000000000000000000000000000000000000000000000000000000000000000000000000000000000000000000000000=
57091 344700 1141800 00737 00748 4
20100326080000 220 049 204 050 202 053 0714 226 041 211 080 0756 0000 0156 0159 0748 0155 0706 035 033 0701 062 0002 10102 10107 0701 10102 0800 0197 0266 0704 0196 0759 0242 0317 0701 0242 0800 0200 0159 0127 0105 0101 0101 0102 0122 //// 10194 ///// ///// ////
000000000000000000000000000000000000000000000000000000000000000000000000000000000000000000000000000000000000000000000000=
53978 350500 1123800 01401 01409 4
20100326080000 197 025 187 027 180 040 0709 201 019 192 060 0701 0000 0166 0168 0701 0165 0718 023 020 0755 043 -046 10013 10020 0702 10013 0757 0205 0241 0701 0205 0800 0243 0297 0701 0243 0800 0201 0169 0136 0115 0089 0093 0098 0125 //// 10185 ///// ///// ////
000000000000000000000000000000000000000000000000000000000000000000000000000000000000000000000000000000000000000000000000=
53984 351400 1132800 00827 00837 4
20100326080000 227 057 231 051 220 059 0702 234 069 232 086 0707 0000 0159 0163 0741 0158 0725 022 020 0705 040 -058 10084 10087 0701 10083 0751 0185 0228 0704 0185 0800 0232 0303 0704 0232 0800 0177 0147 0120 0107 0093 0095 0096 0120 //// 10187 ///// ///// ////
000000000000000000000000000000000000000000000000000000000000000000000000000000000000000000000000000000000000000000000000=
53987 350600 1132500 00910 00918 4
20100326080000 227 032 225 032 216 047 0717 240 027 212 071 0733 0000 0161 0167 0703 0157 0740 024 019 0712 044 -045 10076 10082 0702 10076 0757 0186 0244 0704 0183 0739 0222 0301 0704 0222 0800 0200 0172 0146 0123 0097 0099 0101 0127 //// 10189 ///// ///// ////
000000000000000000000000000000000000000000000000000000000000000000000000000000000000000000000000000000000000000000000000=
57079 345700 1130200 01064 01069 4
20100326080000 239 033 247 035 257 038 0751 243 027 220 056 0712 0000 0155 0159 0711 0155 0800 027 023 0720 048 -034 10054 10062 0701 10054 0800 0179 0213 0709 0177 0750 0210 0272 0701 0210 0800 0162 0138 0116 0102 0093 0096 0096 0119 //// 10185 ///// ///// ////
000000000000000000000000000000000000000000000000000000000000000000000000000000000000000000000000000000000000000000000000=
53972 350700 1125500 01196 01210 4
20100326080000 224 028 222 028 217 039 0730 223 024 223 064 0729 0000 0156 0161 0712 0156 0800 024 023 0717 043 -049 10039 10046 0701 10039 0800 0188 0234 0705 0187 0759 0247 0320 0701 0247 0800 0193 0166 0141 0119 0095 0099 0109 0136 //// 10187 ///// ///// ////
000000000000000000000000000000000000000000000000000000000000000000000000000000000000000000000000000000000000000000000000=
57072 345500 1124500 01275 01285 4
20100326080000 224 027 216 025 220 035 0704 217 031 237 053 0704 0000 0154 0154 0800 0151 0702 025 022 0730 044 -045 10032 10040 0701 10032 0800 0186 0202 0723 0182 0750 0224 0249 0724 0224 0800 0170 0140 0113 0097 0083 0087 0087 0113 //// 10190 ///// ///// ////
000000000000000000000000000000000000000000000000000000000000000000000000000000000000000000000000000000000000000000000000=
53982 351400 1131600 01120 01135 4
20100326080000 230 032 241 034 247 045 0739 229 039 273 082 0735 0000 0157 0167 0701 0157 0800 024 022 0703 043 -048 10045 10049 0703 10044 0750 0175 0205 0706 0175 0800 0245 0331 0701 0245 0800 0200 0169 0138 0118 0096 0098 0101 0131 //// 10184 ///// ///// ////
000000000000000000000000000000000000000000000000000000000000000000000000000000000000000000000000000000000000000000000000=
53979 350900 1130500 01200 01211 4
20100326080000 216 040 212 036 223 048 0713 225 039 231 064 0745 0000 0158 0158 0800 0153 0715 026 025 0702 047 -037 10041 10047 0707 10041 0800 0193 0228 0701 0190 0740 0249 0333 0701 0248 0756 0202 0165 0133 0112 0097 0100 0104 0131 //// 10189 ///// ///// ////
000000000000000000000000000000000000000000000000000000000000000000000000000000000000000000000000000000000000000000000000=
53992 353900 1143100 00582 00592 4
20100326080000 208 057 203 058 210 067 0710 212 066 209 102 0707 0000 0167 0169 0746 0163 0708 025 023 0748 048 -034 10112 10115 0701 10111 0741 0203 0223 0733 0202 0759 0218 0250 0702 0218 0800 0176 0144 0120 0100 0082 0084 0089 0121 //// 10185 ///// ///// ////
000000000000000000000000000000000000000000000000000000000000000000000000000000000000000000000000000000000000000000000000=
53974 353700 1141100 00723 00739 4
20100326080000 209 036 212 043 212 046 0743 234 041 156 114 0708 0000 0170 0171 0755 0166 0708 020 017 0702 039 -061 10097 10100 0705 10096 0743 0218 0245 0703 0216 0759 0251 0293 0702 0251 0800 0201 0164 0132 0112 0089 0092 0098 0124 //// 10187 ///// ///// ////
000000000000000000000000000000000000000000000000000000000000000000000000000000000000000000000000000000000000000000000000=
53990 354300 1141900 00795 00805 4
20100326080000 194 070 197 067 200 081 0737 167 084 192 102 0733 0000 0164 0166 0741 0162 0709 024 020 0703 045 -042 10086 10088 0702 10086 0800 0211 0230 0706 0211 0759 0278 0328 0706 0278 0800 0188 0149 0115 0098 0088 0086 0084 0110 //// 10185 ///// ///// ////
000000000000000000000000000000000000000000000000000000000000000000000000000000000000000000000000000000000000000000000000=
53991 355600 1142100 00743 00753 4
20100326080000 228 025 204 027 220 035 0704 249 025 173 088 0701 0000 0172 0172 0800 0167 0702 018 016 0701 035 -073 10087 10090 0701 10086 0738 0230 0241 0745 0214 0734 0280 0301 0706 0279 0734 0200 0162 0124 0107 0086 0085 0088 0118 //// 10179 ///// ///// ////
000000000000000000000000000000000000000000000000000000000000000000000000000000000000000000000000000000000000000000000000=
53993 355600 1145500 00516 00524 4
20100326080000 204 034 197 039 192 046 0756 223 033 175 079 0754 0000 0170 0171 0701 0166 0751 021 018 0701 041 -055 10119 10123 0701 10119 0800 0231 0237 0707 0212 0729 0270 0299 0701 0263 0729 0193 0152 0115 0093 0079 0076 0076 0107 //// 10183 ///// ///// ////
000000000000000000000000000000000000000000000000000000000000000000000000000000000000000000000000000000000000000000000000=
53889 360400 1134900 03068 03086 4
20100326080000 219 029 215 031 206 036 0737 252 014 212 056 0702 0000 0164 0168 0713 0163 0703 015 014 0702 028 -103 09805 09806 0701 09804 0725 0202 0225 0713 0202 0704 0275 0307 0723 0275 0800 0223 0200 0174 0150 0076 0075 0088 0098 //// 10178 ///// ///// ////
000000000000000000000000000000000000000000000000000000000000000000000000000000000000000000000000000000000000000000000000=
53995 353300 1143000 00625 00645 4
20100326080000 180 044 196 050 201 064 0709 175 048 195 094 0701 0000 0166 0168 0748 0163 0703 023 021 0744 043 -046 10108 10110 0709 10107 0744 0218 0241 0719 0216 0758 0279 0313 0719 0279 0800 0217 0178 0141 0115 0087 0088 0088 0116 //// 10187 ///// ///// ////
000000000000000000000000000000000000000000000000000000000000000000000000000000000000000000000000000000000000000000000000=
53898 360300 1142400 00629 00638 4
20100326080000 167 066 172 063 167 072 0715 158 062 173 107 0707 0000 0168 0170 0702 0164 0716 017 015 0708 033 -084 10101 10104 0703 10098 0745 0255 0270 0746 0241 0708 0277 0296 0701 0274 0736 0199 0164 0128 0102 0074 0077 0085 0116 //// 10179 ///// ///// ////
000000000000000000000000000000000000000000000000000000000000000000000000000000000000000000000000000000000000000000000000=
NNNN
