57090 344300 1135800 00781 00802 4
20100325090000 066 021 084 018 084 018 0900 063 021 074 033 0815 0000 0118 0122 0847 0117 0820 027 025 0839 037 -066 10175 10180 0804 10175 0858 0158 0208 0806 0152 0820 0197 0258 0802 0197 0900 0184 0159 0135 0119 0099 0094 0087 0119 //// 10274 ///// ///// ////
000000000000000000000000000000000000000000000000000000000000000000000000000000000000000000000000000000000000000000000000=
57083 344300 1133900 01104 01116 4
20100325090000 270 036 261 039 259 045 0843 287 029 276 068 0841 0000 0138 0139 0849 0127 0813 011 011 0900 017 -162 10132 10137 0801 10132 0900 0200 0317 0801 0198 0855 0213 0290 0801 0213 0900 0182 0161 0139 0122 0096 0098 0103 0125 0000 10268 ///// ///// ////
000000000000000000000000000000000000000000000000000000000000000000000000000000000000000000000000000000000000000000000000
130 003 000 000 //// /////////////////////CIE 002 0000 6///1 0//// 7//// 1//// 2//// 3//// /// /// /// // 911// 915// 919// 934// 939//=
57086 342300 1134300 01166 01168 4
20100325090000 208 035 269 027 252 028 0851 164 044 240 049 0849 0000 0128 0130 0845 0127 0801 023 016 0848 034 -078 10132 10136 0803 10132 0859 0141 0182 0801 0138 0854 0208 0275 0803 0207 0852 0192 0162 0134 0114 0098 0095 0094 0116 //// 10275 ///// ///// ////
000000000000000000000000000000000000000000000000000000000000000000000000000000000000000000000000000000000000000000000000=
57085 343200 1132000 02599 02648 4
20100325090000 291 048 284 040 289 068 0817 308 032 308 105 0811 0000 0130 0130 0900 0126 0815 014 013 0839 021 -139 09949 09953 0803 09949 0858 0168 0169 0859 0154 0819 0207 0251 0803 0207 0900 0185 0157 0135 0116 0101 0098 0094 0121 //// 10270 ///// ///// ////
000000000000000000000000000000000000000000000000000000000000000000000000000000000000000000000000000000000000000000000000=
57081 344800 1132600 01409 01419 4
20100325090000 268 022 259 020 253 025 0803 257 049 203 073 0825 0000 0139 0142 0830 0134 0804 011 011 0856 017 -161 10094 10101 0806 10094 0855 0188 0238 0818 0179 0801 0223 0273 0820 0223 0900 0190 0166 0142 0115 0088 0094 0096 0117 //// 10267 ///// ///// ////
000000000000000000000000000000000000000000000000000000000000000000000000000000000000000000000000000000000000000000000000=
57084 343000 1130300 11784 11790 4
20100325090000 255 052 255 054 256 061 0857 203 050 251 111 0855 0000 0052 0061 0805 0052 0900 016 015 0806 014 -186 08896 08898 0801 08896 0900 0108 0141 0805 0103 0858 0137 0187 0801 0136 0859 0143 0124 0096 0073 0053 //// //// //// //// 10278 ///// ///// ////
000000000000000000000000000000000000000000000000000000000000000000000000000000000000000000000000000000000000000000000000=
57080 344400 1125800 01652 01661 4
20100325090000 234 026 252 026 284 040 0841 254 026 285 068 0836 0000 0142 0145 0827 0139 0801 011 011 0845 018 -159 10067 10073 0804 10067 0859 0206 0243 0820 0201 0858 0226 0276 0809 0226 0900 0189 0158 0128 0110 0089 0088 0089 0119 //// 10270 ///// ///// ////
000000000000000000000000000000000000000000000000000000000000000000000000000000000000000000000000000000000000000000000000=
57082 342800 1130100 04271 04284 4
20100325090000 333 036 289 021 331 045 0829 316 018 327 084 0828 0000 0119 0120 0816 0114 0831 011 011 0857 015 -177 09757 09760 0814 09757 0857 0182 0201 0804 0151 0840 0221 0270 0801 0221 0900 0184 0162 0136 0115 0091 0097 0101 //// //// 10274 ///// ///// ////
000000000000000000000000000000000000000000000000000000000000000000000000000000000000000000000000000000000000000000000000=
57295 323700 1142100 00785 00802 4
20100325090000 035 014 042 026 017 035 0813 066 011 032 065 0804 0000 0108 0113 0801 0108 0900 040 034 0801 052 -023 10192 10195 0804 10192 0900 0127 0165 0827 0127 0900 0130 0147 0801 0130 0859 0141 0127 0116 0106 0097 0100 0103 0127 //// 10292 ///// ///// ////
000000000000000000000000000000000000000000000000000000000000000000000000000000000000000000000000000000000000000000000000=
57189 330800 1135700 00646 00655 4
20100325090000 078 029 073 032 048 036 0802 077 029 068 051 0838 0000 0103 0111 0801 0103 0858 055 042 0806 069 0017 10207 10211 0805 10205 0849 0130 0164 0830 0119 0856 0132 0162 0830 0127 0857 0133 0126 0117 0108 0093 0096 0099 0122 //// 10289 ///// ///// ////
000000000000000000000000000000000000000000000000000000000000000000000000000000000000000000000000000000000000000000000000=
57194 331700 1141600 00598 00609 4
20100325090000 055 014 072 018 026 027 0810 057 019 038 055 0802 0000 0105 0109 0822 0105 0900 041 038 0857 052 -022 10213 10216 0822 10213 0900 0122 0160 0837 0122 0900 0126 0157 0801 0126 0900 0130 0123 0112 0103 0094 0094 0098 0126 //// 10289 ///// ///// ////
000000000000000000000000000000000000000000000000000000000000000000000000000000000000000000000000000000000000000000000000=
57197 330000 1142000 00489 00545 4
20100325090000 071 017 074 024 073 025 0857 094 013 088 051 0856 0000 0105 0115 0811 0105 0900 046 040 0802 058 -006 10222 10226 0804 10221 0858 0121 0187 0808 0121 0900 0122 0165 0808 0122 0900 0138 0134 0120 0107 0098 0100 0101 0125 //// 10290 ///// ///// ////
000000000000000000000000000000000000000000000000000000000000000000000000000000000000000000000000000000000000000000000000=
57294 325000 1140100 00836 00846 4
20100325090000 103 039 094 031 072 053 0811 097 040 080 075 0810 0000 0102 0110 0806 0102 0900 054 050 0832 067 0013 10184 10185 0805 10182 0804 0122 0160 0802 0122 0900 0139 0173 0803 0139 0900 0132 0122 0108 0099 0096 0105 0102 0118 //// 10289 ///// ///// ////
000000000000000000000000000000000000000000000000000000000000000000000000000000000000000000000000000000000000000000000000=
57292 325800 1143800 00444 00453 4
20100325090000 043 029 035 034 010 045 0801 032 038 350 063 0815 0000 0101 0104 0847 0099 0805 045 043 0852 056 -013 10238 10242 0803 10238 0859 0133 0168 0846 0131 0801 0123 0141 0816 0123 0900 0121 0116 0107 0103 0097 0103 0106 0133 //// 10295 ///// ///// ////
000000000000000000000000000000000000000000000000000000000000000000000000000000000000000000000000000000000000000000000000=
57195 333700 1143700 00466 00476 4
20100325090000 056 023 059 023 068 032 0841 037 018 054 060 0822 0000 0116 0124 0816 0116 0900 029 029 0900 040 -058 10229 10234 0801 10229 0900 0154 0205 0819 0152 0859 0178 0235 0801 0178 0900 0170 0153 0129 0112 0099 0099 0102 0141 //// 10288 ///// ///// ////
000000000000000000000000000000000000000000000000000000000000000000000000000000000000000000000000000000000000000000000000=
57193 334700 1143100 00526 00541 4
20100325090000 017 017 070 012 342 025 0801 018 006 344 049 0842 0000 0113 0119 0819 0113 0856 031 028 0815 041 -052 10221 10225 0808 10221 0900 0182 0209 0818 0162 0847 0160 0191 0801 0160 0900 0149 0137 0124 0111 0101 0102 0105 0130 //// 10288 ///// ///// ////
000000000000000000000000000000000000000000000000000000000000000000000000000000000000000000000000000000000000000000000000
150 000 000 000 //// //////////////////////// /// 0000 6///1 0//// 7//// 1//// 2//// 3//// /// /// /// // 911// 915// 919// 934// 939//=
57196 332800 1145200 00420 00428 4
20100325090000 010 020 355 025 330 047 0804 356 015 319 066 0801 0000 0103 0113 0810 0103 0900 039 032 0829 049 -030 10237 10241 0804 10236 0848 0119 0175 0809 0118 0858 0122 0184 0802 0122 0900 0132 0119 0104 0095 0097 0100 0105 0131 //// 10291 ///// ///// ////
000000000000000000000000000000000000000000000000000000000000000000000000000000000000000000000000000000000000000000000000=
57099 340400 1145100 00526 00536 4
20100325090000 007 016 037 017 039 028 0841 020 021 037 049 0839 0000 0108 0117 0824 0107 0847 034 030 0826 044 -044 10223 10230 0807 10223 0900 0152 0189 0809 0141 0855 0179 0242 0801 0179 0900 0169 0146 0119 0103 0098 0096 0098 0131 //// 10290 ///// ///// ////
000000000000000000000000000000000000000000000000000000000000000000000000000000000000000000000000000000000000000000000000=
57198 333300 1143700 00463 00473 4
20100325090000 068 011 038 013 038 021 0846 127 008 094 039 0809 0000 0117 0125 0801 0117 0900 034 029 0845 047 -036 10229 10235 0802 10228 0855 0163 0244 0801 0160 0849 0150 0198 0803 0150 0900 0147 0135 0119 0109 0102 0104 0107 0137 //// 10288 ///// ///// ////
000000000000000000000000000000000000000000000000000000000000000000000000000000000000000000000000000000000000000000000000=
58101 335200 1152900 00413 00428 4
20100325090000 000 026 002 024 337 040 0810 336 029 043 074 0809 0000 0099 0104 0801 0099 0837 034 033 0859 041 -052 10240 10242 0821 10239 0803 0161 0193 0803 0161 0900 0169 0219 0801 0169 0900 0164 0138 0115 0102 0097 0098 0100 0130 //// 10293 ///// ///// ////
000000000000000000000000000000000000000000000000000000000000000000000000000000000000000000000000000000000000000000000000=
57192 334400 1145100 00455 00466 4
20100325090000 238 012 311 012 310 025 0828 320 015 290 046 0812 0000 0116 0125 0809 0116 0900 030 026 0815 041 -054 10231 10237 0801 10231 0900 0188 0240 0802 0175 0827 0199 0269 0801 0199 0900 0189 0159 0128 0110 0105 0107 0108 0140 //// 10289 ///// ///// ////
000000000000000000000000000000000000000000000000000000000000000000000000000000000000000000000000000000000000000000000000=
57098 340500 1142400 00583 00593 4
20100325090000 105 023 080 016 026 032 0809 110 028 031 063 0802 0000 0114 0119 0802 0111 0851 036 029 0804 048 -031 10208 10215 0801 10208 0900 0166 0217 0801 0166 0900 0151 0189 0801 0151 0900 0156 0146 0126 0113 0099 0097 0098 0128 //// 10282 ///// ///// ////
000000000000000000000000000000000000000000000000000000000000000000000000000000000000000000000000000000000000000000000000=
57182 335100 1133000 00805 00814 4
20100325090000 152 029 148 026 142 035 0847 161 033 150 050 0836 0000 0124 0130 0810 0124 0900 033 031 0819 047 -034 10177 10183 0801 10177 0900 0176 0211 0824 0174 0853 0228 0305 0801 0228 0900 0199 0163 0134 0113 0106 0106 0108 0139 //// 10277 ///// ///// ////
000000000000000000000000000000000000000000000000000000000000000000000000000000000000000000000000000000000000000000000000=
57297 320800 1140300 01145 01154 4
20100325090000 065 049 072 048 034 056 0838 052 030 038 089 0829 0000 0107 0114 0802 0107 0900 037 035 0812 048 -034 10148 10149 0851 10146 0806 0122 0156 0828 0122 0900 0153 0192 0802 0147 0815 0139 0130 0119 0107 0106 0112 0116 //// //// 10291 ///// ///// ////
000000000000000000000000000000000000000000000000000000000000000000000000000000000000000000000000000000000000000000000000
120 004 000 000 //// /////////////////////CIE 002 0000 6///1 0//// 7//// 1//// 2//// 3//// /// /// /// // 911// 915// 919// 934// 939//=
57390 314800 1140400 07335 07347 4
20100325090000 028 034 026 034 005 045 0807 009 036 023 100 0812 0000 0072 0085 0801 0072 0900 043 032 0850 044 -045 09411 09411 0900 09410 0808 0114 0159 0812 0101 0836 0139 0186 0812 0138 0842 0136 0114 0093 0079 0070 0087 //// //// //// 10291 ///// ///// ////
000000000000000000000000000000000000000000000000000000000000000000000000000000000000000000000000000000000000000000000000=
58207 321000 1150300 00428 00440 4
20100325090000 020 038 018 041 004 061 0801 018 039 020 083 0827 0000 0107 0114 0806 0104 0842 042 032 0816 054 -017 10240 10240 0900 10237 0824 0145 0184 0806 0117 0841 0144 0157 0801 0144 0900 0162 0132 0116 0105 0101 0110 0113 0137 //// 10295 ///// ///// ////
000000000000000000000000000000000000000000000000000000000000000000000000000000000000000000000000000000000000000000000000=
58208 321000 1153700 00429 00439 4
20100325090000 005 049 357 044 347 054 0811 011 053 343 079 0810 0000 0102 0110 0823 0102 0900 042 034 0832 052 -021 10240 10241 0829 10238 0801 0123 0185 0819 0113 0857 0103 0137 0807 0100 0857 0114 0114 0106 0100 0098 0108 0113 0139 //// 10295 ///// ///// ////
000000000000000000000000000000000000000000000000000000000000000000000000000000000000000000000000000000000000000000000000
180 009 000 000 0800 ///////////////CIEACRFCB 142 0000 6///1 0//// 7//// 1//// 2//// 3//// /// /// /// // 911// 915// 919// 934// 939//=
53989 350300 1135700 00766 00777 4
20100325090000 090 016 099 018 113 022 0825 082 016 156 040 0824 0000 0111 0114 0821 0111 0900 034 032 0803 045 -042 10179 10184 0801 10179 0900 0164 0209 0802 0162 0859 0197 0267 0801 0197 0900 0181 0160 0135 0116 0091 0092 0096 0123 //// 10276 ///// ///// ////
000000000000000000000000000000000000000000000000000000000000000000000000000000000000000000000000000000000000000000000000=
53997 350900 1141100 00711 00723 4
20100325090000 117 027 120 026 120 026 0900 127 025 088 039 0837 0000 0100 0107 0817 0100 0900 036 032 0819 044 -044 10189 10194 0801 10188 0853 0137 0218 0815 0137 0900 0190 0261 0801 0190 0900 0186 0164 0135 0115 0093 0094 0097 0124 //// 10279 ///// ///// ////
000000000000000000000000000000000000000000000000000000000000000000000000000000000000000000000000000000000000000000000000=
53986 351900 1135300 00732 00740 4
20100325090000 122 023 120 023 190 027 0811 125 016 156 049 0803 0000 0105 0111 0807 0104 0856 040 035 0815 051 -025 10184 10189 0803 10184 0858 0151 0187 0817 0147 0856 0191 0247 0801 0191 0900 0168 0147 0126 0111 0093 0095 0098 0127 //// 10276 ///// ///// ////
000000000000000000000000000000000000000000000000000000000000000000000000000000000000000000000000000000000000000000000000
130 000 000 000 //// //////////////////////// /// 0000 6///1 0//// 7//// 1//// 2//// 3//// /// /// /// // 911// 915// 919// 934// 939//=
53994 352300 1140400 00700 00712 4
20100325090000 162 029 156 027 155 027 0858 167 037 136 062 0849 0000 0102 0108 0817 0102 0900 037 035 0812 046 -038 10187 10193 0805 10187 0900 0145 0214 0801 0145 0859 0198 0289 0801 0198 0900 0182 0152 0126 0106 0090 0090 0095 0127 //// 10276 ///// ///// ////
000000000000000000000000000000000000000000000000000000000000000000000000000000000000000000000000000000000000000000000000=
53998 351200 1143900 00616 00625 4
20100325090000 134 022 122 018 101 029 0811 125 027 083 047 0803 0000 0099 0100 0802 0097 0819 035 033 0837 043 -048 10204 10209 0812 10204 0852 0165 0207 0803 0164 0852 0183 0240 0802 0183 0900 0176 0150 0124 0107 0096 0095 0096 0128 //// 10282 ///// ///// ////
000000000000000000000000000000000000000000000000000000000000000000000000000000000000000000000000000000000000000000000000=
57051 344800 1111200 04099 04117 4
20100325090000 334 021 339 024 309 038 0823 282 024 296 070 0815 0000 0121 0130 0815 0120 0858 013 013 0855 018 -155 09783 09790 0815 09783 0858 0234 0275 0809 0229 0854 0238 0309 0801 0238 0900 0183 0151 0127 0109 0086 0087 0087 0114 //// 10281 ///// ///// ////
000000000000000000000000000000000000000000000000000000000000000000000000000000000000000000000000000000000000000000000000
180 003 000 000 6900 /////////////////////CIE 002 0000 6///1 0//// 7//// 1//// 2//// 3//// /// /// /// // 911// 915// 919// 934// 939//=
57063 344600 1114600 05236 05236 4
20100325090000 278 062 276 066 278 070 0808 282 057 293 117 0832 0000 0106 0113 0802 0106 0900 013 013 0857 017 -167 09650 09655 0801 09650 0857 0165 0218 0801 0165 0900 0195 0265 0801 0195 0900 0151 0123 0098 0083 0073 0077 0084 0110 //// 10281 ///// ///// ////
000000000000000000000000000000000000000000000000000000000000000000000000000000000000000000000000000000000000000000000000=
57067 340300 1110200 05688 05699 4
20100325090000 069 017 084 018 067 029 0804 046 022 088 053 0841 0000 0102 0109 0822 0102 0900 016 014 0813 020 -145 09594 09597 0819 09594 0854 0156 0197 0816 0154 0857 0171 0213 0809 0171 0900 0151 0122 0086 0099 0083 0094 0096 0122 //// 10288 ///// ///// ////
000000000000000000000000000000000000000000000000000000000000000000000000000000000000000000000000000000000000000000000000
150 000 000 000 //// //////////////////////// /// 0000 6///1 0//// 7//// 1//// 2//// 3//// /// /// /// // 911// 915// 919// 934// 939//=
57056 343200 1105300 03904 03909 4
20100325090000 272 021 258 019 268 032 0814 260 019 279 066 0811 0000 0123 0125 0845 0121 0813 012 011 0848 017 -163 09811 09819 0807 09811 0859 0215 0272 0801 0212 0858 0247 0313 0801 0247 0900 0198 0160 0124 0105 0087 0090 0093 0118 //// 10285 ///// ///// ////
000000000000000000000000000000000000000000000000000000000000000000000000000000000000000000000000000000000000000000000000=
58007 340400 1151800 00472 00532 4
20100325090000 054 007 011 014 318 027 0801 291 009 026 061 0825 0000 0102 0109 0805 0102 0900 033 031 0841 041 -053 10227 10228 0826 10227 0801 0145 0180 0817 0143 0855 0175 0235 0801 0175 0900 0166 0142 0121 0108 0099 0100 0103 0131 //// 10293 ///// ///// ////
000000000000000000000000000000000000000000000000000000000000000000000000000000000000000000000000000000000000000000000000=
58006 342300 1155300 00463 00506 4
20100325090000 025 014 024 021 355 039 0806 038 025 355 076 0803 0000 0095 0098 0819 0094 0857 033 032 0850 039 -060 10232 10233 0818 10232 0803 0160 0181 0816 0155 0857 0177 0216 0810 0177 0858 0172 0155 0132 0114 0094 0093 0098 0126 //// 10295 ///// ///// ////
000000000000000000000000000000000000000000000000000000000000000000000000000000000000000000000000000000000000000000000000=
58111 335800 1162700 00325 00325 4
20100325090000 357 036 006 032 350 044 0806 012 013 336 089 0829 0000 0097 0102 0821 0097 0852 032 031 0859 038 -062 10251 10251 0900 10246 0809 0142 0186 0810 0142 0900 0114 0158 0806 0114 0900 0115 0113 0105 0099 0092 0097 0105 0138 //// 10292 ///// ///// ////
000000000000000000000000000000000000000000000000000000000000000000000000000000000000000000000000000000000000000000000000
150 000 000 000 //// //////////////////////// /// 0000 6///1 0//// 7//// 1//// 2//// 3//// /// /// /// // 911// 915// 919// 934// 939//=
58017 341500 1160800 00410 00420 4
20100325090000 351 017 349 026 330 044 0821 347 010 308 077 0829 0000 0094 0097 0843 0094 0859 036 035 0837 042 -049 10237 10238 0840 10235 0802 0164 0224 0806 0162 0859 0156 0200 0801 0156 0859 0141 0129 0116 0106 0097 0097 0103 0127 //// 10289 ///// ///// ////
000000000000000000000000000000000000000000000000000000000000000000000000000000000000000000000000000000000000000000000000=
58001 342600 1150600 00563 00569 4
20100325090000 357 014 341 025 346 035 0807 085 009 319 067 0801 0000 0098 0100 0816 0095 0833 038 035 0814 046 -038 10219 10220 0823 10219 0801 0143 0177 0816 0139 0857 0156 0187 0815 0154 0857 0133 0120 0108 0097 0089 0088 0094 0126 //// 10290 ///// ///// ////
000000000000000000000000000000000000000000000000000000000000000000000000000000000000000000000000000000000000000000000000=
58005 342700 1154000 00501 00511 4
20100325090000 037 033 039 029 012 040 0801 010 037 037 058 0811 0000 0093 0096 0803 0092 0827 035 033 0808 041 -054 10226 10228 0801 10226 0900 0122 0196 0801 0122 0900 0153 0212 0801 0153 0900 0161 0146 0126 0111 0097 0097 0103 0132 0000 10290 ///// ///// ////
000000000000000000000000000000000000000000000000000000000000000000000000000000000000000000000000000000000000000000000000
160 002 000 000 //// /////////////////////CIE 002 0000 6///1 0//// 7//// 1//// 2//// 3//// /// /// /// // 911// 915// 919// 934// 939//=
58008 342800 1152000 00544 00592 4
20100325090000 360 022 358 023 012 039 0816 336 029 009 068 0810 0000 0097 0099 0848 0094 0839 036 034 0859 043 -046 10216 10217 0814 10215 0843 0129 0244 0801 0129 0900 0157 0186 0802 0154 0854 0132 0121 0110 0098 0093 0094 0098 0129 //// 10290 ///// ///// ////
000000000000000000000000000000000000000000000000000000000000000000000000000000000000000000000000000000000000000000000000=
58004 343900 1150900 00606 00616 4
20100325090000 117 004 031 008 009 028 0839 192 007 344 051 0803 0000 0099 0102 0831 0098 0853 034 031 0815 041 -052 10212 10212 0809 10211 0839 0156 0192 0817 0116 0851 0168 0211 0803 0161 0851 0165 0154 0130 0116 0099 0099 0102 0126 //// 10289 ///// ///// ////
000000000000000000000000000000000000000000000000000000000000000000000000000000000000000000000000000000000000000000000000=
54817 355900 1155200 00421 00434 4
20100325090000 040 017 022 015 012 029 0802 015 019 094 045 0818 0000 0091 0096 0815 0091 0900 027 025 0858 031 -089 10229 10232 0809 10229 0834 0139 0167 0812 0129 0857 0158 0208 0801 0158 0858 0147 0124 0103 0086 0080 0078 0087 0116 //// 10284 ///// ///// ////
000000000000000000000000000000000000000000000000000000000000000000000000000000000000000000000000000000000000000000000000=
54902 355400 1150700 00495 00499 4
20100325090000 156 022 166 020 067 020 0803 156 024 133 038 0810 0000 0092 0098 0845 0092 0858 031 029 0846 036 -070 10216 10219 0803 10216 0900 0133 0168 0801 0133 0900 0172 0239 0801 0172 0900 0162 0135 0110 0094 0079 0074 0080 0111 //// 10279 ///// ///// ////
000000000000000000000000000000000000000000000000000000000000000000000000000000000000000000000000000000000000000000000000=
54900 354200 1150100 00537 00541 4
20100325090000 105 008 110 014 100 029 0843 026 000 102 045 0834 0000 0090 0096 0834 0090 0900 036 034 0826 041 -053 10213 10216 0807 10213 0859 0186 0240 0801 0164 0850 0170 0231 0801 0170 0900 0172 0147 0119 0101 0085 0082 0083 0110 //// 10281 ///// ///// ////
000000000000000000000000000000000000000000000000000000000000000000000000000000000000000000000000000000000000000000000000=
54901 360500 1151000 00475 00478 4
20100325090000 078 022 056 024 146 028 0841 105 026 049 053 0810 0000 0091 0099 0808 0091 0857 028 024 0803 032 -084 10218 10221 0806 10218 0900 0145 0189 0806 0138 0854 0164 0229 0801 0164 0900 0158 0133 0108 0092 0081 0080 0077 0105 //// 10278 ///// ///// ////
000000000000000000000000000000000000000000000000000000000000000000000000000000000000000000000000000000000000000000000000=
54903 355100 1152900 00457 00506 4
20100325090000 179 004 093 009 051 021 0830 164 005 057 042 0824 0000 0095 0098 0811 0094 0831 027 025 0843 032 -086 10216 10221 0811 10216 0900 0137 0170 0803 0137 0900 0158 0210 0801 0158 0900 0151 0129 0107 0093 0081 0080 0090 0114 //// 10280 ///// ///// ////
000000000000000000000000000000000000000000000000000000000000000000000000000000000000000000000000000000000000000000000000=
57184 333800 1132200 00834 00847 4
20100325090000 052 023 084 024 111 040 0801 356 031 091 046 0827 0000 0130 0137 0831 0130 0900 031 031 0900 046 -037 10171 10178 0805 10171 0900 0122 0150 0812 0122 0900 0193 0249 0810 0189 0846 0165 0145 0127 0113 0099 0102 0104 0129 //// 10275 ///// ///// ////
000000000000000000000000000000000000000000000000000000000000000000000000000000000000000000000000000000000000000000000000=
57177 332000 1133200 00898 00913 4
20100325090000 110 031 106 033 098 040 0843 105 029 094 051 0805 0000 0100 0111 0803 0100 0900 056 047 0804 069 0016 10171 10174 0801 10170 0835 0123 0193 0817 0119 0853 0126 0167 0817 0126 0859 0122 0134 0112 0111 0100 0103 0105 0121 //// 10285 ///// ///// ////
000000000000000000000000000000000000000000000000000000000000000000000000000000000000000000000000000000000000000000000000=
57075 341000 1125200 02031 02043 4
20100325090000 294 053 299 052 296 067 0842 282 063 265 104 0836 0000 0132 0135 0829 0131 0807 013 012 0803 020 -146 10028 10033 0801 10027 0843 0156 0190 0801 0156 0900 0181 0245 0801 0181 0900 0169 0147 0126 0107 0095 0101 0097 0117 //// 10278 ///// ///// ////
000000000000000000000000000000000000000000000000000000000000000000000000000000000000000000000000000000000000000000000000=
57173 334500 1125300 01457 01468 4
20100325090000 337 060 338 052 341 059 0814 330 060 344 096 0809 0000 0143 0147 0808 0143 0900 012 011 0803 020 -147 10088 10095 0801 10088 0900 0170 0214 0805 0170 0900 0191 0253 0801 0191 0900 0174 0148 0124 0106 0098 0102 0104 0133 //// 10268 ///// ///// ////
000000000000000000000000000000000000000000000000000000000000000000000000000000000000000000000000000000000000000000000000=
57180 335900 1131200 01175 01186 4
20100325090000 290 031 299 038 279 059 0808 293 029 259 084 0804 0000 0135 0139 0801 0134 0855 016 012 0851 025 -118 10128 10134 0801 10128 0900 0174 0213 0801 0174 0900 0209 0280 0801 0209 0900 0196 0169 0137 0113 0098 0099 0101 0130 //// 10274 ///// ///// ////
000000000000000000000000000000000000000000000000000000000000000000000000000000000000000000000000000000000000000000000000=
57181 335300 1130300 01364 01380 4
20100325090000 343 038 348 046 333 065 0803 353 030 344 095 0802 0000 0131 0137 0806 0131 0900 018 015 0844 027 -107 10108 10115 0805 10108 0900 0152 0194 0806 0152 0859 0203 0265 0804 0202 0859 0187 0157 0127 0108 0096 0100 0102 0129 //// 10278 ///// ///// ////
000000000000000000000000000000000000000000000000000000000000000000000000000000000000000000000000000000000000000000000000
300 004 000 000 7000 /////////////////////CIE 002 0000 6///1 0//// 7//// 1//// 2//// 3//// /// /// /// // 911// 915// 919// 934// 939//=
57171 334600 1130700 01420 01430 4
20100325090000 339 075 338 081 339 094 0840 350 067 344 126 0816 0000 0133 0138 0807 0133 0900 017 013 0809 026 -112 10093 10101 0801 10092 0845 0165 0196 0804 0165 0900 0196 0252 0804 0196 0900 0171 0153 0132 0116 0104 0110 0114 0124 //// 10268 ///// ///// ////
000000000000000000000000000000000000000000000000000000000000000000000000000000000000000000000000000000000000000000000000=
57175 330300 1121400 01914 01922 4
20100325090000 271 031 280 022 267 030 0814 271 030 271 050 0810 0000 0152 0155 0854 0150 0842 018 014 0855 031 -090 10042 10045 0813 10041 0852 0171 0211 0801 0171 0900 0211 0257 0801 0211 0900 0200 0174 0143 0122 0104 0107 0111 0138 //// 10277 ///// ///// ////
000000000000000000000000000000000000000000000000000000000000000000000000000000000000000000000000000000000000000000000000=
57156 331800 1113000 02503 02523 4
20100325090000 290 023 267 019 251 021 0804 285 020 271 036 0802 0000 0148 0152 0840 0148 0900 013 013 0842 022 -134 09965 09971 0803 09965 0900 0127 0144 0825 0127 0900 0185 0224 0802 0185 0900 0156 0136 0119 0108 0101 0110 0117 0142 //// 10272 ///// ///// ////
000000000000000000000000000000000000000000000000000000000000000000000000000000000000000000000000000000000000000000000000
250 10- 000 000 6300 /////////////////////CIE 002 0000 6///1 0//// 7//// 1//// 2//// 3//// /// /// /// // 911// 915// 919// 934// 939//=
57271 323300 1122300 00879 00897 4
20100325090000 110 028 107 029 093 036 0801 113 032 097 049 0843 0000 0133 0144 0821 0133 0859 036 028 0809 055 -014 10170 10173 0802 10170 0859 0149 0207 0819 0149 0859 0156 0206 0819 0156 0900 0160 0150 0133 0120 0100 0106 0114 0139 //// 10281 ///// ///// ////
000000000000000000000000000000000000000000000000000000000000000000000000000000000000000000000000000000000000000000000000=
57261 330700 1113100 02330 02345 4
20100325090000 168 008 138 010 126 026 0810 166 008 107 042 0822 0000 0151 0154 0817 0149 0849 012 011 0803 021 -141 09980 09985 0801 09980 0900 0171 0199 0831 0166 0846 0175 0203 0801 0175 0900 0159 0142 0125 0111 0109 0121 0128 //// //// 10266 ///// ///// ////
000000000000000000000000000000000000000000000000000000000000000000000000000000000000000000000000000000000000000000000000=
57285 322300 1132500 01530 01492 4
20100325090000 042 029 035 028 356 032 0806 057 035 327 063 0803 0000 0129 0140 0813 0129 0900 017 015 0852 025 -116 10104 10104 0817 10102 0801 0144 0217 0811 0141 0858 0173 0223 0804 0172 0858 0165 0147 0130 0117 0101 0107 0110 0134 //// 10287 ///// ///// ////
000000000000000000000000000000000000000000000000000000000000000000000000000000000000000000000000000000000000000000000000
200 009 000 000 6000 //////////////////CIECII 002 0000 6///1 0//// 7//// 1//// 2//// 3//// /// /// /// // 911// 915// 919// 934// 939//=
57273 324100 1125100 01095 01105 4
20100325090000 079 034 084 031 069 037 0802 091 026 068 059 0808 0000 0128 0137 0827 0128 0900 032 022 0809 047 -035 10145 10148 0811 10145 0900 0137 0166 0809 0137 0900 0156 0204 0808 0156 0900 0150 0138 0123 0112 0107 0111 0112 0136 //// 10281 ///// ///// ////
000000000000000000000000000000000000000000000000000000000000000000000000000000000000000000000000000000000000000000000000=
57187 330400 1125600 01180 01193 4
20100325090000 103 028 105 027 096 038 0812 065 035 110 055 0810 0000 0132 0137 0801 0131 0848 025 018 0802 038 -064 10125 10128 0804 10125 0900 0156 0191 0801 0152 0847 0165 0206 0801 0165 0900 0154 0131 0119 0109 0107 0110 0110 0131 //// 10273 ///// ///// ////
000000000000000000000000000000000000000000000000000000000000000000000000000000000000000000000000000000000000000000000000=
57178 330200 1123500 01292 01305 4
20100325090000 114 037 113 034 112 037 0828 133 035 107 053 0812 0000 0135 0144 0801 0135 0900 025 019 0801 039 -061 10119 10121 0810 10118 0834 0168 0214 0804 0168 0900 0159 0196 0803 0159 0900 0150 0139 0123 0111 0105 0108 0110 0132 0002 10279 ///// ///// ////
000000000000000000000000000000000000000000000000000000000000000000000000000000000000000000000000000000000000000000000000
230 10- 000 000 6600 /////////////////////CIE 002 0000 6///1 0//// 7//// 1//// 2//// 3//// /// /// /// // 911// 915// 919// 934// 939//=
57169 330300 1115200 01591 01600 4
20100325090000 279 043 281 052 282 062 0814 293 059 296 079 0808 0000 0146 0157 0830 0146 0900 021 017 0813 035 -075 10077 10081 0801 10077 0851 0131 0150 0831 0131 0900 0162 0202 0828 0161 0859 0157 0143 0129 0115 0102 0105 0108 0133 //// 10273 ///// ///// ////
000000000000000000000000000000000000000000000000000000000000000000000000000000000000000000000000000000000000000000000000=
57176 332900 1122500 02311 02304 4
20100325090000 178 030 190 031 237 034 0809 192 030 192 054 0857 0000 0148 0158 0801 0148 0900 017 013 0819 029 -100 09992 09993 0815 09991 0847 0171 0227 0801 0171 0900 0154 0205 0801 0154 0900 0159 0148 0132 0118 0107 0112 0113 0130 //// 10273 ///// ///// ////
000000000000000000000000000000000000000000000000000000000000000000000000000000000000000000000000000000000000000000000000=
57179 331700 1130000 01604 01616 4
20100325090000 067 023 067 034 061 050 0845 071 023 063 076 0843 0000 0130 0135 0820 0128 0849 021 018 0828 031 -088 10079 10082 0810 10077 0843 0177 0209 0803 0156 0838 0134 0161 0803 0129 0838 0125 0118 0109 0102 0100 0104 0105 0132 //// 10278 ///// ///// ////
000000000000000000000000000000000000000000000000000000000000000000000000000000000000000000000000000000000000000000000000=
57274 324200 1120700 01076 01088 4
20100325090000 303 012 299 017 275 032 0819 293 015 308 055 0802 0000 0152 0163 0813 0152 0854 020 014 0801 035 -076 10141 10144 0802 10141 0900 0183 0263 0812 0180 0852 0189 0256 0805 0189 0850 0179 0162 0143 0127 0110 0115 0116 0140 //// 10275 ///// ///// ////
000000000000000000000000000000000000000000000000000000000000000000000000000000000000000000000000000000000000000000000000=
57065 343000 1121100 01949 01964 4
20100325090000 268 040 276 052 271 067 0806 282 064 268 118 0802 0000 0140 0142 0801 0139 0819 010 010 0854 016 -172 10037 10041 0811 10037 0854 0147 0174 0801 0147 0859 0217 0256 0801 0212 0856 0181 0158 0133 0116 0097 0103 0110 0138 //// 10277 ///// ///// ////
000000000000000000000000000000000000000000000000000000000000000000000000000000000000000000000000000000000000000000000000=
57074 342500 1122500 01973 01989 4
20100325090000 298 033 298 037 282 047 0855 282 043 308 096 0823 0000 0140 0144 0812 0139 0825 012 012 0854 019 -150 10035 10039 0812 10035 0857 0180 0193 0811 0168 0834 0194 0256 0801 0190 0851 0171 0150 0127 0112 0101 0102 0103 0125 //// 10277 ///// ///// ////
000000000000000000000000000000000000000000000000000000000000000000000000000000000000000000000000000000000000000000000000=
57076 344400 1124700 01895 01901 4
20100325090000 278 046 276 048 262 064 0821 268 031 276 091 0839 0000 0139 0140 0811 0137 0801 010 010 0900 016 -172 10036 10041 0801 10036 0900 0178 0219 0806 0178 0900 0226 0281 0809 0226 0900 0180 0156 0123 0103 0088 0089 0090 0120 //// 10268 ///// ///// ////
000000000000000000000000000000000000000000000000000000000000000000000000000000000000000000000000000000000000000000000000=
57070 344400 1120700 03640 03595 4
20100325090000 279 080 288 069 273 081 0808 282 086 271 118 0837 0000 0125 0133 0805 0125 0859 014 014 0842 020 -143 09836 09840 0811 09836 0900 0171 0195 0806 0171 0900 0200 0249 0806 0200 0900 0164 0137 0113 0098 0088 0092 0095 0122 //// 10271 ///// ///// ////
000000000000000000000000000000000000000000000000000000000000000000000000000000000000000000000000000000000000000000000000=
57162 340900 1120500 03258 03275 4
20100325090000 332 012 326 014 282 021 0842 336 014 260 038 0831 0000 0138 0145 0811 0137 0859 011 010 0803 017 -162 09877 09882 0801 09877 0900 0184 0245 0801 0175 0836 0214 0285 0801 0212 0851 0189 0155 0126 0105 0093 0097 0102 0132 //// 10275 ///// ///// ////
000000000000000000000000000000000000000000000000000000000000000000000000000000000000000000000000000000000000000000000000=
57078 340900 1122800 03365 03340 4
20100325090000 304 044 302 039 296 060 0812 302 044 282 104 0807 0000 0126 0129 0805 0126 0831 011 010 0812 016 -171 09871 09877 0811 09871 0859 0166 0220 0803 0165 0856 0179 0230 0803 0179 0900 0166 0143 0118 0100 0093 0098 0098 0118 //// 10275 ///// ///// ////
000000000000000000000000000000000000000000000000000000000000000000000000000000000000000000000000000000000000000000000000=
57071 344900 1122600 03333 03332 4
20100325090000 205 039 194 045 228 061 0842 192 032 237 101 0835 0000 0128 0131 0821 0125 0837 011 011 0806 016 -170 09869 09872 0802 09868 0852 0181 0212 0804 0174 0858 0208 0266 0804 0208 0858 0176 0149 0123 0104 0086 0088 0092 0119 //// 10272 ///// ///// ////
000000000000000000000000000000000000000000000000000000000000000000000000000000000000000000000000000000000000000000000000
250 000 000 000 //// //////////////////////// /// 0000 6///1 0//// 7//// 1//// 2//// 3//// /// /// /// // 911// 915// 919// 934// 939//=
57066 342300 1114000 03283 03298 4
20100325090000 155 014 238 014 360 018 0801 128 009 198 049 0824 0000 0141 0145 0850 0137 0812 013 012 0801 021 -139 09877 09881 0809 09877 0859 0164 0214 0838 0161 0855 0214 0280 0802 0214 0900 0185 0148 0117 0097 0088 0091 0091 0116 //// 10275 ///// ///// ////
000000000000000000000000000000000000000000000000000000000000000000000000000000000000000000000000000000000000000000000000=
57077 334700 1113900 07424 07388 4
20100325090000 262 023 253 024 248 058 0811 279 021 263 092 0806 0000 0106 0106 0850 0104 0834 014 013 0837 018 -158 09401 09405 0832 09401 0900 0154 0183 0801 0153 0843 0139 0173 0801 0139 0900 0118 0104 0086 0075 0078 0086 0091 0116 //// 10285 ///// ///// ////
000000000000000000000000000000000000000000000000000000000000000000000000000000000000000000000000000000000000000000000000=
57185 332700 1133500 00911 00921 4
20100325090000 118 027 107 025 077 031 0830 130 023 113 045 0845 0000 0106 0120 0819 0106 0900 046 039 0808 059 -005 10168 10174 0801 10167 0850 0143 0243 0801 0142 0852 0132 0194 0804 0132 0900 0145 0133 0118 0100 0103 0103 0101 0123 //// 10283 ///// ///// ////
000000000000000000000000000000000000000000000000000000000000000000000000000000000000000000000000000000000000000000000000=
57183 334800 1135500 00600 00615 4
20100325090000 145 011 129 013 067 019 0802 153 011 105 026 0842 0000 0121 0130 0818 0120 0851 034 031 0815 048 -033 10204 10210 0802 10204 0900 0176 0220 0823 0176 0900 0185 0229 0801 0185 0900 0166 0145 0125 0112 0100 0099 0098 0122 //// 10280 ///// ///// ////
000000000000000000000000000000000000000000000000000000000000000000000000000000000000000000000000000000000000000000000000=
57186 333600 1140300 00587 00598 4
20100325090000 091 013 075 013 345 025 0825 066 011 347 037 0822 0000 0126 0131 0804 0124 0838 028 027 0820 041 -054 10209 10215 0801 10209 0900 0162 0221 0805 0162 0900 0197 0255 0805 0197 0900 0181 0154 0128 0113 0101 0102 0103 0133 //// 10283 ///// ///// ////
000000000000000000000000000000000000000000000000000000000000000000000000000000000000000000000000000000000000000000000000=
57191 342900 1142900 00634 00642 4
20100325090000 070 014 081 016 089 019 0854 112 008 032 047 0819 0000 0106 0114 0818 0106 0900 034 032 0802 043 -046 10203 10209 0801 10203 0900 0104 0117 0801 0103 0858 0114 0167 0801 0114 0900 0130 0124 0113 0102 0095 0093 0095 0124 //// 10283 ///// ///// ////
000000000000000000000000000000000000000000000000000000000000000000000000000000000000000000000000000000000000000000000000=
57096 343200 1144700 00597 00607 4
20100325090000 075 022 068 019 003 029 0801 079 032 059 042 0819 0000 0102 0113 0819 0102 0900 034 031 0805 042 -050 10205 10211 0803 10205 0900 0124 0194 0802 0124 0900 0173 0257 0802 0173 0900 0185 0158 0127 0110 0101 0100 0101 0128 //// 10281 ///// ///// ////
000000000000000000000000000000000000000000000000000000000000000000000000000000000000000000000000000000000000000000000000=
57091 344700 1141800 00737 00748 4
20100325090000 106 026 093 021 070 024 0848 096 025 068 038 0847 0000 0111 0117 0831 0108 0816 029 026 0801 038 -063 10184 10192 0801 10184 0900 0125 0189 0801 0125 0900 0207 0284 0801 0207 0900 0191 0158 0129 0108 0102 0101 0102 0123 //// 10277 ///// ///// ////
000000000000000000000000000000000000000000000000000000000000000000000000000000000000000000000000000000000000000000000000
180 001 000 000 //// //////////////////CIECII 002 0000 6///1 0//// 7//// 1//// 2//// 3//// /// /// /// // 911// 915// 919// 934// 939//=
53978 350500 1123800 01401 01409 4
20100325090000 280 072 279 056 279 066 0852 277 089 274 100 0846 0000 0143 0148 0816 0142 0852 013 013 0814 021 -138 10091 10095 0805 10090 0855 0186 0226 0816 0181 0850 0215 0280 0801 0215 0900 0199 0175 0145 0123 0091 0092 0097 0125 //// 10263 ///// ///// ////
000000000000000000000000000000000000000000000000000000000000000000000000000000000000000000000000000000000000000000000000=
53987 350600 1132500 00910 00918 4
20100325090000 124 025 133 030 123 043 0822 139 030 128 061 0812 0000 0127 0128 0852 0122 0815 030 026 0856 044 -044 10155 10159 0810 10155 0900 0173 0193 0801 0172 0859 0205 0251 0801 0205 0900 0192 0170 0147 0126 0098 0098 0101 0127 //// 10268 ///// ///// ////
000000000000000000000000000000000000000000000000000000000000000000000000000000000000000000000000000000000000000000000000=
57079 345700 1130200 01064 01069 4
20100325090000 263 057 264 057 267 063 0802 257 063 266 092 0801 0000 0138 0141 0801 0135 0818 014 013 0802 022 -132 10132 10138 0801 10132 0900 0174 0197 0808 0174 0900 0195 0259 0801 0195 0900 0167 0148 0126 0109 0093 0096 0095 0119 //// 10263 ///// ///// ////
000000000000000000000000000000000000000000000000000000000000000000000000000000000000000000000000000000000000000000000000=
53972 350700 1125500 01196 01210 4
20100325090000 248 033 252 028 259 038 0842 234 035 229 063 0805 0000 0149 0149 0900 0144 0850 011 011 0900 019 -153 10117 10120 0801 10116 0850 0192 0239 0801 0192 0900 0219 0297 0801 0219 0900 0196 0173 0149 0125 0095 0098 0109 0136 //// 10264 ///// ///// ////
000000000000000000000000000000000000000000000000000000000000000000000000000000000000000000000000000000000000000000000000=
57072 345500 1124500 01275 01285 4
20100325090000 245 053 253 046 246 057 0804 245 043 245 095 0803 0000 0142 0143 0806 0140 0853 010 009 0808 016 -170 10109 10114 0801 10109 0900 0186 0211 0805 0183 0852 0211 0278 0801 0211 0900 0179 0152 0124 0106 0084 0086 0086 0113 //// 10266 ///// ///// ////
000000000000000000000000000000000000000000000000000000000000000000000000000000000000000000000000000000000000000000000000=
53982 351400 1131600 01120 01135 4
20100325090000 086 018 094 021 118 030 0832 096 011 120 061 0827 0000 0133 0141 0823 0130 0842 031 025 0823 047 -035 10126 10131 0801 10125 0841 0142 0169 0801 0142 0900 0229 0298 0802 0229 0900 0194 0169 0140 0121 0096 0098 0101 0131 //// 10265 ///// ///// ////
000000000000000000000000000000000000000000000000000000000000000000000000000000000000000000000000000000000000000000000000=
53979 350900 1130500 01200 01211 4
20100325090000 271 054 272 045 297 052 0841 276 077 276 077 0900 0000 0149 0151 0805 0148 0801 010 009 0807 017 -165 10116 10120 0801 10116 0900 0191 0231 0802 0191 0900 0232 0306 0802 0232 0900 0199 0168 0139 0117 0097 0099 0104 0131 //// 10264 ///// ///// ////
000000000000000000000000000000000000000000000000000000000000000000000000000000000000000000000000000000000000000000000000=
53974 353700 1141100 00723 00739 4
20100325090000 135 015 143 025 200 027 0801 133 017 147 047 0854 0000 0095 0101 0844 0094 0803 038 037 0818 045 -041 10185 10193 0802 10185 0900 0126 0179 0817 0126 0859 0158 0208 0806 0158 0900 0168 0149 0128 0112 0090 0091 0097 0124 //// 10277 ///// ///// ////
000000000000000000000000000000000000000000000000000000000000000000000000000000000000000000000000000000000000000000000000=
53990 354300 1141900 00795 00805 4
20100325090000 184 031 176 033 161 048 0807 175 028 175 092 0806 0000 0091 0096 0801 0090 0842 042 038 0814 049 -031 10177 10183 0801 10176 0855 0131 0160 0801 0129 0851 0179 0249 0801 0179 0900 0161 0137 0111 0098 0089 0085 0083 0110 //// 10278 ///// ///// ////
000000000000000000000000000000000000000000000000000000000000000000000000000000000000000000000000000000000000000000000000=
53991 355600 1142100 00743 00753 4
20100325090000 153 041 143 034 145 040 0847 176 047 127 067 0848 0000 0092 0098 0801 0089 0848 036 033 0801 042 -051 10182 10187 0805 10182 0900 0123 0166 0821 0112 0845 0161 0210 0822 0157 0846 0167 0149 0120 0106 0086 0084 0087 0118 //// 10276 ///// ///// ////
000000000000000000000000000000000000000000000000000000000000000000000000000000000000000000000000000000000000000000000000=
53889 360400 1134900 03068 03086 4
20100325090000 108 047 108 048 094 061 0847 092 039 097 089 0844 0000 0096 0124 0822 0096 0900 033 015 0815 039 -059 09883 09886 0801 09882 0845 0124 0203 0814 0123 0858 0178 0273 0801 0178 0900 0183 0175 0157 0138 0077 0075 0088 0098 //// 10263 ///// ///// ////
000000000000000000000000000000000000000000000000000000000000000000000000000000000000000000000000000000000000000000000000=
53995 353300 1143000 00625 00645 4
20100325090000 129 022 129 023 126 024 0802 130 034 142 041 0856 0000 0094 0098 0846 0092 0801 037 034 0840 044 -045 10198 10204 0801 10198 0900 0141 0171 0836 0135 0806 0188 0220 0801 0188 0900 0184 0167 0140 0119 0089 0087 0087 0116 //// 10279 ///// ///// ////
000000000000000000000000000000000000000000000000000000000000000000000000000000000000000000000000000000000000000000000000=
NNNN
