57290 330000 1140100 00827 00838 4
20100502020000 273 025 262 024 256 027 0147 268 031 243 058 0152 0000 0277 0277 0200 0262 0107 058 057 0153 215 0187 09994 09996 0109 09993 0153 0336 0336 0200 0274 0101 0388 0388 0200 0320 0101 0251 0212 0198 0196 0170 0146 0131 0135 //// 10090 ///// ///// ////
000000000000000000000000000000000000000000000000000000000000000000000000000000000000000000000000000000000000000000000000=
57188 332200 1140200 00559 00568 4
20100502020000 195 036 193 037 189 045 0131 195 027 192 068 0127 0000 0268 0268 0200 0244 0101 063 063 0156 222 0192 10020 10022 0106 10019 0141 0312 0312 0200 0270 0101 0423 0423 0200 0348 0101 0242 0203 0195 0190 0146 0132 0124 0134 //// 10086 ///// ///// ////
000000000000000000000000000000000000000000000000000000000000000000000000000000000000000000000000000000000000000000000000=
57293 324400 1145900 00380 00391 4
20100502020000 208 031 204 035 196 044 0149 217 047 214 069 0127 0000 0264 0264 0200 0244 0101 069 065 0145 237 0203 10057 10059 0102 10057 0200 0366 0367 0159 0320 0105 0407 0407 0200 0337 0101 0250 0213 0201 0195 0183 0157 0136 0136 //// 10102 ///// ///// ////
000000000000000000000000000000000000000000000000000000000000000000000000000000000000000000000000000000000000000000000000=
57281 324200 1131800 01422 01431 4
20100502020000 230 016 227 025 220 036 0151 212 015 201 063 0147 0000 0275 0275 0200 0243 0101 059 057 0152 217 0188 09934 09934 0130 09933 0102 0388 0388 0200 0352 0101 0390 0390 0200 0323 0101 0244 0207 0195 0190 0161 0138 0129 0134 //// 10099 ///// ///// ////
000000000000000000000000000000000000000000000000000000000000000000000000000000000000000000000000000000000000000000000000=
57196 332800 1145200 00420 00428 4
20100502020000 204 038 203 042 203 045 0159 226 022 198 064 0152 0000 0255 0255 0200 0233 0101 068 066 0155 222 0192 10043 10044 0101 10042 0146 0316 0324 0147 0294 0101 0343 0343 0200 0281 0101 0226 0193 0180 0176 0150 0135 0127 0132 //// 10093 ///// ///// ////
000000000000000000000000000000000000000000000000000000000000000000000000000000000000000000000000000000000000000000000000=
57198 333300 1143700 00463 00473 4
20100502020000 202 033 200 032 196 034 0131 209 032 186 059 0145 0000 0264 0264 0200 0242 0101 063 063 0200 217 0188 10035 10037 0101 10034 0127 0369 0373 0155 0322 0101 0383 0383 0200 0310 0101 0245 0203 0189 0186 0157 0143 0131 0139 //// 10090 ///// ///// ////
000000000000000000000000000000000000000000000000000000000000000000000000000000000000000000000000000000000000000000000000=
57192 334400 1145100 00455 00466 4
20100502020000 206 023 207 026 203 030 0145 246 026 223 057 0149 0000 0267 0267 0200 0244 0101 060 059 0159 210 0183 10033 10036 0101 10032 0147 0365 0365 0200 0301 0101 0349 0349 0200 0287 0101 0240 0206 0196 0193 0172 0149 0134 0141 //// 10087 ///// ///// ////
000000000000000000000000000000000000000000000000000000000000000000000000000000000000000000000000000000000000000000000000=
58100 333900 1151000 00414 00424 4
20100502020000 216 029 215 029 206 032 0136 125 024 190 062 0130 0000 0264 0264 0200 0244 0101 060 059 0156 206 0180 10041 10044 0102 10040 0155 0338 0338 0200 0303 0105 0436 0436 0200 0373 0101 0280 0225 0207 0202 0181 0154 0139 0141 //// 10090 ///// ///// ////
000000000000000000000000000000000000000000000000000000000000000000000000000000000000000000000000000000000000000000000000=
57095 340700 1140900 00611 00622 4
20100502020000 227 027 224 025 215 034 0134 206 023 231 068 0133 0000 0263 0263 0200 0237 0101 063 063 0200 216 0187 10007 10009 0101 10007 0200 0403 0403 0200 0324 0101 0403 0403 0159 0319 0101 0251 0193 0190 0186 0161 0141 0126 0129 //// 10079 ///// ///// ////
000000000000000000000000000000000000000000000000000000000000000000000000000000000000000000000000000000000000000000000000=
57089 340200 1135200 00668 00681 4
20100502020000 215 037 213 040 219 047 0109 198 031 209 091 0109 0000 0252 0252 0200 0236 0101 066 066 0154 212 0184 10000 10004 0120 10000 0200 0317 0318 0159 0276 0104 0355 0355 0200 0291 0101 0237 0203 0192 0186 0160 0138 0127 0132 //// 10079 ///// ///// ////
000000000000000000000000000000000000000000000000000000000000000000000000000000000000000000000000000000000000000000000000=
57297 320800 1140300 01145 01154 4
20100502020000 202 058 200 067 209 069 0101 167 023 198 124 0133 0000 0275 0276 0145 0262 0101 057 057 0147 209 0182 09965 09971 0110 09965 0158 0357 0373 0146 0332 0101 0405 0410 0158 0345 0101 0277 0234 0217 0209 0183 0160 0141 //// //// 10097 ///// ///// ////
000000000000000000000000000000000000000000000000000000000000000000000000000000000000000000000000000000000000000000000000=
57296 322100 1144400 00489 00501 4
20100502020000 207 040 218 036 220 042 0129 206 056 234 069 0137 0000 0270 0270 0200 0255 0101 058 058 0200 207 0180 10046 10047 0109 10045 0101 0335 0343 0159 0315 0111 0433 0433 0159 0370 0101 0258 0217 0203 0199 0183 0155 0136 0133 //// 10104 ///// ///// ////
000000000000000000000000000000000000000000000000000000000000000000000000000000000000000000000000000000000000000000000000=
57396 313800 1145100 01287 01297 4
20100502020000 207 058 205 066 208 071 0155 262 036 198 103 0155 0000 0272 0272 0200 0259 0101 051 050 0147 184 0162 09964 09967 0105 09963 0153 0336 0343 0139 0314 0101 0405 0405 0200 0352 0101 0259 0215 0200 0194 0187 0156 //// //// //// 10113 ///// ///// ////
000000000000000000000000000000000000000000000000000000000000000000000000000000000000000000000000000000000000000000000000=
58207 321000 1150300 00428 00440 4
20100502020000 203 034 206 043 209 053 0144 223 024 211 086 0106 0000 0280 0280 0200 0263 0101 050 049 0155 189 0166 10052 10053 0119 10051 0153 0363 0368 0150 0327 0101 0236 0236 0200 0211 0101 0395 0203 0191 0186 0158 0144 0133 0139 //// 10103 ///// ///// ////
000000000000000000000000000000000000000000000000000000000000000000000000000000000000000000000000000000000000000000000000=
58205 322800 1152600 00349 00360 4
20100502020000 218 032 223 035 226 041 0149 187 034 245 069 0144 0000 0282 0282 0200 0263 0101 051 051 0200 195 0171 10062 10063 0101 10061 0132 0349 0352 0159 0319 0109 0315 0315 0200 0276 0101 0266 0238 0218 0205 0175 0154 0138 0126 //// 10104 ///// ///// ////
000000000000000000000000000000000000000000000000000000000000000000000000000000000000000000000000000000000000000000000000=
57299 320100 1145400 00494 00506 4
20100502020000 188 048 188 050 191 063 0143 172 041 197 113 0133 0000 0277 0277 0200 0260 0101 053 053 0200 197 0173 10046 10047 0101 10046 0200 0362 0364 0159 0330 0135 0385 0386 0159 0327 0101 0282 0246 0221 0206 0185 0154 0134 0132 //// 10104 ///// ///// ////
000000000000000000000000000000000000000000000000000000000000000000000000000000000000000000000000000000000000000000000000=
53997 350900 1141100 00711 00723 4
20100502020000 215 030 216 033 206 040 0152 192 024 203 060 0140 0000 0254 0254 0200 0232 0101 066 064 0147 214 0186 09981 09984 0101 09981 0200 0292 0292 0200 0244 0101 0373 0373 0200 0306 0101 0233 0200 0182 0181 0152 0135 0121 0125 //// 10064 ///// ///// ////
000000000000000000000000000000000000000000000000000000000000000000000000000000000000000000000000000000000000000000000000=
53994 352300 1140400 00700 00712 4
20100502020000 231 037 235 035 235 039 0135 201 048 223 057 0132 0000 0257 0257 0200 0234 0101 054 054 0200 178 0157 09978 09980 0101 09978 0200 0361 0367 0158 0328 0105 0438 0441 0158 0373 0101 0240 0192 0179 0174 0152 0131 0121 0129 //// 10060 ///// ///// ////
000000000000000000000000000000000000000000000000000000000000000000000000000000000000000000000000000000000000000000000000=
53985 352700 1134900 00964 00979 4
20100502020000 301 016 285 018 278 019 0157 297 012 288 037 0146 0000 0252 0252 0200 0216 0101 055 054 0157 176 0155 09948 09952 0101 09948 0200 0338 0348 0136 0317 0101 0380 0386 0152 0328 0101 0210 0191 0180 0178 0163 0136 0119 0122 //// 10061 ///// ///// ////
000000000000000000000000000000000000000000000000000000000000000000000000000000000000000000000000000000000000000000000000=
53983 350200 1142500 00696 00708 4
20100502020000 199 045 201 049 215 052 0114 192 041 206 071 0141 0000 0256 0256 0200 0242 0101 070 069 0154 230 0197 09985 09987 0101 09985 0200 0329 0329 0200 0297 0113 0393 0393 0200 0330 0101 0254 0203 0184 0179 0141 0127 0117 0126 //// 10067 ///// ///// ////
000000000000000000000000000000000000000000000000000000000000000000000000000000000000000000000000000000000000000000000000=
57171 334600 1130700 01420 01430 4
20100502020000 189 055 189 053 189 053 0200 197 056 189 067 0158 0000 0254 0254 0200 0239 0101 065 065 0200 211 0183 09910 09915 0101 09910 0200 0308 0309 0151 0285 0108 0343 0344 0158 0310 0102 0262 0212 0198 0192 0186 0165 0142 0137 //// 10074 ///// ///// ////
000000000000000000000000000000000000000000000000000000000000000000000000000000000000000000000000000000000000000000000000=
53984 351400 1132800 00827 00837 4
20100502020000 244 045 239 049 235 056 0151 251 053 237 087 0149 0000 0259 0259 0200 0233 0101 047 047 0200 157 0137 09964 09968 0101 09964 0200 0322 0322 0200 0260 0101 0390 0390 0200 0317 0101 0221 0190 0176 0177 0163 0141 0124 0125 //// 10061 ///// ///// ////
000000000000000000000000000000000000000000000000000000000000000000000000000000000000000000000000000000000000000000000000=
53972 350700 1125500 01196 01210 4
20100502020000 247 023 245 021 240 023 0155 251 025 257 042 0145 0000 0252 0252 0200 0229 0101 052 047 0140 167 0147 09929 09932 0101 09928 0152 0286 0286 0200 0235 0101 0439 0439 0200 0353 0101 0232 0201 0190 0187 0163 0145 0133 0139 //// 10068 ///// ///// ////
000000000000000000000000000000000000000000000000000000000000000000000000000000000000000000000000000000000000000000000000=
53993 355600 1145500 00516 00524 4
20100502020000 215 042 212 044 211 045 0159 172 037 190 071 0150 0000 0265 0265 0200 0239 0101 053 052 0158 183 0161 09988 09990 0102 09987 0157 0346 0346 0200 0303 0101 0400 0400 0200 0324 0101 0231 0195 0180 0175 0168 0137 0116 0114 //// 10048 ///// ///// ////
000000000000000000000000000000000000000000000000000000000000000000000000000000000000000000000000000000000000000000000000=
53898 360300 1142400 00629 00638 4
20100502020000 173 027 166 022 166 022 0200 181 029 198 041 0107 0000 0269 0269 0200 0248 0101 056 055 0129 198 0174 09969 09973 0109 09969 0159 0480 0494 0154 0435 0110 0435 0435 0200 0353 0101 0227 0194 0181 0176 0139 0121 0112 0119 //// 10043 ///// ///// ////
000000000000000000000000000000000000000000000000000000000000000000000000000000000000000000000000000000000000000000000000=
NNNN
