57090 344300 1135800 00781 00802 4
20100325170000 182 015 184 013 169 020 1624 156 014 156 043 1622 0000 0045 0056 1602 0045 1700 062 056 1601 052 -021 10171 10176 1603 10171 1700 -004 0027 1605 -010 1657 0016 0026 1601 0016 1658 0071 0096 0105 0111 0104 0093 0087 0119 //// 10271 ///// ///// ////
000000000000000000000000000000000000000000000000000000000000000000000000000000000000000000000000000000000000000000000000=
57083 344300 1133900 01104 01116 4
20100325170000 183 028 187 031 187 038 1631 181 022 214 062 1630 0000 0064 0066 1601 0063 1647 053 052 1601 051 -025 10131 10135 1601 10130 1658 0004 0015 1631 0000 1649 0029 0034 1601 0028 1649 0081 0097 0107 0114 0101 0099 0104 0126 0002 10269 ///// ///// ////
000000000000000000000000000000000000000000000000000000000000000000000000000000000000000000000000000000000000000000000000
120 000 000 /// //// //////////////////////// /// //// 6///1 0//// 7//// 1//// 2//// 3//// /// /// /// // 911// 915// 919// 934// 939//=
57086 342300 1134300 01166 01168 4
20100325170000 193 028 195 025 199 032 1646 164 015 192 052 1659 0000 0040 0044 1601 0039 1653 063 061 1601 051 -024 10130 10136 1601 10130 1659 0014 0014 1700 0006 1631 0024 0028 1601 0024 1658 0067 0092 0105 0110 0101 0095 0094 0116 //// 10275 ///// ///// ////
000000000000000000000000000000000000000000000000000000000000000000000000000000000000000000000000000000000000000000000000=
57085 343200 1132000 02599 02648 4
20100325170000 329 006 329 011 317 019 1650 308 007 313 026 1650 0000 0044 0050 1606 0037 1637 051 042 1602 043 -048 09945 09948 1601 09945 1657 0018 0027 1605 0007 1637 0004 0009 1606 0004 1700 0059 0088 0103 0108 0105 0098 0095 0121 //// 10270 ///// ///// ////
000000000000000000000000000000000000000000000000000000000000000000000000000000000000000000000000000000000000000000000000=
57081 344800 1132600 01409 01419 4
20100325170000 257 002 285 001 151 010 1601 248 003 279 013 1654 0000 0049 0057 1614 0047 1647 048 043 1633 042 -052 10091 10094 1610 10091 1700 -044 -019 1604 -046 1647 0004 0012 1604 0004 1659 0067 0091 0106 0109 0091 0094 0096 0117 //// 10267 ///// ///// ////
000000000000000000000000000000000000000000000000000000000000000000000000000000000000000000000000000000000000000000000000=
57084 343000 1130300 11784 11790 4
20100325170000 275 040 271 043 267 053 1609 293 038 273 074 1604 0000 0011 0015 1641 0011 1700 020 019 1621 013 -194 08884 08888 1601 08884 1700 -016 -008 1611 -020 1650 -022 -018 1607 -022 1700 0012 0040 0059 0065 0058 //// //// //// //// 10267 ///// ///// ////
000000000000000000000000000000000000000000000000000000000000000000000000000000000000000000000000000000000000000000000000=
57080 344400 1125800 01652 01661 4
20100325170000 226 006 240 005 240 005 1700 229 004 232 008 1657 0000 0029 0039 1601 0029 1700 037 028 1606 028 -104 10061 10066 1608 10061 1655 -042 -035 1615 -059 1648 -006 0002 1601 -006 1659 0069 0095 0107 0110 0093 0088 0089 0119 //// 10266 ///// ///// ////
000000000000000000000000000000000000000000000000000000000000000000000000000000000000000000000000000000000000000000000000=
57082 342800 1130100 04271 04284 4
20100325170000 051 020 048 014 102 026 1604 063 020 085 038 1603 0000 0035 0048 1601 0033 1655 057 049 1601 045 -042 09751 09755 1641 09751 1659 0012 0028 1605 -003 1656 0009 0018 1605 0008 1656 0063 0087 0101 0108 0095 0097 0101 //// //// 10273 ///// ///// ////
000000000000000000000000000000000000000000000000000000000000000000000000000000000000000000000000000000000000000000000000=
57295 323700 1142100 00785 00802 4
20100325170000 180 013 185 013 203 015 1608 192 008 181 031 1638 0000 0053 0059 1601 0051 1652 061 059 1601 054 -016 10187 10192 1605 10187 1659 -021 -006 1602 -025 1651 0023 0030 1601 0022 1658 0060 0079 0089 0097 0098 0099 0103 0127 //// 10287 ///// ///// ////
000000000000000000000000000000000000000000000000000000000000000000000000000000000000000000000000000000000000000000000000=
57189 330800 1135700 00646 00655 4
20100325170000 180 015 184 014 176 020 1601 181 013 181 027 1602 0000 0020 0034 1602 0020 1700 083 077 1602 059 -006 10201 10205 1603 10201 1659 -017 0007 1604 -017 1700 0011 0019 1602 0011 1700 0050 0072 0085 0093 0095 0096 0099 0122 //// 10283 ///// ///// ////
000000000000000000000000000000000000000000000000000000000000000000000000000000000000000000000000000000000000000000000000=
57194 331700 1141600 00598 00609 4
20100325170000 185 037 185 038 186 043 1648 173 036 175 063 1624 0000 0054 0056 1602 0053 1656 070 068 1601 063 0004 10207 10209 1609 10207 1649 0036 0040 1646 0034 1652 0023 0025 1602 0022 1639 0063 0079 0090 0095 0095 0095 0099 0126 //// 10283 ///// ///// ////
000000000000000000000000000000000000000000000000000000000000000000000000000000000000000000000000000000000000000000000000=
57294 325000 1140100 00836 00846 4
20100325170000 219 011 213 010 224 020 1610 218 011 223 031 1602 0000 0040 0048 1634 0040 1700 074 071 1633 060 -002 10177 10181 1626 10177 1659 0009 0036 1608 0009 1700 0009 0017 1608 0009 1700 0048 0073 0088 0095 0097 0105 0103 0119 //// 10282 ///// ///// ////
000000000000000000000000000000000000000000000000000000000000000000000000000000000000000000000000000000000000000000000000=
57292 325800 1143800 00444 00453 4
20100325170000 187 020 187 024 169 030 1616 184 019 167 053 1616 0000 0055 0058 1611 0055 1655 064 063 1620 058 -008 10233 10235 1601 10232 1650 0032 0033 1620 0027 1601 0022 0024 1602 0021 1653 0052 0073 0086 0096 0099 0102 0106 0133 //// 10290 ///// ///// ////
000000000000000000000000000000000000000000000000000000000000000000000000000000000000000000000000000000000000000000000000=
57195 333700 1143700 00466 00476 4
20100325170000 226 021 227 020 227 020 1700 242 026 209 045 1619 0000 0056 0059 1601 0056 1700 060 059 1601 055 -015 10225 10228 1612 10225 1700 0039 0041 1620 0030 1609 0020 0022 1618 0020 1651 0050 0078 0096 0105 0102 0099 0102 0141 //// 10284 ///// ///// ////
000000000000000000000000000000000000000000000000000000000000000000000000000000000000000000000000000000000000000000000000=
57193 334700 1143100 00526 00541 4
20100325170000 188 018 176 019 177 021 1641 203 011 195 049 1658 0000 0050 0053 1610 0050 1658 064 062 1608 056 -012 10217 10221 1609 10217 1700 0017 0017 1642 -002 1617 0018 0021 1608 0018 1657 0060 0080 0094 0102 0103 0102 0105 0131 //// 10284 ///// ///// ////
000000000000000000000000000000000000000000000000000000000000000000000000000000000000000000000000000000000000000000000000=
58101 335200 1152900 00413 00428 4
20100325170000 174 019 172 017 176 019 1651 153 024 192 040 1643 0000 0039 0040 1646 0039 1700 064 063 1648 052 -023 10234 10237 1621 10234 1700 0006 0012 1649 -007 1624 -005 -002 1610 -006 1658 0045 0070 0088 0097 0099 0098 0100 0130 //// 10288 ///// ///// ////
000000000000000000000000000000000000000000000000000000000000000000000000000000000000000000000000000000000000000000000000=
57098 340500 1142400 00583 00593 4
20100325170000 177 024 173 024 169 026 1619 175 030 178 042 1616 0000 0035 0040 1621 0035 1700 071 068 1601 056 -013 10206 10210 1601 10206 1700 0007 0013 1620 -002 1603 0009 0013 1601 0009 1659 0035 0064 0083 0095 0103 0097 0098 0128 //// 10280 ///// ///// ////
000000000000000000000000000000000000000000000000000000000000000000000000000000000000000000000000000000000000000000000000=
57088 340900 1133000 01161 01177 4
20100325170000 204 016 191 015 177 016 1635 223 015 178 021 1633 0000 0030 0043 1605 0029 1636 076 070 1605 058 -008 10133 10138 1605 10133 1700 -014 -002 1601 -021 1645 -012 -003 1601 -013 1657 0052 0088 0107 0112 0100 0100 0103 0126 //// 10279 ///// ///// ////
000000000000000000000000000000000000000000000000000000000000000000000000000000000000000000000000000000000000000000000000=
57182 335100 1133000 00805 00814 4
20100325170000 154 020 142 020 190 024 1604 138 018 199 032 1603 0000 0039 0052 1601 0033 1642 072 066 1603 058 -007 10176 10178 1601 10175 1656 0010 0035 1605 -011 1640 0006 0022 1602 0005 1657 0073 0104 0117 0118 0107 0106 0108 0139 //// 10277 ///// ///// ////
000000000000000000000000000000000000000000000000000000000000000000000000000000000000000000000000000000000000000000000000=
57390 314800 1140400 07335 07347 4
20100325170000 121 030 122 029 122 029 1700 107 043 130 051 1654 0000 0038 0039 1650 0031 1641 033 033 1700 026 -110 09409 09413 1604 09409 1700 0022 0026 1649 0004 1613 -001 0000 1651 -003 1622 0031 0052 0068 0075 0075 0085 //// //// //// 10287 ///// ///// ////
000000000000000000000000000000000000000000000000000000000000000000000000000000000000000000000000000000000000000000000000=
58207 321000 1150300 00428 00440 4
20100325170000 105 008 112 012 118 015 1655 091 007 124 018 1652 0000 0035 0050 1601 0035 1700 087 082 1601 068 0015 10234 10241 1601 10234 1700 -009 0016 1601 -011 1633 0051 0057 1601 0051 1700 0000 0077 0089 0097 0103 0110 0113 0136 //// 10289 ///// ///// ////
000000000000000000000000000000000000000000000000000000000000000000000000000000000000000000000000000000000000000000000000=
58208 321000 1153700 00429 00439 4
20100325170000 140 011 144 011 143 011 1654 135 012 138 014 1653 0000 0046 0052 1601 0046 1700 075 068 1604 064 0006 10241 10246 1609 10241 1700 0006 0020 1610 0003 1603 0017 0025 1609 0017 1700 0045 0070 0082 0091 0102 0107 0113 0139 //// 10296 ///// ///// ////
000000000000000000000000000000000000000000000000000000000000000000000000000000000000000000000000000000000000000000000000=
53989 350300 1135700 00766 00777 4
20100325170000 178 032 179 032 173 035 1641 189 028 153 060 1633 0000 0050 0055 1604 0050 1700 059 056 1601 051 -023 10171 10175 1601 10171 1700 0026 0034 1602 0026 1700 0011 0017 1604 0011 1700 0065 0088 0101 0106 0095 0092 0096 0123 //// 10268 ///// ///// ////
000000000000000000000000000000000000000000000000000000000000000000000000000000000000000000000000000000000000000000000000=
53986 351900 1135300 00732 00740 4
20100325170000 065 013 063 007 073 007 1601 074 017 074 017 1700 0000 0028 0038 1601 0028 1700 074 068 1605 055 -014 10179 10182 1601 10179 1700 -050 -028 1603 -051 1656 -010 -002 1601 -010 1700 0059 0083 0096 0104 0097 0094 0099 0127 //// 10272 ///// ///// ////
000000000000000000000000000000000000000000000000000000000000000000000000000000000000000000000000000000000000000000000000=
53994 352300 1140400 00700 00712 4
20100325170000 051 008 058 009 056 014 1608 057 010 059 019 1602 0000 0040 0049 1601 0040 1700 065 060 1601 053 -020 10184 10186 1601 10183 1654 -051 -025 1609 -052 1639 -034 -021 1601 -034 1700 0047 0083 0100 0104 0093 0090 0095 0127 //// 10273 ///// ///// ////
000000000000000000000000000000000000000000000000000000000000000000000000000000000000000000000000000000000000000000000000=
53998 351200 1143900 00616 00625 4
20100325170000 153 032 155 031 155 038 1650 156 035 156 058 1636 0000 0042 0048 1601 0042 1700 060 055 1601 049 -029 10192 10198 1601 10192 1700 0016 0023 1627 0016 1700 0013 0017 1604 0013 1659 0063 0088 0101 0106 0101 0096 0096 0128 //// 10270 ///// ///// ////
000000000000000000000000000000000000000000000000000000000000000000000000000000000000000000000000000000000000000000000000=
57051 344800 1111200 04099 04117 4
20100325170000 094 013 095 014 092 017 1650 105 013 091 024 1654 0000 0024 0033 1601 0024 1653 041 030 1610 030 -095 09763 09768 1603 09763 1656 -045 -027 1624 -061 1606 -012 -007 1627 -013 1640 0054 0084 0098 0103 0087 0086 0087 0114 //// 10265 ///// ///// ////
000000000000000000000000000000000000000000000000000000000000000000000000000000000000000000000000000000000000000000000000=
57063 344600 1114600 05236 05236 4
20100325170000 327 013 311 012 319 020 1608 327 008 310 025 1607 0000 -023 -015 1624 -027 1649 041 037 1624 021 -138 09633 09639 1602 09633 1658 -102 -070 1603 -104 1656 -052 -042 1604 -053 1656 0034 0064 0079 0084 0074 0077 0084 0110 //// 10274 ///// ///// ////
000000000000000000000000000000000000000000000000000000000000000000000000000000000000000000000000000000000000000000000000=
57067 340300 1110200 05688 05699 4
20100325170000 245 008 240 008 211 011 1614 240 010 223 014 1618 0000 -024 -017 1601 -024 1626 064 061 1601 033 -083 09588 09594 1601 09588 1700 -051 -042 1606 -053 1652 -006 -003 1601 -006 1700 0045 0072 0091 0086 0087 0093 0096 0122 //// 10284 ///// ///// ////
000000000000000000000000000000000000000000000000000000000000000000000000000000000000000000000000000000000000000000000000=
57056 343200 1105300 03904 03909 4
20100325170000 355 017 000 017 000 018 1658 358 019 009 026 1658 0000 0008 0017 1638 0008 1700 036 030 1635 023 -126 09785 09791 1603 09785 1700 -073 -063 1610 -074 1638 -031 -026 1606 -031 1658 0041 0080 0098 0104 0088 0090 0093 0118 //// 10264 ///// ///// ////
000000000000000000000000000000000000000000000000000000000000000000000000000000000000000000000000000000000000000000000000=
58007 340400 1151800 00472 00532 4
20100325170000 161 012 163 011 166 012 1616 167 014 150 025 1614 0000 0028 0037 1601 0028 1700 063 059 1601 047 -035 10218 10222 1628 10218 1700 -013 0002 1601 -016 1653 0002 0009 1601 0002 1700 0058 0084 0098 0104 0100 0100 0103 0131 //// 10285 ///// ///// ////
000000000000000000000000000000000000000000000000000000000000000000000000000000000000000000000000000000000000000000000000=
58006 342300 1155300 00463 00506 4
20100325170000 187 013 186 013 177 018 1650 187 013 173 025 1645 0000 0012 0017 1648 0012 1700 059 058 1649 039 -059 10227 10229 1610 10226 1658 -058 -038 1648 -059 1626 -016 -010 1601 -016 1700 0033 0067 0086 0098 0096 0094 0098 0126 //// 10291 ///// ///// ////
000000000000000000000000000000000000000000000000000000000000000000000000000000000000000000000000000000000000000000000000=
58111 335800 1162700 00325 00325 4
20100325170000 192 008 201 014 207 017 1655 198 012 226 027 1647 0000 0039 0046 1601 0039 1700 056 050 1604 045 -041 10249 10250 1608 10249 1618 -019 -014 1653 -027 1606 0003 0004 1620 0003 1614 0037 0059 0074 0085 0093 0097 0105 0138 //// 10290 ///// ///// ////
000000000000000000000000000000000000000000000000000000000000000000000000000000000000000000000000000000000000000000000000=
58017 341500 1160800 00410 00420 4
20100325170000 158 020 157 021 161 023 1639 153 019 147 042 1624 0000 0045 0048 1605 0045 1652 051 048 1609 043 -048 10232 10235 1634 10232 1657 0003 0008 1638 -018 1610 0005 0007 1637 0004 1649 0051 0076 0090 0098 0098 0097 0103 0128 //// 10285 ///// ///// ////
000000000000000000000000000000000000000000000000000000000000000000000000000000000000000000000000000000000000000000000000=
58001 342600 1150600 00563 00569 4
20100325170000 180 022 177 019 186 022 1613 164 023 173 033 1618 0000 0030 0036 1602 0029 1656 063 060 1601 048 -033 10208 10213 1613 10208 1659 0003 0016 1618 0002 1658 0001 0010 1606 0001 1657 0038 0061 0077 0086 0090 0089 0094 0126 //// 10279 ///// ///// ////
000000000000000000000000000000000000000000000000000000000000000000000000000000000000000000000000000000000000000000000000=
58005 342700 1154000 00501 00511 4
20100325170000 177 024 179 023 179 030 1642 173 033 175 044 1641 0000 0040 0042 1632 0038 1613 053 052 1601 043 -047 10219 10221 1601 10219 1700 -004 0006 1643 -025 1614 -001 0002 1641 -002 1614 0049 0077 0090 0099 0099 0097 0103 0132 0002 10283 ///// ///// ////
000000000000000000000000000000000000000000000000000000000000000000000000000000000000000000000000000000000000000000000000
160 000 000 /// //// //////////////////////// /// //// 6///1 0//// 7//// 1//// 2//// 3//// /// /// /// // 911// 915// 919// 934// 939//=
58008 342800 1152000 00544 00592 4
20100325170000 167 023 174 017 174 017 1700 147 033 170 035 1656 0000 0035 0040 1601 0035 1641 058 055 1601 046 -040 10207 10210 1605 10207 1700 -004 -001 1602 -014 1637 0003 0009 1602 0002 1650 0032 0058 0074 0087 0094 0094 0098 0129 //// 10281 ///// ///// ////
000000000000000000000000000000000000000000000000000000000000000000000000000000000000000000000000000000000000000000000000=
58004 343900 1150900 00606 00616 4
20100325170000 183 017 179 017 179 017 1700 201 017 198 036 1653 0000 0033 0037 1601 0033 1700 060 058 1601 046 -037 10201 10204 1614 10201 1700 0002 0009 1654 -004 1631 0005 0011 1601 0005 1700 0050 0082 0094 0102 0101 0100 0102 0127 //// 10278 ///// ///// ////
000000000000000000000000000000000000000000000000000000000000000000000000000000000000000000000000000000000000000000000000=
54817 355900 1155200 00421 00434 4
20100325170000 189 025 193 024 192 027 1645 198 023 184 051 1643 0000 0037 0041 1605 0037 1700 049 047 1604 039 -060 10218 10223 1603 10218 1659 0015 0020 1603 0012 1654 -008 -004 1605 -008 1654 0031 0058 0074 0081 0082 0078 0088 0116 //// 10272 ///// ///// ////
000000000000000000000000000000000000000000000000000000000000000000000000000000000000000000000000000000000000000000000000=
54902 355400 1150700 00495 00499 4
20100325170000 192 048 192 044 192 045 1654 187 047 181 068 1646 0000 0042 0042 1700 0033 1615 056 056 1654 046 -038 10205 10209 1611 10205 1659 0023 0024 1650 0012 1616 0000 0000 1601 -002 1618 0045 0069 0082 0089 0081 0074 0081 0111 //// 10268 ///// ///// ////
000000000000000000000000000000000000000000000000000000000000000000000000000000000000000000000000000000000000000000000000=
54900 354200 1150100 00537 00541 4
20100325170000 175 029 178 029 179 032 1626 161 019 178 050 1652 0000 0037 0038 1630 0034 1648 061 060 1630 049 -031 10202 10208 1601 10202 1659 0009 0014 1623 0003 1645 0002 0005 1624 0001 1646 0051 0077 0091 0097 0088 0082 0084 0110 //// 10270 ///// ///// ////
000000000000000000000000000000000000000000000000000000000000000000000000000000000000000000000000000000000000000000000000=
54901 360500 1151000 00475 00478 4
20100325170000 180 046 177 043 177 043 1700 184 054 178 056 1656 0000 0028 0031 1602 0026 1646 061 060 1602 046 -040 10207 10212 1602 10207 1658 0016 0016 1700 0007 1643 0001 0004 1601 0000 1646 0041 0065 0079 0085 0086 0080 0077 0105 //// 10267 ///// ///// ////
000000000000000000000000000000000000000000000000000000000000000000000000000000000000000000000000000000000000000000000000=
54903 355100 1152900 00457 00506 4
20100325170000 184 023 180 024 180 025 1658 175 020 167 041 1650 0000 0036 0040 1615 0036 1634 050 049 1613 040 -058 10207 10211 1602 10207 1658 0022 0025 1611 0020 1630 0004 0007 1601 0004 1647 0048 0071 0083 0088 0083 0080 0090 0114 //// 10270 ///// ///// ////
000000000000000000000000000000000000000000000000000000000000000000000000000000000000000000000000000000000000000000000000=
57184 333800 1132200 00834 00847 4
20100325170000 152 016 145 016 145 016 1700 189 016 144 019 1659 0000 0034 0039 1601 0030 1633 077 074 1601 060 -002 10173 10174 1601 10172 1628 0009 0009 1700 -012 1628 0009 0010 1601 0006 1648 0057 0087 0099 0107 0100 0102 0104 0129 //// 10278 ///// ///// ////
000000000000000000000000000000000000000000000000000000000000000000000000000000000000000000000000000000000000000000000000=
57177 332000 1133200 00898 00913 4
20100325170000 291 006 300 006 034 011 1610 338 004 054 014 1629 0000 0008 0029 1605 0008 1700 086 077 1608 056 -013 10165 10167 1601 10164 1634 -025 -008 1613 -027 1659 0002 0010 1601 0002 1700 0022 0067 0078 0098 0102 0103 0105 0121 //// 10279 ///// ///// ////
000000000000000000000000000000000000000000000000000000000000000000000000000000000000000000000000000000000000000000000000=
57075 341000 1125200 02031 02043 4
20100325170000 064 017 062 015 078 024 1601 062 016 079 028 1601 0000 0022 0022 1700 0017 1628 067 067 1700 048 -033 10022 10027 1604 10022 1700 0006 0006 1601 -012 1648 -011 -007 1601 -014 1653 0044 0075 0091 0098 0101 0100 0097 0117 //// 10274 ///// ///// ////
000000000000000000000000000000000000000000000000000000000000000000000000000000000000000000000000000000000000000000000000=
57173 334500 1125300 01457 01468 4
20100325170000 195 021 196 022 199 024 1652 203 019 212 038 1638 0000 0059 0070 1601 0059 1700 057 051 1601 053 -020 10093 10097 1601 10093 1700 0023 0033 1607 0005 1634 0011 0016 1603 0009 1633 0059 0085 0100 0104 0102 0102 0105 0133 //// 10274 ///// ///// ////
000000000000000000000000000000000000000000000000000000000000000000000000000000000000000000000000000000000000000000000000=
57180 335900 1131200 01175 01186 4
20100325170000 045 010 048 010 067 013 1601 032 008 059 018 1604 0000 0010 0020 1635 0010 1700 079 075 1638 052 -022 10129 10132 1602 10129 1700 -029 -024 1601 -033 1631 -010 -003 1601 -010 1700 0051 0086 0104 0110 0100 0099 0102 0130 //// 10277 ///// ///// ////
000000000000000000000000000000000000000000000000000000000000000000000000000000000000000000000000000000000000000000000000=
57181 335300 1130300 01364 01380 4
20100325170000 191 034 190 033 190 033 1700 195 033 187 042 1651 0000 0016 0022 1634 0011 1602 077 075 1655 053 -020 10108 10110 1608 10107 1645 -018 -017 1652 -025 1624 -011 -006 1601 -011 1658 0042 0078 0095 0104 0099 0100 0102 0129 //// 10280 ///// ///// ////
000000000000000000000000000000000000000000000000000000000000000000000000000000000000000000000000000000000000000000000000=
57171 334600 1130700 01420 01430 4
20100325170000 184 038 182 036 182 036 1700 186 039 194 042 1616 0000 0058 0066 1603 0058 1700 066 063 1602 061 -001 10097 10099 1601 10097 1700 0049 0059 1604 0049 1700 0033 0038 1604 0033 1656 0069 0090 0102 0108 0111 0110 0115 0125 //// 10273 ///// ///// ////
000000000000000000000000000000000000000000000000000000000000000000000000000000000000000000000000000000000000000000000000=
57175 330300 1121400 01914 01922 4
20100325170000 012 006 346 003 053 008 1649 001 008 046 013 1635 0000 0003 0017 1603 0001 1649 089 079 1605 056 -013 10050 10052 1604 10050 1700 -021 -014 1634 -022 1658 0004 0012 1601 0004 1700 0061 0094 0113 0120 0105 0107 0111 0138 //// 10287 ///// ///// ////
000000000000000000000000000000000000000000000000000000000000000000000000000000000000000000000000000000000000000000000000=
57156 331800 1113000 02503 02523 4
20100325170000 291 016 289 016 287 016 1659 308 018 296 025 1659 0000 0046 0057 1601 0046 1655 055 051 1601 047 -037 09977 09981 1604 09977 1700 0030 0040 1627 0028 1635 0005 0010 1623 0005 1639 0062 0084 0100 0106 0101 0109 0117 0142 //// 10286 ///// ///// ////
000000000000000000000000000000000000000000000000000000000000000000000000000000000000000000000000000000000000000000000000=
57271 323300 1122300 00879 00897 4
20100325170000 169 028 178 024 178 024 1700 167 027 164 038 1659 0000 0056 0061 1601 0048 1646 070 062 1601 064 0006 10174 10175 1650 10173 1641 0002 0003 1659 -023 1643 0019 0021 1602 0017 1645 0062 0090 0105 0112 0102 0106 0114 0139 //// 10285 ///// ///// ////
000000000000000000000000000000000000000000000000000000000000000000000000000000000000000000000000000000000000000000000000=
57261 330700 1113100 02330 02345 4
20100325170000 285 009 003 007 148 012 1634 276 008 167 018 1632 0000 0052 0059 1601 0052 1700 061 055 1612 054 -017 09986 09992 1602 09986 1700 -001 0007 1614 -001 1700 0022 0027 1601 0022 1700 0065 0088 0100 0106 0112 0120 0128 //// //// 10272 ///// ///// ////
000000000000000000000000000000000000000000000000000000000000000000000000000000000000000000000000000000000000000000000000=
57285 322300 1132500 01530 01492 4
20100325170000 303 007 299 008 310 009 1654 313 008 319 013 1649 0000 0037 0051 1601 0037 1700 080 072 1601 064 0006 10106 10107 1611 10105 1643 -004 0002 1606 -008 1601 0022 0029 1606 0022 1700 0066 0087 0100 0108 0104 0107 0110 0135 //// ///// ///// ///// ////
////////////////////////////////////////////////////////////////////////////////////////////////////////////////////////=
57273 324100 1125100 01095 01105 4
20100325170000 131 013 134 015 137 017 1620 158 010 136 028 1658 0000 0046 0054 1601 0046 1700 066 063 1601 056 -012 10147 10149 1637 10147 1618 0012 0024 1601 0005 1652 0019 0026 1601 0019 1652 0063 0086 0099 0107 0109 0110 0112 0136 //// 10284 ///// ///// ////
000000000000000000000000000000000000000000000000000000000000000000000000000000000000000000000000000000000000000000000000=
57187 330400 1125600 01180 01193 4
20100325170000 167 014 170 017 130 029 1610 144 012 152 041 1609 0000 0046 0050 1606 0046 1700 070 069 1641 059 -004 10130 10131 1613 10129 1601 0009 0037 1604 0006 1658 0015 0021 1601 0015 1700 0056 0077 0095 0103 0110 0110 0110 0132 //// 10277 ///// ///// ////
000000000000000000000000000000000000000000000000000000000000000000000000000000000000000000000000000000000000000000000000=
57178 330200 1123500 01292 01305 4
20100325170000 086 012 089 012 100 012 1634 085 012 094 016 1624 0000 0045 0052 1613 0045 1700 072 067 1613 061 -001 10126 10130 1605 10125 1656 -025 -016 1623 -026 1654 0022 0027 1601 0022 1658 0062 0085 0096 0101 0109 0108 0110 0132 0001 10287 ///// ///// ////
000000000000000000000000000000000000000000000000000000000000000000000000000000000000000000000000000000000000000000000000
170 000 000 /// //// //////////////////////// /// //// 6///1 0//// 7//// 1//// 2//// 3//// /// /// /// // 911// 915// 919// 934// 939//=
57169 330300 1115200 01591 01600 4
20100325170000 008 008 360 009 026 014 1641 358 009 023 019 1639 0000 0038 0042 1603 0030 1627 073 071 1605 059 -006 10088 10092 1614 10088 1700 0024 0027 1636 0021 1654 0006 0010 1602 0006 1700 0056 0082 0098 0106 0103 0105 0109 0133 //// 10285 ///// ///// ////
000000000000000000000000000000000000000000000000000000000000000000000000000000000000000000000000000000000000000000000000=
57176 332900 1122500 02311 02304 4
20100325170000 344 002 002 003 259 012 1604 327 003 268 011 1601 0000 0041 0044 1606 0040 1627 061 058 1605 050 -027 10005 10007 1601 10005 1700 -008 0004 1601 -008 1700 0011 0018 1601 0011 1700 0056 0079 0094 0104 0112 0111 0113 0130 //// 10288 ///// ///// ////
000000000000000000000000000000000000000000000000000000000000000000000000000000000000000000000000000000000000000000000000=
57179 331700 1130000 01604 01616 4
20100325170000 254 019 250 022 265 028 1623 243 024 268 035 1614 0000 0040 0066 1601 0039 1644 074 061 1601 060 -002 10085 10086 1606 10084 1653 0006 0024 1606 0002 1647 0016 0025 1601 0016 1700 0056 0077 0089 0095 0103 0104 0106 0132 //// 10284 ///// ///// ////
000000000000000000000000000000000000000000000000000000000000000000000000000000000000000000000000000000000000000000000000=
57274 324200 1120700 01076 01088 4
20100325170000 026 007 029 004 049 010 1610 032 010 068 016 1604 0000 0033 0037 1601 0032 1656 073 070 1628 056 -011 10145 10150 1625 10145 1700 -007 -001 1601 -007 1659 0028 0033 1601 0028 1700 0073 0093 0109 0117 0114 0114 0116 0140 //// 10279 ///// ///// ////
000000000000000000000000000000000000000000000000000000000000000000000000000000000000000000000000000000000000000000000000=
57065 343000 1121100 01949 01964 4
20100325170000 258 035 259 035 261 039 1647 257 027 268 060 1639 0000 0037 0046 1601 0037 1700 028 024 1601 022 -131 10026 10030 1602 10025 1646 0005 0012 1622 0005 1659 0007 0014 1602 0007 1700 0067 0093 0107 0112 0098 0103 0111 0138 //// 10268 ///// ///// ////
000000000000000000000000000000000000000000000000000000000000000000000000000000000000000000000000000000000000000000000000=
57074 342500 1122500 01973 01989 4
20100325170000 172 008 177 007 214 010 1640 153 003 198 020 1633 0000 0042 0050 1618 0042 1700 044 036 1601 036 -070 10026 10029 1606 10024 1613 0009 0019 1634 -001 1647 0008 0013 1605 0008 1648 0070 0094 0107 0112 0103 0102 0103 0125 //// 10271 ///// ///// ////
000000000000000000000000000000000000000000000000000000000000000000000000000000000000000000000000000000000000000000000000=
57070 344400 1120700 03640 03595 4
20100325170000 286 025 288 024 293 029 1645 282 027 260 036 1640 0000 0046 0049 1643 0042 1626 027 024 1643 023 -128 09825 09828 1601 09825 1638 0015 0022 1601 0005 1632 -002 0007 1601 -002 1657 0057 0085 0096 0099 0091 0092 0095 0122 //// 10262 ///// ///// ////
000000000000000000000000000000000000000000000000000000000000000000000000000000000000000000000000000000000000000000000000=
57162 340900 1120500 03258 03275 4
20100325170000 218 008 211 006 258 011 1607 212 007 279 017 1607 0000 0035 0042 1601 0035 1700 044 041 1601 035 -076 09868 09874 1601 09868 1700 -028 0009 1608 -037 1635 -005 0005 1607 -005 1700 0061 0090 0104 0109 0094 0097 0102 0131 //// 10268 ///// ///// ////
000000000000000000000000000000000000000000000000000000000000000000000000000000000000000000000000000000000000000000000000=
57078 340900 1122800 03365 03340 4
20100325170000 000 000 282 001 191 006 1628 291 000 001 010 1605 0000 0030 0042 1601 0030 1700 038 033 1601 029 -099 09862 09865 1606 09862 1659 -059 -043 1601 -059 1700 -021 -010 1601 -021 1700 0040 0072 0090 0098 0095 0098 0098 0118 //// 10271 ///// ///// ////
000000000000000000000000000000000000000000000000000000000000000000000000000000000000000000000000000000000000000000000000=
57071 344900 1122600 03333 03332 4
20100325170000 305 012 323 012 039 026 1625 293 013 054 044 1616 0000 0042 0072 1601 0042 1652 022 016 1602 018 -156 09859 09862 1616 09859 1700 -036 0030 1601 -037 1659 -010 0010 1601 -010 1700 0061 0086 0098 0102 0091 0088 0092 0119 //// 10266 ///// ///// ////
000000000000000000000000000000000000000000000000000000000000000000000000000000000000000000000000000000000000000000000000=
57066 342300 1114000 03283 03298 4
20100325170000 342 003 315 004 250 008 1606 001 000 237 014 1606 0000 0032 0038 1601 0032 1700 031 029 1602 024 -123 09864 09869 1602 09864 1653 -025 -010 1613 -026 1653 -017 -009 1601 -017 1655 0048 0079 0094 0099 0092 0090 0091 0115 //// 10267 ///// ///// ////
000000000000000000000000000000000000000000000000000000000000000000000000000000000000000000000000000000000000000000000000=
57077 334700 1113900 07424 07388 4
20100325170000 253 027 258 025 251 030 1615 282 026 251 041 1612 0000 0007 0013 1602 0007 1700 054 050 1614 035 -075 09396 09401 1601 09396 1657 -026 -018 1610 -032 1641 -015 -012 1603 -015 1700 0029 0053 0067 0075 0080 0085 0092 0115 //// 10284 ///// ///// ////
000000000000000000000000000000000000000000000000000000000000000000000000000000000000000000000000000000000000000000000000=
57183 334800 1135500 00600 00615 4
20100325170000 166 013 166 015 187 027 1624 173 014 184 039 1602 0000 0024 0030 1607 0024 1700 076 075 1615 055 -014 10201 10203 1601 10201 1658 -020 -012 1604 -020 1646 0020 0026 1601 0020 1700 0066 0087 0100 0106 0103 0099 0098 0122 //// 10278 ///// ///// ////
000000000000000000000000000000000000000000000000000000000000000000000000000000000000000000000000000000000000000000000000=
57186 333600 1140300 00587 00598 4
20100325170000 176 037 175 039 177 048 1606 180 029 181 069 1656 0000 0057 0062 1606 0055 1653 060 057 1601 055 -015 10206 10209 1601 10206 1700 0022 0024 1604 0014 1644 0021 0026 1602 0020 1659 0064 0090 0102 0110 0105 0102 0103 0133 //// 10280 ///// ///// ////
000000000000000000000000000000000000000000000000000000000000000000000000000000000000000000000000000000000000000000000000=
57096 343200 1144700 00597 00607 4
20100325170000 170 021 168 020 167 020 1659 166 020 200 027 1612 0000 0032 0043 1601 0032 1700 063 057 1601 048 -032 10198 10203 1601 10197 1654 0006 0028 1610 0005 1651 -008 0006 1601 -008 1700 0055 0088 0104 0109 0104 0100 0102 0128 //// 10274 ///// ///// ////
000000000000000000000000000000000000000000000000000000000000000000000000000000000000000000000000000000000000000000000000=
57091 344700 1141800 00737 00748 4
20100325170000 183 037 186 037 184 042 1649 178 033 179 058 1626 0000 0056 0065 1601 0056 1700 053 047 1601 048 -032 10182 10185 1601 10181 1636 0025 0033 1621 0025 1700 0029 0036 1601 0029 1700 0077 0100 0111 0106 0104 0101 0101 0122 //// 10275 ///// ///// ////
000000000000000000000000000000000000000000000000000000000000000000000000000000000000000000000000000000000000000000000000=
53978 350500 1123800 01401 01409 4
20100325170000 000 000 000 000 132 005 1601 333 000 083 007 1627 0000 0030 0033 1601 0029 1627 064 062 1601 048 -031 10091 10096 1601 10091 1658 -044 -039 1609 -047 1656 0001 0008 1601 0001 1700 0063 0092 0106 0115 0094 0092 0097 0125 //// 10265 ///// ///// ////
000000000000000000000000000000000000000000000000000000000000000000000000000000000000000000000000000000000000000000000000=
53984 351400 1132800 00827 00837 4
20100325170000 020 023 019 024 017 026 1656 018 023 020 033 1655 0000 0006 0019 1624 0006 1700 075 071 1651 048 -033 10164 10169 1602 10164 1700 -041 -028 1623 -051 1649 -011 -004 1601 -011 1700 0067 0092 0101 0107 0100 0095 0096 0120 //// 10269 ///// ///// ////
000000000000000000000000000000000000000000000000000000000000000000000000000000000000000000000000000000000000000000000000=
53987 350600 1132500 00910 00918 4
20100325170000 011 014 007 012 012 020 1619 018 013 007 035 1614 0000 0035 0041 1603 0033 1638 067 065 1603 053 -020 10154 10157 1609 10154 1659 -004 0018 1618 -031 1653 0018 0025 1603 0017 1653 0067 0091 0105 0113 0103 0098 0101 0127 //// 10268 ///// ///// ////
000000000000000000000000000000000000000000000000000000000000000000000000000000000000000000000000000000000000000000000000=
57079 345700 1130200 01064 01069 4
20100325170000 099 015 086 018 056 028 1631 097 014 060 035 1627 0000 0034 0042 1612 0031 1637 065 062 1612 051 -025 10130 10135 1601 10130 1700 0000 0009 1631 -020 1606 -002 0004 1627 -002 1700 0070 0089 0101 0106 0100 0095 0095 0119 //// 10262 ///// ///// ////
000000000000000000000000000000000000000000000000000000000000000000000000000000000000000000000000000000000000000000000000=
57072 345500 1124500 01275 01285 4
20100325170000 038 005 034 007 007 017 1601 029 005 313 021 1603 0000 0013 0024 1607 0013 1700 081 069 1608 054 -016 10108 10111 1601 10107 1646 -040 -020 1603 -044 1650 -021 -013 1604 -021 1656 0052 0084 0098 0102 0089 0087 0087 0113 //// 10268 ///// ///// ////
000000000000000000000000000000000000000000000000000000000000000000000000000000000000000000000000000000000000000000000000=
53982 351400 1131600 01120 01135 4
20100325170000 033 016 032 016 027 021 1639 057 013 043 034 1631 0000 0062 0063 1601 0059 1610 051 050 1601 048 -032 10124 10130 1601 10124 1700 0031 0039 1601 0026 1616 0020 0025 1601 0020 1700 0079 0101 0113 0117 0101 0098 0101 0131 //// 10264 ///// ///// ////
000000000000000000000000000000000000000000000000000000000000000000000000000000000000000000000000000000000000000000000000=
53979 350900 1130500 01200 01211 4
20100325170000 166 013 170 012 170 012 1700 166 013 166 016 1659 0000 0035 0045 1629 0035 1700 064 059 1628 050 -027 10118 10123 1623 10118 1700 -013 0000 1629 -020 1614 -035 -026 1601 -035 1700 0065 0097 0114 0118 0100 0100 0105 0132 //// 10268 ///// ///// ////
000000000000000000000000000000000000000000000000000000000000000000000000000000000000000000000000000000000000000000000000=
53974 353700 1141100 00723 00739 4
20100325170000 215 031 215 033 215 033 1700 203 036 220 058 1653 0000 0063 0064 1650 0061 1603 049 049 1650 047 -036 10177 10184 1601 10175 1646 0033 0033 1700 0017 1603 0025 0025 1659 0022 1629 0063 0086 0100 0105 0091 0091 0097 0124 //// 10269 ///// ///// ////
000000000000000000000000000000000000000000000000000000000000000000000000000000000000000000000000000000000000000000000000=
53990 354300 1141900 00795 00805 4
20100325170000 171 024 173 024 209 043 1606 170 023 203 053 1602 0000 0009 0036 1601 0009 1700 076 064 1618 050 -028 10169 10174 1601 10169 1700 -007 0026 1603 -008 1656 -018 0002 1603 -018 1700 0058 0083 0093 0100 0093 0085 0083 0110 //// 10270 ///// ///// ////
000000000000000000000000000000000000000000000000000000000000000000000000000000000000000000000000000000000000000000000000=
53991 355600 1142100 00743 00753 4
20100325170000 165 020 162 019 162 019 1700 191 020 141 039 1642 0000 0037 0037 1700 0032 1622 060 060 1700 048 -033 10171 10178 1601 10171 1700 0024 0024 1700 0011 1602 0009 0011 1610 0007 1629 0057 0082 0090 0099 0090 0084 0088 0118 //// 10265 ///// ///// ////
000000000000000000000000000000000000000000000000000000000000000000000000000000000000000000000000000000000000000000000000=
53993 355600 1145500 00516 00524 4
20100325170000 198 029 194 031 193 032 1659 208 014 195 053 1658 0000 0040 0041 1628 0037 1601 057 056 1627 046 -037 10203 10206 1601 10202 1659 0025 0026 1624 0017 1601 0001 0001 1624 -001 1639 0044 0070 0083 0087 0085 0076 0076 0108 //// 10269 ///// ///// ////
000000000000000000000000000000000000000000000000000000000000000000000000000000000000000000000000000000000000000000000000=
53889 360400 1134900 03068 03086 4
20100325170000 220 015 213 011 259 015 1602 221 021 221 021 1700 0000 0021 0031 1601 0021 1700 063 059 1601 045 -042 09884 09889 1601 09884 1700 -001 0008 1634 -015 1613 -008 0002 1601 -008 1659 0038 0059 0073 0085 0082 0075 0088 0098 //// 10265 ///// ///// ////
000000000000000000000000000000000000000000000000000000000000000000000000000000000000000000000000000000000000000000000000=
53995 353300 1143000 00625 00645 4
20100325170000 119 015 115 014 171 022 1602 122 014 173 033 1601 0000 0031 0041 1604 0026 1635 060 057 1602 046 -039 10189 10193 1603 10189 1659 -012 0012 1608 -021 1649 -005 0006 1601 -005 1700 0056 0085 0097 0104 0092 0087 0088 0116 //// 10270 ///// ///// ////
000000000000000000000000000000000000000000000000000000000000000000000000000000000000000000000000000000000000000000000000=
NNNN
