57290 330000 1140100 00827 00838 4
20100503050000 296 016 146 021 175 034 0430 192 023 170 082 0430 0000 0323 0327 0452 0320 0431 038 034 0423 184 0162 09960 09968 0402 09960 0459 0404 0441 0404 0391 0432 0492 0503 0404 0468 0432 0326 0273 0238 0221 0179 0151 0132 0135 //// 10055 ///// ///// ////
000000000000000000000000000000000000000000000000000000000000000000000000000000000000000000000000000000000000000000000000=
57188 332200 1140200 00559 00568 4
20100503050000 148 041 145 035 179 046 0424 147 029 153 079 0410 0000 0312 0320 0424 0312 0500 051 040 0424 232 0199 09985 09995 0410 09985 0500 0366 0381 0411 0362 0429 0508 0544 0403 0507 0459 0330 0266 0232 0211 0156 0136 0125 0134 //// 10050 ///// ///// ////
000000000000000000000000000000000000000000000000000000000000000000000000000000000000000000000000000000000000000000000000=
57281 324200 1131800 01422 01431 4
20100503050000 204 048 201 039 179 044 0418 167 038 158 084 0417 0000 0325 0328 0403 0324 0443 037 036 0418 181 0159 09890 09897 0403 09890 0449 0424 0466 0404 0410 0425 0491 0514 0413 0474 0440 0325 0272 0238 0217 0172 0144 0130 0135 //// 10052 ///// ///// ////
000000000000000000000000000000000000000000000000000000000000000000000000000000000000000000000000000000000000000000000000=
57196 332800 1145200 00420 00428 4
20100503050000 201 046 193 046 189 054 0448 204 048 165 090 0442 0000 0304 0304 0500 0299 0401 051 050 0425 221 0191 10014 10022 0401 10014 0500 0392 0394 0454 0358 0404 0497 0497 0500 0475 0401 0312 0256 0218 0198 0158 0138 0128 0132 //// 10063 ///// ///// ////
000000000000000000000000000000000000000000000000000000000000000000000000000000000000000000000000000000000000000000000000=
57099 340400 1145100 00526 00536 4
20100503050000 168 027 177 027 193 036 0430 104 023 208 078 0435 0000 0310 0313 0448 0304 0401 051 046 0451 229 0197 09997 10006 0401 09997 0500 0392 0418 0412 0383 0455 0467 0475 0444 0445 0401 0343 0273 0228 0205 0177 0145 0124 0132 //// 10058 ///// ///// ////
000000000000000000000000000000000000000000000000000000000000000000000000000000000000000000000000000000000000000000000000=
58104 332400 1150400 00412 00425 4
20100503050000 193 047 201 051 212 059 0431 184 054 204 093 0405 0000 0308 0311 0449 0302 0407 053 050 0457 235 0201 10019 10027 0403 10019 0500 0409 0423 0445 0394 0405 0522 0525 0446 0506 0405 0356 0286 0240 0216 0190 0151 0128 0135 //// 10068 ///// ///// ////
000000000000000000000000000000000000000000000000000000000000000000000000000000000000000000000000000000000000000000000000=
57198 333300 1143700 00463 00473 4
20100503050000 186 035 190 034 192 043 0406 150 035 153 081 0458 0000 0319 0319 0500 0308 0407 050 048 0437 236 0202 10004 10014 0401 10004 0500 0433 0446 0412 0413 0438 0525 0526 0457 0498 0406 0342 0278 0236 0215 0166 0147 0132 0139 //// 10058 ///// ///// ////
000000000000000000000000000000000000000000000000000000000000000000000000000000000000000000000000000000000000000000000000=
57192 334400 1145100 00455 00466 4
20100503050000 196 030 192 029 202 040 0401 233 040 248 065 0422 0000 0321 0321 0500 0311 0401 043 040 0448 206 0179 10007 10016 0401 10007 0500 0441 0449 0437 0412 0401 0509 0509 0500 0478 0401 0343 0278 0238 0217 0182 0153 0135 0141 //// 10060 ///// ///// ////
000000000000000000000000000000000000000000000000000000000000000000000000000000000000000000000000000000000000000000000000=
57190 334500 1142400 00505 00516 4
20100503050000 176 065 176 059 190 068 0437 189 073 186 102 0419 0000 0307 0308 0448 0300 0401 058 054 0432 256 0215 09995 10004 0401 09995 0500 0377 0382 0406 0361 0434 0530 0532 0457 0508 0437 0328 0271 0230 0206 0184 0150 0129 0132 //// 10054 ///// ///// ////
000000000000000000000000000000000000000000000000000000000000000000000000000000000000000000000000000000000000000000000000=
58100 333900 1151000 00414 00424 4
20100503050000 226 049 216 040 227 042 0419 243 033 227 086 0406 0000 0317 0319 0438 0310 0401 041 041 0500 192 0168 10017 10024 0402 10017 0500 0386 0412 0454 0378 0418 0552 0583 0453 0542 0418 0380 0304 0257 0231 0193 0161 0140 0141 //// 10065 ///// ///// ////
000000000000000000000000000000000000000000000000000000000000000000000000000000000000000000000000000000000000000000000000=
57095 340700 1140900 00611 00622 4
20100503050000 138 040 135 034 150 037 0445 153 044 119 066 0442 0000 0312 0313 0454 0301 0405 051 050 0454 232 0199 09977 09989 0401 09977 0500 0462 0491 0414 0462 0444 0537 0547 0436 0521 0405 0347 0266 0237 0215 0171 0146 0127 0130 //// 10048 ///// ///// ////
000000000000000000000000000000000000000000000000000000000000000000000000000000000000000000000000000000000000000000000000=
57089 340200 1135200 00668 00681 4
20100503050000 135 012 153 012 208 028 0419 122 003 218 057 0403 0000 0314 0314 0459 0299 0406 045 045 0454 207 0180 09970 09981 0401 09970 0459 0441 0454 0458 0394 0412 0503 0505 0457 0477 0406 0327 0269 0236 0215 0170 0142 0128 0132 //// 10048 ///// ///// ////
000000000000000000000000000000000000000000000000000000000000000000000000000000000000000000000000000000000000000000000000=
57296 322100 1144400 00489 00501 4
20100503050000 224 047 222 042 215 051 0414 200 033 213 093 0413 0000 0324 0324 0500 0321 0401 034 032 0413 165 0145 10012 10017 0401 10012 0500 0371 0388 0405 0360 0433 0521 0553 0425 0509 0433 0344 0280 0238 0218 0192 0160 0137 0133 //// 10069 ///// ///// ////
000000000000000000000000000000000000000000000000000000000000000000000000000000000000000000000000000000000000000000000000=
57396 313800 1145100 01287 01297 4
20100503050000 195 055 193 063 207 072 0443 221 056 224 110 0437 0000 0326 0326 0500 0319 0419 028 026 0434 138 0117 09923 09932 0401 09923 0500 0408 0422 0432 0377 0416 0532 0532 0457 0492 0415 0348 0283 0242 0216 0196 0163 //// //// //// 10070 ///// ///// ////
000000000000000000000000000000000000000000000000000000000000000000000000000000000000000000000000000000000000000000000000=
58207 321000 1150300 00428 00440 4
20100503050000 201 065 200 062 199 062 0457 198 068 195 095 0444 0000 0331 0334 0433 0328 0401 025 024 0454 126 0105 10019 10025 0401 10018 0454 0405 0435 0431 0392 0451 0331 0331 0458 0309 0401 0502 0262 0229 0211 0168 0147 0134 0140 //// 10069 ///// ///// ////
000000000000000000000000000000000000000000000000000000000000000000000000000000000000000000000000000000000000000000000000=
58205 322800 1152600 00349 00360 4
20100503050000 219 029 220 028 230 038 0445 237 025 248 060 0426 0000 0345 0345 0500 0331 0403 024 023 0442 131 0110 10029 10037 0401 10029 0500 0429 0432 0459 0402 0403 0416 0417 0459 0399 0401 0355 0319 0287 0261 0184 0157 0139 0127 //// 10070 ///// ///// ////
000000000000000000000000000000000000000000000000000000000000000000000000000000000000000000000000000000000000000000000000=
57299 320100 1145400 00494 00506 4
20100503050000 194 048 195 041 203 052 0440 211 042 184 077 0406 0000 0329 0329 0500 0321 0434 029 029 0500 145 0125 10012 10019 0401 10012 0500 0414 0424 0457 0374 0427 0501 0501 0500 0457 0427 0368 0329 0293 0264 0194 0159 0135 0132 //// 10070 ///// ///// ////
000000000000000000000000000000000000000000000000000000000000000000000000000000000000000000000000000000000000000000000000=
53994 352300 1140400 00700 00712 4
20100503050000 069 025 071 025 078 034 0412 068 025 046 051 0433 0000 0291 0291 0500 0279 0405 058 055 0403 234 0200 09967 09979 0401 09967 0500 0394 0417 0452 0377 0402 0517 0522 0452 0487 0402 0321 0255 0221 0199 0163 0135 0122 0129 //// 10049 ///// ///// ////
000000000000000000000000000000000000000000000000000000000000000000000000000000000000000000000000000000000000000000000000=
53988 351600 1134000 00776 00784 4
20100503050000 073 033 095 032 100 037 0401 080 028 105 063 0421 0000 0298 0299 0457 0291 0401 050 050 0500 210 0183 09954 09964 0402 09954 0500 0440 0447 0458 0413 0450 0521 0526 0458 0506 0412 0309 0256 0223 0207 0157 0136 0123 0128 //// 10044 ///// ///// ////
000000000000000000000000000000000000000000000000000000000000000000000000000000000000000000000000000000000000000000000000=
53983 350200 1142500 00696 00708 4
20100503050000 180 048 181 049 196 050 0446 183 056 210 082 0444 0000 0302 0304 0443 0300 0401 053 049 0409 227 0196 09968 09977 0403 09968 0500 0402 0411 0442 0380 0424 0522 0523 0442 0489 0424 0347 0281 0242 0219 0151 0131 0118 0126 //// 10049 ///// ///// ////
000000000000000000000000000000000000000000000000000000000000000000000000000000000000000000000000000000000000000000000000=
57171 334600 1130700 01420 01430 4
20100503050000 177 047 174 050 183 085 0425 184 054 181 107 0424 0000 0298 0298 0500 0291 0436 058 050 0412 243 0206 09876 09885 0401 09876 0500 0364 0364 0500 0327 0425 0406 0406 0500 0360 0425 0325 0268 0239 0221 0200 0175 0144 0137 //// 10038 ///// ///// ////
000000000000000000000000000000000000000000000000000000000000000000000000000000000000000000000000000000000000000000000000=
57094 342400 1141300 00674 00685 4
20100503050000 190 025 183 025 151 026 0444 215 026 175 043 0410 0000 0300 0300 0500 0290 0401 056 054 0408 238 0203 09969 09980 0401 09969 0500 0471 0484 0445 0439 0409 0522 0524 0445 0503 0401 0342 0284 0246 0220 0184 0159 0131 0130 //// 10047 ///// ///// ////
000000000000000000000000000000000000000000000000000000000000000000000000000000000000000000000000000000000000000000000000=
53972 350700 1125500 01196 01210 4
20100503050000 092 053 084 043 096 053 0403 102 058 086 075 0401 0000 0295 0295 0500 0287 0401 052 052 0500 214 0186 09897 09910 0401 09897 0500 0337 0373 0435 0332 0455 0470 0524 0435 0457 0454 0294 0253 0227 0209 0173 0150 0134 0139 //// 10034 ///// ///// ////
000000000000000000000000000000000000000000000000000000000000000000000000000000000000000000000000000000000000000000000000=
53898 360300 1142400 00629 00638 4
20100503050000 051 028 031 025 022 028 0446 083 026 012 043 0432 0000 0271 0272 0442 0263 0403 050 041 0406 179 0158 09979 09992 0401 09979 0500 0396 0440 0427 0381 0402 0449 0473 0439 0422 0406 0273 0238 0215 0200 0151 0126 0113 0120 //// 10052 ///// ///// ////
000000000000000000000000000000000000000000000000000000000000000000000000000000000000000000000000000000000000000000000000=
NNNN
