57290 330000 1140100 00827 00838 4
20100501190000 000 000 286 004 239 012 1833 324 001 248 025 1838 0000 0205 0219 1807 0205 1900 076 070 1809 183 0161 09992 09997 1803 09992 1841 0135 0146 1844 0132 1832 0166 0174 1803 0166 1900 0194 0207 0210 0211 0170 0145 0130 0135 //// 10088 ///// ///// ////
000000000000000000000000000000000000000000000000000000000000000000000000000000000000000000000000000000000000000000000000=
57188 332200 1140200 00559 00568 4
20100501190000 180 028 186 027 186 027 1900 187 030 181 038 1858 0000 0186 0186 1845 0178 1812 077 076 1850 165 0145 10020 10024 1808 10020 1900 0131 0131 1900 0123 1822 0151 0151 1900 0146 1816 0190 0200 0209 0205 0146 0131 0124 0134 //// 10086 ///// ///// ////
000000000000000000000000000000000000000000000000000000000000000000000000000000000000000000000000000000000000000000000000=
57293 324400 1145900 00380 00391 4
20100501190000 152 010 155 011 158 011 1859 144 008 164 016 1854 0000 0166 0171 1811 0166 1900 093 092 1801 176 0155 10051 10056 1801 10051 1900 0136 0141 1801 0134 1851 0159 0167 1801 0159 1859 0193 0207 0211 0209 0183 0155 0136 0136 //// 10097 ///// ///// ////
000000000000000000000000000000000000000000000000000000000000000000000000000000000000000000000000000000000000000000000000=
57281 324200 1131800 01422 01431 4
20100501190000 094 010 097 008 107 014 1822 091 011 080 020 1830 0000 0166 0171 1803 0166 1858 090 089 1801 170 0150 09929 09935 1801 09928 1859 0132 0148 1803 0129 1823 0151 0156 1803 0151 1900 0185 0198 0205 0205 0163 0137 0129 0134 //// 10094 ///// ///// ////
000000000000000000000000000000000000000000000000000000000000000000000000000000000000000000000000000000000000000000000000=
57196 332800 1145200 00420 00428 4
20100501190000 206 012 209 013 209 016 1849 206 014 195 025 1849 0000 0169 0180 1801 0169 1900 089 086 1801 171 0151 10040 10044 1801 10039 1853 0121 0130 1801 0116 1852 0139 0148 1801 0139 1859 0174 0189 0193 0190 0148 0135 0127 0132 //// 10090 ///// ///// ////
000000000000000000000000000000000000000000000000000000000000000000000000000000000000000000000000000000000000000000000000=
57099 340400 1145100 00526 00536 4
20100501190000 188 014 191 013 201 017 1843 217 011 202 030 1834 0000 0191 0193 1834 0188 1801 084 083 1833 186 0163 10023 10028 1801 10023 1900 0149 0155 1833 0138 1811 0152 0155 1834 0151 1817 0173 0186 0191 0191 0167 0141 0123 0132 //// 10085 ///// ///// ////
000000000000000000000000000000000000000000000000000000000000000000000000000000000000000000000000000000000000000000000000=
58104 332400 1150400 00412 00425 4
20100501190000 231 023 229 022 228 025 1846 242 024 217 037 1822 0000 0187 0190 1802 0187 1900 086 084 1801 185 0163 10041 10046 1801 10041 1900 0156 0161 1847 0147 1814 0155 0160 1801 0155 1859 0182 0197 0204 0205 0181 0144 0126 0135 //// 10090 ///// ///// ////
000000000000000000000000000000000000000000000000000000000000000000000000000000000000000000000000000000000000000000000000=
57192 334400 1145100 00455 00466 4
20100501190000 192 015 197 014 197 014 1900 234 012 164 023 1858 0000 0194 0200 1801 0194 1900 082 079 1801 185 0162 10032 10037 1801 10032 1900 0159 0161 1822 0150 1850 0166 0170 1810 0165 1855 0190 0206 0211 0207 0170 0148 0133 0140 //// 10086 ///// ///// ////
000000000000000000000000000000000000000000000000000000000000000000000000000000000000000000000000000000000000000000000000=
58100 333900 1151000 00414 00424 4
20100501190000 236 019 230 017 230 020 1829 226 023 195 033 1827 0000 0197 0202 1802 0197 1900 079 076 1801 181 0160 10039 10042 1801 10038 1849 0187 0192 1816 0184 1852 0163 0171 1801 0163 1859 0194 0209 0218 0218 0180 0153 0138 0141 //// 10088 ///// ///// ////
000000000000000000000000000000000000000000000000000000000000000000000000000000000000000000000000000000000000000000000000=
57089 340200 1135200 00668 00681 4
20100501190000 219 014 211 017 209 018 1858 223 015 246 033 1855 0000 0199 0207 1801 0199 1900 074 072 1821 172 0151 10002 10008 1801 10002 1900 0174 0181 1822 0167 1849 0167 0172 1806 0166 1849 0183 0193 0198 0196 0159 0137 0127 0132 //// 10081 ///// ///// ////
000000000000000000000000000000000000000000000000000000000000000000000000000000000000000000000000000000000000000000000000=
57296 322100 1144400 00489 00501 4
20100501190000 221 018 217 018 214 021 1835 265 013 206 034 1822 0000 0199 0208 1801 0199 1900 081 076 1801 188 0165 10038 10044 1801 10038 1900 0176 0185 1811 0174 1854 0166 0172 1810 0165 1853 0196 0209 0212 0210 0182 0154 0136 0133 //// 10096 ///// ///// ////
000000000000000000000000000000000000000000000000000000000000000000000000000000000000000000000000000000000000000000000000=
57396 313800 1145100 01287 01297 4
20100501190000 208 039 208 040 207 044 1810 214 029 206 056 1850 0000 0201 0206 1810 0200 1847 076 073 1810 179 0157 09956 09961 1801 09956 1900 0186 0193 1809 0186 1900 0173 0179 1809 0173 1900 0194 0206 0211 0208 0191 0153 //// //// //// 10105 ///// ///// ////
000000000000000000000000000000000000000000000000000000000000000000000000000000000000000000000000000000000000000000000000=
58207 321000 1150300 00428 00440 4
20100501190000 214 026 211 027 208 037 1834 211 044 209 062 1843 0000 0214 0218 1812 0214 1900 071 069 1809 181 0159 10046 10051 1801 10046 1900 0182 0191 1834 0174 1801 0190 0192 1801 0190 1900 0173 0197 0197 0194 0157 0143 0133 0139 //// 10097 ///// ///// ////
000000000000000000000000000000000000000000000000000000000000000000000000000000000000000000000000000000000000000000000000=
58205 322800 1152600 00349 00360 4
20100501190000 232 018 234 018 233 019 1858 217 017 206 029 1848 0000 0209 0211 1801 0209 1900 075 074 1801 185 0163 10056 10061 1810 10056 1900 0198 0199 1855 0185 1804 0175 0177 1801 0175 1856 0184 0190 0197 0199 0172 0152 0137 0126 //// 10098 ///// ///// ////
000000000000000000000000000000000000000000000000000000000000000000000000000000000000000000000000000000000000000000000000=
57299 320100 1145400 00494 00506 4
20100501190000 189 021 184 021 180 022 1857 192 019 175 030 1804 0000 0195 0200 1801 0195 1900 082 079 1801 186 0163 10041 10046 1801 10041 1900 0155 0160 1807 0143 1837 0164 0168 1806 0162 1837 0181 0191 0200 0205 0188 0152 0134 0131 //// 10099 ///// ///// ////
000000000000000000000000000000000000000000000000000000000000000000000000000000000000000000000000000000000000000000000000=
53997 350900 1141100 00711 00723 4
20100501190000 168 015 161 015 186 018 1805 189 019 194 026 1809 0000 0178 0181 1815 0177 1801 088 087 1817 179 0158 09986 09992 1801 09985 1857 0142 0143 1857 0109 1801 0150 0151 1832 0142 1801 0176 0189 0191 0194 0151 0134 0121 0125 //// 10070 ///// ///// ////
000000000000000000000000000000000000000000000000000000000000000000000000000000000000000000000000000000000000000000000000=
53994 352300 1140400 00700 00712 4
20100501190000 260 016 260 015 259 015 1857 271 018 245 021 1856 0000 0169 0177 1801 0165 1832 092 084 1801 177 0156 09983 09989 1801 09983 1900 0131 0131 1900 0095 1843 0120 0123 1801 0113 1849 0164 0185 0193 0191 0152 0130 0121 0128 //// 10065 ///// ///// ////
000000000000000000000000000000000000000000000000000000000000000000000000000000000000000000000000000000000000000000000000=
53985 352700 1134900 00964 00979 4
20100501190000 018 004 017 002 077 004 1816 035 005 063 007 1816 0000 0182 0189 1801 0182 1900 081 080 1801 169 0149 09952 09959 1801 09952 1900 0138 0159 1816 0138 1857 0149 0157 1816 0149 1900 0182 0191 0192 0189 0162 0135 0118 0122 //// 10065 ///// ///// ////
000000000000000000000000000000000000000000000000000000000000000000000000000000000000000000000000000000000000000000000000=
53983 350200 1142500 00696 00708 4
20100501190000 156 020 157 020 157 020 1859 161 021 181 025 1852 0000 0164 0172 1801 0164 1900 096 094 1801 179 0158 09988 09996 1801 09988 1900 0120 0127 1801 0116 1834 0129 0135 1801 0129 1859 0166 0185 0191 0193 0140 0126 0117 0125 //// 10070 ///// ///// ////
000000000000000000000000000000000000000000000000000000000000000000000000000000000000000000000000000000000000000000000000=
57171 334600 1130700 01420 01430 4
20100501190000 159 040 159 042 176 044 1801 149 042 158 052 1855 0000 0216 0218 1842 0211 1801 077 076 1826 199 0174 09912 09919 1801 09912 1900 0206 0210 1844 0203 1801 0196 0199 1844 0194 1801 0190 0198 0201 0200 0190 0162 0141 0137 //// 10076 ///// ///// ////
000000000000000000000000000000000000000000000000000000000000000000000000000000000000000000000000000000000000000000000000=
57185 332700 1133500 00911 00921 4
20100501190000 350 009 350 011 235 031 1801 347 009 231 043 1801 0000 0157 0199 1804 0157 1900 076 071 1803 135 0115 09978 09982 1801 09978 1900 0126 0158 1804 0126 1900 0142 0158 1801 0142 1900 0192 0201 0207 0200 0176 0148 0129 0128 //// 10085 ///// ///// ////
000000000000000000000000000000000000000000000000000000000000000000000000000000000000000000000000000000000000000000000000=
57093 345100 1144900 00733 00740 4
20100501190000 184 018 192 021 199 026 1852 197 018 194 039 1846 0000 0194 0197 1801 0194 1900 083 081 1801 187 0164 09991 09996 1801 09991 1900 0177 0183 1851 0177 1813 0156 0159 1802 0156 1836 0178 0187 0190 0187 0165 0136 0122 0125 //// 10076 ///// ///// ////
000000000000000000000000000000000000000000000000000000000000000000000000000000000000000000000000000000000000000000000000=
53972 350700 1125500 01196 01210 4
20100501190000 275 012 275 012 275 013 1858 279 011 240 020 1824 0000 0188 0193 1801 0188 1900 060 057 1801 130 0109 09929 09933 1801 09929 1900 0125 0125 1858 0120 1801 0145 0147 1856 0144 1824 0181 0193 0199 0199 0163 0143 0133 0138 //// 10068 ///// ///// ////
000000000000000000000000000000000000000000000000000000000000000000000000000000000000000000000000000000000000000000000000=
NNNN
