57090 344300 1135800 00781 00802 4
20100502220000 140 006 142 011 150 019 2120 133 005 150 035 2116 0000 0204 0213 2106 0203 2158 079 075 2109 189 0166 09958 09958 2200 09952 2101 0171 0173 2156 0156 2110 0177 0177 2200 0171 2110 0197 0209 0212 0214 0196 0160 0131 0131 //// 10050 ///// ///// ////
000000000000000000000000000000000000000000000000000000000000000000000000000000000000000000000000000000000000000000000000=
57083 344300 1133900 01104 01116 4
20100502220000 167 015 165 014 193 028 2105 160 015 194 041 2105 0000 0236 0246 2105 0235 2152 066 062 2101 192 0169 09918 09918 2200 09911 2102 0168 0175 2105 0155 2144 0187 0190 2105 0182 2144 0198 0204 0207 0208 0169 0142 0129 0131 0000 10045 ///// ///// ////
000000000000000000000000000000000000000000000000000000000000000000000000000000000000000000000000000000000000000000000000
100 008 000 /// //// /////////////////////CIE /// //// 6///1 0//// 7//// 1//// 2//// 3//// /// /// /// // 911// 915// 919// 934// 939//=
57086 342300 1134300 01166 01168 4
20100502220000 133 014 140 013 197 024 2135 122 013 203 036 2127 0000 0212 0231 2101 0212 2200 070 064 2101 176 0155 09921 09921 2200 09916 2114 0192 0192 2200 0177 2126 0183 0184 2151 0181 2114 0195 0201 0204 0203 0181 0143 0123 0124 //// 10055 ///// ///// ////
000000000000000000000000000000000000000000000000000000000000000000000000000000000000000000000000000000000000000000000000=
57085 343200 1132000 02599 02648 4
20100502220000 345 015 341 016 342 019 2101 336 014 353 028 2115 0000 0211 0217 2101 0205 2132 075 072 2101 188 0165 09750 09751 2159 09746 2103 0192 0194 2101 0175 2144 0172 0172 2101 0168 2138 0186 0197 0201 0200 0188 0150 0127 0129 //// 10049 ///// ///// ////
000000000000000000000000000000000000000000000000000000000000000000000000000000000000000000000000000000000000000000000000=
57081 344800 1132600 01409 01419 4
20100502220000 317 003 321 006 294 007 2114 327 000 327 015 2154 0000 0206 0233 2101 0204 2154 072 062 2101 175 0154 09883 09883 2200 09877 2101 0154 0163 2101 0140 2142 0175 0181 2101 0172 2147 0195 0205 0211 0206 0164 0143 0126 0122 //// 10044 ///// ///// ////
000000000000000000000000000000000000000000000000000000000000000000000000000000000000000000000000000000000000000000000000=
57080 344400 1125800 01652 01661 4
20100502220000 000 000 000 000 000 000 2200 063 001 063 001 2200 0000 0185 0186 2101 0183 2152 083 081 2101 177 0156 09854 09854 2158 09849 2101 0139 0139 2200 0128 2126 0161 0161 2200 0155 2127 0188 0203 0210 0211 0165 0135 0120 0124 //// 10042 ///// ///// ////
000000000000000000000000000000000000000000000000000000000000000000000000000000000000000000000000000000000000000000000000=
57082 342800 1130100 04271 04284 4
20100502220000 000 000 343 004 029 011 2119 147 000 052 016 2118 0000 0194 0214 2101 0193 2156 073 063 2114 164 0144 09571 09571 2200 09566 2101 0167 0170 2130 0152 2145 0173 0173 2101 0169 2145 0196 0210 0218 0219 0179 0147 0127 //// //// 10051 ///// ///// ////
000000000000000000000000000000000000000000000000000000000000000000000000000000000000000000000000000000000000000000000000=
57295 323700 1142100 00785 00802 4
20100502220000 188 015 197 016 186 019 2141 170 020 181 035 2134 0000 0209 0216 2107 0209 2200 068 064 2101 168 0148 09974 09974 2200 09969 2115 0156 0156 2200 0145 2111 0182 0182 2200 0178 2111 0209 0212 0214 0213 0171 0148 0131 0132 //// 10066 ///// ///// ////
000000000000000000000000000000000000000000000000000000000000000000000000000000000000000000000000000000000000000000000000=
57189 330800 1135700 00646 00655 4
20100502220000 167 007 174 009 138 016 2105 167 006 192 022 2142 0000 0186 0188 2137 0184 2111 081 079 2151 173 0153 09982 09982 2159 09976 2104 0139 0140 2155 0131 2120 0170 0170 2200 0166 2132 0192 0202 0207 0209 0162 0139 0125 0127 //// 10057 ///// ///// ////
000000000000000000000000000000000000000000000000000000000000000000000000000000000000000000000000000000000000000000000000=
57194 331700 1141600 00598 00609 4
20100502220000 178 020 174 018 173 021 2144 184 016 139 041 2126 0000 0196 0196 2200 0190 2124 076 076 2159 173 0153 09990 09990 2200 09984 2110 0175 0175 2200 0159 2122 0171 0171 2200 0162 2123 0192 0203 0208 0208 0163 0138 0124 0128 //// 10060 ///// ///// ////
000000000000000000000000000000000000000000000000000000000000000000000000000000000000000000000000000000000000000000000000=
57197 330000 1142000 00489 00545 4
20100502220000 156 018 155 022 155 023 2156 150 022 184 035 2140 0000 0182 0182 2200 0177 2130 088 085 2111 184 0162 09998 09998 2159 09994 2114 0136 0136 2200 0107 2108 0161 0161 2200 0152 2116 0192 0201 0206 0204 0174 0148 0129 0129 //// 10061 ///// ///// ////
000000000000000000000000000000000000000000000000000000000000000000000000000000000000000000000000000000000000000000000000=
57294 325000 1140100 00836 00846 4
20100502220000 220 023 223 022 223 034 2103 218 021 240 059 2108 0000 0230 0253 2101 0230 2158 067 057 2101 188 0165 09960 09960 2159 09955 2101 0198 0227 2101 0192 2150 0197 0205 2101 0193 2141 0205 0210 0210 0206 0167 0147 0129 0127 //// 10056 ///// ///// ////
000000000000000000000000000000000000000000000000000000000000000000000000000000000000000000000000000000000000000000000000=
57292 325800 1143800 00444 00453 4
20100502220000 153 018 159 023 184 027 2101 142 008 173 046 2138 0000 0209 0213 2105 0209 2151 074 070 2103 183 0161 10014 10014 2200 10010 2103 0174 0175 2106 0170 2142 0181 0181 2200 0177 2138 0197 0207 0211 0214 0188 0153 0133 0135 //// 10066 ///// ///// ////
000000000000000000000000000000000000000000000000000000000000000000000000000000000000000000000000000000000000000000000000=
57195 333700 1143700 00466 00476 4
20100502220000 222 008 238 008 222 011 2130 291 006 217 033 2124 0000 0211 0211 2200 0206 2101 065 065 2200 163 0143 10010 10010 2200 10004 2101 0174 0174 2158 0153 2101 0177 0177 2200 0168 2102 0194 0209 0218 0219 0178 0146 0129 0141 //// 10065 ///// ///// ////
000000000000000000000000000000000000000000000000000000000000000000000000000000000000000000000000000000000000000000000000=
57193 334700 1143100 00526 00541 4
20100502220000 183 007 179 007 151 008 2134 181 008 133 025 2158 0000 0199 0203 2101 0198 2148 077 077 2200 179 0158 10002 10002 2200 09996 2101 0178 0178 2200 0170 2117 0178 0178 2200 0172 2130 0191 0200 0206 0208 0178 0147 0131 0132 //// 10064 ///// ///// ////
000000000000000000000000000000000000000000000000000000000000000000000000000000000000000000000000000000000000000000000000=
57196 332800 1145200 00420 00428 4
20100502220000 152 021 152 021 148 022 2145 147 018 144 036 2158 0000 0193 0193 2200 0189 2125 075 075 2200 168 0148 10017 10017 2200 10013 2112 0160 0160 2200 0136 2114 0155 0155 2200 0146 2115 0174 0189 0197 0197 0157 0137 0128 0133 //// 10066 ///// ///// ////
000000000000000000000000000000000000000000000000000000000000000000000000000000000000000000000000000000000000000000000000=
57099 340400 1145100 00526 00536 4
20100502220000 172 006 138 005 148 008 2141 169 005 147 023 2113 0000 0197 0197 2200 0195 2113 080 080 2200 184 0162 10004 10004 2200 09998 2101 0162 0162 2200 0144 2129 0170 0170 2200 0163 2132 0183 0195 0200 0201 0177 0144 0124 0132 //// 10066 ///// ///// ////
000000000000000000000000000000000000000000000000000000000000000000000000000000000000000000000000000000000000000000000000=
58104 332400 1150400 00412 00425 4
20100502220000 150 014 153 015 158 018 2152 133 014 172 027 2151 0000 0182 0182 2200 0165 2101 082 081 2145 171 0151 10021 10021 2200 10015 2115 0150 0150 2200 0127 2104 0158 0158 2200 0149 2109 0178 0196 0206 0211 0193 0149 0128 0135 //// 10070 ///// ///// ////
000000000000000000000000000000000000000000000000000000000000000000000000000000000000000000000000000000000000000000000000=
57198 333300 1143700 00463 00473 4
20100502220000 132 001 153 002 174 012 2101 105 003 152 021 2101 0000 0186 0187 2124 0184 2101 079 077 2125 169 0149 10011 10011 2200 10005 2101 0141 0141 2200 0124 2108 0163 0163 2200 0157 2122 0184 0200 0208 0210 0166 0146 0132 0139 //// 10066 ///// ///// ////
000000000000000000000000000000000000000000000000000000000000000000000000000000000000000000000000000000000000000000000000=
58101 335200 1152900 00413 00428 4
20100502220000 162 017 166 018 166 018 2200 142 020 175 029 2157 0000 0187 0204 2101 0186 2150 083 073 2101 179 0158 10024 10024 2200 10019 2107 0164 0164 2200 0136 2135 0161 0161 2200 0150 2135 0187 0194 0198 0198 0165 0141 0126 0131 //// 10073 ///// ///// ////
000000000000000000000000000000000000000000000000000000000000000000000000000000000000000000000000000000000000000000000000=
57098 340500 1142400 00583 00593 4
20100502220000 145 014 148 013 141 016 2102 102 016 152 020 2101 0000 0183 0186 2103 0179 2133 090 087 2107 189 0166 09992 09992 2200 09986 2101 0170 0170 2200 0149 2134 0166 0166 2200 0160 2134 0173 0182 0188 0191 0175 0144 0126 0130 //// 10060 ///// ///// ////
000000000000000000000000000000000000000000000000000000000000000000000000000000000000000000000000000000000000000000000000=
57190 334500 1142400 00505 00516 4
20100502220000 154 018 157 017 151 026 2129 155 017 146 037 2124 0000 0185 0187 2107 0185 2200 084 084 2200 179 0157 10002 10002 2200 09996 2101 0173 0173 2200 0162 2149 0162 0162 2200 0156 2116 0182 0192 0199 0200 0187 0148 0129 0132 //// 10062 ///// ///// ////
000000000000000000000000000000000000000000000000000000000000000000000000000000000000000000000000000000000000000000000000=
57088 340900 1133000 01161 01177 4
20100502220000 088 006 103 007 021 009 2113 062 006 018 014 2105 0000 0180 0199 2101 0180 2200 089 080 2101 184 0162 09918 09918 2200 09912 2101 0157 0157 2200 0149 2139 0169 0169 2200 0162 2136 0190 0204 0211 0211 0158 0136 0127 0131 //// 10053 ///// ///// ////
000000000000000000000000000000000000000000000000000000000000000000000000000000000000000000000000000000000000000000000000=
57182 335100 1133000 00805 00814 4
20100502220000 229 000 066 007 157 015 2114 175 006 076 021 2146 0000 0194 0214 2101 0194 2200 081 072 2101 182 0161 09962 09962 2200 09953 2101 0174 0175 2156 0161 2126 0183 0183 2200 0175 2126 0206 0218 0223 0218 0185 0152 0134 0139 //// 10055 ///// ///// ////
000000000000000000000000000000000000000000000000000000000000000000000000000000000000000000000000000000000000000000000000=
57087 341200 1134800 00877 00885 4
20100502220000 201 006 220 007 220 014 2105 197 005 211 022 2104 0000 0190 0200 2101 0189 2146 083 078 2101 182 0160 09954 09954 2200 09948 2101 0151 0169 2101 0136 2143 0168 0169 2101 0161 2139 0187 0199 0204 0204 0164 0139 0125 0128 //// 10056 ///// ///// ////
000000000000000000000000000000000000000000000000000000000000000000000000000000000000000000000000000000000000000000000000=
58301 314900 1152300 00916 00929 4
20100502220000 227 048 226 051 225 053 2159 217 046 227 068 2158 0000 0247 0247 2200 0242 2120 047 047 2200 146 0126 09974 09974 2200 09967 2101 0225 0226 2111 0220 2134 0214 0214 2200 0206 2125 0214 0218 0222 0221 0204 0169 0140 0134 //// 10080 ///// ///// ////
000000000000000000000000000000000000000000000000000000000000000000000000000000000000000000000000000000000000000000000000=
57298 321300 1143300 00554 00562 4
20100502220000 200 020 199 020 194 021 2101 206 014 189 031 2157 0000 0215 0224 2101 0211 2132 075 071 2101 192 0169 10007 10007 2200 10003 2101 0180 0185 2101 0176 2137 0180 0181 2101 0175 2128 0198 0207 0212 0210 0172 0147 0128 0138 //// 10071 ///// ///// ////
000000000000000000000000000000000000000000000000000000000000000000000000000000000000000000000000000000000000000000000000=
58208 321000 1153700 00429 00439 4
20100502220000 125 012 129 012 132 013 2148 137 010 120 016 2139 0000 0175 0178 2101 0173 2151 089 087 2101 178 0157 10029 10029 2200 10023 2104 0160 0160 2200 0125 2128 0170 0170 2200 0162 2131 0191 0211 0220 0226 0188 0162 0142 0142 //// 10080 ///// ///// ////
000000000000000000000000000000000000000000000000000000000000000000000000000000000000000000000000000000000000000000000000=
53989 350300 1135700 00766 00777 4
20100502220000 142 005 139 004 139 004 2200 137 005 198 007 2155 0000 0198 0213 2101 0198 2200 084 076 2101 194 0170 09959 09959 2200 09953 2104 0160 0160 2200 0148 2132 0169 0169 2200 0162 2138 0188 0201 0207 0207 0172 0141 0124 0126 //// 10048 ///// ///// ////
000000000000000000000000000000000000000000000000000000000000000000000000000000000000000000000000000000000000000000000000=
53997 350900 1141100 00711 00723 4
20100502220000 096 012 098 013 106 014 2155 096 012 082 021 2153 0000 0206 0206 2200 0204 2131 076 076 2200 184 0162 09968 09968 2200 09961 2102 0171 0171 2200 0144 2106 0174 0174 2200 0164 2103 0190 0199 0200 0203 0161 0138 0121 0125 //// 10051 ///// ///// ////
000000000000000000000000000000000000000000000000000000000000000000000000000000000000000000000000000000000000000000000000=
53986 351900 1135300 00732 00740 4
20100502220000 059 011 056 008 064 009 2128 054 014 054 014 2200 0000 0195 0204 2101 0195 2151 092 088 2113 208 0182 09967 09967 2200 09961 2115 0156 0161 2101 0146 2124 0167 0168 2101 0163 2135 0192 0200 0203 0204 0175 0144 0126 0130 //// 10052 ///// ///// ////
000000000000000000000000000000000000000000000000000000000000000000000000000000000000000000000000000000000000000000000000=
53988 351600 1134000 00776 00784 4
20100502220000 078 014 079 014 052 015 2130 077 013 054 021 2125 0000 0191 0192 2104 0187 2130 084 084 2200 186 0163 09954 09954 2200 09949 2101 0161 0161 2200 0144 2119 0163 0163 2200 0154 2122 0187 0198 0202 0203 0157 0135 0123 0128 //// 10044 ///// ///// ////
000000000000000000000000000000000000000000000000000000000000000000000000000000000000000000000000000000000000000000000000=
53998 351200 1143900 00616 00625 4
20100502220000 159 022 155 022 153 023 2148 167 018 153 037 2156 0000 0206 0208 2101 0205 2145 080 078 2101 194 0170 09983 09983 2159 09977 2101 0177 0177 2200 0155 2101 0178 0178 2200 0170 2101 0191 0200 0203 0201 0184 0148 0124 0130 //// 10055 ///// ///// ////
000000000000000000000000000000000000000000000000000000000000000000000000000000000000000000000000000000000000000000000000=
57051 344800 1111200 04099 04117 4
20100502220000 095 015 096 015 092 020 2153 105 015 097 035 2146 0000 0196 0202 2102 0196 2200 068 065 2101 155 0135 09569 09569 2200 09566 2103 0153 0156 2126 0153 2200 0165 0169 2102 0164 2149 0192 0202 0207 0207 0176 0136 0119 0120 //// 10026 ///// ///// ////
000000000000000000000000000000000000000000000000000000000000000000000000000000000000000000000000000000000000000000000000=
57063 344600 1114600 05236 05236 4
20100502220000 120 004 098 003 009 007 2143 119 006 341 011 2135 0000 0148 0148 2141 0143 2115 087 087 2151 146 0127 09455 09455 2200 09450 2103 0104 0104 2200 0093 2112 0134 0134 2200 0127 2127 0164 0177 0184 0184 0127 0114 0104 0111 //// 10041 ///// ///// ////
000000000000000000000000000000000000000000000000000000000000000000000000000000000000000000000000000000000000000000000000=
57067 340300 1110200 05688 05699 4
20100502220000 216 008 227 008 236 014 2121 209 009 223 023 2115 0000 0152 0158 2101 0152 2200 084 082 2101 145 0125 09412 09412 2200 09408 2126 0119 0131 2140 0118 2157 0158 0164 2101 0158 2200 0189 0203 0206 0208 0179 0152 0124 0125 //// 10050 ///// ///// ////
000000000000000000000000000000000000000000000000000000000000000000000000000000000000000000000000000000000000000000000000=
57056 343200 1105300 03904 03909 4
20100502220000 147 053 155 053 155 054 2159 122 032 156 106 2158 0000 0246 0254 2129 0246 2151 046 042 2129 142 0122 09586 09587 2159 09582 2113 0223 0225 2128 0217 2144 0210 0210 2131 0207 2143 0209 0216 0216 0213 0156 0132 0118 0121 //// 10018 ///// ///// ////
000000000000000000000000000000000000000000000000000000000000000000000000000000000000000000000000000000000000000000000000=
58007 340400 1151800 00472 00532 4
20100502220000 158 014 159 014 161 014 2101 181 011 147 027 2146 0000 0180 0186 2105 0177 2149 082 080 2108 169 0149 10008 10008 2159 10003 2106 0146 0146 2200 0128 2124 0152 0152 2200 0147 2138 0179 0192 0199 0200 0161 0140 0127 0132 //// 10070 ///// ///// ////
000000000000000000000000000000000000000000000000000000000000000000000000000000000000000000000000000000000000000000000000=
58006 342300 1155300 00463 00506 4
20100502220000 152 019 152 017 170 019 2113 139 016 175 036 2114 0000 0192 0192 2200 0186 2124 072 072 2156 160 0140 10019 10019 2200 10013 2101 0148 0148 2200 0125 2126 0151 0151 2200 0143 2101 0166 0184 0192 0195 0171 0142 0123 0128 //// 10078 ///// ///// ////
000000000000000000000000000000000000000000000000000000000000000000000000000000000000000000000000000000000000000000000000=
58111 335800 1162700 00325 00325 4
20100502220000 123 015 122 016 125 017 2146 142 008 130 029 2146 0000 0201 0201 2200 0189 2127 072 072 2155 169 0149 10047 10047 2200 10039 2101 0150 0152 2101 0146 2134 0165 0165 2200 0155 2126 0173 0184 0189 0191 0166 0142 0130 0138 //// 10085 ///// ///// ////
000000000000000000000000000000000000000000000000000000000000000000000000000000000000000000000000000000000000000000000000=
58017 341500 1160800 00410 00420 4
20100502220000 129 011 137 010 133 014 2135 113 010 136 035 2128 0000 0203 0213 2101 0203 2158 083 072 2101 198 0173 10028 10028 2200 10023 2101 0156 0156 2200 0139 2127 0166 0166 2200 0160 2127 0183 0193 0196 0196 0160 0142 0127 0130 //// 10076 ///// ///// ////
000000000000000000000000000000000000000000000000000000000000000000000000000000000000000000000000000000000000000000000000=
58001 342600 1150600 00563 00569 4
20100502220000 179 012 180 014 178 021 2107 173 013 181 036 2117 0000 0189 0192 2101 0188 2132 086 085 2101 188 0165 09998 09998 2200 09991 2104 0173 0173 2200 0161 2147 0166 0166 2200 0163 2145 0178 0186 0190 0190 0159 0132 0118 0126 //// 10064 ///// ///// ////
000000000000000000000000000000000000000000000000000000000000000000000000000000000000000000000000000000000000000000000000=
58005 342700 1154000 00501 00511 4
20100502220000 158 021 157 019 181 027 2145 166 021 206 045 2144 0000 0204 0216 2101 0204 2200 072 066 2132 172 0152 10010 10010 2200 10005 2110 0158 0169 2146 0158 2200 0171 0174 2146 0168 2126 0192 0202 0201 0198 0164 0135 0127 0133 0001 10069 ///// ///// ////
000000000000000000000000000000000000000000000000000000000000000000000000000000000000000000000000000000000000000000000000
130 000 000 /// //// //////////////////////// /// //// 6///1 0//// 7//// 1//// 2//// 3//// /// /// /// // 911// 915// 919// 934// 939//=
58008 342800 1152000 00544 00592 4
20100502220000 167 017 166 017 162 018 2126 147 008 147 034 2108 0000 0198 0204 2101 0195 2151 078 077 2117 180 0159 09996 09996 2200 09991 2101 0169 0176 2101 0157 2136 0170 0171 2102 0164 2138 0179 0188 0192 0194 0157 0138 0123 0129 //// 10064 ///// ///// ////
000000000000000000000000000000000000000000000000000000000000000000000000000000000000000000000000000000000000000000000000=
58004 343900 1150900 00606 00616 4
20100502220000 130 004 132 006 131 009 2133 164 006 164 022 2137 0000 0185 0188 2102 0185 2200 089 088 2110 189 0167 09991 09991 2200 09985 2102 0154 0160 2106 0148 2136 0165 0165 2200 0160 2123 0182 0200 0203 0204 0171 0141 0127 0129 //// 10062 ///// ///// ////
000000000000000000000000000000000000000000000000000000000000000000000000000000000000000000000000000000000000000000000000=
54817 355900 1155200 00421 00434 4
20100502220000 155 021 154 022 153 022 2158 161 021 173 034 2158 0000 0205 0207 2106 0205 2149 092 091 2131 222 0192 10007 10007 2200 10001 2101 0182 0182 2158 0171 2112 0181 0181 2200 0171 2101 0188 0193 0196 0192 0151 0122 0111 0113 //// 10057 ///// ///// ////
000000000000000000000000000000000000000000000000000000000000000000000000000000000000000000000000000000000000000000000000=
54902 355400 1150700 00495 00499 4
20100502220000 223 009 220 009 187 018 2109 218 008 206 025 2139 0000 0192 0199 2118 0190 2130 084 083 2122 187 0164 09992 09992 2200 09986 2101 0154 0167 2111 0143 2131 0157 0158 2111 0153 2136 0185 0193 0196 0194 0157 0122 0111 0115 //// 10050 ///// ///// ////
000000000000000000000000000000000000000000000000000000000000000000000000000000000000000000000000000000000000000000000000=
54900 354200 1150100 00537 00541 4
20100502220000 188 017 192 015 194 026 2105 192 015 218 041 2131 0000 0202 0214 2105 0202 2200 086 081 2106 203 0178 09989 09989 2200 09982 2101 0167 0180 2106 0160 2153 0173 0179 2105 0170 2152 0193 0199 0199 0196 0175 0135 0115 0115 //// 10051 ///// ///// ////
000000000000000000000000000000000000000000000000000000000000000000000000000000000000000000000000000000000000000000000000=
54901 360500 1151000 00475 00478 4
20100502220000 155 016 152 017 150 018 2158 156 013 153 020 2157 0000 0184 0186 2101 0178 2130 092 091 2108 195 0171 09996 09996 2157 09990 2103 0157 0157 2200 0132 2116 0160 0160 2200 0148 2123 0173 0184 0189 0188 0172 0140 0116 0115 //// 10051 ///// ///// ////
000000000000000000000000000000000000000000000000000000000000000000000000000000000000000000000000000000000000000000000000=
54903 355100 1152900 00457 00506 4
20100502220000 209 016 213 020 215 021 2155 212 016 203 036 2152 0000 0208 0213 2109 0207 2147 081 079 2111 199 0174 09995 09995 2200 09987 2101 0195 0195 2200 0172 2137 0183 0183 2200 0174 2137 0190 0198 0198 0195 0167 0134 0118 0116 //// 10053 ///// ///// ////
000000000000000000000000000000000000000000000000000000000000000000000000000000000000000000000000000000000000000000000000=
57184 333800 1132200 00834 00847 4
20100502220000 049 008 051 008 113 016 2121 031 008 127 024 2118 0000 0194 0219 2101 0194 2200 081 070 2101 182 0161 09955 09955 2200 09947 2101 0173 0192 2101 0172 2147 0183 0187 2101 0178 2142 0208 0219 0221 0221 0148 0134 0126 0132 //// 10052 ///// ///// ////
000000000000000000000000000000000000000000000000000000000000000000000000000000000000000000000000000000000000000000000000=
57177 332000 1133200 00898 00913 4
20100502220000 103 013 049 011 219 023 2110 097 012 187 042 2108 0000 0234 0256 2109 0232 2152 059 047 2108 170 0149 09947 09947 2200 09939 2101 0203 0217 2106 0197 2141 0196 0201 2101 0194 2141 0183 0213 0205 0215 0176 0148 0131 0125 //// 10051 ///// ///// ////
000000000000000000000000000000000000000000000000000000000000000000000000000000000000000000000000000000000000000000000000=
57075 341000 1125200 02031 02043 4
20100502220000 088 036 089 035 089 035 2200 079 040 079 045 2148 0000 0205 0205 2200 0201 2121 081 081 2200 195 0171 09818 09818 2200 09813 2101 0195 0195 2200 0184 2123 0184 0184 2200 0175 2122 0190 0201 0208 0208 0208 0166 0133 0126 //// 10051 ///// ///// ////
000000000000000000000000000000000000000000000000000000000000000000000000000000000000000000000000000000000000000000000000=
57173 334500 1125300 01457 01468 4
20100502220000 224 008 236 008 214 022 2103 254 005 262 051 2122 0000 0221 0233 2101 0221 2200 069 064 2122 183 0162 09878 09878 2200 09873 2101 -246 0184 2109 -246 2200 -246 0184 2109 -246 2200 -246 -246 -246 -246 -246 -246 -246 -246 //// 10045 ///// ///// ////
000000000000000000000000000000000000000000000000000000000000000000000000000000000000000000000000000000000000000000000000=
57180 335900 1131200 01175 01186 4
20100502220000 089 007 062 008 050 013 2119 110 006 032 019 2118 0000 0173 0176 2129 0171 2120 092 090 2148 182 0160 09916 09916 2200 09911 2101 0154 0154 2158 0140 2109 0165 0165 2200 0158 2113 0188 0203 0211 0211 0169 0145 0130 0133 //// 10052 ///// ///// ////
000000000000000000000000000000000000000000000000000000000000000000000000000000000000000000000000000000000000000000000000=
57181 335300 1130300 01364 01380 4
20100502220000 159 021 159 023 174 028 2104 161 023 173 035 2102 0000 0224 0224 2200 0208 2114 071 071 2200 192 0169 09896 09897 2154 09891 2103 0178 0178 2200 0166 2142 0184 0184 2200 0178 2141 0203 0213 0218 0221 0181 0149 0130 0133 //// 10053 ///// ///// ////
000000000000000000000000000000000000000000000000000000000000000000000000000000000000000000000000000000000000000000000000=
57175 330300 1121400 01914 01922 4
20100502220000 045 004 028 002 006 007 2106 046 008 358 011 2106 0000 0172 0178 2115 0172 2139 096 094 2123 188 0166 09841 09841 2200 09837 2101 0139 0139 2107 0136 2145 0168 0170 2104 0166 2144 0201 0214 0220 0219 0169 0148 0134 0139 //// 10061 ///// ///// ////
000000000000000000000000000000000000000000000000000000000000000000000000000000000000000000000000000000000000000000000000=
57156 331800 1113000 02503 02523 4
20100502220000 298 023 294 020 277 024 2146 310 016 274 036 2139 0000 0190 0197 2101 0188 2148 086 083 2101 189 0166 09772 09772 2200 09767 2101 0173 0175 2123 0172 2152 0180 0183 2101 0179 2150 0204 0213 0219 0218 0190 0161 0139 0143 //// 10059 ///// ///// ////
000000000000000000000000000000000000000000000000000000000000000000000000000000000000000000000000000000000000000000000000=
57271 323300 1122300 00879 00897 4
20100502220000 145 009 149 009 171 015 2105 144 014 187 028 2105 0000 0197 0204 2106 0197 2153 084 083 2109 193 0169 09956 09956 2200 09947 2101 0164 0175 2114 0160 2147 0181 0184 2107 0179 2148 0209 0220 0225 0225 0174 0146 0135 0139 //// 10059 ///// ///// ////
000000000000000000000000000000000000000000000000000000000000000000000000000000000000000000000000000000000000000000000000=
57261 330700 1113100 02330 02345 4
20100502220000 171 008 118 007 115 014 2103 152 008 124 018 2101 0000 0197 0202 2101 0196 2150 087 084 2101 200 0175 09782 09782 2200 09777 2122 0175 0180 2101 0171 2133 0190 0192 2101 0188 2149 0214 0227 0231 0230 0206 0170 0148 //// //// 10048 ///// ///// ////
000000000000000000000000000000000000000000000000000000000000000000000000000000000000000000000000000000000000000000000000=
57285 322300 1132500 01530 01492 4
20100502220000 212 025 218 033 217 038 2115 192 026 212 103 2126 0000 0262 0264 2117 0258 2138 047 044 2102 160 0140 09890 09890 2200 09881 2112 0200 0204 2117 0196 2142 0210 0211 2117 0206 2124 0215 0222 0225 0225 0168 0143 0130 0135 //// ///// ///// ///// ////
////////////////////////////////////////////////////////////////////////////////////////////////////////////////////////=
57273 324100 1125100 01095 01105 4
20100502220000 037 007 043 011 061 018 2107 068 008 057 023 2107 0000 0173 0195 2101 0173 2200 083 070 2101 164 0144 09932 09932 2200 09924 2101 0169 0178 2101 0166 2147 0183 0187 2101 0181 2145 0212 0223 0226 0225 0180 0153 0136 0138 //// 10059 ///// ///// ////
000000000000000000000000000000000000000000000000000000000000000000000000000000000000000000000000000000000000000000000000=
57187 330400 1125600 01180 01193 4
20100502220000 078 006 066 004 019 009 2101 063 006 035 012 2101 0000 0160 0169 2101 0159 2149 090 089 2104 164 0144 09916 09916 2200 09907 2106 0142 0142 2200 0133 2141 0167 0169 2101 0166 2146 0194 0199 0213 0215 0192 0159 0139 0137 //// 10054 ///// ///// ////
000000000000000000000000000000000000000000000000000000000000000000000000000000000000000000000000000000000000000000000000=
57178 330200 1123500 01292 01305 4
20100502220000 299 010 301 008 318 010 2139 310 013 344 015 2133 0000 0196 0199 2143 0193 2112 084 082 2141 192 0168 09910 09910 2200 09903 2102 0154 0154 2200 0144 2124 0174 0174 2200 0169 2133 0205 0215 0216 0214 0176 0148 0134 0134 0002 10059 ///// ///// ////
000000000000000000000000000000000000000000000000000000000000000000000000000000000000000000000000000000000000000000000000
130 006 000 /// //// /////////////////////CIE /// //// 6///1 0//// 7//// 1//// 2//// 3//// /// /// /// // 911// 915// 919// 934// 939//=
57169 330300 1115200 01591 01600 4
20100502220000 235 012 240 014 240 014 2200 232 011 243 017 2155 0000 0175 0179 2110 0170 2133 098 097 2127 196 0172 09877 09877 2159 09869 2110 0171 0172 2150 0167 2134 0166 0166 2200 0162 2134 0197 0209 0216 0216 0191 0154 0134 0135 //// 10061 ///// ///// ////
000000000000000000000000000000000000000000000000000000000000000000000000000000000000000000000000000000000000000000000000=
57176 332900 1122500 02311 02304 4
20100502220000 341 007 352 006 352 006 2200 347 007 347 007 2200 0000 0183 0184 2101 0182 2145 089 086 2101 187 0165 09802 09802 2158 09797 2102 0159 0159 2159 0155 2109 0174 0176 2101 0172 2147 0200 0212 0218 0221 0195 0164 0140 0137 //// 10065 ///// ///// ////
000000000000000000000000000000000000000000000000000000000000000000000000000000000000000000000000000000000000000000000000=
57179 331700 1130000 01604 01616 4
20100502220000 248 005 260 009 272 012 2147 237 005 271 013 2139 0000 0172 0177 2107 0170 2127 093 092 2117 182 0161 09876 09877 2158 09869 2101 0142 0142 2200 0135 2110 0168 0168 2200 0166 2140 0196 0207 0212 0213 0181 0149 0130 0134 //// 10061 ///// ///// ////
000000000000000000000000000000000000000000000000000000000000000000000000000000000000000000000000000000000000000000000000=
57274 324200 1120700 01076 01088 4
20100502220000 055 008 046 007 046 012 2148 060 004 066 019 2148 0000 0186 0187 2157 0183 2118 086 086 2200 184 0162 09932 09932 2200 09924 2103 0169 0169 2200 0163 2127 0180 0180 2200 0178 2126 0207 0217 0225 0227 0212 0182 0150 0145 //// 10057 ///// ///// ////
000000000000000000000000000000000000000000000000000000000000000000000000000000000000000000000000000000000000000000000000=
57065 343000 1121100 01949 01964 4
20100502220000 000 000 287 005 284 007 2157 296 003 277 013 2151 0000 0176 0182 2101 0174 2145 082 078 2101 165 0145 09820 09820 2200 09814 2105 0157 0161 2101 0155 2151 0166 0168 2101 0164 2146 0199 0214 0222 0224 0175 0147 0134 0138 //// 10044 ///// ///// ////
000000000000000000000000000000000000000000000000000000000000000000000000000000000000000000000000000000000000000000000000=
57074 342500 1122500 01973 01989 4
20100502220000 195 008 214 012 218 015 2149 220 016 232 025 2154 0000 0214 0216 2116 0214 2147 076 075 2118 194 0170 09819 09819 2200 09813 2101 0180 0180 2151 0162 2122 0185 0185 2159 0177 2122 0203 0213 0217 0215 0170 0145 0129 0130 //// 10044 ///// ///// ////
000000000000000000000000000000000000000000000000000000000000000000000000000000000000000000000000000000000000000000000000=
57076 344400 1124700 01895 01901 4
20100502220000 073 007 176 005 101 015 2105 088 013 110 020 2103 0000 0216 0221 2130 0216 2200 065 062 2126 168 0147 09822 09822 2200 09816 2110 0169 0169 2200 0160 2129 0169 0169 2200 0161 2124 0183 0195 0200 0199 0166 0138 0122 0125 //// 10037 ///// ///// ////
000000000000000000000000000000000000000000000000000000000000000000000000000000000000000000000000000000000000000000000000=
57070 344400 1120700 03640 03595 4
20100502220000 009 008 001 009 040 026 2119 358 008 046 033 2114 0000 0194 0199 2124 0191 2151 083 081 2101 187 0164 09636 09636 2158 09631 2111 0164 0182 2122 0164 2158 0169 0173 2123 0168 2155 0191 0199 0202 0199 0179 0143 0123 0125 //// 10040 ///// ///// ////
000000000000000000000000000000000000000000000000000000000000000000000000000000000000000000000000000000000000000000000000=
57162 340900 1120500 03258 03275 4
20100502220000 193 012 185 011 192 018 2128 215 011 170 026 2124 0000 0196 0200 2101 0196 2200 069 067 2101 157 0138 09674 09674 2200 09668 2101 0161 0165 2110 0153 2101 0173 0173 2200 0169 2101 0201 0212 0219 0220 0167 0144 0129 0134 //// 10042 ///// ///// ////
000000000000000000000000000000000000000000000000000000000000000000000000000000000000000000000000000000000000000000000000=
57078 340900 1122800 03365 03340 4
20100502220000 064 008 068 004 136 008 2103 068 008 099 011 2133 0000 0175 0180 2111 0175 2159 080 078 2115 160 0140 09671 09671 2158 09666 2101 0131 0133 2118 0129 2132 0149 0151 2111 0148 2129 0176 0193 0204 0208 0155 0135 0124 0124 //// 10048 ///// ///// ////
000000000000000000000000000000000000000000000000000000000000000000000000000000000000000000000000000000000000000000000000=
57071 344900 1122600 03333 03332 4
20100502220000 174 009 181 008 193 020 2131 184 013 167 025 2125 0000 0201 0210 2101 0201 2159 075 069 2101 176 0155 09665 09665 2200 09661 2118 0143 0143 2200 0135 2123 0166 0166 2200 0162 2121 0191 0202 0206 0205 0189 0145 0122 0123 //// 10040 ///// ///// ////
000000000000000000000000000000000000000000000000000000000000000000000000000000000000000000000000000000000000000000000000=
57066 342300 1114000 03283 03298 4
20100502220000 146 003 164 002 164 002 2200 161 003 161 003 2200 0000 0178 0182 2124 0178 2200 075 073 2101 153 0133 09667 09667 2200 09660 2101 0147 0147 2200 0145 2105 0159 0159 2123 0158 2150 0175 0182 0184 0182 0159 0138 0121 0120 //// 10040 ///// ///// ////
000000000000000000000000000000000000000000000000000000000000000000000000000000000000000000000000000000000000000000000000=
57077 334700 1113900 07424 07388 4
20100502220000 223 008 259 016 266 018 2157 209 011 234 032 2154 0000 0157 0157 2154 0152 2125 080 080 2200 143 0123 09236 09236 2200 09234 2104 0128 0128 2200 0115 2131 0138 0138 2200 0132 2128 0167 0182 0189 0192 0166 0131 0114 0117 //// 10055 ///// ///// ////
000000000000000000000000000000000000000000000000000000000000000000000000000000000000000000000000000000000000000000000000=
57185 332700 1133500 00911 00921 4
20100502220000 098 007 077 008 037 016 2102 108 007 043 018 2101 0000 0162 0167 2101 0160 2144 085 083 2101 156 0137 09949 09949 2200 09942 2101 0159 0159 2200 0147 2128 0165 0165 2200 0158 2128 0196 0204 0211 0206 0184 0153 0130 0129 //// 10055 ///// ///// ////
000000000000000000000000000000000000000000000000000000000000000000000000000000000000000000000000000000000000000000000000=
57183 334800 1135500 00600 00615 4
20100502220000 125 004 136 002 096 004 2110 116 000 091 010 2106 0000 0159 0168 2118 0159 2158 093 093 2133 168 0148 09985 09985 2200 09979 2101 0149 0153 2114 0145 2136 0160 0160 2200 0154 2135 0185 0195 0201 0203 0188 0151 0128 0126 //// 10056 ///// ///// ////
000000000000000000000000000000000000000000000000000000000000000000000000000000000000000000000000000000000000000000000000=
57186 333600 1140300 00587 00598 4
20100502220000 123 011 121 013 116 017 2152 088 010 127 028 2150 0000 0187 0197 2101 0187 2200 084 079 2101 181 0159 09987 09987 2200 09982 2101 0164 0164 2200 0142 2143 0174 0174 2200 0163 2136 0193 0205 0209 0211 0189 0155 0134 0137 //// 10056 ///// ///// ////
000000000000000000000000000000000000000000000000000000000000000000000000000000000000000000000000000000000000000000000000=
57094 342400 1141300 00674 00685 4
20100502220000 191 009 192 010 179 011 2157 178 009 195 017 2147 0000 0188 0193 2101 0187 2142 090 087 2101 195 0171 09975 09975 2200 09969 2102 0160 0160 2200 0140 2114 0170 0170 2200 0160 2119 0185 0196 0202 0204 0186 0157 0130 0130 //// 10054 ///// ///// ////
000000000000000000000000000000000000000000000000000000000000000000000000000000000000000000000000000000000000000000000000=
57191 342900 1142900 00634 00642 4
20100502220000 166 015 161 015 169 017 2102 227 016 187 028 2133 0000 0203 0207 2101 0203 2200 080 078 2108 190 0167 09985 09985 2200 09979 2101 0185 0185 2200 0173 2117 0186 0186 2200 0180 2130 0198 0205 0210 0210 0176 0144 0125 0127 //// 10059 ///// ///// ////
000000000000000000000000000000000000000000000000000000000000000000000000000000000000000000000000000000000000000000000000=
57096 343200 1144700 00597 00607 4
20100502220000 135 008 138 009 165 017 2101 147 008 172 026 2112 0000 0187 0194 2101 0187 2200 086 084 2101 185 0163 09986 09986 2200 09981 2101 0173 0173 2200 0165 2137 0165 0165 2200 0158 2129 0183 0197 0203 0201 0168 0140 0126 0129 //// 10056 ///// ///// ////
000000000000000000000000000000000000000000000000000000000000000000000000000000000000000000000000000000000000000000000000=
57093 345100 1144900 00733 00740 4
20100502220000 170 017 170 018 178 025 2142 186 014 158 040 2137 0000 0199 0206 2101 0198 2124 083 080 2101 193 0169 09971 09972 2155 09966 2102 0192 0193 2145 0177 2116 0176 0176 2200 0168 2118 0191 0198 0202 0198 0177 0141 0123 0125 //// 10056 ///// ///// ////
000000000000000000000000000000000000000000000000000000000000000000000000000000000000000000000000000000000000000000000000=
57091 344700 1141800 00737 00748 4
20100502220000 195 037 194 038 189 048 2102 184 035 178 065 2132 0000 0221 0228 2102 0221 2200 068 063 2101 181 0159 09963 09964 2156 09958 2101 0196 0196 2200 0191 2142 0192 0192 2200 0186 2139 0196 0201 0204 0191 0173 0145 0125 0120 //// 10049 ///// ///// ////
000000000000000000000000000000000000000000000000000000000000000000000000000000000000000000000000000000000000000000000000=
53978 350500 1123800 01401 01409 4
20100502220000 000 000 165 004 129 011 2134 232 000 128 015 2129 0000 0172 0179 2101 0170 2143 088 084 2103 173 0152 09879 09879 2200 09874 2103 0154 0154 2200 0147 2126 0164 0164 2200 0159 2127 0185 0198 0201 0203 0151 0131 0124 0130 //// 10040 ///// ///// ////
000000000000000000000000000000000000000000000000000000000000000000000000000000000000000000000000000000000000000000000000=
53987 350600 1132500 00910 00918 4
20100502220000 011 011 009 014 011 020 2139 347 014 023 031 2138 0000 0196 0197 2158 0188 2128 086 085 2154 196 0172 09941 09941 2200 09935 2101 0173 0174 2158 0139 2103 0176 0176 2200 0168 2126 0187 0197 0203 0206 0180 0151 0134 0132 //// 10046 ///// ///// ////
000000000000000000000000000000000000000000000000000000000000000000000000000000000000000000000000000000000000000000000000=
57079 345700 1130200 01064 01069 4
20100502220000 075 016 091 012 091 012 2200 085 019 085 019 2200 0000 0178 0182 2108 0176 2131 089 086 2115 181 0160 09917 09917 2200 09912 2101 0163 0163 2200 0143 2140 0164 0164 2200 0154 2132 0186 0193 0198 0198 0186 0151 0128 0126 //// 10039 ///// ///// ////
000000000000000000000000000000000000000000000000000000000000000000000000000000000000000000000000000000000000000000000000=
57072 345500 1124500 01275 01285 4
20100502220000 182 009 167 009 311 014 2105 184 009 310 017 2103 0000 0169 0175 2101 0168 2145 094 092 2101 181 0159 09895 09895 2200 09889 2116 0139 0139 2200 0126 2136 0155 0155 2200 0147 2135 0179 0192 0196 0195 0153 0132 0117 0119 //// 10042 ///// ///// ////
000000000000000000000000000000000000000000000000000000000000000000000000000000000000000000000000000000000000000000000000=
53982 351400 1131600 01120 01135 4
20100502220000 057 012 065 010 028 023 2115 051 009 012 034 2102 0000 0208 0216 2119 0208 2200 073 067 2118 179 0158 09914 09914 2200 09909 2112 0168 0181 2121 0167 2101 0178 0182 2114 0174 2146 0199 0208 0212 0212 0181 0149 0131 0136 //// 10043 ///// ///// ////
000000000000000000000000000000000000000000000000000000000000000000000000000000000000000000000000000000000000000000000000=
53979 350900 1130500 01200 01211 4
20100502220000 078 018 081 014 081 014 2200 096 023 096 023 2159 0000 0176 0178 2102 0174 2123 087 085 2118 175 0154 09907 09907 2200 09901 2101 0151 0151 2200 0137 2110 0158 0158 2200 0148 2136 0190 0204 0213 0215 0161 0143 0128 0133 //// 10045 ///// ///// ////
000000000000000000000000000000000000000000000000000000000000000000000000000000000000000000000000000000000000000000000000=
53992 353900 1143100 00582 00592 4
20100502220000 309 022 305 016 254 019 2103 300 024 300 024 2200 0000 0175 0186 2101 0175 2200 092 087 2101 184 0162 09983 09984 2153 09977 2102 0158 0158 2200 0149 2110 0168 0168 2200 0163 2120 0184 0191 0200 0200 0158 0132 0116 0122 //// 10051 ///// ///// ////
000000000000000000000000000000000000000000000000000000000000000000000000000000000000000000000000000000000000000000000000=
53974 353700 1141100 00723 00739 4
20100502220000 002 005 005 003 260 010 2101 018 006 257 016 2110 0000 0210 0215 2101 0210 2200 081 078 2101 201 0176 09971 09971 2200 09963 2101 0175 0185 2103 0171 2147 0184 0185 2108 0179 2133 0200 0210 0215 0214 0175 0143 0124 0129 //// 10056 ///// ///// ////
000000000000000000000000000000000000000000000000000000000000000000000000000000000000000000000000000000000000000000000000=
53990 354300 1141900 00795 00805 4
20100502220000 222 000 168 002 194 015 2128 189 000 192 019 2125 0000 0167 0174 2101 0166 2120 094 091 2101 179 0157 09963 09963 2200 09953 2101 0170 0170 2200 0159 2118 0173 0173 2200 0163 2118 0200 0212 0214 0215 0191 0146 0119 0116 //// 10056 ///// ///// ////
000000000000000000000000000000000000000000000000000000000000000000000000000000000000000000000000000000000000000000000000=
53991 355600 1142100 00743 00753 4
20100502220000 286 016 285 013 296 014 2120 297 014 261 021 2159 0000 0212 0215 2123 0210 2147 075 075 2200 189 0166 09970 09970 2200 09962 2101 0184 0184 2200 0163 2101 0181 0181 2200 0174 2104 0194 0204 0202 0206 0171 0140 0121 0123 //// 10056 ///// ///// ////
000000000000000000000000000000000000000000000000000000000000000000000000000000000000000000000000000000000000000000000000=
53889 360400 1134900 03068 03086 4
20100502220000 242 006 246 004 252 008 2106 240 006 257 010 2102 0000 0188 0196 2101 0188 2200 077 074 2101 167 0147 09709 09710 2159 09699 2101 0143 0143 2200 0128 2121 0167 0167 2200 0160 2132 0183 0193 0199 0204 0160 0128 0122 0108 //// 10058 ///// ///// ////
000000000000000000000000000000000000000000000000000000000000000000000000000000000000000000000000000000000000000000000000=
53995 353300 1143000 00625 00645 4
20100502220000 263 010 245 010 205 014 2101 268 011 232 015 2153 0000 0183 0191 2109 0183 2159 086 082 2101 181 0159 09978 09979 2159 09972 2108 0165 0165 2200 0155 2120 0168 0168 2200 0163 2140 0194 0205 0209 0210 0183 0148 0124 0123 //// 10052 ///// ///// ////
000000000000000000000000000000000000000000000000000000000000000000000000000000000000000000000000000000000000000000000000=
NNNN
