57085 343200 1132000 02599 02648 4
20100501120000 100 008 121 009 119 022 1113 105 012 139 042 1109 0000 0238 0257 1101 0238 1200 049 035 1118 144 0125 09786 09786 1200 09782 1106 0210 0239 1115 0210 1159 0202 0228 1101 0202 1200 0233 0234 0223 0203 0169 0141 0125 0128 //// 10092 ///// ///// ////
000000000000000000000000000000000000000000000000000000000000000000000000000000000000000000000000000000000000000000000000
200 001 000 001 3500 /////////////////////ACR 030 0000 6///1 0//// 7//// 1//// 2//// 3//// /// /// /// // 911// 915// 919// 934// 939//=
57080 344400 1125800 01652 01661 4
20100501120000 164 012 153 020 158 032 1136 156 015 150 053 1133 0000 0269 0279 1101 0269 1200 028 017 1101 099 0069 09884 09884 1200 09882 1110 0181 0194 1138 0163 1109 0218 0247 1101 0218 1200 0257 0259 0242 0220 0152 0131 0119 0123 //// 10076 ///// ///// ////
000000000000000000000000000000000000000000000000000000000000000000000000000000000000000000000000000000000000000000000000
250 000 000 000 //// //////////////////////// /// 0000 6///1 0//// 7//// 1//// 2//// 3//// /// /// /// // 911// 915// 919// 934// 939//=
57196 332800 1145200 00420 00428 4
20100501120000 144 009 135 009 147 011 1130 136 010 144 015 1114 0000 0203 0240 1101 0203 1200 082 066 1103 195 0171 10053 10053 1200 10047 1101 0151 0181 1101 0151 1200 0198 0227 1101 0198 1200 0237 0238 0222 0201 0145 0134 0127 0132 //// 10104 ///// ///// ////
000000000000000000000000000000000000000000000000000000000000000000000000000000000000000000000000000000000000000000000000
140 000 000 000 //// //////////////////////// /// 0000 6///1 0//// 7//// 1//// 2//// 3//// /// /// /// // 911// 915// 919// 934// 939//=
57190 334500 1142400 00505 00516 4
20100501120000 147 018 148 017 144 020 1121 149 018 136 026 1119 0000 0217 0236 1101 0217 1200 079 073 1101 205 0179 10038 10038 1200 10035 1101 0173 0209 1101 0173 1200 0199 0232 1101 0199 1200 0247 0253 0240 0218 0169 0142 0127 0132 //// 10099 ///// ///// ////
000000000000000000000000000000000000000000000000000000000000000000000000000000000000000000000000000000000000000000000000
170 000 000 /// //// //////////////////////// /// //// 6///1 0//// 7//// 1//// 2//// 3//// /// /// /// // 911// 915// 919// 934// 939//=
57088 340900 1133000 01161 01177 4
20100501120000 190 018 196 016 188 022 1101 181 015 203 032 1105 0000 0236 0253 1101 0236 1200 063 059 1101 183 0161 09953 09954 1154 09951 1113 0174 0214 1101 0174 1200 0203 0241 1101 0203 1200 0251 0257 0242 0222 0143 0131 0126 0131 //// 10090 ///// ///// ////
000000000000000000000000000000000000000000000000000000000000000000000000000000000000000000000000000000000000000000000000
180 004 000 /// //// /////////////////////CIE /// //// 6///1 0//// 7//// 1//// 2//// 3//// /// /// /// // 911// 915// 919// 934// 939//=
57095 340700 1140900 00611 00622 4
20100501120000 150 013 150 014 156 018 1145 187 010 144 038 1130 0000 0237 0246 1101 0236 1159 071 065 1101 208 0181 10019 10019 1200 10017 1144 0156 0181 1101 0156 1200 0202 0229 1101 0202 1200 0244 0239 0240 0223 0157 0138 0125 0129 //// 10092 ///// ///// ////
000000000000000000000000000000000000000000000000000000000000000000000000000000000000000000000000000000000000000000000000
260 000 000 000 //// //////////////////////// /// 0000 6///1 0//// 7//// 1//// 2//// 3//// /// /// /// // 911// 915// 919// 934// 939//=
58301 314900 1152300 00916 00929 4
20100501120000 209 024 208 024 228 026 1141 204 024 206 037 1152 0000 0248 0266 1101 0248 1200 051 045 1108 160 0140 10002 10002 1200 09998 1101 0197 0207 1101 0197 1200 0233 0256 1101 0233 1200 0262 0263 0254 0237 0190 0160 0138 0134 //// 10110 ///// ///// ////
000000000000000000000000000000000000000000000000000000000000000000000000000000000000000000000000000000000000000000000000
150 000 000 000 //// //////////////////////// /// 0000 6///1 0//// 7//// 1//// 2//// 3//// /// /// /// // 911// 915// 919// 934// 939//=
57176 332900 1122500 02311 02304 4
20100501120000 142 008 148 007 164 020 1110 156 008 167 031 1106 0000 0243 0255 1101 0243 1200 063 058 1101 191 0168 09841 09841 1200 09836 1101 0208 0238 1101 0208 1200 0233 0258 1101 0233 1200 0265 0267 0258 0242 0182 0157 0138 0136 //// 10108 ///// ///// ////
000000000000000000000000000000000000000000000000000000000000000000000000000000000000000000000000000000000000000000000000
120 10- 000 10- 3000 /////////////////////ACR 03/ 0000 6///1 0//// 7//// 1//// 2//// 3//// /// /// /// // 911// 915// 919// 934// 939//=
57078 340900 1122800 03365 03340 4
20100501120000 007 012 009 015 006 017 1136 032 009 111 022 1104 0000 0242 0267 1101 0240 1150 044 033 1101 133 0112 09704 09705 1151 09702 1103 0169 0202 1101 0169 1158 0212 0247 1101 0212 1200 0255 0263 0249 0224 0143 0132 0123 0124 //// 10088 ///// ///// ////
000000000000000000000000000000000000000000000000000000000000000000000000000000000000000000000000000000000000000000000000
200 001 001 001 0900 /////////////////////CUU 100 0000 6///1 0//// 7//// 1//// 2//// 3//// /// /// /// // 911// 915// 919// 934// 939//=
57077 334700 1113900 07424 07388 4
20100501120000 077 022 124 018 305 025 1127 071 021 310 044 1110 0000 0218 0255 1101 0217 1156 043 030 1106 112 0087 09271 09272 1157 09264 1101 0171 0208 1106 0170 1159 0200 0245 1101 0200 1200 0238 0241 0224 0203 0149 0126 0112 0117 //// 10107 ///// ///// ////
000000000000000000000000000000000000000000000000000000000000000000000000000000000000000000000000000000000000000000000000
260 000 000 000 //// //////////////////////// /// 0000 6///1 0//// 7//// 1//// 2//// 3//// /// /// /// // 911// 915// 919// 934// 939//=
53978 350500 1123800 01401 01409 4
20100501120000 126 008 107 010 070 022 1125 139 008 057 031 1123 0000 0241 0265 1113 0241 1200 042 033 1110 126 0104 09914 09914 1200 09910 1119 0167 0213 1129 0167 1200 0199 0238 1101 0199 1200 0239 0242 0227 0209 0136 0127 0123 0130 //// 10078 ///// ///// ////
000000000000000000000000000000000000000000000000000000000000000000000000000000000000000000000000000000000000000000000000
200 000 000 000 //// //////////////////////// /// 0000 6///1 0//// 7//// 1//// 2//// 3//// /// /// /// // 911// 915// 919// 934// 939//=
57072 345500 1124500 01275 01285 4
20100501120000 303 012 305 013 012 016 1101 299 010 347 021 1139 0000 0202 0245 1101 0202 1200 060 039 1102 142 0122 09929 09929 1200 09922 1101 0132 0166 1101 0131 1157 0178 0222 1101 0178 1200 0233 0236 0219 0200 0137 0127 0116 0119 //// 10080 ///// ///// ////
000000000000000000000000000000000000000000000000000000000000000000000000000000000000000000000000000000000000000000000000
300 000 000 000 5500 /////////////////////CIE 002 0000 6///1 0//// 7//// 1//// 2//// 3//// /// /// /// // 911// 915// 919// 934// 939//=
53889 360400 1134900 03068 03086 4
20100501120000 159 014 169 016 165 035 1126 133 015 170 061 1122 0000 0243 0256 1101 0243 1200 029 025 1101 088 0051 09721 09721 1200 09719 1107 0201 0237 1102 0200 1159 0209 0238 1101 0209 1200 0246 0256 0257 0251 0146 0121 0120 0107 //// 10076 ///// ///// ////
000000000000000000000000000000000000000000000000000000000000000000000000000000000000000000000000000000000000000000000000
500 000 000 000 //// //////////////////////// /// 0000 6///1 0//// 7//// 1//// 2//// 3//// /// /// /// // 911// 915// 919// 934// 939//=
NNNN
