57090 344300 1135800 00781 00802 4
20100322100000 161 004 140 011 094 013 0901 153 008 083 024 0917 0000 0110 0113 0901 0110 1000 088 086 0923 115 0091 10068 10068 1000 10065 0915 0096 0102 0901 0096 1000 0102 0109 0901 0102 1000 0107 0108 0106 0106 0099 0091 0083 0119 //// 10166 ///// ///// ////
000000000000000000000000000000000000000000000000000000000000000000000000000000000000000000000000000000000000000000000000=
57083 344300 1133900 01104 01116 4
20100322100000 092 025 086 024 073 029 0920 070 024 068 039 0916 0001 0117 0124 0912 0117 1000 081 074 0909 111 0086 10028 10028 1000 10022 0901 0099 0107 0901 0099 0959 0104 0112 0901 0104 1000 0110 0111 0109 0109 0098 0097 0101 0126 0001 10163 ///// ///// ////
000000000000000000000001000000000000000000000000000000000000000000000000000000000000000000000000000000000000000000000000
100 010 000 /// //// /////////////////////ASP /// //// 6///1 0//// 7//// 1//// 2//// 3//// /// /// /// // 911// 915// 919// 934// 939//=
57086 342300 1134300 01166 01168 4
20100322100000 139 032 146 028 137 031 0929 125 029 136 055 0925 0000 0106 0107 0953 0104 0901 076 075 0952 097 0066 10026 10028 0949 10018 0910 0096 0102 0904 0096 0952 0100 0109 0903 0100 1000 0109 0112 0111 0109 0102 0094 0091 0116 //// 10168 ///// ///// ////
000000000000000000000000000000000000000000000000000000000000000000000000000000000000000000000000000000000000000000000000=
57085 343200 1132000 02599 02648 4
20100322100000 122 019 123 016 123 016 1000 125 016 240 024 0909 0000 0114 0121 0902 0114 0945 064 059 0901 086 0048 09841 09841 1000 09838 0918 0103 0106 0902 0101 0937 0095 0101 0901 0095 1000 0106 0109 0110 0108 0106 0097 0090 0121 //// 10159 ///// ///// ////
000000000000000000000000000000000000000000000000000000000000000000000000000000000000000000000000000000000000000000000000=
57081 344800 1132600 01409 01419 4
20100322100000 072 008 076 008 259 014 0901 032 008 260 043 0908 0000 0130 0133 0907 0130 1000 052 047 0943 078 0034 09987 09987 1000 09981 0906 0108 0122 0905 0108 1000 0107 0113 0907 0107 1000 0109 0109 0110 0104 0089 0091 0094 0117 //// 10158 ///// ///// ////
000000000000000000000000000000000000000000000000000000000000000000000000000000000000000000000000000000000000000000000000=
57084 343000 1130300 11784 11790 4
20100322100000 072 028 025 029 287 078 0905 063 046 282 110 0907 0000 0073 0075 0940 0056 0901 038 032 0955 039 -061 08813 08813 1000 08810 0911 0060 0064 0949 0050 0904 0036 0040 0901 0035 0925 0048 0064 0074 0077 0067 //// //// //// //// 10152 ///// ///// ////
000000000000000000000000000000000000000000000000000000000000000000000000000000000000000000000000000000000000000000000000=
57080 344400 1125800 01652 01661 4
20100322100000 211 031 209 031 207 037 0941 218 031 212 067 0937 0000 0125 0125 1000 0122 0923 056 056 1000 081 0040 09960 09963 0952 09959 0935 0117 0119 0944 0115 0901 0100 0108 0901 0100 1000 0108 0108 0106 0104 0092 0086 0086 0119 //// 10161 ///// ///// ////
000000000000000000000000000000000000000000000000000000000000000000000000000000000000000000000000000000000000000000000000=
57082 342800 1130100 04271 04284 4
20100322100000 331 008 265 011 346 031 0914 285 013 330 051 0906 0000 0110 0112 0944 0110 0907 052 049 0942 068 0015 09654 09655 0901 09651 0919 0100 0104 0948 0098 0955 0089 0093 0901 0089 1000 0100 0108 0113 0115 0104 0098 0098 //// //// 10163 ///// ///// ////
000000000000000000000000000000000000000000000000000000000000000000000000000000000000000000000000000000000000000000000000=
57290 330000 1140100 00827 00838 4
20100322100000 029 023 023 022 019 036 0915 035 018 023 078 0915 0000 0136 0144 0901 0136 1000 065 061 0915 101 0072 10062 10063 0955 10057 0912 0118 0130 0901 0118 1000 0128 0141 0901 0128 1000 0129 0128 0124 0124 0110 0100 0101 0132 //// 10163 ///// ///// ////
000000000000000000000000000000000000000000000000000000000000000000000000000000000000000000000000000000000000000000000000=
57295 323700 1142100 00785 00802 4
20100322100000 024 016 017 017 002 029 0924 012 025 021 054 0919 0000 0124 0127 0901 0124 1000 063 061 0904 091 0056 10063 10063 1000 10057 0910 0109 0119 0901 0109 1000 0116 0124 0901 0116 1000 0129 0124 0122 0122 0110 0101 0100 0128 //// 10160 ///// ///// ////
000000000000000000000000000000000000000000000000000000000000000000000000000000000000000000000000000000000000000000000000=
57188 332200 1140200 00559 00568 4
20100322100000 359 030 359 037 002 037 0929 299 017 007 064 0925 0000 0134 0141 0901 0134 1000 058 055 0901 089 0053 10095 10096 0939 10091 0926 0125 0137 0901 0125 1000 0125 0141 0901 0125 1000 0132 0127 0123 0116 0100 0094 0100 0133 //// 10164 ///// ///// ////
000000000000000000000000000000000000000000000000000000000000000000000000000000000000000000000000000000000000000000000000=
57293 324400 1145900 00380 00391 4
20100322100000 356 025 003 022 351 028 0942 015 035 358 044 0905 0000 0124 0127 0901 0124 1000 063 060 0901 091 0056 10113 10113 1000 10104 0907 0118 0126 0901 0118 1000 0109 0117 0901 0109 1000 0115 0117 0118 0117 0118 0105 0102 0132 //// 10160 ///// ///// ////
000000000000000000000000000000000000000000000000000000000000000000000000000000000000000000000000000000000000000000000000=
57189 330800 1135700 00646 00655 4
20100322100000 012 031 014 028 010 039 0945 012 026 001 085 0911 0000 0135 0142 0901 0135 1000 066 063 0901 102 0073 10085 10085 0959 10079 0908 0130 0144 0910 0130 0958 0129 0143 0910 0129 1000 0132 0130 0127 0123 0103 0095 0095 0122 //// 10164 ///// ///// ////
000000000000000000000000000000000000000000000000000000000000000000000000000000000000000000000000000000000000000000000000=
57194 331700 1141600 00598 00609 4
20100322100000 002 033 004 028 359 029 0953 344 022 322 070 0935 0000 0133 0144 0901 0133 1000 067 065 0902 102 0073 10088 10088 0959 10083 0901 0125 0141 0901 0124 0958 0121 0138 0901 0121 1000 0121 0122 0119 0115 0099 0093 0095 0126 //// 10162 ///// ///// ////
000000000000000000000000000000000000000000000000000000000000000000000000000000000000000000000000000000000000000000000000=
57197 330000 1142000 00489 00545 4
20100322100000 031 010 020 013 015 014 0955 192 007 026 030 0955 0000 0134 0137 0901 0134 1000 069 066 0901 106 0078 10093 10093 1000 10090 0901 0114 0128 0901 0114 1000 0117 0125 0901 0117 1000 0120 0120 0117 0113 0112 0101 0098 0125 //// 10159 ///// ///// ////
000000000000000000000000000000000000000000000000000000000000000000000000000000000000000000000000000000000000000000000000=
57294 325000 1140100 00836 00846 4
20100322100000 017 037 020 045 024 051 0914 015 032 038 080 0913 0000 0137 0144 0902 0137 0959 068 064 0901 107 0079 10055 10055 1000 10051 0905 0135 0144 0902 0135 0959 0127 0138 0901 0127 1000 0126 0124 0121 0117 0111 0107 0100 0118 //// 10157 ///// ///// ////
000000000000000000000000000000000000000000000000000000000000000000000000000000000000000000000000000000000000000000000000=
57292 325800 1143800 00444 00453 4
20100322100000 019 012 020 005 009 029 0915 012 005 012 051 0908 0000 0125 0128 0914 0125 1000 067 064 0913 097 0065 10107 10107 1000 10102 0901 0114 0124 0909 0114 0959 0113 0119 0909 0113 1000 0117 0119 0118 0121 0114 0103 0102 0133 //// 10162 ///// ///// ////
000000000000000000000000000000000000000000000000000000000000000000000000000000000000000000000000000000000000000000000000=
57281 324200 1131800 01422 01431 4
20100322100000 006 023 009 028 358 046 0922 347 019 327 088 0919 0000 0136 0146 0901 0136 1000 053 051 0903 082 0042 09992 09992 1000 09987 0901 0128 0149 0901 0128 1000 0130 0151 0903 0130 1000 0136 0135 0133 0129 0113 0104 0104 0131 //// 10164 ///// ///// ////
000000000000000000000000000000000000000000000000000000000000000000000000000000000000000000000000000000000000000000000000=
57195 333700 1143700 00466 00476 4
20100322100000 067 016 055 016 026 021 0933 316 019 004 042 0912 0000 0134 0141 0901 0134 1000 061 056 0901 094 0060 10106 10106 1000 10100 0901 0127 0137 0901 0127 1000 0122 0135 0901 0122 1000 0128 0128 0124 0120 0106 0096 0100 0142 //// 10164 ///// ///// ////
000000000000000000000000000000000000000000000000000000000000000000000000000000000000000000000000000000000000000000000000=
57193 334700 1143100 00526 00541 4
20100322100000 333 026 339 028 346 032 0907 358 027 330 059 0954 0000 0129 0138 0901 0129 1000 064 060 0901 095 0063 10104 10104 1000 10096 0907 0117 0128 0901 0117 1000 0113 0123 0901 0113 1000 0123 0124 0123 0119 0107 0099 0103 0131 //// 10170 ///// ///// ////
000000000000000000000000000000000000000000000000000000000000000000000000000000000000000000000000000000000000000000000000=
57196 332800 1145200 00420 00428 4
20100322100000 007 032 003 029 357 030 0948 012 033 006 050 0942 0000 0131 0131 1000 0125 0909 060 060 1000 090 0055 10109 10109 1000 10103 0901 0126 0127 0948 0118 0926 0109 0116 0910 0109 1000 0113 0114 0112 0109 0106 0097 0103 0132 //// 10161 ///// ///// ////
000000000000000000000000000000000000000000000000000000000000000000000000000000000000000000000000000000000000000000000000=
57099 340400 1145100 00526 00536 4
20100322100000 329 016 330 018 346 026 0929 346 012 338 046 0928 0001 0115 0130 0901 0115 1000 075 063 0901 102 0072 10104 10104 1000 10094 0901 0089 0123 0901 0089 1000 0107 0126 0901 0106 0957 0121 0119 0111 0106 0100 0092 0096 0132 //// 10169 ///// ///// ////
000000000000000000000000000000000000000000000000000000000000000000000000000000000000000000000000000000000000000001000000=
58104 332400 1150400 00412 00425 4
20100322100000 345 012 343 011 346 018 0920 339 011 330 027 0905 0000 0125 0127 0901 0125 1000 066 062 0905 096 0063 10107 10107 1000 10102 0901 0115 0123 0901 0115 1000 0107 0112 0901 0107 1000 0111 0113 0112 0112 0106 0096 0096 0136 //// 10159 ///// ///// ////
000000000000000000000000000000000000000000000000000000000000000000000000000000000000000000000000000000000000000000000000=
57198 333300 1143700 00463 00473 4
20100322100000 022 022 002 020 356 031 0903 309 030 333 056 0902 0000 0135 0143 0901 0135 1000 059 054 0901 091 0057 10106 10106 1000 10099 0901 0124 0137 0901 0124 1000 0119 0132 0901 0119 1000 0125 0124 0120 0118 0107 0102 0105 0137 //// 10163 ///// ///// ////
000000000000000000000000000000000000000000000000000000000000000000000000000000000000000000000000000000000000000000000000=
58101 335200 1152900 00413 00428 4
20100322100000 002 031 359 029 359 029 1000 327 022 007 056 0959 0000 0131 0132 0938 0130 0913 060 060 0936 090 0055 10104 10105 0940 10097 0901 0124 0143 0901 0123 0953 0112 0126 0901 0112 1000 0118 0112 0109 0107 0103 0096 0097 0131 //// 10156 ///// ///// ////
000000000000000000000000000000000000000000000000000000000000000000000000000000000000000000000000000000000000000000000000=
57192 334400 1145100 00455 00466 4
20100322100000 312 018 315 019 315 019 1000 318 025 279 042 0905 0000 0133 0141 0901 0133 1000 061 056 0901 093 0059 10107 10107 1000 10101 0901 0124 0138 0901 0124 1000 0122 0137 0901 0122 1000 0129 0129 0125 0120 0112 0104 0105 0141 //// 10163 ///// ///// ////
000000000000000000000000000000000000000000000000000000000000000000000000000000000000000000000000000000000000000000000000=
57098 340500 1142400 00583 00593 4
20100322100000 059 002 007 004 355 022 0904 091 004 328 035 0911 0012 0106 0121 0901 0106 1000 084 071 0901 107 0080 10096 10099 0941 10093 0901 0096 0115 0901 0095 0949 0108 0115 0901 0108 0956 0114 0117 0114 0111 0102 0094 0095 0129 //// 10168 ///// ///// ////
000000000000000000000000000000000000000000010000000100010000010000010000010000010000000100000001000001000001000000000100=
57190 334500 1142400 00505 00516 4
20100322100000 009 029 004 032 352 041 0901 012 019 045 063 0924 0000 0128 0135 0901 0128 1000 064 063 0925 095 0062 10105 10106 0958 10096 0908 0123 0131 0901 0123 1000 0116 0127 0901 0116 1000 0127 0126 0121 0114 0103 0095 0099 0130 //// 10168 ///// ///// ////
000000000000000000000000000000000000000000000000000000000000000000000000000000000000000000000000000000000000000000000000=
58100 333900 1151000 00414 00424 4
20100322100000 340 010 351 010 336 013 0944 263 008 059 026 0942 0000 0128 0129 0954 0127 0906 063 063 1000 093 0059 10108 10108 1000 10100 0901 0126 0128 0945 0125 0925 0118 0126 0901 0118 1000 0121 0122 0122 0121 0112 0104 0107 0136 //// 10159 ///// ///// ////
000000000000000000000000000000000000000000000000000000000000000000000000000000000000000000000000000000000000000000000000=
57088 340900 1133000 01161 01177 4
20100322100000 115 008 143 009 241 018 0901 136 010 228 022 0902 0001 0109 0112 0901 0109 1000 089 083 0908 116 0092 10022 10024 0947 10016 0903 0101 0103 0930 0099 0904 0104 0108 0919 0104 1000 0116 0121 0120 0117 0104 0098 0100 0126 //// 10165 ///// ///// ////
010000000000000000000000000000000000000000000000000000000000000000000000000000000000000000000000000000000000000000000000=
57095 340700 1140900 00611 00622 4
20100322100000 117 020 116 023 111 025 0958 113 016 107 038 0957 0017 0104 0118 0901 0104 1000 087 084 0901 110 0083 10089 10094 0927 10088 0901 0094 0102 0902 0094 0959 0107 0118 0901 0107 0958 0120 0126 0126 0124 0100 0093 0093 0125 //// 10165 ///// ///// ////
000001000000020000000100000100000101000001000002000000010000000002000000010000000002000000000000000000000000000000000001=
57182 335100 1133000 00805 00814 4
20100322100000 211 015 217 013 329 033 0902 220 017 321 044 0901 0002 0113 0116 0901 0112 0914 081 076 0901 108 0082 10067 10070 0901 10064 0928 0099 0100 0901 0097 0923 0111 0115 0930 0111 1000 0131 0132 0129 0120 0109 0102 0106 0139 //// 10166 ///// ///// ////
000000000000000000010000000000000000000000000000000000000000000000000000000000000000000000000000000000010000000000000000=
57087 341200 1134800 00877 00885 4
20100322100000 091 018 127 013 185 024 0901 079 019 184 024 0901 0000 0106 0109 0901 0105 0931 086 085 0901 110 0084 10060 10061 0948 10052 0901 0094 0097 0904 0093 0951 0103 0107 0904 0103 1000 0110 0115 0115 0111 0098 0092 0095 0124 //// 10168 ///// ///// ////
000000000000000000000000000000000000000000000000000000000000000000000000000000000000000000000000000000000000000000000000=
57297 320800 1140300 01145 01154 4
20100322100000 034 037 031 041 027 044 0957 038 044 040 080 0951 0000 0127 0131 0912 0126 0938 063 058 0909 092 0058 10019 10022 0933 10013 0902 0118 0120 0953 0099 0901 0112 0115 0905 0109 0916 0122 0128 0133 0133 0125 0117 0112 //// //// 10158 ///// ///// ////
000000000000000000000000000000000000000000000000000000000000000000000000000000000000000000000000000000000000000000000000=
57296 322100 1144400 00489 00501 4
20100322100000 039 018 044 017 038 028 0929 015 017 035 050 0924 0002 0119 0128 0901 0119 1000 069 061 0901 096 0064 10099 10099 1000 10091 0901 0098 0128 0901 0097 0951 0110 0128 0901 0110 1000 0125 0129 0131 0131 0122 0109 0108 0131 //// 10160 ///// ///// ////
000000000000000000000000000000000000000000000000000000000001000000000000010000000000000000000000000000000000000000000000=
57396 313800 1145100 01287 01297 4
20100322100000 008 072 006 061 002 066 0927 006 096 353 098 0908 0005 0097 0101 0910 0095 0944 083 081 0909 100 0070 09992 09995 0956 09987 0901 0089 0093 0913 0086 0952 0094 0099 0901 0093 0952 0110 0124 0132 0134 0134 0115 //// //// //// 10148 ///// ///// ////
000000000000000000000000000000000000010100000100000100000000000000000000000000000001000000000000000000000000000000000000=
58301 314900 1152300 00916 00929 4
20100322100000 072 032 084 029 086 031 0941 063 024 065 045 0933 0005 0097 0099 0901 0096 0928 087 087 1000 105 0076 10049 10055 0953 10045 0934 0091 0095 0901 0090 0941 0106 0111 0901 0106 1000 0122 0129 0135 0136 0135 0119 0106 0128 //// 10162 ///// ///// ////
000000000100010200000000000000000000000000000100000000000000000000000000000000000000000000000000000000000000000000000000=
57298 321300 1143300 00554 00562 4
20100322100000 025 023 030 021 029 027 0910 038 020 023 040 0905 0000 0119 0127 0901 0119 1000 072 064 0901 100 0070 10092 10092 1000 10082 0905 0111 0125 0909 0099 0934 0073 0087 0909 0073 0952 0124 0099 0127 0128 0117 0107 0099 0135 //// 10160 ///// ///// ////
000000000000000000000000000000000000000000000000000000000000000000000000000000000000000000000000000000000000000000000000=
57390 314800 1140400 07335 07347 4
20100322100000 010 083 011 084 005 111 0907 004 161 009 279 0936 0000 0080 0083 0901 0078 0938 067 065 0901 072 0023 09285 09286 0954 09276 0911 0078 0084 0901 0078 0926 0070 0076 0901 0070 1000 0083 0092 0101 0105 0110 0093 //// //// //// 10137 ///// ///// ////
000000000000000000000000000000000000000000000000000000000000000000000000000000000000000000000000000000000000000000000000=
58207 321000 1150300 00428 00440 4
20100322100000 062 008 069 009 106 017 0927 076 009 107 023 0926 0000 0120 0120 1000 0119 0927 073 071 0950 102 0073 10106 10107 0946 10099 0925 0116 0121 0928 0116 1000 0126 0127 0901 0126 1000 0118 0130 0131 0132 0122 0112 0110 0138 //// 10159 ///// ///// ////
000000000000000000000000000000000000000000000000000000000000000000000000000000000000000000000000000000000000000000000000=
58205 322800 1152600 00349 00360 4
20100322100000 066 012 043 012 354 014 0952 057 012 027 021 0916 0000 0121 0122 0926 0120 0901 071 067 0939 100 0070 10109 10115 0935 10104 0913 0116 0124 0920 0116 0959 0108 0113 0919 0108 1000 0111 0112 0114 0114 0119 0108 0108 0124 //// 10153 ///// ///// ////
000000000000000000000000000000000000000000000000000000000000000000000000000000000000000000000000000000000000000000000000=
58208 321000 1153700 00429 00439 4
20100322100000 146 014 159 013 208 020 0922 109 012 216 028 0919 0008 0103 0109 0901 0103 1000 077 073 0901 096 0064 10107 10110 0920 10103 0901 0093 0097 0901 0092 0957 0110 0115 0901 0109 0921 0122 0130 0132 0134 0119 0111 0110 0140 //// 10160 ///// ///// ////
000000000000000000000000000000000000000000000000000100000001010100010001000000010000000000000000000000000000000000000001=
57299 320100 1145400 00494 00506 4
20100322100000 118 018 108 017 108 017 1000 118 018 115 029 0959 0001 0115 0121 0901 0115 1000 080 073 0901 108 0082 10093 10097 0946 10088 0913 0100 0115 0901 0099 0949 0109 0114 0901 0109 1000 0113 0117 0121 0122 0126 0109 0105 0126 //// 10154 ///// ///// ////
000000000000000000000000000000000000000000000000000000000000000000000000000000000001000000000000000000000000000000000000=
53989 350300 1135700 00766 00777 4
20100322100000 173 006 148 006 126 008 0952 178 006 108 010 0948 0000 0118 0121 0901 0118 1000 079 077 0901 109 0083 10068 10070 0923 10066 0951 0106 0123 0901 0106 1000 0109 0121 0901 0109 1000 0112 0111 0107 0104 0094 0089 0093 0123 //// 10162 ///// ///// ////
000000000000000000000000000000000000000000000000000000000000000000000000000000000000000000000000000000000000000000000000=
53997 350900 1141100 00711 00723 4
20100322100000 100 008 147 006 215 015 0914 099 011 228 020 0912 0000 0113 0115 0901 0113 1000 080 080 1000 107 0080 10075 10079 0948 10074 0901 0089 0108 0901 0089 1000 0105 0116 0901 0105 1000 0111 0110 0106 0105 0093 0091 0095 0124 //// 10163 ///// ///// ////
000000000000000000000000000000000000000000000000000000000000000000000000000000000000000000000000000000000000000000000000=
53986 351900 1135300 00732 00740 4
20100322100000 132 002 156 004 217 012 0906 122 003 226 025 0904 0000 0129 0132 0921 0129 1000 076 073 0907 113 0088 10073 10075 0947 10071 0909 0115 0133 0917 0115 1000 0111 0125 0901 0111 1000 0115 0112 0107 0105 0096 0092 0096 0128 //// 10163 ///// ///// ////
000000000000000000000000000000000000000000000000000000000000000000000000000000000000000000000000000000000000000000000000=
53994 352300 1140400 00700 00712 4
20100322100000 145 009 158 012 167 013 0957 152 010 152 017 0955 0000 0120 0128 0901 0120 1000 082 076 0912 115 0090 10075 10079 0952 10071 0901 0112 0138 0901 0112 1000 0111 0134 0901 0111 1000 0118 0112 0107 0102 0092 0086 0092 0127 //// 10161 ///// ///// ////
000000000000000000000000000000000000000000000000000000000000000000000000000000000000000000000000000000000000000000000000=
53988 351600 1134000 00776 00784 4
20100322100000 139 016 139 016 162 023 0906 136 018 161 032 0904 0000 0122 0127 0905 0122 1000 073 068 0907 104 0075 10061 10064 0919 10060 0942 0106 0132 0903 0106 1000 0107 0126 0902 0107 1000 0116 0111 0106 0104 0091 0089 0097 0126 //// 10156 ///// ///// ////
000000000000000000000000000000000000000000000000000000000000000000000000000000000000000000000000000000000000000000000000=
53985 352700 1134900 00964 00979 4
20100322100000 263 005 285 004 287 005 0907 282 005 285 009 0905 0000 0129 0135 0901 0129 1000 068 064 0901 101 0071 10045 10045 1000 10041 0901 0118 0142 0901 0117 0958 0110 0132 0904 0110 1000 0108 0103 0093 0088 0079 0075 0082 0118 //// 10163 ///// ///// ////
000000000000000000000000000000000000000000000000000000000000000000000000000000000000000000000000000000000000000000000000=
53983 350200 1142500 00696 00708 4
20100322100000 245 008 239 009 234 016 0908 245 008 234 018 0908 0000 0102 0105 0901 0102 1000 090 088 0901 112 0086 10081 10081 1000 10075 0914 0097 0103 0901 0097 1000 0103 0112 0901 0103 1000 0108 0108 0106 0104 0087 0083 0086 0123 //// 10167 ///// ///// ////
000000000000000000000000000000000000000000000000000000000000000000000000000000000000000000000000000000000000000000000000=
53998 351200 1143900 00616 00625 4
20100322100000 300 007 263 009 248 017 0901 254 004 237 026 0919 0000 0107 0108 0922 0106 0957 080 080 1000 103 0074 10089 10089 1000 10082 0901 0100 0110 0904 0099 0953 0099 0110 0903 0099 1000 0104 0102 0101 0100 0099 0093 0094 0129 //// 10165 ///// ///// ////
000000000000000000000000000000000000000000000000000000000000000000000000000000000000000000000000000000000000000000000000=
57051 344800 1111200 04099 04117 4
20100322100000 288 011 295 013 286 020 0914 279 009 308 035 0905 0000 0137 0140 0911 0137 1000 016 015 0909 025 -117 09683 09684 0901 09680 0919 0125 0154 0905 0125 1000 0128 0153 0905 0128 1000 0125 0119 0113 0107 0091 0085 0084 0114 //// 10172 ///// ///// ////
000000000000000000000000000000000000000000000000000000000000000000000000000000000000000000000000000000000000000000000000=
57063 344600 1114600 05236 05236 4
20100322100000 313 037 319 042 318 055 0927 310 035 330 083 0925 0000 0123 0128 0901 0123 1000 016 016 1000 023 -128 09546 09548 0903 09545 0919 0112 0130 0901 0112 1000 0089 0110 0908 0089 1000 0094 0091 0088 0085 0075 0075 0082 0110 //// 10166 ///// ///// ////
000000000000000000000000000000000000000000000000000000000000000000000000000000000000000000000000000000000000000000000000=
57067 340300 1110200 05688 05699 4
20100322100000 193 014 190 014 189 016 0954 218 010 187 024 0950 0000 0058 0059 0904 0058 0949 081 079 0901 075 0028 09516 09516 0951 09513 0935 0062 0065 0937 0062 0904 0073 0075 0936 0072 0958 0086 0092 0098 0096 0101 0100 0092 0122 //// 10200 ///// ///// ////
000000000000000000000000000000000000000000000000000000000000000000000000000000000000000000000000000000000000000000000000=
57056 343200 1105300 03904 03909 4
20100322100000 000 000 000 000 004 023 0902 122 000 350 043 0902 0000 0132 0138 0901 0132 1000 015 014 0910 023 -129 09707 09710 0901 09707 1000 0109 0132 0901 0109 1000 0116 0131 0901 0116 1000 0115 0112 0106 0104 0091 0089 0090 0118 //// 10173 ///// ///// ////
000000000000000000000000000000000000000000000000000000000000000000000000000000000000000000000000000000000000000000000000=
58007 340400 1151800 00472 00532 4
20100322100000 349 018 352 017 339 027 0921 299 006 355 058 0951 0000 0130 0139 0901 0130 1000 053 053 1000 079 0037 10095 10096 0952 10087 0901 0120 0135 0901 0120 0959 0114 0128 0901 0114 1000 0120 0119 0115 0112 0105 0097 0100 0131 //// 10159 ///// ///// ////
000000000000000000000000000000000000000000000000000000000000000000000000000000000000000000000000000000000000000000000000=
58006 342300 1155300 00463 00506 4
20100322100000 008 017 000 023 352 033 0915 038 011 007 084 0906 0000 0117 0131 0901 0117 1000 062 052 0902 085 0047 10102 10102 0959 10094 0920 0085 0123 0901 0085 0959 0101 0118 0901 0101 1000 0113 0115 0112 0108 0094 0090 0096 0127 //// 10164 ///// ///// ////
000000000000000000000000000000000000000000000000000000000000000000000000000000000000000000000000000000000000000000000000=
58111 335800 1162700 00325 00325 4
20100322100000 328 011 346 016 350 021 0951 299 005 322 041 0945 0000 0117 0119 0901 0117 0951 058 054 0920 080 0037 10116 10116 1000 10104 0901 0098 0108 0911 0095 0947 0092 0098 0901 0092 0950 0096 0099 0099 0100 0099 0096 0102 0138 //// 10156 ///// ///// ////
000000000000000000000000000000000000000000000000000000000000000000000000000000000000000000000000000000000000000000000000=
58017 341500 1160800 00410 00420 4
20100322100000 340 039 338 034 338 034 1000 355 053 327 067 0959 0000 0125 0127 0942 0119 0921 060 059 0948 087 0050 10101 10102 0958 10095 0902 0112 0119 0912 0111 0954 0103 0111 0912 0103 1000 0110 0112 0111 0110 0099 0095 0100 0128 //// 10152 ///// ///// ////
000000000000000000000000000000000000000000000000000000000000000000000000000000000000000000000000000000000000000000000000=
58001 342600 1150600 00563 00569 4
20100322100000 306 006 313 008 330 023 0904 302 006 338 038 0939 0005 0100 0104 0901 0100 0956 088 084 0901 108 0081 10093 10094 0931 10091 0950 0091 0093 0901 0091 0954 0097 0099 0901 0096 0941 0103 0103 0101 0097 0089 0085 0092 0127 //// 10163 ///// ///// ////
000000010000010000010001000000000000000000000000000000000000000000000000000000000000000000000000000000000000010000000000=
58005 342700 1154000 00501 00511 4
20100322100000 317 011 341 014 351 027 0902 321 015 012 041 0901 0005 0109 0126 0901 0109 1000 077 059 0901 100 0070 10099 10099 1000 10090 0915 0089 0120 0901 0089 1000 0102 0115 0901 0101 0953 0116 0119 0114 0109 0097 0093 0101 0132 0000 10161 ///// ///// ////
000000000000000000000000000000000000000000000000000000000000000000010000000000010000000100000001000000000000000000000100=
58008 342800 1152000 00544 00592 4
20100322100000 303 010 309 012 313 018 0929 336 008 302 031 0926 0005 0101 0109 0901 0101 1000 082 075 0901 101 0072 10089 10090 0941 10085 0901 0091 0096 0901 0091 0949 0097 0101 0904 0097 0958 0102 0103 0102 0098 0093 0091 0096 0129 //// 10161 ///// ///// ////
000000000100000000000000010000000100010000010000000000000000000000000000000000000000000000000000000000000000000000000000=
58004 343900 1150900 00606 00616 4
20100322100000 290 004 297 005 297 016 0901 308 004 319 020 0901 0000 0099 0101 0901 0099 0937 086 084 0901 105 0077 10086 10086 0944 10084 0904 0091 0096 0909 0091 0956 0101 0105 0907 0101 0959 0111 0119 0115 0112 0100 0096 0100 0127 //// 10161 ///// ///// ////
000000000000000000000000000000000000000000000000000000000000000000000000000000000000000000000000000000000000000000000000=
54817 355900 1155200 00421 00434 4
20100322100000 292 009 309 007 348 011 0946 288 009 355 017 0942 0000 0113 0115 0908 0113 1000 070 068 0922 094 0060 10107 10107 1000 10100 0906 0102 0118 0905 0102 1000 0097 0108 0901 0097 1000 0097 0091 0086 0080 0077 0073 0086 0117 //// 10160 ///// ///// ////
000000000000000000000000000000000000000000000000000000000000000000000000000000000000000000000000000000000000000000000000=
54902 355400 1150700 00495 00499 4
20100322100000 000 000 069 001 031 007 0901 195 000 066 018 0949 0000 0121 0126 0918 0121 1000 063 060 0904 089 0053 10098 10098 1000 10090 0913 0102 0130 0911 0102 1000 0096 0112 0908 0096 1000 0103 0097 0090 0086 0077 0069 0078 0111 //// 10159 ///// ///// ////
000000000000000000000000000000000000000000000000000000000000000000000000000000000000000000000000000000000000000000000000=
54900 354200 1150100 00537 00541 4
20100322100000 000 000 000 000 348 008 0935 167 000 341 014 0932 0000 0120 0123 0939 0120 1000 073 060 0939 102 0073 10096 10096 0959 10086 0907 0097 0123 0920 0097 1000 0097 0108 0919 0097 1000 0103 0099 0093 0091 0084 0077 0081 0110 //// 10162 ///// ///// ////
000000000000000000000000000000000000000000000000000000000000000000000000000000000000000000000000000000000000000000000000=
54901 360500 1151000 00475 00478 4
20100322100000 031 014 035 014 040 023 0922 038 015 029 032 0922 0000 0127 0131 0902 0127 0958 053 053 1000 078 0034 10101 10102 0952 10093 0918 0116 0133 0901 0116 1000 0102 0120 0901 0102 1000 0105 0100 0092 0086 0080 0075 0074 0105 //// 10159 ///// ///// ////
000000000000000000000000000000000000000000000000000000000000000000000000000000000000000000000000000000000000000000000000=
54903 355100 1152900 00457 00506 4
20100322100000 000 000 000 000 334 011 0922 018 000 347 019 0919 0000 0113 0115 0935 0113 1000 070 066 0926 094 0060 10099 10099 1000 10091 0924 0101 0116 0904 0101 1000 0095 0105 0901 0095 1000 0097 0094 0089 0086 0078 0076 0088 0114 //// 10161 ///// ///// ////
000000000000000000000000000000000000000000000000000000000000000000000000000000000000000000000000000000000000000000000000=
57184 333800 1132200 00834 00847 4
20100322100000 309 011 313 011 326 038 0903 319 010 327 057 0908 0000 0116 0122 0901 0116 1000 071 064 0901 097 0065 10063 10068 0930 10063 1000 0103 0112 0901 0103 1000 0113 0125 0901 0113 0959 0132 0134 0131 0127 0101 0099 0101 0129 //// 10166 ///// ///// ////
000000000000000000000000000000000000000000000000000000000000000000000000000000000000000000000000000000000000000000000000=
57177 332000 1133200 00898 00913 4
20100322100000 339 018 330 021 326 031 0933 007 007 335 060 0933 0000 0122 0127 0901 0122 1000 066 065 0922 094 0060 10059 10059 1000 10054 0901 0113 0123 0920 0113 0958 0119 0132 0901 0119 1000 0113 0132 0119 0124 0110 0102 0102 0121 //// 10170 ///// ///// ////
000000000000000000000000000000000000000000000000000000000000000000000000000000000000000000000000000000000000000000000000=
57075 341000 1125200 02031 02043 4
20100322100000 240 017 254 017 286 022 0931 237 016 262 032 0929 0000 0100 0106 0951 0099 0932 086 075 0947 106 0078 09922 09923 0929 09919 0908 0091 0096 0905 0091 1000 0096 0101 0904 0096 1000 0106 0111 0113 0111 0111 0103 0093 0118 //// 10169 ///// ///// ////
000000000000000000000000000000000000000000000000000000000000000000000000000000000000000000000000000000000000000000000000=
57173 334500 1125300 01457 01468 4
20100322100000 235 023 237 023 245 025 0955 237 022 260 049 0953 0000 0103 0106 0901 0102 0946 077 075 0901 096 0064 09990 09994 0910 09990 1000 0088 0101 0901 0088 1000 0098 0106 0902 0098 1000 0121 0125 0124 0119 0108 0101 0102 0134 //// 10168 ///// ///// ////
000000000000000000000000000000000000000000000000000000000000000000000000000000000000000000000000000000000000000000000000=
57180 335900 1131200 01175 01186 4
20100322100000 243 026 247 023 218 024 0916 228 023 239 032 0908 0000 0102 0103 0901 0102 1000 086 085 0910 107 0080 10020 10023 0946 10019 0905 0091 0094 0908 0090 0940 0101 0107 0908 0101 1000 0116 0121 0119 0115 0101 0097 0099 0131 //// 10164 ///// ///// ////
000000000000000000000000000000000000000000000000000000000000000000000000000000000000000000000000000000000000000000000000=
57181 335300 1130300 01364 01380 4
20100322100000 229 035 235 029 207 032 0946 218 030 212 046 0939 0002 0102 0102 1000 0098 0939 082 082 1000 102 0073 10003 10007 0901 10001 0925 0091 0096 0906 0090 0949 0099 0110 0906 0099 1000 0117 0119 0120 0118 0105 0099 0099 0129 //// 10171 ///// ///// ////
000000000000000001000100000000000000000000000000000000000000000000000000000000000000000000000000000000000000000000000000=
57171 334600 1130700 01420 01430 4
20100322100000 226 030 229 035 231 044 0948 228 026 262 053 0927 0000 0104 0108 0920 0104 1000 079 075 0918 100 0069 09991 09995 0901 09990 0943 0102 0108 0902 0102 0957 0105 0112 0903 0103 0944 0122 0127 0127 0124 0120 0115 0110 0124 //// 10165 ///// ///// ////
000000000000000000000000000000000000000000000000000000000000000000000000000000000000000000000000000000000000000000000000=
57175 330300 1121400 01914 01922 4
20100322100000 052 068 054 062 053 063 0947 001 049 046 115 0931 0000 0144 0152 0901 0144 1000 048 046 0915 079 0035 09925 09926 0932 09920 0901 0131 0139 0921 0131 0957 0151 0170 0901 0151 1000 0169 0167 0158 0146 0114 0106 0108 0138 //// 10155 ///// ///// ////
000000000000000000000000000000000000000000000000000000000000000000000000000000000000000000000000000000000000000000000000=
57156 331800 1113000 02503 02523 4
20100322100000 294 038 294 038 307 052 0914 308 045 277 110 0913 0000 0108 0129 0901 0108 1000 057 043 0901 074 0026 09870 09870 1000 09859 0901 0104 0120 0901 0104 1000 0108 0130 0901 0108 1000 0129 0133 0135 0133 0114 0112 0115 0143 //// 10173 ///// ///// ////
000000000000000000000000000000000000000000000000000000000000000000000000000000000000000000000000000000000000000000000000=
57271 323300 1122300 00879 00897 4
20100322100000 050 068 053 069 054 077 0928 049 085 049 134 0902 0000 0147 0155 0901 0147 1000 048 046 0925 080 0038 10051 10051 1000 10041 0904 0141 0154 0902 0141 1000 0149 0167 0901 0149 1000 0160 0159 0152 0144 0112 0105 0111 0139 //// 10159 ///// ///// ////
000000000000000000000000000000000000000000000000000000000000000000000000000000000000000000000000000000000000000000000000=
57261 330700 1113100 02330 02345 4
20100322100000 140 089 142 092 142 094 0959 138 077 144 138 0918 0000 0120 0136 0901 0120 1000 055 045 0901 077 0032 09877 09877 1000 09866 0904 0113 0129 0904 0113 1000 0121 0135 0907 0121 1000 0135 0140 0139 0135 0131 0123 0125 //// //// 10158 ///// ///// ////
000000000000000000000000000000000000000000000000000000000000000000000000000000000000000000000000000000000000000000000000=
57285 322300 1132500 01530 01492 4
20100322100000 352 034 353 031 001 041 0904 355 052 358 070 0909 0000 0146 0153 0901 0146 1000 054 052 0901 090 0054 09980 09980 0959 09974 0928 0134 0143 0931 0134 1000 0131 0137 0901 0131 1000 0134 0134 0134 0134 0116 0107 0107 0135 //// ///// ///// ///// ////
////////////////////////////////////////////////////////////////////////////////////////////////////////////////////////=
57273 324100 1125100 01095 01105 4
20100322100000 045 035 043 035 036 052 0901 035 044 021 095 0920 0000 0135 0142 0901 0135 1000 047 044 0903 073 0024 10030 10030 0947 10023 0909 0132 0145 0901 0132 0958 0140 0159 0901 0140 1000 0152 0152 0144 0137 0119 0110 0109 0136 //// 10163 ///// ///// ////
000000000000000000000000000000000000000000000000000000000000000000000000000000000000000000000000000000000000000000000000=
57187 330400 1125600 01180 01193 4
20100322100000 028 047 015 050 014 062 0904 007 045 341 102 0903 0000 0130 0135 0901 0130 1000 053 049 0901 079 0037 10014 10014 1000 10009 0901 0127 0136 0903 0127 1000 0137 0151 0903 0137 1000 0151 0145 0143 0137 0122 0109 0106 0132 //// 10158 ///// ///// ////
000000000000000000000000000000000000000000000000000000000000000000000000000000000000000000000000000000000000000000000000=
57178 330200 1123500 01292 01305 4
20100322100000 042 060 042 064 042 066 0959 032 046 059 105 0955 0000 0142 0149 0901 0142 1000 045 044 0927 073 0024 10006 10006 1000 09999 0901 0136 0148 0902 0136 1000 0137 0154 0901 0137 1000 0152 0154 0146 0137 0118 0108 0107 0133 0001 10163 ///// ///// ////
000000000000000000000000000000000000000000000000000000000000000000000000000000000000000000000000000000000000000000000000
150 010 000 /// //// /////////////////////ACP /// //// 6///1 0//// 7//// 1//// 2//// 3//// /// /// /// // 911// 915// 919// 934// 939//=
57169 330300 1115200 01591 01600 4
20100322100000 297 031 298 030 307 046 0901 313 020 310 083 0901 0000 0147 0158 0901 0147 1000 048 044 0901 080 0038 09964 09964 1000 09957 0901 0133 0146 0902 0133 1000 0138 0154 0909 0138 1000 0148 0147 0143 0135 0113 0104 0105 0133 //// 10156 ///// ///// ////
000000000000000000000000000000000000000000000000000000000000000000000000000000000000000000000000000000000000000000000000=
57176 332900 1122500 02311 02304 4
20100322100000 314 055 322 050 009 074 0940 327 038 009 132 0938 0000 0116 0131 0901 0116 1000 059 045 0902 081 0039 09898 09898 0957 09889 0904 0090 0128 0901 0090 1000 0107 0136 0901 0107 1000 0143 0146 0144 0140 0121 0113 0110 0130 //// 10175 ///// ///// ////
000000000000000000000000000000000000000000000000000000000000000000000000000000000000000000000000000000000000000000000000=
57179 331700 1130000 01604 01616 4
20100322100000 019 037 020 040 018 050 0940 026 049 026 089 0940 0000 0125 0131 0901 0125 1000 058 053 0901 084 0045 09974 09974 1000 09971 0901 0112 0120 0911 0112 1000 0121 0132 0901 0121 1000 0131 0132 0128 0124 0109 0102 0103 0132 //// 10169 ///// ///// ////
000000000000000000000000000000000000000000000000000000000000000000000000000000000000000000000000000000000000000000000000=
57274 324200 1120700 01076 01088 4
20100322100000 056 033 050 037 050 037 1000 060 024 068 073 0958 0000 0152 0162 0901 0152 1000 043 043 0957 074 0027 10025 10025 0946 10018 0901 0143 0159 0901 0143 1000 0154 0172 0906 0154 1000 0170 0169 0163 0153 0125 0117 0112 0140 //// 10156 ///// ///// ////
000000000000000000000000000000000000000000000000000000000000000000000000000000000000000000000000000000000000000000000000=
57065 343000 1121100 01949 01964 4
20100322100000 268 051 270 049 270 068 0903 282 038 263 104 0917 0000 0118 0120 0920 0118 1000 055 054 0913 076 0031 09925 09926 0938 09924 0901 0087 0091 0912 0087 0948 0095 0103 0902 0095 1000 0102 0106 0108 0110 0103 0102 0108 0138 //// 10162 ///// ///// ////
000000000000000000000000000000000000000000000000000000000000000000000000000000000000000000000000000000000000000000000000=
57074 342500 1122500 01973 01989 4
20100322100000 239 028 242 034 241 037 0955 220 024 223 075 0946 0000 0110 0114 0918 0110 1000 068 066 0938 089 0053 09930 09931 0943 09926 0902 0100 0105 0910 0100 1000 0092 0101 0906 0092 1000 0102 0106 0109 0110 0108 0103 0100 0125 //// 10170 ///// ///// ////
000000000000000000000000000000000000000000000000000000000000000000000000000000000000000000000000000000000000000000000000=
57076 344400 1124700 01895 01901 4
20100322100000 253 018 254 020 244 034 0929 251 022 256 046 0928 0000 0114 0117 0901 0114 1000 068 066 0924 092 0057 09932 09932 1000 09930 0921 0101 0112 0933 0101 1000 0098 0106 0901 0098 1000 0102 0103 0100 0098 0094 0088 0087 0121 //// 10162 ///// ///// ////
000000000000000000000000000000000000000000000000000000000000000000000000000000000000000000000000000000000000000000000000=
57070 344400 1120700 03640 03595 4
20100322100000 230 010 230 009 214 019 0929 203 006 212 028 0922 0000 0122 0125 0944 0122 0901 045 042 0941 064 0006 09731 09732 0957 09729 0949 0115 0129 0901 0115 1000 0105 0114 0901 0105 1000 0103 0100 0097 0095 0093 0090 0093 0122 //// 10160 ///// ///// ////
000000000000000000000000000000000000000000000000000000000000000000000000000000000000000000000000000000000000000000000000=
57162 340900 1120500 03258 03275 4
20100322100000 198 015 240 015 222 024 0941 212 015 254 053 0933 0000 0100 0100 1000 0098 0901 066 066 1000 081 0039 09780 09784 0932 09780 1000 0077 0079 0907 0076 0955 0080 0084 0902 0080 1000 0096 0103 0107 0109 0100 0096 0099 0132 //// 10174 ///// ///// ////
000000000000000000000000000000000000000000000000000000000000000000000000000000000000000000000000000000000000000000000000=
57078 340900 1122800 03365 03340 4
20100322100000 299 031 295 027 295 027 1000 293 038 279 054 0941 0000 0101 0107 0902 0101 1000 063 058 0901 078 0034 09770 09771 0949 09766 0904 0074 0078 0905 0074 0955 0081 0088 0901 0081 0958 0094 0100 0102 0104 0102 0097 0095 0118 //// 10171 ///// ///// ////
000000000000000000000000000000000000000000000000000000000000000000000000000000000000000000000000000000000000000000000000=
57071 344900 1122600 03333 03332 4
20100322100000 147 013 161 010 193 015 0933 158 013 203 031 0925 0000 0116 0116 0951 0115 0901 067 062 0948 091 0057 09764 09764 0902 09762 0952 0111 0119 0916 0111 1000 0108 0115 0912 0108 1000 0108 0103 0099 0096 0093 0088 0089 0119 //// 10163 ///// ///// ////
000000000000000000000000000000000000000000000000000000000000000000000000000000000000000000000000000000000000000000000000=
57066 342300 1114000 03283 03298 4
20100322100000 293 015 277 016 262 022 0920 319 013 277 042 0909 0000 0104 0105 0901 0104 0947 063 062 0956 079 0037 09780 09780 0909 09776 0941 0091 0096 0940 0091 1000 0091 0097 0901 0091 1000 0096 0095 0097 0097 0097 0091 0088 0116 //// 10177 ///// ///// ////
000000000000000000000000000000000000000000000000000000000000000000000000000000000000000000000000000000000000000000000000=
57077 334700 1113900 07424 07388 4
20100322100000 277 029 276 026 288 036 0919 274 026 288 052 0918 0014 0050 0053 0918 0050 1000 084 084 1000 073 0025 09334 09334 0958 09331 0906 0045 0052 0901 0045 1000 0055 0061 0901 0055 1000 0076 0088 0093 0096 0095 0088 0089 0116 //// 10210 ///// ///// ////
000100000001000000000000010000000000000000000002000000000000010000000100000100010001000001000001000000000100000001000000=
57185 332700 1133500 00911 00921 4
20100322100000 340 027 343 028 342 037 0943 350 035 350 059 0943 0000 0118 0126 0901 0118 1000 068 065 0941 094 0061 10057 10058 0933 10053 0903 0110 0120 0901 0110 1000 0108 0118 0901 0108 1000 0123 0123 0121 0111 0113 0102 0098 0123 //// 10169 ///// ///// ////
000000000000000000000000000000000000000000000000000000000000000000000000000000000000000000000000000000000000000000000000=
57183 334800 1135500 00600 00615 4
20100322100000 054 009 033 011 025 035 0903 074 006 001 062 0905 0001 0120 0137 0901 0120 1000 077 062 0901 108 0081 10093 10093 1000 10086 0906 0100 0130 0901 0099 0956 0113 0125 0901 0113 0956 0124 0126 0123 0119 0106 0097 0094 0123 //// 10168 ///// ///// ////
000000000000000000000000000000000000000000000000000000000000000000000000000000000000000000000001000000000000000000000000=
57186 333600 1140300 00587 00598 4
20100322100000 004 034 001 030 007 035 0906 002 026 010 062 0901 0000 0132 0137 0910 0132 1000 065 063 0904 099 0068 10094 10094 1000 10085 0901 0122 0130 0901 0122 1000 0123 0134 0901 0123 1000 0132 0131 0125 0121 0109 0100 0099 0134 //// 10167 ///// ///// ////
000000000000000000000000000000000000000000000000000000000000000000000000000000000000000000000000000000000000000000000000=
57094 342400 1141300 00674 00685 4
20100322100000 223 007 212 007 150 014 0910 226 007 149 019 0924 0000 0101 0106 0901 0101 1000 089 089 1000 110 0084 10083 10084 0958 10073 0912 0093 0099 0905 0093 1000 0098 0103 0901 0098 1000 0107 0110 0110 0107 0102 0095 0087 0116 //// 10167 ///// ///// ////
000000000000000000000000000000000000000000000000000000000000000000000000000000000000000000000000000000000000000000000000=
57191 342900 1142900 00634 00642 4
20100322100000 234 005 261 006 107 008 0907 232 006 268 014 0956 0001 0104 0105 0912 0104 1000 080 079 0903 101 0071 10091 10092 0955 10082 0903 0093 0093 0943 0091 0933 0097 0100 0901 0097 1000 0105 0106 0105 0102 0096 0090 0093 0125 //// 10169 ///// ///// ////
000000000000000000000000000000010000000000000000000000000000000000000000000000000000000000000000000000000000000000000000=
57096 343200 1144700 00597 00607 4
20100322100000 157 007 171 007 134 010 0925 141 007 133 015 0950 0000 0102 0103 0901 0102 1000 086 085 0901 107 0080 10086 10086 1000 10082 0919 0095 0096 0951 0093 0946 0102 0108 0905 0102 1000 0115 0120 0116 0111 0102 0096 0099 0128 //// 10160 ///// ///// ////
000000000000000000000000000000000000000000000000000000000000000000000000000000000000000000000000000000000000000000000000=
57093 345100 1144900 00733 00740 4
20100322100000 298 011 298 010 257 016 0905 299 009 251 021 0904 0000 0101 0102 0904 0101 1000 082 081 0915 101 0072 10075 10075 1000 10069 0919 0092 0094 0918 0091 0952 0094 0099 0901 0094 1000 0105 0108 0108 0104 0094 0087 0091 0122 //// 10165 ///// ///// ////
000000000000000000000000000000000000000000000000000000000000000000000000000000000000000000000000000000000000000000000000=
57091 344700 1141800 00737 00748 4
20100322100000 224 008 241 010 257 015 0944 211 007 276 020 0940 0000 0109 0110 0901 0109 1000 076 076 1000 099 0068 10074 10077 0939 10071 0907 0094 0103 0911 0094 1000 0099 0108 0911 0099 1000 0110 0111 0110 0102 0104 0099 0099 0124 //// 10165 ///// ///// ////
000000000000000000000000000000000000000000000000000000000000000000000000000000000000000000000000000000000000000000000000=
53978 350500 1123800 01401 01409 4
20100322100000 318 013 321 011 333 026 0905 330 013 333 047 0901 0000 0155 0156 0903 0146 0939 016 014 0955 028 -102 09984 09984 1000 09981 0915 0127 0137 0911 0127 0957 0108 0113 0942 0108 1000 0112 0112 0107 0105 0091 0090 0094 0125 //// 10154 ///// ///// ////
000000000000000000000000000000000000000000000000000000000000000000000000000000000000000000000000000000000000000000000000=
53984 351400 1132800 00827 00837 4
20100322100000 114 027 112 027 121 028 0945 107 034 127 037 0947 0000 0115 0126 0901 0115 1000 080 073 0901 108 0082 10057 10058 0912 10054 0901 0108 0131 0901 0108 1000 0106 0123 0901 0106 1000 0109 0106 0100 0100 0097 0093 0093 0121 //// 10159 ///// ///// ////
000000000000000000000000000000000000000000000000000000000000000000000000000000000000000000000000000000000000000000000000=
53987 350600 1132500 00910 00918 4
20100322100000 114 018 110 019 087 021 0944 122 019 066 036 0906 0000 0116 0129 0901 0116 1000 084 071 0910 115 0090 10049 10050 0921 10047 0904 0114 0130 0901 0114 1000 0110 0118 0903 0110 1000 0111 0110 0108 0107 0100 0097 0097 0127 //// 10160 ///// ///// ////
000000000000000000000000000000000000000000000000000000000000000000000000000000000000000000000000000000000000000000000000=
57079 345700 1130200 01064 01069 4
20100322100000 242 032 242 032 236 038 0901 229 034 229 054 0938 0000 0121 0126 0901 0121 1000 071 068 0901 100 0070 10023 10024 0901 10021 0912 0116 0123 0920 0116 1000 0101 0107 0922 0101 1000 0103 0101 0100 0099 0099 0094 0092 0120 //// 10153 ///// ///// ////
000000000000000000000000000000000000000000000000000000000000000000000000000000000000000000000000000000000000000000000000=
53972 350700 1125500 01196 01210 4
20100322100000 211 015 219 017 224 029 0906 204 016 198 045 0905 0000 0125 0128 0925 0125 1000 071 070 0919 103 0074 10007 10008 0957 10004 0935 0117 0126 0925 0117 1000 0113 0120 0901 0113 1000 0116 0116 0115 0112 0096 0096 0107 0136 //// 10153 ///// ///// ////
000000000000000000000000000000000000000000000000000000000000000000000000000000000000000000000000000000000000000000000000=
57072 345500 1124500 01275 01285 4
20100322100000 238 031 246 028 235 038 0901 223 029 239 054 0917 0000 0123 0126 0901 0123 1000 066 065 0929 094 0061 10000 10001 0905 09999 0926 0119 0125 0905 0119 1000 0107 0114 0903 0107 1000 0110 0108 0102 0098 0089 0085 0084 0113 //// 10155 ///// ///// ////
000000000000000000000000000000000000000000000000000000000000000000000000000000000000000000000000000000000000000000000000=
53982 351400 1131600 01120 01135 4
20100322100000 040 018 040 019 019 025 0906 012 025 071 038 0927 0000 0122 0125 0901 0122 1000 073 073 1000 104 0075 10020 10020 1000 10018 0922 0103 0112 0902 0103 1000 0108 0122 0901 0108 1000 0113 0112 0109 0108 0099 0096 0098 0131 //// 10157 ///// ///// ////
000000000000000000000000000000000000000000000000000000000000000000000000000000000000000000000000000000000000000000000000=
53979 350900 1130500 01200 01211 4
20100322100000 073 033 060 026 060 026 1000 076 041 076 041 1000 0000 0126 0129 0901 0126 1000 074 072 0913 108 0081 10013 10013 1000 10007 0915 0123 0130 0901 0123 1000 0108 0119 0901 0108 1000 0115 0109 0107 0105 0098 0097 0102 0132 //// 10159 ///// ///// ////
000000000000000000000000000000000000000000000000000000000000000000000000000000000000000000000000000000000000000000000000=
53992 353900 1143100 00582 00592 4
20100322100000 236 015 238 016 238 019 0949 246 015 240 025 0939 0000 0111 0118 0901 0111 1000 084 081 0923 111 0085 10092 10092 1000 10083 0901 0103 0128 0901 0103 0959 0102 0122 0902 0102 1000 0103 0095 0093 0088 0081 0078 0086 0122 //// 10164 ///// ///// ////
000000000000000000000000000000000000000000000000000000000000000000000000000000000000000000000000000000000000000000000000=
53974 353700 1141100 00723 00739 4
20100322100000 236 007 238 005 223 010 0936 226 003 226 018 0932 0000 0129 0132 0907 0129 1000 063 062 0941 094 0060 10077 10077 0951 10069 0908 0100 0132 0901 0100 1000 0108 0129 0901 0108 1000 0114 0110 0104 0100 0090 0088 0095 0124 //// 10167 ///// ///// ////
000000000000000000000000000000000000000000000000000000000000000000000000000000000000000000000000000000000000000000000000=
53990 354300 1141900 00795 00805 4
20100322100000 252 014 251 015 247 016 0956 251 014 254 020 0952 0000 0122 0127 0901 0120 0951 066 066 1000 094 0060 10067 10068 0949 10059 0908 0117 0140 0901 0116 0950 0110 0146 0901 0110 1000 0114 0107 0097 0095 0088 0080 0080 0110 //// 10165 ///// ///// ////
000000000000000000000000000000000000000000000000000000000000000000000000000000000000000000000000000000000000000000000000=
53991 355600 1142100 00743 00753 4
20100322100000 267 009 272 009 272 009 1000 280 007 257 014 0957 0000 0130 0137 0901 0130 1000 043 039 0901 064 0007 10074 10074 1000 10066 0901 0115 0140 0901 0111 0952 0106 0126 0901 0106 1000 0112 0107 0094 0093 0083 0080 0085 0118 //// 10166 ///// ///// ////
000000000000000000000000000000000000000000000000000000000000000000000000000000000000000000000000000000000000000000000000=
53993 355600 1145500 00516 00524 4
20100322100000 348 007 346 006 031 011 0905 352 008 043 017 0902 0000 0127 0134 0901 0127 1000 060 052 0904 088 0051 10098 10098 1000 10087 0908 0113 0137 0901 0113 1000 0105 0121 0901 0105 1000 0107 0100 0091 0085 0080 0071 0072 0108 //// 10162 ///// ///// ////
000000000000000000000000000000000000000000000000000000000000000000000000000000000000000000000000000000000000000000000000=
53889 360400 1134900 03068 03086 4
20100322100000 099 009 108 008 240 013 0903 099 010 235 016 0901 0000 0127 0134 0901 0127 1000 038 034 0915 056 -012 09796 09796 1000 09788 0901 0106 0137 0901 0106 1000 0110 0134 0901 0110 1000 0113 0112 0106 0100 0075 0072 0085 0098 //// 10166 ///// ///// ////
000000000000000000000000000000000000000000000000000000000000000000000000000000000000000000000000000000000000000000000000=
53995 353300 1143000 00625 00645 4
20100322100000 203 008 224 009 256 012 0903 195 006 246 019 0909 0000 0113 0115 0918 0113 1000 074 073 0952 099 0068 10086 10086 0959 10077 0901 0105 0125 0903 0105 1000 0104 0120 0902 0104 1000 0113 0110 0103 0099 0089 0083 0084 0116 //// 10165 ///// ///// ////
000000000000000000000000000000000000000000000000000000000000000000000000000000000000000000000000000000000000000000000000=
53898 360300 1142400 00629 00638 4
20100322100000 261 011 261 013 261 014 0956 263 011 268 016 0955 0000 0128 0135 0901 0128 1000 048 043 0920 071 0021 10086 10086 0959 10077 0901 0105 0153 0901 0105 1000 0113 0137 0901 0113 1000 0116 0109 0099 0092 0072 0072 0083 0117 //// 10164 ///// ///// ////
000000000000000000000000000000000000000000000000000000000000000000000000000000000000000000000000000000000000000000000000=
NNNN
