57090 344300 1135800 00781 00802 4
20100502160000 182 027 184 021 174 023 1502 187 021 212 055 1554 0000 0251 0251 1600 0249 1528 062 062 1600 198 0173 09948 09949 1510 09947 1535 0209 0212 1505 0198 1523 0202 0208 1502 0202 1557 0229 0237 0235 0231 0198 0158 0130 0131 //// 10039 ///// ///// ////
000000000000000000000000000000000000000000000000000000000000000000000000000000000000000000000000000000000000000000000000=
57083 344300 1133900 01104 01116 4
20100502160000 195 031 200 028 186 047 1540 209 038 169 083 1520 0000 0274 0278 1501 0274 1600 048 046 1501 175 0154 09908 09908 1600 09906 1518 0191 0210 1521 0190 1558 0214 0222 1501 0212 1556 0227 0231 0229 0224 0167 0141 0128 0130 0002 10034 ///// ///// ///
000000000000000000000000000000000000000000000000000000000000000000000000000000000000000000000000000000000000000000000000=
57086 342300 1134300 01166 01168 4
20100502160000 208 012 029 010 118 015 1518 220 042 220 042 1600 0000 0221 0224 1517 0218 1549 069 069 1600 183 0162 09916 09918 1518 09915 1539 0188 0195 1518 0180 1539 0189 0197 1503 0189 1600 0215 0224 0223 0216 0181 0141 0123 0124 //// 10049 ///// ///// ////
000000000000000000000000000000000000000000000000000000000000000000000000000000000000000000000000000000000000000000000000=
57085 343200 1132000 02599 02648 4
20100502160000 359 010 343 012 323 020 1520 333 014 279 038 1531 0000 0240 0245 1501 0240 1600 062 061 1549 185 0163 09750 09750 1511 09749 1541 0213 0226 1517 0213 1506 0193 0201 1501 0193 1600 0216 0225 0224 0215 0187 0148 0126 0129 //// 10047 ///// ///// ////
000000000000000000000000000000000000000000000000000000000000000000000000000000000000000000000000000000000000000000000000=
57081 344800 1132600 01409 01419 4
20100502160000 157 015 158 019 160 023 1556 122 030 215 053 1512 0000 0275 0279 1522 0274 1501 040 039 1522 147 0127 09876 09876 1600 09873 1527 0219 0226 1533 0201 1501 0212 0218 1517 0212 1600 0228 0234 0234 0221 0163 0142 0126 0122 //// 10035 ///// ///// ////
000000000000000000000000000000000000000000000000000000000000000000000000000000000000000000000000000000000000000000000000=
57084 343000 1130300 11784 11790 4
20100502160000 274 083 274 082 260 087 1545 287 089 282 107 1553 0000 0193 0194 1501 0192 1522 066 066 1600 148 0128 08775 08779 1508 08774 1558 0157 0158 1558 0154 1527 0159 0163 1501 0159 1535 0184 0198 0202 0194 0138 //// //// //// //// 10040 ///// ///// ////
000000000000000000000000000000000000000000000000000000000000000000000000000000000000000000000000000000000000000000000000=
57080 344400 1125800 01652 01661 4
20100502160000 070 003 131 010 131 016 1527 015 006 175 027 1521 0000 0260 0263 1533 0253 1502 047 044 1531 158 0138 09849 09849 1600 09846 1541 0168 0169 1546 0158 1518 0200 0204 1501 0200 1600 0231 0241 0239 0229 0165 0134 0120 0123 //// 10036 ///// ///// ////
000000000000000000000000000000000000000000000000000000000000000000000000000000000000000000000000000000000000000000000000=
57082 342800 1130100 04271 04284 4
20100502160000 303 019 306 016 326 019 1549 310 016 333 031 1547 0000 0239 0242 1501 0233 1525 053 053 1552 157 0137 09572 09574 1537 09572 1600 0209 0215 1553 0196 1509 0203 0210 1501 0203 1600 0232 0245 0247 0240 0177 0145 0127 //// //// 10048 ///// ///// ////
000000000000000000000000000000000000000000000000000000000000000000000000000000000000000000000000000000000000000000000000=
57295 323700 1142100 00785 00802 4
20100502160000 198 018 197 019 200 021 1530 203 021 167 044 1545 0000 0229 0234 1501 0229 1557 070 069 1501 195 0171 09980 09981 1506 09979 1532 0165 0166 1501 0158 1538 0202 0209 1501 0201 1556 0239 0240 0236 0228 0170 0146 0130 0132 //// 10072 ///// ///// ////
000000000000000000000000000000000000000000000000000000000000000000000000000000000000000000000000000000000000000000000000=
57189 330800 1135700 00646 00655 4
20100502160000 183 026 188 030 190 031 1558 181 021 201 053 1546 0000 0240 0240 1600 0212 1501 067 067 1600 200 0175 09988 09989 1540 09985 1511 0181 0181 1600 0160 1501 0200 0200 1600 0198 1542 0224 0232 0233 0228 0161 0138 0125 0127 //// 10063 ///// ///// ////
000000000000000000000000000000000000000000000000000000000000000000000000000000000000000000000000000000000000000000000000=
57194 331700 1141600 00598 00609 4
20100502160000 194 026 187 027 184 037 1512 212 018 189 061 1524 0000 0230 0241 1502 0230 1600 072 067 1501 202 0177 09993 09993 1600 09991 1531 0203 0214 1518 0203 1600 0198 0207 1505 0198 1600 0225 0232 0231 0223 0161 0137 0124 0128 //// 10063 ///// ///// ////
000000000000000000000000000000000000000000000000000000000000000000000000000000000000000000000000000000000000000000000000=
57197 330000 1142000 00489 00545 4
20100502160000 177 016 175 018 178 026 1512 161 019 189 049 1508 0000 0209 0218 1524 0209 1600 086 082 1527 212 0185 10004 10004 1600 10001 1534 0138 0168 1512 0138 1600 0182 0192 1511 0182 1600 0227 0232 0231 0221 0175 0146 0129 0129 //// 10067 ///// ///// ////
000000000000000000000000000000000000000000000000000000000000000000000000000000000000000000000000000000000000000000000000=
57294 325000 1140100 00836 00846 4
20100502160000 238 024 229 025 209 042 1501 243 035 251 076 1522 0000 0240 0260 1501 0240 1600 068 060 1501 203 0177 09964 09966 1549 09963 1527 0212 0239 1503 0212 1600 0212 0228 1502 0212 1600 0233 0236 0230 0218 0165 0145 0128 0126 //// 10060 ///// ///// ////
000000000000000000000000000000000000000000000000000000000000000000000000000000000000000000000000000000000000000000000000=
57292 325800 1143800 00444 00453 4
20100502160000 201 021 201 023 186 028 1513 212 020 187 061 1537 0000 0232 0239 1501 0232 1600 071 068 1501 202 0177 10018 10019 1503 10017 1529 0190 0200 1512 0190 1600 0201 0210 1501 0201 1600 0228 0235 0233 0228 0188 0152 0133 0135 //// 10070 ///// ///// ////
000000000000000000000000000000000000000000000000000000000000000000000000000000000000000000000000000000000000000000000000=
57195 333700 1143700 00466 00476 4
20100502160000 232 024 232 023 237 029 1541 249 023 263 056 1532 0000 0250 0259 1501 0250 1600 061 058 1501 193 0170 10007 10008 1513 10006 1501 0223 0233 1501 0223 1555 0211 0221 1501 0211 1600 0234 0243 0244 0238 0175 0145 0129 0141 //// 10061 ///// ///// ////
000000000000000000000000000000000000000000000000000000000000000000000000000000000000000000000000000000000000000000000000=
57193 334700 1143100 00526 00541 4
20100502160000 186 014 199 013 183 021 1545 150 018 195 061 1545 0000 0239 0251 1501 0239 1600 069 065 1504 205 0179 09999 10000 1524 09998 1546 0201 0208 1501 0200 1558 0206 0216 1505 0206 1600 0222 0229 0230 0225 0176 0146 0131 0132 //// 10061 ///// ///// ////
000000000000000000000000000000000000000000000000000000000000000000000000000000000000000000000000000000000000000000000000=
58101 335200 1152900 00413 00428 4
20100502160000 221 017 206 018 198 022 1553 302 016 212 055 1552 0000 0233 0237 1502 0233 1540 076 076 1600 217 0188 10018 10018 1600 10015 1518 0188 0201 1502 0187 1533 0195 0204 1501 0195 1600 0223 0222 0218 0209 0162 0140 0126 0131 //// 10067 ///// ///// ////
000000000000000000000000000000000000000000000000000000000000000000000000000000000000000000000000000000000000000000000000=
57098 340500 1142400 00583 00593 4
20100502160000 194 028 195 028 191 034 1511 189 031 189 057 1505 0000 0227 0244 1501 0227 1600 075 071 1501 207 0180 09987 09988 1548 09986 1536 0196 0222 1501 0196 1600 0191 0202 1501 0191 1600 0205 0212 0212 0209 0174 0142 0125 0130 //// 10055 ///// ///// ////
000000000000000000000000000000000000000000000000000000000000000000000000000000000000000000000000000000000000000000000000=
57190 334500 1142400 00505 00516 4
20100502160000 188 040 188 041 190 043 1515 205 033 186 060 1511 0000 0226 0236 1504 0226 1600 075 072 1511 206 0179 09999 10000 1522 09998 1501 0206 0219 1504 0206 1600 0190 0201 1503 0190 1600 0220 0227 0226 0218 0185 0147 0128 0132 //// 10058 ///// ///// ////
000000000000000000000000000000000000000000000000000000000000000000000000000000000000000000000000000000000000000000000000=
57088 340900 1133000 01161 01177 4
20100502160000 270 024 264 024 260 027 1550 293 024 256 045 1542 0000 0251 0252 1548 0211 1504 059 058 1549 188 0165 09919 09922 1550 09918 1515 0188 0192 1550 0165 1507 0198 0198 1549 0187 1506 0220 0233 0235 0228 0157 0135 0127 0131 //// 10053 ///// ///// ////
000000000000000000000000000000000000000000000000000000000000000000000000000000000000000000000000000000000000000000000000=
57182 335100 1133000 00805 00814 4
20100502160000 238 030 240 023 235 028 1536 181 028 254 055 //// 0000 0259 0260 1542 0257 1512 052 052 1600 174 0153 09960 09961 1501 09960 1600 0226 0235 1554 0221 1546 0211 0215 1553 0209 1546 0236 0245 0245 0231 0181 0151 0134 0139 //// 10052 ///// ///// ////
000000000000000000000000000000000000000000000000000000000000000000000000000000000000000000000000000000000000000000000000=
57087 341200 1134800 00877 00885 4
20100502160000 210 026 209 025 214 027 1530 228 021 217 037 1530 0000 0229 0237 1502 0228 1556 071 069 1501 198 0174 09953 09953 1600 09952 1501 0204 0210 1511 0203 1547 0194 0199 1501 0194 1557 0219 0229 0229 0221 0162 0138 0125 0128 //// 10054 ///// ///// ////
000000000000000000000000000000000000000000000000000000000000000000000000000000000000000000000000000000000000000000000000=
57297 320800 1140300 01145 01154 4
20100502160000 219 039 216 042 204 055 1518 209 032 184 096 1504 0000 0262 0263 1529 0259 1545 043 042 1559 146 0126 09946 09946 1600 09943 1515 0225 0234 1517 0219 1546 0217 0222 1517 0215 1545 0238 0248 0251 0245 0195 0163 0142 //// //// 10077 ///// ///// ////
000000000000000000000000000000000000000000000000000000000000000000000000000000000000000000000000000000000000000000000000=
58301 314900 1152300 00916 00929 4
20100502160000 223 049 221 044 222 045 1517 217 044 232 068 1516 0000 0245 0251 1516 0243 1548 045 041 1512 138 0118 09974 09976 1501 09974 1600 0225 0232 1519 0222 1552 0215 0217 1517 0214 1552 0231 0238 0240 0235 0207 0167 0139 0134 //// 10080 ///// ///// ////
000000000000000000000000000000000000000000000000000000000000000000000000000000000000000000000000000000000000000000000000=
57298 321300 1143300 00554 00562 4
20100502160000 171 015 182 016 201 026 1511 172 016 206 041 1501 0000 0234 0248 1519 0233 1550 057 053 1526 164 0144 10012 10012 1600 10011 1503 0177 0196 1513 0177 1600 0191 0202 1511 0191 1558 0226 0233 0232 0223 0170 0146 0128 0138 //// 10076 ///// ///// ////
000000000000000000000000000000000000000000000000000000000000000000000000000000000000000000000000000000000000000000000000=
57390 314800 1140400 07335 07347 4
20100502160000 204 078 204 080 204 091 1502 189 048 156 205 1501 0000 0220 0223 1518 0220 1600 058 051 1501 153 0134 09274 09274 1600 09273 1501 0212 0215 1518 0210 1531 0181 0185 1518 0181 1531 0196 0202 0206 0200 0165 0133 //// //// //// 10089 ///// ///// ////
000000000000000000000000000000000000000000000000000000000000000000000000000000000000000000000000000000000000000000000000=
58208 321000 1153700 00429 00439 4
20100502160000 244 005 212 004 160 010 1516 250 005 178 012 1516 0000 0197 0220 1501 0197 1600 080 068 1501 184 0162 10030 10030 1600 10028 1501 0143 0162 1520 0141 1539 0187 0195 1501 0187 1600 0225 0245 0250 0248 0186 0161 0142 0142 //// 10081 ///// ///// ////
000000000000000000000000000000000000000000000000000000000000000000000000000000000000000000000000000000000000000000000000=
53989 350300 1135700 00766 00777 4
20100502160000 186 011 177 012 192 017 1501 182 010 187 025 1538 0000 0234 0245 1501 0234 1600 065 062 1523 187 0165 09948 09948 1600 09946 1521 0173 0184 1501 0172 1550 0186 0195 1501 0186 1559 0217 0229 0231 0224 0170 0140 0123 0126 //// 10036 ///// ///// ////
000000000000000000000000000000000000000000000000000000000000000000000000000000000000000000000000000000000000000000000000=
53986 351900 1135300 00732 00740 4
20100502160000 000 000 111 003 139 012 1505 102 001 147 023 1502 0000 0231 0247 1501 0231 1600 085 080 1519 240 0204 09952 09953 1514 09950 1538 0163 0203 1510 0163 1557 0185 0199 1506 0185 1600 0219 0225 0223 0218 0175 0143 0125 0130 //// 10036 ///// ///// ////
000000000000000000000000000000000000000000000000000000000000000000000000000000000000000000000000000000000000000000000000=
53998 351200 1143900 00616 00625 4
20100502160000 173 024 177 022 179 027 1501 161 025 175 040 1531 0000 0229 0235 1501 0229 1600 077 076 1520 215 0187 09969 09969 1600 09967 1514 0190 0200 1501 0190 1556 0198 0207 1501 0198 1600 0221 0227 0224 0214 0184 0146 0124 0130 //// 10040 ///// ///// ////
000000000000000000000000000000000000000000000000000000000000000000000000000000000000000000000000000000000000000000000000=
57051 344800 1111200 04099 04117 4
20100502160000 146 007 145 005 043 009 1511 150 010 015 022 1515 0000 0229 0235 1501 0229 1600 044 037 1502 123 0100 09574 09574 1554 09572 1527 0162 0167 1536 0158 1546 0180 0188 1520 0180 1558 0219 0230 0231 0224 0179 0135 0119 0120 //// 10033 ///// ///// ////
000000000000000000000000000000000000000000000000000000000000000000000000000000000000000000000000000000000000000000000000=
57063 344600 1114600 05236 05236 4
20100502160000 150 006 143 008 031 012 1501 195 003 327 019 1526 0000 0177 0189 1504 0177 1600 079 078 1543 160 0140 09457 09460 1527 09455 1544 0114 0141 1501 0114 1600 0161 0176 1501 0161 1600 0205 0213 0209 0198 0125 0113 0104 0111 //// 10041 ///// ///// ////
000000000000000000000000000000000000000000000000000000000000000000000000000000000000000000000000000000000000000000000000=
57067 340300 1110200 05688 05699 4
20100502160000 239 018 260 017 265 026 1523 246 017 268 057 1514 0000 0214 0229 1517 0214 1600 057 052 1517 145 0125 09421 09421 1559 09420 1505 0171 0194 1527 0171 1600 0200 0209 1501 0200 1600 0228 0234 0219 0231 0176 0150 0124 0125 //// 10053 ///// ///// ////
000000000000000000000000000000000000000000000000000000000000000000000000000000000000000000000000000000000000000000000000=
57056 343200 1105300 03904 03909 4
20100502160000 124 036 139 026 161 043 1529 125 032 189 093 1508 0000 0270 0282 1524 0270 1600 039 034 1523 139 0119 09594 09594 1600 09592 1508 0212 0235 1526 0210 1558 0219 0229 1526 0218 1558 0233 0242 0239 0231 0153 0131 0118 0121 //// 10026 ///// ///// ////
000000000000000000000000000000000000000000000000000000000000000000000000000000000000000000000000000000000000000000000000=
58007 340400 1151800 00472 00532 4
20100502160000 172 015 171 014 164 018 1509 187 010 192 034 1505 0000 0222 0230 1501 0222 1559 075 075 1555 201 0176 10001 10002 1553 09999 1506 0178 0193 1512 0176 1557 0189 0202 1501 0189 1600 0219 0224 0222 0214 0160 0139 0127 0132 //// 10062 ///// ///// ////
000000000000000000000000000000000000000000000000000000000000000000000000000000000000000000000000000000000000000000000000=
58006 342300 1155300 00463 00506 4
20100502160000 190 022 192 022 181 024 1503 189 029 189 044 1503 0000 0229 0233 1501 0228 1535 076 076 1554 212 0184 10008 10008 1556 10007 1524 0194 0204 1507 0192 1536 0192 0199 1503 0191 1558 0209 0220 0219 0213 0169 0141 0123 0128 //// 10066 ///// ///// ////
000000000000000000000000000000000000000000000000000000000000000000000000000000000000000000000000000000000000000000000000=
58111 335800 1162700 00325 00325 4
20100502160000 178 017 177 023 178 023 1558 203 030 164 048 1554 0000 0235 0242 1501 0235 1552 074 072 1501 214 0186 10034 10034 1542 10033 1531 0190 0195 1501 0190 1600 0198 0206 1501 0198 1557 0208 0213 0211 0206 0165 0141 0129 0138 //// 10071 ///// ///// ////
000000000000000000000000000000000000000000000000000000000000000000000000000000000000000000000000000000000000000000000000=
58017 341500 1160800 00410 00420 4
20100502160000 195 017 190 018 185 020 1554 153 035 192 048 1507 0000 0244 0250 1501 0244 1600 073 073 1557 223 0192 10015 10015 1519 10014 1527 0194 0202 1501 0192 1546 0201 0208 1501 0201 1600 0214 0217 0214 0208 0157 0140 0127 0129 //// 10063 ///// ///// ////
000000000000000000000000000000000000000000000000000000000000000000000000000000000000000000000000000000000000000000000000=
58001 342600 1150600 00563 00569 4
20100502160000 205 032 206 030 198 030 1544 206 050 220 054 1551 0000 0235 0244 1502 0235 1549 075 074 1502 217 0188 09990 09990 1600 09989 1502 0208 0215 1514 0205 1538 0195 0202 1502 0195 1600 0209 0213 0211 0204 0158 0131 0118 0126 //// 10055 ///// ///// ////
000000000000000000000000000000000000000000000000000000000000000000000000000000000000000000000000000000000000000000000000=
58005 342700 1154000 00501 00511 4
20100502160000 209 045 209 045 209 047 1550 223 029 228 077 1531 0000 0254 0258 1501 0253 1528 062 062 1600 201 0176 10001 10001 1600 09999 1501 0218 0220 1508 0212 1515 0211 0216 1503 0210 1557 0222 0226 0220 0211 0161 0134 0126 0133 0002 10059 ///// ///// ////
000000000000000000000000000000000000000000000000000000000000000000000000000000000000000000000000000000000000000000000000
130 000 000 /// //// //////////////////////// /// //// 6///1 0//// 7//// 1//// 2//// 3//// /// /// /// // 911// 915// 919// 934// 939//=
58008 342800 1152000 00544 00592 4
20100502160000 192 030 193 028 188 029 1513 192 027 189 059 1544 0000 0240 0248 1501 0240 1600 070 069 1536 209 0182 09987 09989 1544 09985 1501 0213 0220 1515 0210 1522 0203 0210 1506 0202 1555 0213 0218 0217 0209 0155 0136 0123 0129 //// 10055 ///// ///// ////
000000000000000000000000000000000000000000000000000000000000000000000000000000000000000000000000000000000000000000000000=
58004 343900 1150900 00606 00616 4
20100502160000 197 022 200 024 200 024 1600 229 020 215 054 1533 0000 0239 0243 1519 0239 1600 075 074 1538 222 0192 09979 09981 1514 09979 1543 0220 0227 1518 0214 1548 0204 0208 1518 0204 1547 0221 0233 0229 0224 0169 0140 0127 0129 //// 10049 ///// ///// ////
000000000000000000000000000000000000000000000000000000000000000000000000000000000000000000000000000000000000000000000000=
54817 355900 1155200 00421 00434 4
20100502160000 151 019 154 018 150 021 1527 150 026 150 040 1518 0000 0228 0234 1501 0228 1600 091 088 1501 252 0213 09992 09992 1550 09991 1501 0186 0196 1501 0186 1559 0191 0198 1501 0190 1557 0214 0218 0216 0205 0148 0121 0111 0113 //// 10042 ///// ///// ////
000000000000000000000000000000000000000000000000000000000000000000000000000000000000000000000000000000000000000000000000=
54902 355400 1150700 00495 00499 4
20100502160000 196 026 197 028 199 044 1505 198 033 195 062 1502 0000 0230 0246 1503 0230 1600 077 070 1502 216 0188 09975 09976 1556 09973 1506 0206 0226 1503 0206 1600 0193 0207 1503 0193 1600 0219 0222 0217 0207 0155 0121 0111 0115 //// 10032 ///// ///// ////
000000000000000000000000000000000000000000000000000000000000000000000000000000000000000000000000000000000000000000000000=
54900 354200 1150100 00537 00541 4
20100502160000 184 029 192 031 185 037 1520 195 040 178 065 1505 0000 0240 0246 1501 0239 1542 078 076 1501 233 0199 09974 09975 1557 09972 1538 0203 0208 1516 0199 1539 0203 0209 1501 0203 1555 0224 0227 0222 0211 0175 0133 0115 0115 //// 10036 ///// ///// ////
000000000000000000000000000000000000000000000000000000000000000000000000000000000000000000000000000000000000000000000000=
54901 360500 1151000 00475 00478 4
20100502160000 188 044 190 046 188 050 1538 195 042 195 068 1532 0000 0233 0236 1525 0233 1600 072 071 1551 206 0180 09977 09978 1553 09975 1532 0210 0214 1533 0210 1558 0199 0203 1501 0199 1559 0212 0215 0212 0204 0171 0138 0115 0115 //// 10032 ///// ///// ////
000000000000000000000000000000000000000000000000000000000000000000000000000000000000000000000000000000000000000000000000=
54903 355100 1152900 00457 00506 4
20100502160000 198 026 195 027 195 035 1504 187 029 187 053 1503 0000 0239 0247 1501 0239 1600 080 077 1501 237 0202 09979 09979 1600 09977 1501 0220 0228 1511 0219 1556 0207 0215 1501 0207 1600 0217 0221 0215 0206 0166 0132 0118 0116 //// 10037 ///// ///// ////
000000000000000000000000000000000000000000000000000000000000000000000000000000000000000000000000000000000000000000000000=
57184 333800 1132200 00834 00847 4
20100502160000 107 009 133 010 239 017 1525 127 008 209 039 1509 0000 0249 0262 1501 0249 1600 057 051 1501 179 0158 09957 09960 1501 09957 1600 0200 0208 1511 0200 1600 0204 0215 1525 0204 1600 0233 0243 0243 0237 0146 0134 0126 0133 //// 10053 ///// ///// ////
000000000000000000000000000000000000000000000000000000000000000000000000000000000000000000000000000000000000000000000000=
57177 332000 1133200 00898 00913 4
20100502160000 217 028 220 029 222 038 1512 209 032 229 059 1535 0000 0259 0271 1501 0259 1600 054 050 1501 180 0159 09952 09954 1506 09951 1549 0225 0240 1501 0225 1600 0214 0222 1501 0214 1600 0204 0234 0223 0228 0174 0147 0131 0125 //// 10055 ///// ///// ////
000000000000000000000000000000000000000000000000000000000000000000000000000000000000000000000000000000000000000000000000=
57075 341000 1125200 02031 02043 4
20100502160000 102 035 101 037 100 040 1556 096 037 088 051 1505 0000 0222 0228 1501 0222 1600 075 072 1501 201 0176 09821 09824 1501 09821 1600 0208 0214 1546 0205 1532 0197 0203 1505 0197 1600 0215 0228 0232 0227 0209 0164 0133 0126 //// 10053 ///// ///// ////
000000000000000000000000000000000000000000000000000000000000000000000000000000000000000000000000000000000000000000000000=
57173 334500 1125300 01457 01468 4
20100502160000 203 033 199 034 209 035 1528 209 031 219 069 1527 0000 0258 0263 1501 0257 1550 056 055 1534 186 0164 09884 09887 1501 09883 1552 0211 0221 1523 0203 1546 0219 0225 1506 0217 1549 0241 0249 0247 0236 0176 0147 0130 0135 //// 10050 ///// ///// ////
000000000000000000000000000000000000000000000000000000000000000000000000000000000000000000000000000000000000000000000000=
57180 335900 1131200 01175 01186 4
20100502160000 305 007 291 009 254 014 1534 324 005 265 022 1542 0000 0217 0229 1501 0213 1517 072 069 1501 187 0164 09918 09919 1507 09917 1520 0156 0164 1547 0156 1539 0182 0190 1501 0182 1600 0223 0239 0241 0231 0168 0144 0129 0133 //// 10054 ///// ///// ////
000000000000000000000000000000000000000000000000000000000000000000000000000000000000000000000000000000000000000000000000=
57181 335300 1130300 01364 01380 4
20100502160000 206 040 203 042 202 045 1556 215 040 206 067 1532 0000 0245 0246 1557 0240 1504 066 066 1556 203 0177 09899 09901 1515 09899 1557 0199 0200 1555 0194 1501 0207 0208 1527 0206 1505 0229 0239 0240 0237 0181 0147 0130 0133 //// 10056 ///// ///// ////
000000000000000000000000000000000000000000000000000000000000000000000000000000000000000000000000000000000000000000000000=
57175 330300 1121400 01914 01922 4
20100502160000 029 008 017 004 094 009 1505 358 006 136 024 1501 0000 0210 0236 1501 0208 1552 082 073 1501 204 0178 09848 09849 1523 09847 1537 0165 0172 1501 0163 1553 0203 0213 1501 0203 1600 0240 0249 0247 0236 0168 0147 0133 0139 //// 10067 ///// ///// ////
000000000000000000000000000000000000000000000000000000000000000000000000000000000000000000000000000000000000000000000000=
57156 331800 1113000 02503 02523 4
20100502160000 298 009 289 011 280 015 1532 288 004 296 027 1550 0000 0226 0235 1501 0226 1600 069 065 1501 189 0166 09780 09781 1526 09779 1536 0189 0190 1534 0188 1504 0207 0212 1501 0207 1600 0234 0241 0242 0234 0190 0160 0138 0143 //// 10065 ///// ///// ////
000000000000000000000000000000000000000000000000000000000000000000000000000000000000000000000000000000000000000000000000=
57271 323300 1122300 00879 00897 4
20100502160000 158 023 156 023 150 027 1552 167 035 144 053 1543 0000 0229 0232 1519 0228 1559 071 071 1524 198 0174 09961 09961 1559 09960 1542 0209 0210 1558 0202 1501 0213 0216 1507 0213 1600 0240 0248 0247 0240 0173 0145 0135 0139 //// 10064 ///// ///// ////
000000000000000000000000000000000000000000000000000000000000000000000000000000000000000000000000000000000000000000000000=
57261 330700 1113100 02330 02345 4
20100502160000 243 034 244 031 239 036 1507 231 032 254 053 1547 0000 0248 0253 1501 0248 1600 065 065 1600 203 0178 09788 09789 1513 09787 1501 0217 0225 1508 0217 1558 0223 0229 1501 0223 1600 0248 0256 0255 0247 0204 0169 0148 //// //// 10052 ///// ///// ////
000000000000000000000000000000000000000000000000000000000000000000000000000000000000000000000000000000000000000000000000=
57285 322300 1132500 01530 01492 4
20100502160000 205 024 206 033 208 036 1559 184 013 209 092 1504 0000 0268 0269 1501 0264 1542 049 049 1558 173 0152 09897 09901 1518 09896 1556 0203 0212 1501 0201 1556 0223 0230 1501 0222 1553 0243 0252 0252 0246 0167 0142 0130 0135 //// ///// ///// ///// ////
////////////////////////////////////////////////////////////////////////////////////////////////////////////////////////=
57273 324100 1125100 01095 01105 4
20100502160000 186 035 187 030 184 033 1517 203 035 201 053 1509 0000 0246 0252 1506 0246 1600 056 056 1527 173 0152 09936 09938 1501 09935 1523 0219 0224 1518 0217 1549 0218 0225 1501 0218 1600 0243 0250 0247 0238 0178 0152 0135 0138 //// 10062 ///// ///// ////
000000000000000000000000000000000000000000000000000000000000000000000000000000000000000000000000000000000000000000000000=
57187 330400 1125600 01180 01193 4
20100502160000 053 006 047 007 154 020 1504 043 008 133 029 1507 0000 0201 0240 1501 0201 1600 077 060 1501 181 0159 09919 09920 1501 09917 1539 0157 0211 1506 0157 1555 0196 0208 1501 0196 1600 0230 0230 0239 0232 0190 0158 0139 0136 //// 10056 ///// ///// ////
000000000000000000000000000000000000000000000000000000000000000000000000000000000000000000000000000000000000000000000000=
57178 330200 1123500 01292 01305 4
20100502160000 180 025 166 022 165 032 1531 141 026 156 051 1504 0000 0253 0262 1501 0253 1600 056 052 1501 181 0159 09913 09914 1503 09912 1511 0215 0233 1519 0214 1559 0216 0224 1501 0215 1559 0240 0245 0239 0231 0174 0147 0134 0134 0002 10061 ///// ///// ///
000000000000000000000000000000000000000000000000000000000000000000000000000000000000000000000000000000000000000000000000=
57169 330300 1115200 01591 01600 4
20100502160000 064 019 056 021 050 026 1526 049 017 054 036 1519 0000 0218 0223 1553 0218 1600 082 081 1556 214 0186 09882 09884 1545 09880 1516 0197 0200 1533 0196 1551 0195 0201 1501 0195 1557 0229 0238 0239 0232 0194 0153 0134 0135 //// 10064 ///// ///// ////
000000000000000000000000000000000000000000000000000000000000000000000000000000000000000000000000000000000000000000000000=
57176 332900 1122500 02311 02304 4
20100502160000 356 011 347 012 338 014 1557 012 010 336 020 1549 0000 0216 0219 1502 0216 1600 074 071 1503 191 0168 09808 09811 1504 09807 1554 0183 0186 1529 0181 1518 0205 0211 1501 0205 1600 0235 0245 0247 0243 0195 0162 0140 0137 //// 10070 ///// ///// ////
000000000000000000000000000000000000000000000000000000000000000000000000000000000000000000000000000000000000000000000000=
57179 331700 1130000 01604 01616 4
20100502160000 265 013 255 011 244 016 1501 271 014 251 016 1501 0000 0198 0214 1503 0198 1600 086 078 1505 199 0174 09880 09882 1527 09880 1551 0158 0158 1600 0152 1553 0191 0197 1501 0191 1600 0226 0235 0235 0230 0181 0147 0130 0134 //// 10065 ///// ///// ////
000000000000000000000000000000000000000000000000000000000000000000000000000000000000000000000000000000000000000000000000=
57274 324200 1120700 01076 01088 4
20100502160000 161 027 159 029 158 031 1556 156 057 161 060 1555 0000 0236 0240 1501 0235 1534 069 066 1501 201 0176 09934 09934 1551 09932 1531 0217 0219 1501 0214 1533 0218 0223 1501 0218 1559 0242 0249 0250 0244 0209 0180 0149 0145 //// 10058 ///// ///// ////
000000000000000000000000000000000000000000000000000000000000000000000000000000000000000000000000000000000000000000000000=
57065 343000 1121100 01949 01964 4
20100502160000 267 008 270 019 265 025 1541 322 006 251 036 1532 0000 0240 0252 1501 0240 1600 061 054 1501 182 0160 09816 09818 1550 09814 1501 0193 0193 1558 0189 1512 0209 0213 1517 0209 1600 0241 0251 0252 0243 0173 0146 0134 0139 //// 10037 ///// ///// ////
000000000000000000000000000000000000000000000000000000000000000000000000000000000000000000000000000000000000000000000000=
57074 342500 1122500 01973 01989 4
20100502160000 223 010 208 013 217 017 1510 175 010 209 033 1520 0000 0239 0253 1501 0239 1600 065 059 1501 193 0169 09821 09821 1600 09819 1527 0197 0206 1511 0194 1501 0210 0218 1510 0210 1600 0238 0246 0243 0233 0170 0144 0129 0130 //// 10045 ///// ///// ////
000000000000000000000000000000000000000000000000000000000000000000000000000000000000000000000000000000000000000000000000=
57070 344400 1120700 03640 03595 4
20100502160000 078 003 010 002 272 012 1509 113 004 248 016 1513 0000 0237 0243 1501 0237 1600 068 066 1536 199 0174 09634 09635 1545 09633 1554 0158 0177 1522 0158 1600 0182 0193 1506 0182 1600 0222 0229 0224 0212 0178 0141 0122 0125 //// 10034 ///// ///// ////
000000000000000000000000000000000000000000000000000000000000000000000000000000000000000000000000000000000000000000000000=
57162 340900 1120500 03258 03275 4
20100502160000 132 011 142 010 190 015 1517 116 014 161 024 1515 0000 0226 0235 1513 0226 1600 055 051 1519 151 0131 09675 09675 1600 09673 1516 0160 0176 1516 0152 1553 0187 0199 1516 0186 1553 0234 0246 0246 0238 0164 0144 0128 0134 //// 10043 ///// ///// ////
000000000000000000000000000000000000000000000000000000000000000000000000000000000000000000000000000000000000000000000000=
57078 340900 1122800 03365 03340 4
20100502160000 005 005 016 009 019 017 1501 009 005 001 024 1545 0000 0208 0222 1501 0208 1600 072 069 1501 177 0156 09674 09674 1600 09671 1541 0158 0176 1501 0158 1600 0183 0196 1501 0183 1600 0221 0236 0239 0230 0153 0134 0124 0124 //// 10051 ///// ///// ////
000000000000000000000000000000000000000000000000000000000000000000000000000000000000000000000000000000000000000000000000=
57071 344900 1122600 03333 03332 4
20100502160000 137 021 138 019 126 030 1524 136 020 133 046 1519 0000 0233 0242 1521 0233 1600 065 062 1523 186 0164 09667 09667 1559 09664 1537 0167 0190 1527 0167 1600 0196 0207 1518 0196 1600 0228 0234 0232 0222 0189 0143 0121 0123 //// 10040 ///// ///// ////
000000000000000000000000000000000000000000000000000000000000000000000000000000000000000000000000000000000000000000000000=
57066 342300 1114000 03283 03298 4
20100502160000 229 002 255 003 253 006 1555 240 009 254 020 1549 0000 0212 0220 1501 0210 1549 052 047 1501 131 0110 09667 09667 1600 09666 1527 0158 0161 1501 0157 1549 0181 0187 1501 0181 1559 0200 0203 0199 0191 0158 0137 0120 0120 //// 10036 ///// ///// ////
000000000000000000000000000000000000000000000000000000000000000000000000000000000000000000000000000000000000000000000000=
57077 334700 1113900 07424 07388 4
20100502160000 244 012 270 014 244 021 1541 254 016 237 028 1536 0000 0186 0197 1501 0185 1541 069 066 1501 148 0128 09248 09249 1547 09248 1502 0140 0143 1501 0136 1527 0162 0171 1501 0162 1556 0202 0216 0217 0211 0163 0130 0114 0117 //// 10060 ///// ///// ////
000000000000000000000000000000000000000000000000000000000000000000000000000000000000000000000000000000000000000000000000=
57183 334800 1135500 00600 00615 4
20100502160000 195 004 192 008 201 030 1507 206 000 198 043 1503 0000 0207 0214 1520 0207 1600 081 080 1522 198 0173 09985 09985 1553 09983 1509 0169 0185 1520 0169 1557 0174 0186 1509 0174 1558 0215 0222 0224 0219 0188 0150 0128 0126 //// 10056 ///// ///// ////
000000000000000000000000000000000000000000000000000000000000000000000000000000000000000000000000000000000000000000000000=
57186 333600 1140300 00587 00598 4
20100502160000 187 023 188 024 186 038 1508 183 020 187 052 1510 0000 0222 0242 1501 0222 1600 075 069 1501 201 0176 09987 09989 1501 09987 1600 0155 0191 1501 0155 1600 0185 0202 1501 0185 1600 0226 0235 0232 0227 0187 0153 0133 0136 //// 10055 ///// ///// ////
000000000000000000000000000000000000000000000000000000000000000000000000000000000000000000000000000000000000000000000000=
57191 342900 1142900 00634 00642 4
20100502160000 197 012 197 013 181 016 1543 170 009 133 033 1536 0000 0239 0241 1513 0238 1501 075 075 1600 222 0192 09976 09978 1523 09975 1506 0201 0207 1520 0201 1600 0206 0210 1511 0206 1600 0227 0233 0234 0228 0175 0143 0125 0127 //// 10049 ///// ///// ////
000000000000000000000000000000000000000000000000000000000000000000000000000000000000000000000000000000000000000000000000=
57096 343200 1144700 00597 00607 4
20100502160000 199 023 197 022 192 025 1548 198 024 195 051 1551 0000 0234 0238 1501 0233 1553 075 075 1600 216 0187 09977 09978 1510 09976 1501 0205 0211 1501 0205 1600 0197 0203 1501 0197 1559 0220 0229 0225 0215 0166 0139 0126 0130 //// 10046 ///// ///// ////
000000000000000000000000000000000000000000000000000000000000000000000000000000000000000000000000000000000000000000000000=
57093 345100 1144900 00733 00740 4
20100502160000 202 030 210 031 193 035 1522 220 036 186 052 1515 0000 0244 0248 1501 0244 1600 074 073 1520 226 0195 09963 09963 1600 09960 1526 0231 0236 1501 0229 1539 0208 0211 1501 0207 1543 0222 0224 0221 0210 0175 0140 0123 0125 //// 10047 ///// ///// ////
000000000000000000000000000000000000000000000000000000000000000000000000000000000000000000000000000000000000000000000000=
57091 344700 1141800 00737 00748 4
20100502160000 200 048 202 049 202 051 1559 184 052 211 073 1541 0000 0245 0252 1501 0245 1600 064 059 1504 197 0172 09955 09956 1511 09954 1507 0213 0216 1511 0210 1530 0210 0215 1501 0210 1557 0222 0225 0223 0204 0171 0144 0124 0120 //// 10040 ///// ///// ////
000000000000000000000000000000000000000000000000000000000000000000000000000000000000000000000000000000000000000000000000=
53978 350500 1123800 01401 01409 4
20100502160000 317 007 312 012 250 015 1509 293 003 246 026 1506 0000 0221 0234 1503 0221 1600 068 062 1501 181 0159 09877 09877 1600 09874 1503 0173 0182 1504 0173 1600 0192 0202 1503 0192 1600 0220 0228 0225 0219 0149 0130 0124 0130 //// 10037 ///// ///// ////
000000000000000000000000000000000000000000000000000000000000000000000000000000000000000000000000000000000000000000000000=
53984 351400 1132800 00827 00837 4
20100502160000 342 009 339 009 154 011 1501 356 008 339 014 1555 0000 0193 0212 1501 0193 1600 082 076 1509 183 0162 09937 09938 1501 09936 1533 0159 0168 1532 0155 1551 0183 0192 1501 0183 1600 0218 0226 0221 0216 0174 0143 0124 0125 //// 10033 ///// ///// ////
000000000000000000000000000000000000000000000000000000000000000000000000000000000000000000000000000000000000000000000000=
53987 350600 1132500 00910 00918 4
20100502160000 240 002 258 002 090 008 1514 175 003 094 012 1509 0000 0208 0222 1501 0208 1600 085 078 1501 209 0182 09930 09930 1600 09929 1512 0154 0161 1512 0154 1600 0192 0200 1501 0192 1600 0216 0227 0228 0225 0181 0149 0134 0132 //// 10035 ///// ///// ////
000000000000000000000000000000000000000000000000000000000000000000000000000000000000000000000000000000000000000000000000=
57079 345700 1130200 01064 01069 4
20100502160000 200 012 206 011 012 012 1501 198 011 192 015 1559 0000 0212 0225 1501 0208 1547 077 071 1539 194 0170 09911 09911 1600 09907 1505 0168 0178 1501 0167 1558 0180 0188 1501 0180 1600 0216 0220 0219 0212 0184 0149 0128 0126 //// 10033 ///// ///// ////
000000000000000000000000000000000000000000000000000000000000000000000000000000000000000000000000000000000000000000000000=
57072 345500 1124500 01275 01285 4
20100502160000 325 008 298 009 261 016 1543 324 007 271 022 1541 0000 0199 0209 1501 0199 1600 087 082 1501 202 0177 09890 09890 1600 09887 1509 0151 0159 1502 0151 1600 0177 0187 1501 0177 1600 0213 0222 0219 0210 0150 0131 0117 0119 //// 10037 ///// ///// ////
000000000000000000000000000000000000000000000000000000000000000000000000000000000000000000000000000000000000000000000000=
53982 351400 1131600 01120 01135 4
20100502160000 250 006 290 008 310 012 1529 257 005 305 018 1528 0000 0248 0256 1535 0248 1600 055 052 1529 172 0152 09902 09903 1518 09901 1503 0178 0181 1530 0178 1600 0200 0206 1501 0200 1559 0231 0238 0235 0227 0180 0147 0131 0136 //// 10030 ///// ///// ////
000000000000000000000000000000000000000000000000000000000000000000000000000000000000000000000000000000000000000000000000=
53979 350900 1130500 01200 01211 4
20100502160000 258 011 263 009 263 009 1600 256 011 245 012 //// 0000 0221 0225 1501 0217 1518 068 067 1501 181 0159 09897 09897 1600 09896 1505 0161 0169 1501 0161 1558 0183 0191 1501 0183 1600 0229 0240 0242 0233 0157 0142 0128 0133 //// 10035 ///// ///// ////
000000000000000000000000000000000000000000000000000000000000000000000000000000000000000000000000000000000000000000000000=
53992 353900 1143100 00582 00592 4
20100502160000 176 036 181 034 195 035 1533 161 040 218 057 1526 0000 0230 0235 1501 0230 1600 076 076 1600 213 0185 09961 09963 1517 09961 1600 0206 0215 1531 0206 1558 0196 0204 1501 0196 1558 0218 0221 0224 0217 0155 0131 0116 0122 //// 10029 ///// ///// ////
000000000000000000000000000000000000000000000000000000000000000000000000000000000000000000000000000000000000000000000000=
53974 353700 1141100 00723 00739 4
20100502160000 207 028 204 028 208 031 1544 184 019 215 051 1544 0000 0241 0247 1501 0241 1600 075 074 1548 225 0194 09948 09949 1527 09947 1557 0219 0225 1501 0219 1600 0215 0224 1501 0215 1600 0234 0240 0238 0230 0173 0142 0124 0129 //// 10032 ///// ///// ////
000000000000000000000000000000000000000000000000000000000000000000000000000000000000000000000000000000000000000000000000=
53990 354300 1141900 00795 00805 4
20100502160000 206 042 205 044 196 057 1511 198 035 204 077 1509 0000 0239 0248 1511 0239 1600 075 072 1511 222 0192 09936 09936 1600 09934 1504 0227 0240 1511 0227 1600 0209 0220 1511 0208 1557 0234 0240 0234 0227 0189 0145 0119 0116 //// 10028 ///// ///// ////
000000000000000000000000000000000000000000000000000000000000000000000000000000000000000000000000000000000000000000000000=
53991 355600 1142100 00743 00753 4
20100502160000 181 014 174 015 171 023 1546 221 010 173 053 1512 0000 0243 0246 1501 0243 1600 072 072 1600 219 0189 09941 09941 1600 09938 1501 0216 0225 1546 0213 1559 0208 0217 1502 0208 1600 0229 0234 0225 0221 0169 0138 0121 0123 //// 10027 ///// ///// ////
000000000000000000000000000000000000000000000000000000000000000000000000000000000000000000000000000000000000000000000000=
53889 360400 1134900 03068 03086 4
20100502160000 338 019 341 018 347 019 1527 340 020 331 031 1554 0000 0242 0266 1501 0242 1600 058 046 1501 175 0154 09678 09678 1600 09675 1535 0179 0195 1501 0159 1543 0193 0207 1501 0191 1554 0219 0229 0233 0235 0161 0126 0121 0107 //// 10020 ///// ///// ////
000000000000000000000000000000000000000000000000000000000000000000000000000000000000000000000000000000000000000000000000=
53995 353300 1143000 00625 00645 4
20100502160000 195 027 195 024 191 030 1502 206 029 187 043 1501 0000 0221 0233 1503 0221 1600 073 070 1503 194 0170 09960 09962 1543 09959 1504 0201 0221 1502 0201 1600 0194 0205 1502 0194 1600 0232 0242 0242 0236 0184 0146 0123 0123 //// 10034 ///// ///// ////
000000000000000000000000000000000000000000000000000000000000000000000000000000000000000000000000000000000000000000000000=
NNNN
