57090 344300 1135800 00781 00802 4
20100323030000 043 035 044 032 023 033 0239 029 026 038 056 0235 0000 0103 0104 0249 0098 0201 045 042 0237 056 -011 10121 10124 0217 10119 0240 0116 0133 0248 0111 0201 0113 0120 0248 0102 0201 0098 0093 0092 0095 0096 0092 0084 0119 //// 10219 ///// ///// ////
000000000000000000000000000000000000000000000000000000000000000000000000000000000000000000000000000000000000000000000000=
57083 344300 1133900 01104 01116 4
20100323030000 049 021 056 025 036 034 0230 068 012 062 050 0215 0000 0108 0108 0300 0101 0201 035 033 0256 045 -040 10086 10089 0202 10082 0233 0165 0186 0246 0142 0201 0120 0125 0246 0103 0201 0096 0092 0093 0097 0097 0097 0102 0126 0004 10222 ///// ///// ////
000000000000000000000000000000000000000000000000000000000000000000000000000000000000000000000000000000000000000000000000
100 010 000 010 3000 /////////////////////ACP 07/ 0000 6///1 0//// 7//// 1//// 2//// 3//// /// /// /// // 911// 915// 919// 934// 939//=
57086 342300 1134300 01166 01168 4
20100323030000 066 031 085 031 060 036 0201 063 026 068 058 0221 0000 0093 0093 0255 0090 0201 045 044 0244 053 -020 10079 10080 0222 10078 0236 0106 0108 0218 0101 0201 0106 0106 0259 0095 0201 0093 0092 0094 0097 0099 0094 0092 0116 //// 10222 ///// ///// ////
000000000000000000000000000000000000000000000000000000000000000000000000000000000000000000000000000000000000000000000000=
57085 343200 1132000 02599 02648 4
20100323030000 047 022 085 026 064 034 0201 057 020 088 060 0244 0000 0099 0099 0300 0096 0202 032 031 0246 039 -060 09901 09901 0258 09896 0237 0111 0112 0242 0102 0210 0109 0110 0242 0095 0210 0092 0091 0094 0096 0101 0098 0091 0121 //// 10222 ///// ///// ////
000000000000000000000000000000000000000000000000000000000000000000000000000000000000000000000000000000000000000000000000=
57081 344800 1132600 01409 01419 4
20100323030000 077 020 064 018 068 020 0218 057 019 080 041 0216 0000 0102 0103 0254 0094 0203 035 035 0257 044 -046 10051 10052 0256 10049 0226 0132 0147 0248 0113 0201 0130 0139 0248 0110 0201 0105 0097 0098 0096 0089 0092 0094 0117 //// 10224 ///// ///// ////
000000000000000000000000000000000000000000000000000000000000000000000000000000000000000000000000000000000000000000000000=
57084 343000 1130300 11784 11790 4
20100323030000 084 098 079 094 077 094 0259 082 098 074 126 0259 0000 0017 0017 0300 0014 0214 060 059 0248 041 -052 08842 08846 0203 08837 0225 0027 0027 0237 0014 0210 0044 0047 0241 0038 0210 0042 0044 0049 0054 0061 //// //// //// //// 10215 ///// ///// ////
000000000000000000000000000000000000000000000000000000000000000000000000000000000000000000000000000000000000000000000000=
57080 344400 1125800 01652 01661 4
20100323030000 070 030 076 029 065 042 0243 108 025 060 070 0213 0000 0103 0103 0256 0101 0207 028 027 0242 035 -074 10023 10023 0300 10019 0227 0120 0131 0248 0110 0201 0110 0114 0249 0095 0201 0094 0091 0093 0095 0090 0087 0087 0119 //// 10225 ///// ///// ////
000000000000000000000000000000000000000000000000000000000000000000000000000000000000000000000000000000000000000000000000=
57082 342800 1130100 04271 04284 4
20100323030000 110 021 075 021 092 049 0201 102 019 066 069 0247 0000 0085 0085 0300 0082 0202 029 028 0250 032 -085 09707 09708 0255 09701 0227 0096 0097 0233 0081 0201 0086 0087 0234 0077 0211 0083 0088 0093 0097 0099 0099 0098 //// //// 10223 ///// ///// ////
000000000000000000000000000000000000000000000000000000000000000000000000000000000000000000000000000000000000000000000000=
57295 323700 1142100 00785 00802 4
20100323030000 130 038 126 031 113 039 0240 102 035 102 078 0237 0007 0059 0059 0300 0058 0208 085 084 0240 079 0036 10113 10122 0231 10113 0300 0068 0068 0258 0059 0204 0071 0071 0300 0064 0201 0083 0087 0093 0102 0106 0102 0101 0128 //// 10212 ///// ///// ////
000000000000000100000000000000000000000000000100000000000000000000000100000000000100000000000100000001000000000100000000=
57293 324400 1145900 00380 00391 4
20100323030000 113 046 118 047 120 049 0258 105 040 110 077 0241 0005 0062 0062 0300 0060 0201 086 086 0300 081 0040 10167 10173 0207 10166 0250 0061 0061 0300 0057 0213 0075 0075 0300 0072 0225 0083 0091 0097 0103 0114 0106 0103 0132 //// 10215 ///// ///// ////
000000000100000000010000000001000000000000000100000000000000000100000000000000000000000000000000000000000000000000000000=
57189 330800 1135700 00646 00655 4
20100323030000 084 012 079 014 123 031 0223 077 013 125 053 0216 0000 0073 0073 0300 0071 0201 087 086 0221 089 0053 10144 10147 0215 10142 0201 0088 0088 0300 0081 0201 0093 0093 0300 0086 0201 0093 0095 0098 0102 0100 0096 0096 0122 //// 10225 ///// ///// ////
000000000000000000000000000000000000000000000000000000000000000000000000000000000000000000000000000000000000000000000000=
57194 331700 1141600 00598 00609 4
20100323030000 136 007 131 008 088 015 0213 192 008 136 023 0242 0000 0073 0074 0242 0071 0208 083 082 0254 085 0046 10149 10150 0252 10142 0203 0082 0083 0230 0078 0201 0089 0089 0234 0087 0201 0092 0094 0099 0101 0098 0095 0096 0127 //// 10224 ///// ///// ////
000000000000000000000000000000000000000000000000000000000000000000000000000000000000000000000000000000000000000000000000=
57197 330000 1142000 00489 00545 4
20100323030000 091 030 109 017 121 045 0201 102 030 128 063 0212 0000 0072 0072 0255 0070 0210 088 088 0211 089 0053 10155 10157 0228 10149 0202 0083 0083 0259 0069 0212 0085 0085 0259 0076 0212 0085 0088 0092 0094 0106 0102 0099 0125 //// 10222 ///// ///// ////
000000000000000000000000000000000000000000000000000000000000000000000000000000000000000000000000000000000000000000000000=
57294 325000 1140100 00836 00846 4
20100323030000 124 026 139 028 134 040 0201 108 031 161 054 0214 0000 0062 0062 0201 0061 0249 092 091 0233 087 0050 10115 10119 0224 10115 0252 0070 0071 0256 0066 0234 0080 0080 0259 0072 0218 0080 0087 0096 0102 0107 0108 0101 0118 //// 10220 ///// ///// ////
000000000000000000000000000000000000000000000000000000000000000000000000000000000000000000000000000000000000000000000000=
57292 325800 1143800 00444 00453 4
20100323030000 128 015 124 018 130 040 0201 097 012 128 061 0202 0000 0067 0067 0259 0064 0205 086 086 0300 084 0045 10166 10166 0300 10158 0203 0080 0080 0300 0068 0205 0082 0082 0300 0076 0205 0083 0089 0096 0104 0108 0105 0103 0133 //// 10222 ///// ///// ////
000000000000000000000000000000000000000000000000000000000000000000000000000000000000000000000000000000000000000000000000=
57195 333700 1143700 00466 00476 4
20100323030000 267 014 262 014 258 016 0225 257 013 293 026 0247 0000 0081 0081 0300 0080 0201 081 079 0239 087 0050 10166 10166 0300 10159 0201 0089 0092 0206 0082 0238 0098 0101 0206 0095 0229 0095 0095 0099 0104 0104 0098 0100 0142 //// 10225 ///// ///// ////
000000000000000000000000000000000000000000000000000000000000000000000000000000000000000000000000000000000000000000000000=
57193 334700 1143100 00526 00541 4
20100323030000 247 015 248 015 248 016 0259 277 021 251 032 0257 0000 0086 0086 0259 0083 0201 079 079 0240 088 0052 10159 10159 0259 10154 0214 0103 0111 0217 0101 0209 0111 0114 0230 0105 0202 0102 0099 0101 0104 0106 0100 0103 0131 //// 10226 ///// ///// ////
000000000000000000000000000000000000000000000000000000000000000000000000000000000000000000000000000000000000000000000000
120 010 010 010 1200 /////////////////////SCP 5// 0000 6///1 0//// 7//// 1//// 2//// 3//// /// /// /// // 911// 915// 919// 934// 939//=
57196 332800 1145200 00420 00428 4
20100323030000 207 015 219 013 165 014 0201 206 018 206 018 0300 0000 0076 0077 0224 0074 0201 081 079 0228 084 0046 10168 10170 0252 10164 0201 0083 0090 0222 0083 0300 0094 0098 0234 0093 0201 0090 0091 0095 0097 0105 0099 0103 0132 //// 10221 ///// ///// ////
000000000000000000000000000000000000000000000000000000000000000000000000000000000000000000000000000000000000000000000000=
57099 340400 1145100 00526 00536 4
20100323030000 229 022 224 021 224 021 0300 225 023 214 031 0255 0000 0094 0100 0202 0094 0300 076 061 0219 090 0054 10155 10155 0300 10151 0201 0100 0106 0239 0099 0251 0112 0112 0244 0104 0201 0100 0095 0093 0096 0101 0093 0097 0132 //// 10221 ///// ///// ////
000000000000000000000000000000000000000000000000000000000000000000000000000000000000000000000000000000000000000000000000=
58104 332400 1150400 00412 00425 4
20100323030000 276 009 272 008 124 019 0210 268 010 133 024 0206 0000 0082 0082 0300 0075 0201 080 079 0248 087 0050 10169 10169 0300 10164 0201 0092 0099 0249 0082 0204 0097 0099 0248 0087 0201 0091 0090 0093 0098 0103 0097 0097 0136 //// 10221 ///// ///// ////
000000000000000000000000000000000000000000000000000000000000000000000000000000000000000000000000000000000000000000000000=
57198 333300 1143700 00463 00473 4
20100323030000 270 012 255 011 219 011 0232 308 012 232 016 0224 0000 0079 0079 0300 0076 0201 081 078 0252 086 0048 10167 10167 0300 10160 0209 0092 0098 0217 0087 0242 0097 0100 0210 0095 0245 0095 0097 0101 0105 0106 0104 0106 0138 //// 10225 ///// ///// ////
000000000000000000000000000000000000000000000000000000000000000000000000000000000000000000000000000000000000000000000000=
58101 335200 1152900 00413 00428 4
20100323030000 268 024 263 017 275 021 0241 265 032 265 032 0300 0000 0084 0084 0300 0082 0205 084 083 0251 093 0059 10165 10165 0300 10161 0216 0100 0107 0219 0098 0251 0102 0106 0228 0100 0201 0101 0094 0095 0097 0101 0097 0098 0131 //// 10218 ///// ///// ////
000000000000000000000000000000000000000000000000000000000000000000000000000000000000000000000000000000000000000000000000=
57192 334400 1145100 00455 00466 4
20100323030000 284 015 264 015 252 015 0258 293 016 256 028 0258 0000 0085 0085 0300 0082 0204 079 077 0249 088 0051 10165 10166 0248 10160 0212 0098 0104 0214 0098 0220 0105 0109 0246 0103 0203 0097 0099 0104 0108 0111 0105 0106 0141 //// 10222 ///// ///// ////
000000000000000000000000000000000000000000000000000000000000000000000000000000000000000000000000000000000000000000000000=
57098 340500 1142400 00583 00593 4
20100323030000 255 027 251 030 247 040 0216 251 032 249 053 0205 0000 0090 0094 0201 0089 0214 078 075 0203 089 0054 10145 10149 0228 10144 0204 0106 0110 0201 0101 0240 0107 0108 0207 0103 0245 0101 0097 0095 0097 0101 0095 0096 0129 //// 10218 ///// ///// ////
000000000000000000000000000000000000000000000000000000000000000000000000000000000000000000000000000000000000000000000000=
57190 334500 1142400 00505 00516 4
20100323030000 253 026 247 026 246 026 0259 253 029 222 034 0256 0000 0081 0082 0224 0079 0201 082 081 0240 089 0052 10160 10161 0245 10155 0211 0091 0097 0222 0089 0256 0099 0105 0229 0097 0256 0096 0093 0095 0098 0102 0097 0100 0130 //// 10224 ///// ///// ////
000000000000000000000000000000000000000000000000000000000000000000000000000000000000000000000000000000000000000000000000=
57088 340900 1133000 01161 01177 4
20100323030000 083 028 078 028 076 029 0258 071 026 071 039 0256 0000 0098 0099 0248 0095 0201 058 056 0257 070 0019 10078 10080 0247 10076 0204 0106 0113 0243 0105 0258 0104 0110 0243 0104 0259 0100 0097 0099 0102 0103 0099 0101 0126 //// 10222 ///// ///// ////
000000000000000000000000000000000000000000000000000000000000000000000000000000000000000000000000000000000000000000000000=
57095 340700 1140900 00611 00622 4
20100323030000 244 023 242 020 243 025 0232 251 018 231 036 0231 0000 0092 0093 0203 0091 0235 074 073 0201 086 0048 10142 10145 0223 10140 0201 0105 0112 0204 0102 0232 0111 0114 0209 0108 0232 0107 0102 0100 0099 0100 0094 0094 0125 //// 10219 ///// ///// ////
000000000000000000000000000000000000000000000000000000000000000000000000000000000000000000000000000000000000000000000000=
57182 335100 1133000 00805 00814 4
20100323030000 238 015 236 016 228 019 0255 239 015 237 028 0253 0000 0085 0087 0201 0085 0300 081 075 0217 090 0054 10125 10126 0237 10122 0218 0094 0101 0201 0093 0254 0105 0111 0202 0104 0254 0102 0101 0106 0109 0110 0104 0106 0140 //// 10225 ///// ///// ////
000000000000000000000000000000000000000000000000000000000000000000000000000000000000000000000000000000000000000000000000=
57087 341200 1134800 00877 00885 4
20100323030000 068 008 067 014 066 020 0211 099 006 136 039 0210 0000 0100 0101 0201 0099 0219 051 051 0300 063 0003 10112 10112 0300 10109 0206 0113 0117 0213 0112 0246 0106 0109 0239 0105 0259 0099 0097 0097 0097 0098 0094 0096 0124 //// 10220 ///// ///// ////
000000000000000000000000000000000000000000000000000000000000000000000000000000000000000000000000000000000000000000000000=
57297 320800 1140300 01145 01154 4
20100323030000 065 048 060 043 048 059 0206 046 053 052 099 0213 0027 0049 0049 0300 0046 0226 090 090 0300 078 0034 10072 10080 0224 10071 0252 0052 0052 0258 0040 0203 0063 0063 0258 0048 0201 0072 0086 0102 0111 0119 0118 0113 //// //// 10214 ///// ///// ////
010100010101000101010001000100010001000001000001000100000100000100000100000101000100000000010000010000010000010000010001
060 010 010 10- 0300 //////////////////FNBNSB 72/ 6166 6///1 0//// 7//// 1//// 2//// 3//// /// /// /// // 911// 915// 919// 934// 939//=
57296 322100 1144400 00489 00501 4
20100323030000 085 041 083 048 083 051 0259 096 037 071 079 0205 0033 0059 0059 0300 0054 0206 087 087 0300 081 0039 10154 10164 0201 10153 0250 0056 0056 0300 0047 0203 0068 0068 0300 0054 0205 0077 0094 0107 0115 0118 0111 0109 0131 //// 10216 ///// ///// ////
000101010100020001000001000000000100000200010000010000010001010100000001000000000001000101010101000201000101000002000101=
57396 313800 1145100 01287 01297 4
20100323030000 350 071 354 073 343 088 0247 358 064 341 130 0246 0029 0062 0068 0201 0062 0300 090 089 0203 085 0047 10033 10035 0203 10026 0235 0057 0065 0201 0057 0300 0064 0072 0205 0064 0300 0076 0088 0099 0108 0117 0115 //// //// //// 10192 ///// ///// ////
000100010001000100010001000100010000000100000000010000000001000100010001000000000100010100000101000101010100010101010101=
57298 321300 1143300 00554 00562 4
20100323030000 049 047 051 050 051 059 0243 043 042 040 095 0247 0061 0052 0054 0201 0048 0230 092 091 0201 081 0040 10146 10152 0201 10146 0300 0049 0049 0201 0042 0222 0022 0024 0201 0011 0225 0076 0074 0091 0110 0114 0108 0100 0135 //// 10216 ///// ///// ////
010001020201020001010101010101010201010201010201010101010101010101010101010101000101010101010100010001010001000201020101=
57390 314800 1140400 07335 07347 4
20100323030000 032 056 030 059 034 081 0231 009 077 048 220 0222 0049 0012 0015 0201 0012 0300 100 100 0300 067 0012 09315 09321 0201 09315 0300 0017 0019 0248 0016 0216 0028 0029 0256 0025 0216 0040 0052 0069 0081 0100 0095 //// //// //// 10194 ///// ///// ////
010201000101000201000101000201000101000201000101000201000100010002010001010002010001000102000101000102000100010100010101=
58207 321000 1150300 00428 00440 4
20100323030000 038 074 037 070 034 071 0201 036 092 036 092 0300 0065 0053 0064 0201 0053 0300 091 088 0201 081 0040 10155 10166 0204 10155 0300 0050 0059 0201 0050 0300 0078 0084 0201 0078 0300 0056 0094 0102 0110 0118 0113 0111 0138 //// 10210 ///// ///// ////
000000010000000100010001000100010001000100010201000101020101010101020102020201010201020102010201010301020203020101020102=
58205 322800 1152600 00349 00360 4
20100323030000 053 045 050 044 039 059 0205 054 046 040 085 0208 0028 0060 0062 0201 0059 0231 087 086 0240 081 0040 10175 10178 0230 10166 0201 0056 0058 0201 0053 0241 0065 0068 0201 0060 0229 0071 0077 0085 0089 0118 0110 0109 0123 //// 10220 ///// ///// ////
000001000001000100010000010100000101000100010001000101010101000101000100000001000000010000010001000100010001000001000001=
58208 321000 1153700 00429 00439 4
20100323030000 034 033 044 037 049 058 0218 017 051 042 095 0215 0022 0065 0072 0201 0065 0300 081 078 0237 078 0035 10162 10170 0240 10152 0201 0061 0071 0201 0060 0252 0072 0082 0201 0072 0253 0087 0100 0107 0114 0116 0112 0111 0140 //// 10216 ///// ///// ////
000000000001000001000001000001000001000000000100000000000100000000000000010000000100010000010100010101010101000101000101
090 010 010 10- 0300 //////////////////FNBNSB 72/ 6166 6///1 0//// 7//// 1//// 2//// 3//// /// /// /// // 911// 915// 919// 934// 939//=
53989 350300 1135700 00766 00777 4
20100323030000 032 044 027 044 029 048 0206 040 040 033 077 0201 0000 0109 0109 0300 0099 0201 034 034 0300 044 -043 10129 10132 0201 10128 0229 0151 0156 0244 0122 0204 0141 0141 0300 0107 0202 0100 0090 0090 0091 0093 0090 0094 0123 //// 10224 ///// ///// ////
000000000000000000000000000000000000000000000000000000000000000000000000000000000000000000000000000000000000000000000000=
53997 350900 1141100 00711 00723 4
20100323030000 020 030 021 032 030 043 0243 031 045 023 070 0237 0000 0108 0108 0300 0098 0201 036 035 0231 047 -037 10136 10140 0208 10135 0235 0149 0166 0250 0129 0202 0145 0149 0250 0119 0202 0103 0092 0089 0093 0093 0092 0096 0124 //// 10225 ///// ///// ////
000000000000000000000000000000000000000000000000000000000000000000000000000000000000000000000000000000000000000000000000=
53986 351900 1135300 00732 00740 4
20100323030000 049 050 047 050 053 055 0251 060 057 060 078 0251 0000 0116 0116 0300 0111 0207 027 025 0251 037 -068 10138 10138 0300 10137 0229 0151 0156 0201 0141 0207 0154 0154 0300 0139 0208 0107 0094 0091 0093 0094 0093 0097 0128 //// 10229 ///// ///// ////
000000000000000000000000000000000000000000000000000000000000000000000000000000000000000000000000000000000000000000000000
130 10- 000 10- 2800 /////////////////////ACR 03/ 0000 6///1 0//// 7//// 1//// 2//// 3//// /// /// /// // 911// 915// 919// 934// 939//=
53994 352300 1140400 00700 00712 4
20100323030000 040 048 045 040 045 042 0235 026 050 068 071 0227 0000 0115 0115 0300 0106 0201 030 029 0246 041 -055 10140 10142 0202 10139 0234 0164 0164 0257 0147 0221 0173 0173 0300 0141 0201 0105 0089 0089 0092 0091 0088 0093 0127 //// 10227 ///// ///// ////
000000000000000000000000000000000000000000000000000000000000000000000000000000000000000000000000000000000000000000000000=
53988 351600 1134000 00776 00784 4
20100323030000 053 043 049 045 046 047 0258 071 036 049 068 0253 0000 0118 0118 0300 0111 0201 027 025 0253 037 -066 10127 10129 0237 10126 0205 0141 0158 0226 0138 0201 0160 0168 0232 0144 0201 0112 0094 0091 0094 0091 0090 0098 0126 //// 10223 ///// ///// ////
000000000000000000000000000000000000000000000000000000000000000000000000000000000000000000000000000000000000000000000000=
53983 350200 1142500 00696 00708 4
20100323030000 358 034 008 031 011 045 0240 353 045 012 065 0238 0000 0104 0104 0300 0096 0201 049 047 0223 062 0002 10137 10139 0205 10135 0241 0148 0148 0259 0115 0201 0134 0135 0259 0106 0201 0102 0090 0089 0090 0087 0084 0087 0123 //// 10224 ///// ///// ////
000000000000000000000000000000000000000000000000000000000000000000000000000000000000000000000000000000000000000000000000=
53998 351200 1143900 00616 00625 4
20100323030000 010 028 026 030 013 033 0218 319 018 032 060 0253 0000 0107 0107 0300 0098 0211 045 043 0201 058 -007 10146 10149 0215 10145 0234 0175 0175 0300 0129 0209 0162 0162 0300 0124 0209 0102 0088 0087 0090 0095 0094 0094 0129 //// 10223 ///// ///// ////
000000000000000000000000000000000000000000000000000000000000000000000000000000000000000000000000000000000000000000000000=
57051 344800 1111200 04099 04117 4
20100323030000 095 025 101 023 095 027 0205 085 052 085 052 0300 0000 0097 0097 0300 0089 0201 055 055 0300 066 0011 09719 09724 0237 09717 0211 0135 0136 0254 0107 0201 0147 0147 0300 0113 0201 0100 0095 0097 0097 0088 0086 0085 0114 //// 10211 ///// ///// ////
000000000000000000000000000000000000000000000000000000000000000000000000000000000000000000000000000000000000000000000000
100 010 000 010 3900 /////////////////////ACP 07/ 0000 6///1 0//// 7//// 1//// 2//// 3//// /// /// /// // 911// 915// 919// 934// 939//=
57063 344600 1114600 05236 05236 4
20100323030000 101 036 101 035 102 036 0259 097 027 083 059 0254 0000 0081 0081 0300 0073 0231 057 057 0300 062 0001 09596 09600 0251 09592 0201 0130 0130 0300 0111 0201 0143 0143 0300 0113 0201 0083 0075 0076 0079 0075 0076 0082 0110 //// 10221 ///// ///// ////
000000000000000000000000000000000000000000000000000000000000000000000000000000000000000000000000000000000000000000000000=
57067 340300 1110200 05688 05699 4
20100323030000 182 012 189 013 214 015 0254 201 008 293 024 0232 0000 0031 0032 0241 0026 0201 083 082 0245 063 0005 09548 09548 0252 09541 0205 0059 0076 0208 0058 0256 0080 0089 0226 0080 0201 0073 0070 0083 0077 0094 0099 0093 0122 //// 10239 ///// ///// ////
000000000000000000000000000000000000000000000000000000000000000000000000000000000000000000000000000000000000000000000000
120 010 000 010 3600 /////////////////////ACP 07/ 0000 6///1 0//// 7//// 1//// 2//// 3//// /// /// /// // 911// 915// 919// 934// 939//=
57056 343200 1105300 03904 03909 4
20100323030000 077 010 033 008 354 015 0210 099 012 347 029 0201 0000 0094 0094 0300 0086 0201 053 052 0254 062 0003 09742 09747 0228 09740 0206 0142 0142 0300 0121 0208 0143 0143 0300 0124 0212 0099 0091 0092 0095 0090 0089 0091 0118 //// 10212 ///// ///// ////
000000000000000000000000000000000000000000000000000000000000000000000000000000000000000000000000000000000000000000000000=
58007 340400 1151800 00472 00532 4
20100323030000 211 017 219 018 223 019 0227 223 013 226 034 0221 0000 0089 0090 0203 0088 0227 079 078 0253 090 0055 10151 10152 0256 10147 0212 0102 0106 0246 0098 0223 0113 0113 0247 0106 0201 0100 0097 0099 0101 0102 0099 0101 0131 //// 10216 ///// ///// ////
000000000000000000000000000000000000000000000000000000000000000000000000000000000000000000000000000000000000000000000000=
58006 342300 1155300 00463 00506 4
20100323030000 027 030 021 026 029 029 0212 040 054 040 054 0300 0000 0114 0115 0259 0105 0201 045 045 0300 061 -001 10154 10155 0259 10151 0220 0137 0151 0219 0134 0206 0137 0141 0251 0124 0201 0110 0097 0093 0094 0094 0091 0096 0127 //// 10216 ///// ///// ////
000000000000000000000000000000000000000000000000000000000000000000000000000000000000000000000000000000000000000000000000=
58111 335800 1162700 00325 00325 4
20100323030000 252 016 245 012 245 012 0300 254 014 232 021 0259 0000 0095 0098 0231 0093 0201 074 069 0202 088 0051 10171 10173 0203 10167 0243 0113 0120 0236 0106 0204 0111 0115 0239 0105 0202 0098 0091 0090 0092 0097 0097 0103 0138 //// 10211 ///// ///// ////
000000000000000000000000000000000000000000000000000000000000000000000000000000000000000000000000000000000000000000000000
100 010 000 010 3000 /////////////////////ASP 02/ 0000 6///1 0//// 7//// 1//// 2//// 3//// /// /// /// // 911// 915// 919// 934// 939//=
58017 341500 1160800 00410 00420 4
20100323030000 015 019 035 018 028 029 0212 012 031 035 044 0205 0000 0111 0111 0246 0104 0201 049 048 0259 065 0008 10157 10158 0205 10154 0229 0130 0149 0239 0118 0204 0108 0120 0239 0105 0208 0099 0097 0098 0099 0099 0096 0101 0128 //// 10209 ///// ///// ////
000000000000000000000000000000000000000000000000000000000000000000000000000000000000000000000000000000000000000000000000=
58001 342600 1150600 00563 00569 4
20100323030000 036 028 036 023 047 035 0228 038 029 049 052 0227 0000 0104 0104 0259 0098 0201 052 052 0300 066 0010 10144 10145 0253 10141 0215 0123 0127 0217 0117 0228 0122 0125 0218 0116 0201 0097 0089 0088 0088 0089 0086 0092 0127 //// 10214 ///// ///// ////
000000000000000000000000000000000000000000000000000000000000000000000000000000000000000000000000000000000000000000000000=
58005 342700 1154000 00501 00511 4
20100323030000 043 020 038 025 038 037 0226 046 029 043 057 0223 0000 0111 0111 0300 0106 0201 046 043 0240 061 -001 10149 10152 0250 10145 0217 0144 0163 0233 0136 0255 0123 0134 0235 0119 0255 0104 0098 0095 0095 0097 0095 0101 0132 0001 10212 ///// ///// ////
000000000000000000000000000000000000000000000000000000000000000000000000000000000000000000000000000000000000000000000000
140 010 000 010 2900 //////////////////ASPACR 07/ 0000 6///1 0//// 7//// 1//// 2//// 3//// /// /// /// // 911// 915// 919// 934// 939//=
58008 342800 1152000 00544 00592 4
20100323030000 028 029 030 026 030 028 0236 032 035 032 051 0232 0003 0108 0109 0259 0101 0201 049 045 0256 063 0005 10140 10142 0248 10137 0210 0142 0155 0220 0126 0237 0124 0129 0220 0119 0207 0100 0089 0088 0088 0094 0092 0096 0129 //// 10213 ///// ///// ////
000000000000000000000000000000000000000000000000000000000000000000000000000000000000000000000000000000000000000000000000
/// 000 000 /// //// //////////////////////// /// //// 6///1 0//// 7//// 1//// 2//// 3//// /// /// /// // 911// 915// 919// 934// 939//=
58004 343900 1150900 00606 00616 4
20100323030000 034 019 041 016 031 024 0222 038 025 032 046 0247 0000 0112 0112 0300 0103 0201 045 044 0251 060 -003 10138 10140 0252 10137 0205 0138 0143 0256 0122 0205 0124 0126 0256 0109 0202 0102 0099 0094 0096 0100 0097 0100 0127 //// 10213 ///// ///// ////
000000000000000000000000000000000000000000000000000000000000000000000000000000000000000000000000000000000000000000000000=
54817 355900 1155200 00421 00434 4
20100323030000 051 032 045 031 043 044 0207 038 025 040 063 0205 0000 0107 0107 0300 0089 0201 055 054 0256 071 0020 10173 10179 0203 10171 0242 0156 0164 0258 0119 0204 0170 0170 0258 0124 0204 0101 0075 0070 0070 0078 0074 0086 0117 //// 10226 ///// ///// ////
000000000000000000000000000000000000000000000000000000000000000000000000000000000000000000000000000000000000000000000000=
54902 355400 1150700 00495 00499 4
20100323030000 045 032 046 032 050 043 0226 038 031 049 058 0223 0000 0106 0106 0256 0092 0201 049 048 0258 063 0003 10164 10166 0208 10163 0236 0152 0162 0254 0127 0203 0172 0174 0254 0137 0203 0104 0080 0074 0076 0077 0071 0078 0111 //// 10225 ///// ///// ////
000000000000000000000000000000000000000000000000000000000000000000000000000000000000000000000000000000000000000000000000=
54900 354200 1150100 00537 00541 4
20100323030000 046 023 035 030 034 038 0201 046 019 038 061 0228 0000 0103 0103 0300 0091 0201 050 049 0254 063 0003 10159 10160 0211 10158 0242 0177 0187 0250 0144 0202 0159 0160 0259 0127 0208 0102 0081 0076 0079 0082 0078 0081 0110 //// 10225 ///// ///// ////
000000000000000000000000000000000000000000000000000000000000000000000000000000000000000000000000000000000000000000000000=
54901 360500 1151000 00475 00478 4
20100323030000 049 036 043 038 038 044 0253 057 050 049 061 0245 0000 0110 0110 0300 0090 0201 046 045 0254 060 -002 10170 10173 0201 10167 0228 0167 0169 0256 0127 0204 0168 0168 0300 0117 0203 0097 0074 0069 0071 0078 0076 0074 0105 //// 10229 ///// ///// ////
000000000000000000000000000000000000000000000000000000000000000000000000000000000000000000000000000000000000000000000000=
54903 355100 1152900 00457 00506 4
20100323030000 059 018 056 017 064 027 0223 049 013 063 060 0220 0000 0108 0108 0300 0091 0201 048 048 0251 062 0002 10163 10166 0201 10163 0248 0163 0164 0259 0120 0205 0169 0169 0300 0119 0201 0094 0078 0074 0075 0077 0077 0089 0114 //// 10225 ///// ///// ////
000000000000000000000000000000000000000000000000000000000000000000000000000000000000000000000000000000000000000000000000=
57184 333800 1132200 00834 00847 4
20100323030000 291 007 282 009 297 014 0219 296 009 274 022 0255 0000 0081 0081 0300 0077 0201 080 079 0253 086 0049 10121 10124 0242 10120 0201 0088 0091 0252 0081 0211 0105 0105 0300 0096 0201 0100 0102 0104 0109 0102 0100 0102 0129 //// 10225 ///// ///// ////
000000000000000000000000000000000000000000000000000000000000000000000000000000000000000000000000000000000000000000000000=
57177 332000 1133200 00898 00913 4
20100323030000 065 008 047 009 035 010 0257 080 008 032 016 0249 0000 0072 0072 0300 0069 0201 080 080 0300 081 0040 10113 10118 0225 10113 0300 0089 0089 0300 0080 0201 0092 0092 0300 0085 0201 0072 0092 0089 0104 0109 0104 0103 0121 //// 10226 ///// ///// ////
000000000000000000000000000000000000000000000000000000000000000000000000000000000000000000000000000000000000000000000000=
57075 341000 1125200 02031 02043 4
20100323030000 272 033 267 033 275 035 0248 271 030 290 051 0247 0000 0083 0085 0252 0081 0201 081 077 0201 089 0052 09977 09978 0243 09972 0219 0090 0096 0228 0087 0206 0099 0101 0239 0089 0201 0093 0093 0096 0098 0106 0103 0094 0118 //// 10227 ///// ///// ////
000000000000000000000000000000000000000000000000000000000000000000000000000000000000000000000000000000000000000000000000=
57173 334500 1125300 01457 01468 4
20100323030000 221 013 221 011 215 014 0211 215 013 192 017 0213 0000 0076 0076 0300 0071 0201 083 083 0300 087 0049 10045 10046 0222 10043 0201 0087 0087 0259 0075 0217 0099 0099 0300 0089 0218 0094 0097 0102 0103 0106 0102 0103 0134 //// 10225 ///// ///// ////
000000000000000000000000000000000000000000000000000000000000000000000000000000000000000000000000000000000000000000000000=
57180 335900 1131200 01175 01186 4
20100323030000 246 018 250 020 267 024 0245 251 019 245 037 0242 0000 0086 0086 0300 0081 0201 083 081 0251 093 0059 10077 10079 0244 10076 0201 0098 0099 0227 0091 0219 0107 0107 0300 0103 0245 0099 0097 0098 0101 0101 0098 0100 0131 //// 10222 ///// ///// ////
000000000000000000000000000000000000000000000000000000000000000000000000000000000000000000000000000000000000000000000000=
57181 335300 1130300 01364 01380 4
20100323030000 206 013 226 009 276 010 0227 203 012 209 016 0259 0000 0082 0082 0258 0078 0201 085 083 0209 092 0058 10059 10059 0243 10057 0201 0089 0091 0253 0084 0220 0104 0104 0252 0100 0201 0097 0098 0098 0103 0102 0100 0100 0129 //// 10228 ///// ///// ////
000000000000000000000000000000000000000000000000000000000000000000000000000000000000000000000000000000000000000000000000=
57171 334600 1130700 01420 01430 4
20100323030000 204 029 205 028 226 031 0234 203 029 226 036 0230 0000 0074 0074 0300 0073 0201 084 084 0300 086 0049 10047 10050 0228 10044 0210 0079 0079 0259 0076 0233 0087 0088 0212 0085 0234 0092 0097 0102 0107 0114 0115 0112 0124 //// 10223 ///// ///// ////
000000000000000000000000000000000000000000000000000000000000000000000000000000000000000000000000000000000000000000000000=
57175 330300 1121400 01914 01922 4
20100323030000 298 017 295 019 292 027 0249 313 018 313 034 0245 0000 0067 0070 0216 0066 0245 090 086 0214 088 0052 09996 09998 0241 09991 0213 0075 0092 0216 0073 0256 0090 0090 0300 0084 0201 0093 0100 0109 0117 0113 0107 0109 0138 //// 10232 ///// ///// ////
000000000000000000000000000000000000000000000000000000000000000000000000000000000000000000000000000000000000000000000000=
57156 331800 1113000 02503 02523 4
20100323030000 282 023 276 027 276 028 0259 246 015 279 045 0250 0000 0050 0050 0300 0045 0201 084 083 0237 073 0025 09926 09926 0256 09924 0201 0049 0049 0245 0047 0227 0065 0065 0250 0058 0202 0074 0083 0095 0104 0108 0113 0115 0142 //// 10237 ///// ///// ////
000000000000000000000000000000000000000000000000000000000000000000000000000000000000000000000000000000000000000000000000
250 010 003 003 1500 //////////////////ACPSCR 57/ 2160 6///1 0//// 7//// 1//// 2//// 3//// /// /// /// // 911// 915// 919// 934// 939//=
57271 323300 1122300 00879 00897 4
20100323030000 009 022 012 020 034 021 0229 001 024 353 040 0259 0000 0070 0070 0300 0066 0201 086 086 0255 086 0048 10118 10118 0300 10115 0230 0073 0075 0243 0067 0202 0085 0087 0243 0080 0203 0093 0102 0112 0120 0111 0107 0112 0139 //// 10229 ///// ///// ////
000000000000000000000000000000000000000000000000000000000000000000000000000000000000000000000000000000000000000000000000=
57261 330700 1113100 02330 02345 4
20100323030000 115 019 120 016 115 020 0201 118 022 118 022 0300 0000 0053 0053 0300 0048 0201 091 090 0201 081 0040 09941 09942 0259 09936 0212 0069 0072 0241 0059 0201 0076 0076 0259 0069 0201 0081 0090 0099 0106 0125 0124 0126 //// //// 10230 ///// ///// ////
000000000000000000000000000000000000000000000000000000000000000000000000000000000000000000000000000000000000000000000000=
57285 322300 1132500 01530 01492 4
20100323030000 062 020 053 021 051 036 0219 102 019 060 055 0218 0003 0055 0055 0300 0051 0214 085 085 0221 077 0032 10038 10046 0208 10037 0258 0066 0066 0300 0051 0216 0081 0081 0300 0069 0217 0083 0091 0099 0109 0113 0109 0108 0135 //// 10221 ///// ///// ////
000000000000000000000000000000000000000000000000000000000000000000000000000000000000000000000000000000000000000000000000
200 010 008 008 0400 //////////////////FNBACP 77/ 6076 6///1 0//// 7//// 1//// 2//// 3//// /// /// /// // 911// 915// 919// 934// 939//=
57273 324100 1125100 01095 01105 4
20100323030000 046 024 041 024 069 029 0231 144 019 068 052 0247 0001 0067 0067 0300 0062 0202 080 080 0259 078 0035 10090 10093 0206 10087 0232 0069 0071 0246 0062 0202 0086 0088 0250 0080 0201 0093 0102 0111 0119 0117 0111 0110 0136 //// 10226 ///// ///// ////
000000000000000000000000000000000000000000000000000000000100000000000000000000000000000000000000000000000000000000000000=
57187 330400 1125600 01180 01193 4
20100323030000 026 022 034 020 051 021 0252 012 021 029 032 0258 0086 0073 0073 0300 0069 0201 083 083 0300 085 0046 10073 10074 0234 10071 0202 0088 0089 0259 0076 0209 0098 0098 0300 0087 0201 0095 0095 0107 0113 0121 0111 0107 0132 //// 10220 ///// ///// ////
000102030000000000000002042152010000000000000000000000000000000000000000000000000000000000000000000000000000000000000000=
57178 330200 1123500 01292 01305 4
20100323030000 016 014 018 017 015 021 0231 048 012 009 030 0224 0000 0077 0077 0300 0074 0201 078 077 0243 082 0041 10071 10071 0300 10067 0205 0093 0095 0256 0085 0203 0097 0097 0300 0088 0201 0096 0101 0105 0108 0116 0109 0108 0133 0003 10232 ///// ///// ////
000000000000000000000000000000000000000000000000000000000000000000000000000000000000000000000000000000000000000000000000
150 010 000 010 3200 /////////////////////ACP 07/ 0000 6///1 0//// 7//// 1//// 2//// 3//// /// /// /// // 911// 915// 919// 934// 939//=
57169 330300 1115200 01591 01600 4
20100323030000 287 007 286 008 321 029 0201 293 004 313 038 0225 0000 0066 0066 0259 0063 0201 090 089 0243 088 0051 10036 10038 0238 10032 0202 0071 0073 0257 0061 0201 0081 0084 0255 0071 0201 0087 0094 0102 0110 0110 0106 0106 0133 //// 10233 ///// ///// ////
000000000000000000000000000000000000000000000000000000000000000000000000000000000000000000000000000000000000000000000000=
57176 332900 1122500 02311 02304 4
20100323030000 114 008 109 008 136 018 0211 077 008 147 028 0216 0000 0066 0066 0300 0063 0201 080 077 0202 078 0034 09946 09949 0241 09945 0204 0072 0072 0300 0061 0229 0087 0087 0300 0079 0226 0088 0093 0099 0106 0115 0114 0110 0130 //// 10229 ///// ///// ////
000000000000000000000000000000000000000000000000000000000000000000000000000000000000000000000000000000000000000000000000=
57179 331700 1130000 01604 01616 4
20100323030000 024 023 025 021 025 021 0300 023 019 026 033 0259 0000 0074 0074 0300 0068 0202 082 082 0300 084 0045 10027 10031 0225 10026 0204 0087 0087 0300 0067 0206 0092 0092 0300 0080 0203 0089 0094 0100 0104 0107 0103 0103 0132 //// 10226 ///// ///// ////
000000000000000000000000000000000000000000000000000000000000000000000000000000000000000000000000000000000000000000000000=
57274 324200 1120700 01076 01088 4
20100323030000 352 012 358 015 002 017 0234 355 012 355 030 0226 0000 0076 0076 0300 0071 0201 081 081 0258 084 0046 10096 10098 0238 10093 0213 0093 0093 0230 0082 0201 0105 0105 0259 0091 0201 0104 0106 0114 0122 0125 0118 0113 0140 //// 10230 ///// ///// ////
000000000000000000000000000000000000000000000000000000000000000000000000000000000000000000000000000000000000000000000000=
57065 343000 1121100 01949 01964 4
20100323030000 104 005 092 007 052 007 0222 088 009 094 013 0202 0000 0092 0093 0252 0088 0201 059 058 0241 069 0016 09989 09989 0258 09983 0202 0110 0114 0236 0107 0201 0115 0123 0232 0109 0201 0102 0096 0096 0100 0101 0103 0109 0138 //// 10228 ///// ///// ////
000000000000000000000000000000000000000000000000000000000000000000000000000000000000000000000000000000000000000000000000=
57074 342500 1122500 01973 01989 4
20100323030000 190 007 224 006 234 012 0212 181 012 260 021 0210 0000 0085 0085 0300 0079 0213 072 072 0259 080 0037 09988 09988 0300 09981 0214 0106 0106 0300 0091 0209 0116 0116 0300 0101 0208 0096 0093 0096 0100 0103 0103 0101 0125 //// 10231 ///// ///// ////
000000000000000000000000000000000000000000000000000000000000000000000000000000000000000000000000000000000000000000000000=
57076 344400 1124700 01895 01901 4
20100323030000 071 027 073 034 074 040 0257 085 026 091 056 0253 0000 0101 0102 0238 0096 0201 038 036 0243 047 -036 09993 09993 0300 09989 0216 0114 0125 0236 0105 0202 0110 0122 0236 0099 0201 0092 0087 0087 0090 0093 0089 0088 0121 //// 10224 ///// ///// ////
000000000000000000000000000000000000000000000000000000000000000000000000000000000000000000000000000000000000000000000000=
57070 344400 1120700 03640 03595 4
20100323030000 047 030 047 029 047 029 0300 035 027 032 054 0258 0000 0086 0086 0244 0080 0201 061 061 0300 068 0015 09792 09792 0300 09787 0208 0107 0131 0227 0107 0300 0121 0133 0227 0111 0201 0095 0085 0086 0088 0092 0091 0093 0122 //// 10226 ///// ///// ////
000000000000000000000000000000000000000000000000000000000000000000000000000000000000000000000000000000000000000000000000=
57162 340900 1120500 03258 03275 4
20100323030000 226 007 226 009 184 013 0246 155 007 254 021 0203 0000 0075 0075 0300 0066 0201 075 074 0247 078 0034 09830 09831 0205 09827 0211 0088 0103 0244 0076 0205 0109 0113 0250 0087 0201 0090 0085 0090 0097 0099 0097 0100 0132 //// 10227 ///// ///// ////
000000000000000000000000000000000000000000000000000000000000000000000000000000000000000000000000000000000000000000000000=
57078 340900 1122800 03365 03340 4
20100323030000 254 010 234 011 225 019 0236 291 003 237 031 0237 0000 0074 0075 0242 0071 0201 071 069 0227 073 0025 09821 09821 0300 09816 0215 0079 0086 0234 0074 0201 0092 0095 0234 0084 0201 0083 0081 0085 0091 0099 0097 0095 0118 //// 10226 ///// ///// ////
000000000000000000000000000000000000000000000000000000000000000000000000000000000000000000000000000000000000000000000000=
57071 344900 1122600 03333 03332 4
20100323030000 020 025 012 035 006 042 0255 023 022 012 068 0254 0000 0090 0091 0244 0086 0201 044 042 0257 050 -026 09825 09825 0300 09820 0205 0112 0118 0236 0105 0204 0116 0122 0233 0110 0201 0094 0087 0086 0089 0091 0088 0090 0119 //// 10228 ///// ///// ////
000000000000000000000000000000000000000000000000000000000000000000000000000000000000000000000000000000000000000000000000
100 010 000 010 3300 /////////////////////ACP 07/ 0000 6///1 0//// 7//// 1//// 2//// 3//// /// /// /// // 911// 915// 919// 934// 939//=
57066 342300 1114000 03283 03298 4
20100323030000 190 006 183 007 261 009 0218 184 003 268 018 0210 0000 0074 0074 0256 0070 0201 069 069 0254 071 0021 09828 09828 0300 09821 0203 0084 0103 0216 0084 0300 0098 0109 0216 0098 0300 0088 0081 0084 0088 0093 0092 0088 0116 //// 10228 ///// ///// ////
000000000000000000000000000000000000000000000000000000000000000000000000000000000000000000000000000000000000000000000000=
57077 334700 1113900 07424 07388 4
20100323030000 PPC 001 162 006 126 008 0227 PPC 001 133 012 0220 0000 0021 0021 0300 0018 0221 091 091 0300 065 0008 09355 09355 0300 09349 0219 0038 0038 0300 0008 0201 0003 0003 0257 0001 0206 0024 0042 0056 0068 0090 0088 0090 0116 //// 10244 ///// ///// ////
000000000000000000000000000000000000000000000000000000000000000000000000000000000000000000000000000000000000000000000000
070 010 000 010 3000 /////////////////////ASP 02/ 1060 6///1 0//// 7//// 1//// 2//// 3//// /// /// /// // 911// 915// 919// 934// 939//=
57185 332700 1133500 00911 00921 4
20100323030000 254 013 257 013 281 014 0238 273 014 245 019 0257 0000 0074 0074 0300 0071 0201 083 083 0300 085 0047 10111 10115 0230 10110 0201 0085 0087 0252 0081 0240 0097 0097 0300 0089 0201 0093 0093 0098 0094 0110 0104 0099 0123 //// 10225 ///// ///// ////
000000000000000000000000000000000000000000000000000000000000000000000000000000000000000000000000000000000000000000000000=
57183 334800 1135500 00600 00615 4
20100323030000 239 029 242 029 246 030 0257 246 034 237 040 0255 0000 0084 0085 0242 0083 0201 082 080 0250 090 0055 10146 10146 0254 10143 0201 0093 0100 0212 0093 0300 0105 0111 0230 0104 0258 0101 0099 0101 0104 0105 0098 0095 0123 //// 10222 ///// ///// ////
000000000000000000000000000000000000000000000000000000000000000000000000000000000000000000000000000000000000000000000000=
57186 333600 1140300 00587 00598 4
20100323030000 287 009 279 010 312 014 0218 282 009 327 020 0214 0000 0083 0083 0300 0081 0218 085 077 0204 093 0059 10152 10153 0235 10147 0204 0091 0092 0213 0088 0205 0102 0102 0300 0099 0201 0098 0098 0101 0106 0107 0101 0100 0134 //// 10226 ///// ///// ////
000000000000000000000000000000000000000000000000000000000000000000000000000000000000000000000000000000000000000000000000=
57191 342900 1142900 00634 00642 4
20100323030000 042 017 043 016 033 020 0252 046 020 046 038 0248 0000 0102 0102 0300 0098 0201 051 051 0300 063 0005 10138 10142 0246 10138 0300 0118 0118 0258 0109 0201 0117 0117 0300 0106 0201 0097 0092 0092 0093 0096 0091 0093 0125 //// 10217 ///// ///// ////
000000000000000000000000000000000000000000000000000000000000000000000000000000000000000000000000000000000000000000000000=
57096 343200 1144700 00597 00607 4
20100323030000 037 019 041 020 055 027 0244 040 021 034 047 0215 0000 0108 0108 0300 0099 0201 049 046 0234 063 0005 10140 10140 0300 10136 0206 0138 0139 0259 0115 0201 0133 0133 0257 0110 0201 0105 0098 0098 0099 0102 0097 0100 0128 //// 10214 ///// ///// ////
000000000000000000000000000000000000000000000000000000000000000000000000000000000000000000000000000000000000000000000000=
57091 344700 1141800 00737 00748 4
20100323030000 046 040 046 042 046 042 0300 049 036 043 058 0236 0000 0105 0105 0300 0100 0212 041 041 0300 052 -022 10129 10132 0213 10128 0237 0137 0140 0245 0116 0214 0152 0152 0259 0125 0201 0104 0095 0096 0091 0103 0100 0100 0123 //// 10221 ///// ///// ////
000000000000000000000000000000000000000000000000000000000000000000000000000000000000000000000000000000000000000000000000
130 010 000 010 3200 /////////////////////ACP 07/ 0000 6///1 0//// 7//// 1//// 2//// 3//// /// /// /// // 911// 915// 919// 934// 939//=
53978 350500 1123800 01401 01409 4
20100323030000 139 030 146 030 146 030 0300 136 052 136 052 0300 0000 0107 0110 0238 0105 0201 043 039 0233 055 -014 10052 10054 0228 10050 0202 0138 0153 0238 0133 0203 0144 0151 0235 0129 0202 0112 0101 0095 0098 0091 0090 0095 0125 //// 10224 ///// ///// ////
000000000000000000000000000000000000000000000000000000000000000000000000000000000000000000000000000000000000000000000000=
53984 351400 1132800 00827 00837 4
20100323030000 047 047 049 049 054 060 0243 046 042 046 079 0237 0000 0107 0109 0233 0102 0201 037 032 0236 048 -034 10125 10125 0300 10122 0201 0129 0146 0229 0124 0201 0132 0142 0233 0113 0201 0095 0089 0087 0092 0095 0094 0094 0121 //// 10228 ///// ///// ////
000000000000000000000000000000000000000000000000000000000000000000000000000000000000000000000000000000000000000000000000=
53987 350600 1132500 00910 00918 4
20100323030000 046 043 049 035 049 042 0253 032 050 068 072 0239 0000 0119 0119 0300 0106 0201 039 035 0250 054 -016 10113 10113 0259 10111 0206 0161 0161 0259 0128 0203 0145 0145 0259 0115 0203 0105 0095 0094 0096 0098 0097 0098 0127 //// 10225 ///// ///// ////
000000000000000000000000000000000000000000000000000000000000000000000000000000000000000000000000000000000000000000000000=
57079 345700 1130200 01064 01069 4
20100323030000 090 049 090 049 092 053 0255 088 044 074 071 0235 0000 0108 0109 0249 0100 0201 040 039 0238 052 -023 10093 10093 0300 10089 0217 0127 0138 0229 0116 0202 0130 0140 0242 0116 0202 0100 0090 0090 0092 0097 0095 0093 0120 //// 10224 ///// ///// ////
000000000000000000000000000000000000000000000000000000000000000000000000000000000000000000000000000000000000000000000000=
53972 350700 1125500 01196 01210 4
20100323030000 107 027 095 029 094 039 0208 088 029 083 059 0251 0000 0112 0114 0241 0108 0201 032 030 0246 043 -049 10076 10078 0230 10075 0208 0138 0157 0227 0135 0255 0127 0139 0230 0121 0201 0109 0101 0101 0103 0097 0097 0107 0137 //// 10224 ///// ///// ////
000000000000000000000000000000000000000000000000000000000000000000000000000000000000000000000000000000000000000000000000=
53982 351400 1131600 01120 01135 4
20100323030000 077 035 063 036 069 043 0237 088 043 088 070 0218 0000 0115 0117 0229 0111 0201 027 026 0221 037 -068 10086 10087 0233 10083 0201 0115 0118 0214 0105 0201 0137 0144 0213 0130 0201 0105 0096 0096 0099 0098 0097 0099 0131 //// 10224 ///// ///// ////
000000000000000000000000000000000000000000000000000000000000000000000000000000000000000000000000000000000000000000000000=
53979 350900 1130500 01200 01211 4
20100323030000 075 058 075 054 075 054 0300 084 074 073 082 0251 0000 0112 0112 0300 0108 0201 028 027 0258 037 -066 10077 10079 0223 10075 0211 0125 0134 0213 0125 0300 0137 0149 0238 0136 0201 0105 0094 0096 0099 0098 0098 0103 0132 //// 10225 ///// ///// ////
000000000000000000000000000000000000000000000000000000000000000000000000000000000000000000000000000000000000000000000000=
53974 353700 1141100 00723 00739 4
20100323030000 017 045 017 043 019 046 0248 012 037 012 073 0259 0000 0117 0117 0300 0107 0206 027 027 0232 037 -067 10140 10141 0251 10139 0229 0156 0156 0259 0128 0203 0168 0168 0300 0133 0205 0105 0089 0087 0088 0089 0089 0096 0124 //// 10230 ///// ///// ////
000000000000000000000000000000000000000000000000000000000000000000000000000000000000000000000000000000000000000000000000=
53990 354300 1141900 00795 00805 4
20100323030000 012 061 008 056 004 063 0215 007 069 355 082 0204 0000 0111 0111 0300 0101 0201 034 034 0300 045 -042 10133 10135 0243 10132 0219 0152 0152 0259 0127 0215 0198 0198 0300 0163 0215 0103 0088 0082 0086 0088 0081 0081 0111 //// 10232 ///// ///// ////
000000000000000000000000000000000000000000000000000000000000000000000000000000000000000000000000000000000000000000000000=
53991 355600 1142100 00743 00753 4
20100323030000 012 021 007 024 359 031 0215 080 020 002 059 0243 0000 0107 0107 0300 0096 0201 034 031 0210 044 -045 10143 10145 0242 10141 0209 0157 0158 0248 0131 0201 0162 0162 0300 0127 0201 0101 0083 0075 0081 0084 0081 0086 0118 //// 10235 ///// ///// ////
000000000000000000000000000000000000000000000000000000000000000000000000000000000000000000000000000000000000000000000000=
53993 355600 1145500 00516 00524 4
20100323030000 031 025 031 026 035 036 0237 026 026 047 050 0235 0000 0108 0108 0300 0092 0201 044 044 0300 057 -010 10164 10166 0201 10162 0221 0156 0157 0254 0122 0201 0153 0154 0259 0119 0201 0098 0079 0074 0074 0080 0072 0073 0108 //// 10228 ///// ///// ////
000000000000000000000000000000000000000000000000000000000000000000000000000000000000000000000000000000000000000000000000=
53889 360400 1134900 03068 03086 4
20100323030000 346 029 017 023 036 025 0256 346 049 346 049 0300 0000 0107 0107 0300 0093 0201 019 019 0300 024 -120 09864 09866 0252 09862 0201 0172 0173 0251 0145 0201 0211 0211 0258 0149 0201 0130 0102 0086 0078 0073 0072 0086 0098 //// 10237 ///// ///// ////
000000000000000000000000000000000000000000000000000000000000000000000000000000000000000000000000000000000000000000000000=
53995 353300 1143000 00625 00645 4
20100323030000 352 029 348 034 359 039 0206 004 021 333 071 0250 0000 0100 0100 0300 0091 0201 038 036 0202 047 -037 10148 10150 0232 10147 0244 0153 0153 0300 0120 0213 0159 0159 0300 0127 0213 0109 0091 0083 0083 0086 0084 0085 0116 //// 10227 ///// ///// ////
000000000000000000000000000000000000000000000000000000000000000000000000000000000000000000000000000000000000000000000000=
NNNN
