57090 344300 1135800 00781 00802 4
20100323190000 128 004 129 005 079 007 1801 128 005 130 013 1810 0000 0086 0090 1801 0086 1851 066 063 1801 074 0026 10114 10116 1822 10111 1844 0069 0073 1801 0063 1851 0075 0076 1803 0075 1859 0088 0097 0099 0102 0099 0092 0085 0119 //// 10212 ///// ///// ////
000000000000000000000000000000000000000000000000000000000000000000000000000000000000000000000000000000000000000000000000=
57083 344300 1133900 01104 01116 4
20100323190000 100 004 PPC 002 179 010 1806 096 005 158 017 1802 0000 0090 0094 1801 0090 1900 061 059 1801 070 0019 10075 10079 1807 10073 1833 0058 0064 1805 0058 1900 0074 0076 1804 0074 1851 0089 0095 0099 0103 0098 0098 0102 0126 0001 10211 ///// ///// ////
000000000000000000000000000000000000000000000000000000000000000000000000000000000000000000000000000000000000000000000000
110 010 000 /// //// /////////////////////ACP /// //// 6///1 0//// 7//// 1//// 2//// 3//// /// /// /// // 911// 915// 919// 934// 939//=
57086 342300 1134300 01166 01168 4
20100323190000 004 004 052 003 131 014 1823 341 004 161 021 1814 0000 0080 0084 1801 0080 1900 069 063 1801 074 0027 10069 10069 1813 10065 1843 0071 0079 1812 0071 1900 0073 0075 1802 0073 1900 0085 0092 0097 0100 0098 0095 0093 0116 //// 10212 ///// ///// ////
000000000000000000000000000000000000000000000000000000000000000000000000000000000000000000000000000000000000000000000000=
57085 343200 1132000 02599 02648 4
20100323190000 015 009 017 008 333 014 1812 007 010 319 020 1803 0000 0083 0083 1859 0079 1801 054 053 1817 059 -005 09888 09893 1807 09886 1831 0076 0078 1856 0073 1842 0070 0071 1801 0070 1858 0085 0094 0100 0102 0102 0097 0092 0121 //// 10208 ///// ///// ////
000000000000000000000000000000000000000000000000000000000000000000000000000000000000000000000000000000000000000000000000=
57081 344800 1132600 01409 01419 4
20100323190000 040 002 113 002 337 006 1828 032 005 336 013 1824 0000 0084 0092 1801 0084 1900 051 044 1801 056 -011 10036 10044 1807 10036 1859 0059 0067 1828 0059 1900 0069 0071 1801 0069 1859 0084 0092 0100 0100 0091 0092 0095 0117 //// 10209 ///// ///// ////
000000000000000000000000000000000000000000000000000000000000000000000000000000000000000000000000000000000000000000000000=
57084 343000 1130300 11784 11790 4
20100323190000 264 019 266 022 280 032 1845 271 019 271 042 1832 0000 0014 0017 1816 0014 1900 057 048 1815 039 -062 08839 08841 1801 08837 1818 0010 0013 1819 0009 1859 0006 0007 1802 0005 1821 0019 0036 0049 0056 0062 //// //// //// //// 10207 ///// ///// ////
000000000000000000000000000000000000000000000000000000000000000000000000000000000000000000000000000000000000000000000000=
57080 344400 1125800 01652 01661 4
20100323190000 000 000 000 000 344 019 1806 128 000 358 029 1801 0000 0088 0092 1809 0087 1847 040 038 1852 045 -040 10010 10013 1804 10008 1820 0064 0077 1808 0063 1844 0068 0070 1802 0068 1859 0084 0094 0100 0102 0093 0087 0088 0119 //// 10212 ///// ///// ////
000000000000000000000000000000000000000000000000000000000000000000000000000000000000000000000000000000000000000000000000=
57082 342800 1130100 04271 04284 4
20100323190000 351 032 015 019 342 020 1831 333 050 333 050 1900 0000 0076 0077 1855 0072 1802 039 039 1900 041 -055 09696 09699 1807 09693 1822 0070 0071 1846 0065 1816 0056 0057 1802 0056 1900 0070 0081 0090 0095 0097 0099 0099 //// //// 10210 ///// ///// ////
000000000000000000000000000000000000000000000000000000000000000000000000000000000000000000000000000000000000000000000000=
57189 330800 1135700 00646 00655 4
20100323190000 000 000 061 001 175 027 1824 133 001 178 041 1821 0002 0062 0065 1801 0062 1847 097 096 1801 092 0058 10123 10134 1805 10123 1859 0060 0064 1801 0060 1857 0071 0073 1802 0069 1827 0084 0090 0095 0099 0098 0097 0097 0122 //// 10204 ///// ///// ////
000100000000000000000000000100000000000000000000000000000000000000000000000000000000000000000000000000000000000000000000=
57194 331700 1141600 00598 00609 4
20100323190000 201 021 194 018 205 022 1838 195 020 209 032 1837 0001 0065 0066 1811 0063 1841 092 092 1801 089 0053 10128 10141 1804 10128 1856 0059 0061 1811 0058 1854 0069 0073 1806 0069 1859 0085 0091 0096 0097 0096 0096 0097 0126 //// 10203 ///// ///// ////
000000000000000000000000000000000000000000000000000000000000000000000000000000000000000000000000000000000100000000000000=
57294 325000 1140100 00836 00846 4
20100323190000 359 020 005 017 005 017 1900 012 024 007 025 1852 0000 0060 0060 1857 0059 1826 095 094 1801 089 0053 10096 10104 1802 10096 1859 0059 0059 1859 0055 1803 0063 0064 1818 0063 1900 0074 0084 0092 0097 0102 0108 0102 0118 //// 10201 ///// ///// ////
000000000000000000000000000000000000000000000000000000000000000000000000000000000000000000000000000000000000000000000000=
57195 333700 1143700 00466 00476 4
20100323190000 260 007 262 007 251 010 1829 194 003 268 016 1852 0000 0072 0073 1801 0072 1900 090 089 1801 091 0057 10148 10155 1811 10147 1801 0065 0066 1832 0064 1808 0070 0070 1830 0069 1801 0080 0090 0099 0103 0103 0098 0101 0142 //// 10207 ///// ///// ////
000000000000000000000000000000000000000000000000000000000000000000000000000000000000000000000000000000000000000000000000=
57193 334700 1143100 00526 00541 4
20100323190000 181 002 217 006 183 012 1807 218 003 175 021 1804 0000 0076 0080 1801 0076 1900 089 086 1801 093 0059 10142 10149 1812 10140 1819 0069 0072 1804 0069 1859 0075 0077 1801 0075 1859 0090 0096 0101 0105 0105 0101 0104 0131 //// 10209 ///// ///// ////
000000000000000000000000000000000000000000000000000000000000000000000000000000000000000000000000000000000000000000000000=
57196 332800 1145200 00420 00428 4
20100323190000 203 006 219 008 213 018 1830 189 005 220 024 1823 0000 0061 0063 1801 0061 1900 092 091 1801 087 0049 10153 10161 1819 10153 1900 0057 0059 1804 0057 1859 0064 0066 1801 0064 1859 0079 0089 0094 0097 0102 0100 0103 0131 //// 10206 ///// ///// ////
000000000000000000000000000000000000000000000000000000000000000000000000000000000000000000000000000000000000000000000000=
57099 340400 1145100 00526 00536 4
20100323190000 105 009 112 008 123 014 1801 118 009 157 023 1804 0000 0081 0083 1801 0081 1900 075 074 1843 081 0039 10146 10148 1833 10144 1801 0069 0072 1801 0068 1857 0070 0072 1801 0070 1900 0083 0090 0093 0097 0100 0094 0097 0131 //// 10212 ///// ///// ////
000000000000000000000000000000000000000000000000000000000000000000000000000000000000000000000000000000000000000000000000=
58101 335200 1152900 00413 00428 4
20100323190000 102 001 106 006 118 019 1802 105 005 125 024 1810 0000 0066 0070 1845 0066 1807 079 072 1844 077 0032 10159 10159 1900 10154 1828 0058 0063 1843 0057 1809 0059 0059 1900 0058 1809 0079 0085 0092 0096 0100 0098 0099 0131 //// 10212 ///// ///// ////
000000000000000000000000000000000000000000000000000000000000000000000000000000000000000000000000000000000000000000000000=
57192 334400 1145100 00455 00466 4
20100323190000 195 009 189 009 179 010 1856 189 011 220 015 1838 0000 0077 0078 1835 0077 1900 086 084 1801 090 0055 10154 10156 1819 10149 1803 0070 0071 1839 0067 1805 0070 0070 1852 0068 1801 0082 0095 0104 0107 0109 0106 0106 0141 //// 10212 ///// ///// ////
000000000000000000000000000000000000000000000000000000000000000000000000000000000000000000000000000000000000000000000000=
57098 340500 1142400 00583 00593 4
20100323190000 190 012 184 011 195 020 1811 178 011 186 029 1806 0000 0079 0080 1801 0079 1900 087 087 1900 093 0059 10136 10141 1837 10133 1850 0071 0074 1801 0071 1900 0076 0077 1801 0076 1900 0083 0090 0095 0099 0102 0096 0097 0129 //// 10209 ///// ///// ////
000000000000000000000000000000000000000000000000000000000000000000000000000000000000000000000000000000000000000000000000=
57190 334500 1142400 00505 00516 4
20100323190000 205 008 202 010 168 021 1801 205 008 211 028 1807 0000 0071 0074 1801 0071 1900 093 091 1801 094 0060 10144 10151 1808 10141 1815 0068 0072 1810 0068 1857 0069 0071 1801 0069 1857 0082 0090 0096 0099 0100 0097 0100 0130 //// 10208 ///// ///// ////
000000000000000000000000000000000000000000000000000000000000000000000000000000000000000000000000000000000000000000000000=
57182 335100 1133000 00805 00814 4
20100323190000 222 007 215 009 183 020 1806 206 006 166 028 1805 0000 0082 0084 1801 0081 1821 081 081 1900 088 0051 10107 10110 1808 10105 1824 0074 0078 1801 0074 1900 0075 0077 1801 0075 1900 0089 0099 0107 0109 0108 0104 0107 0139 //// 10207 ///// ///// ////
000000000000000000000000000000000000000000000000000000000000000000000000000000000000000000000000000000000000000000000000=
58207 321000 1150300 00428 00440 4
20100323190000 045 043 048 045 048 053 1848 051 046 054 073 1843 0018 0057 0057 1900 0056 1806 091 090 1801 083 0043 10136 10145 1801 10135 1854 0051 0051 1900 0050 1804 0065 0066 1807 0065 1848 0054 0076 0084 0091 0109 0114 0112 0138 //// 10191 ///// ///// ////
000101010101020101010101000101000000010000000000010000000000000100000000000000000001000000000000000000000000000000000000=
53986 351900 1135300 00732 00740 4
20100323190000 211 005 217 009 220 011 1855 203 006 226 021 1851 0000 0099 0099 1824 0097 1843 057 055 1822 069 0018 10120 10129 1824 10120 1900 0081 0082 1858 0067 1840 0072 0075 1801 0070 1845 0089 0097 0101 0104 0097 0093 0097 0127 //// 10210 ///// ///// ////
000000000000000000000000000000000000000000000000000000000000000000000000000000000000000000000000000000000000000000000000=
53994 352300 1140400 00700 00712 4
20100323190000 218 004 213 005 293 015 1807 220 006 296 020 1805 0000 0088 0095 1803 0088 1900 058 055 1801 066 0010 10123 10131 1825 10123 1900 0047 0074 1807 0047 1857 0058 0069 1808 0058 1853 0085 0097 0103 0104 0093 0088 0093 0127 //// 10210 ///// ///// ////
000000000000000000000000000000000000000000000000000000000000000000000000000000000000000000000000000000000000000000000000=
53988 351600 1134000 00776 00784 4
20100323190000 144 012 141 010 326 013 1801 155 014 155 014 1900 0000 0087 0090 1824 0086 1844 054 048 1824 061 -001 10109 10119 1813 10109 1900 0052 0053 1801 0051 1836 0066 0068 1801 0066 1854 0088 0100 0105 0108 0093 0091 0098 0126 //// 10205 ///// ///// ////
000000000000000000000000000000000000000000000000000000000000000000000000000000000000000000000000000000000000000000000000=
57051 344800 1111200 04099 04117 4
20100323190000 160 005 149 004 095 007 1835 119 008 108 016 1855 0000 0080 0082 1801 0080 1859 040 036 1836 043 -048 09715 09723 1813 09715 1900 0059 0064 1809 0057 1834 0067 0070 1802 0067 1900 0086 0096 0102 0103 0091 0086 0085 0114 //// 10208 ///// ///// ////
000000000000000000000000000000000000000000000000000000000000000000000000000000000000000000000000000000000000000000000000=
57063 344600 1114600 05236 05236 4
20100323190000 321 015 317 014 317 014 1900 336 011 319 022 1857 0000 0063 0070 1802 0063 1859 042 036 1802 040 -057 09587 09592 1801 09587 1900 0042 0045 1803 0036 1834 0047 0050 1802 0047 1853 0067 0076 0081 0084 0076 0077 0083 0110 //// 10214 ///// ///// ////
000000000000000000000000000000000000000000000000000000000000000000000000000000000000000000000000000000000000000000000000=
57067 340300 1110200 05688 05699 4
20100323190000 202 017 224 016 224 016 1900 195 018 209 024 1857 0000 0045 0047 1813 0045 1842 076 069 1806 064 0006 09540 09540 1859 09531 1832 0051 0054 1808 0047 1829 0057 0059 1803 0057 1900 0073 0082 0091 0089 0092 0097 0094 0122 //// 10226 ///// ///// ////
000000000000000000000000000000000000000000000000000000000000000000000000000000000000000000000000000000000000000000000000=
57056 343200 1105300 03904 03909 4
20100323190000 091 011 073 010 122 028 1816 091 011 133 043 1810 0000 0083 0089 1801 0083 1900 043 039 1801 047 -035 09739 09748 1822 09739 1900 0062 0076 1801 0062 1859 0071 0075 1801 0071 1900 0086 0096 0101 0102 0091 0089 0092 0118 //// 10208 ///// ///// ////
000000000000000000000000000000000000000000000000000000000000000000000000000000000000000000000000000000000000000000000000=
58007 340400 1151800 00472 00532 4
20100323190000 152 008 162 007 111 012 1801 130 007 133 023 1811 0000 0073 0078 1801 0073 1900 070 069 1837 072 0022 10142 10145 1853 10140 1846 0064 0069 1803 0064 1900 0067 0070 1809 0067 1858 0085 0094 0099 0102 0102 0099 0101 0131 //// 10208 ///// ///// ////
000000000000000000000000000000000000000000000000000000000000000000000000000000000000000000000000000000000000000000000000=
58006 342300 1155300 00463 00506 4
20100323190000 101 008 108 009 134 018 1807 130 008 125 032 1811 0000 0065 0068 1816 0065 1900 064 061 1813 062 0002 10152 10152 1859 10146 1817 0049 0057 1812 0049 1900 0057 0058 1801 0055 1828 0070 0082 0088 0094 0095 0092 0096 0127 //// 10214 ///// ///// ////
000000000000000000000000000000000000000000000000000000000000000000000000000000000000000000000000000000000000000000000000=
58111 335800 1162700 00325 00325 4
20100323190000 120 010 132 016 138 018 1857 139 005 105 030 1803 0000 0063 0066 1803 0063 1859 067 064 1803 064 0006 10166 10176 1801 10162 1835 0052 0052 1859 0043 1809 0053 0053 1900 0052 1812 0067 0077 0084 0090 0096 0097 0104 0138 //// 10206 ///// ///// ////
000000000000000000000000000000000000000000000000000000000000000000000000000000000000000000000000000000000000000000000000=
58017 341500 1160800 00410 00420 4
20100323190000 098 010 072 007 091 016 1817 105 008 097 029 1817 0000 0067 0070 1801 0067 1840 067 066 1801 066 0010 10157 10164 1801 10149 1825 0053 0058 1819 0052 1855 0057 0059 1804 0055 1835 0075 0086 0092 0097 0098 0096 0102 0128 //// 10209 ///// ///// ////
000000000000000000000000000000000000000000000000000000000000000000000000000000000000000000000000000000000000000000000000=
58001 342600 1150600 00563 00569 4
20100323190000 142 006 149 007 174 014 1822 142 007 187 025 1820 0000 0075 0079 1801 0075 1850 067 066 1827 069 0018 10141 10143 1849 10137 1815 0066 0072 1801 0066 1857 0064 0067 1801 0064 1900 0075 0082 0088 0090 0090 0087 0093 0126 //// 10211 ///// ///// ////
000000000000000000000000000000000000000000000000000000000000000000000000000000000000000000000000000000000000000000000000=
58005 342700 1154000 00501 00511 4
20100323190000 169 015 157 013 139 026 1811 197 012 155 036 1825 0000 0071 0074 1801 0071 1900 057 057 1900 057 -008 10148 10149 1859 10139 1809 0056 0063 1827 0056 1858 0058 0058 1803 0057 1834 0075 0087 0091 0095 0097 0095 0102 0132 0000 10211 ///// ///// ////
000000000000000000000000000000000000000000000000000000000000000000000000000000000000000000000000000000000000000000000000
140 010 000 /// //// //////////////////ASRACR /// //// 6///1 0//// 7//// 1//// 2//// 3//// /// /// /// // 911// 915// 919// 934// 939//=
58008 342800 1152000 00544 00592 4
20100323190000 190 006 195 008 127 024 1801 181 013 122 043 1801 0000 0075 0076 1855 0074 1817 061 061 1900 063 0005 10138 10139 1857 10129 1802 0055 0065 1807 0055 1900 0063 0065 1801 0062 1859 0071 0080 0086 0090 0094 0093 0097 0129 //// 10211 ///// ///// ////
000000000000000000000000000000000000000000000000000000000000000000000000000000000000000000000000000000000000000000000000=
58004 343900 1150900 00606 00616 4
20100323190000 191 015 191 014 188 015 1824 203 019 184 025 1815 0000 0079 0082 1801 0079 1859 065 065 1813 069 0017 10135 10135 1859 10129 1802 0070 0073 1801 0068 1850 0066 0069 1809 0066 1900 0081 0094 0096 0099 0101 0098 0101 0127 //// 10211 ///// ///// ////
000000000000000000000000000000000000000000000000000000000000000000000000000000000000000000000000000000000000000000000000=
54817 355900 1155200 00421 00434 4
20100323190000 000 000 169 002 214 008 1832 164 000 220 009 1826 0000 0059 0060 1801 0057 1821 070 063 1836 065 0009 10157 10160 1831 10157 1801 0035 0038 1849 0021 1820 0039 0041 1846 0032 1813 0059 0074 0083 0084 0082 0075 0087 0117 //// 10210 ///// ///// ////
000000000000000000000000000000000000000000000000000000000000000000000000000000000000000000000000000000000000000000000000=
54902 355400 1150700 00495 00499 4
20100323190000 232 021 234 024 235 025 1855 234 019 232 032 1847 0000 0072 0073 1853 0068 1831 062 058 1801 063 0004 10145 10152 1810 10145 1859 0046 0053 1850 0030 1801 0042 0050 1825 0042 1900 0072 0084 0090 0093 0081 0071 0079 0111 //// 10206 ///// ///// ////
000000000000000000000000000000000000000000000000000000000000000000000000000000000000000000000000000000000000000000000000=
54900 354200 1150100 00537 00541 4
20100323190000 225 018 224 019 223 019 1857 251 017 218 028 1851 0000 0083 0083 1850 0082 1807 058 055 1801 063 0005 10140 10148 1804 10140 1900 0065 0066 1853 0055 1819 0054 0058 1810 0054 1900 0078 0088 0094 0095 0088 0079 0082 0110 //// 10206 ///// ///// ////
000000000000000000000000000000000000000000000000000000000000000000000000000000000000000000000000000000000000000000000000=
54901 360500 1151000 00475 00478 4
20100323190000 211 017 220 019 226 019 1856 209 016 220 024 1852 0000 0052 0056 1801 0052 1900 071 063 1801 063 0004 10148 10154 1813 10148 1856 0026 0037 1817 0023 1801 0030 0040 1821 0030 1900 0060 0075 0084 0088 0086 0077 0075 0105 //// 10207 ///// ///// ////
000000000000000000000000000000000000000000000000000000000000000000000000000000000000000000000000000000000000000000000000=
54903 355100 1152900 00457 00506 4
20100323190000 229 005 225 005 225 005 1900 232 004 220 008 1858 0000 0060 0065 1801 0059 1832 066 060 1801 062 0001 10147 10151 1820 10146 1847 0041 0046 1846 0027 1801 0045 0046 1849 0037 1801 0068 0082 0088 0089 0083 0077 0089 0114 //// 10209 ///// ///// ////
000000000000000000000000000000000000000000000000000000000000000000000000000000000000000000000000000000000000000000000000=
57184 333800 1132200 00834 00847 4
20100323190000 164 008 167 009 156 018 1836 155 008 175 026 1836 0000 0081 0085 1805 0081 1900 087 081 1801 094 0061 10102 10106 1803 10100 1816 0079 0083 1821 0079 1859 0080 0081 1813 0080 1839 0092 0102 0106 0111 0101 0101 0102 0129 //// 10206 ///// ///// ////
000000000000000000000000000000000000000000000000000000000000000000000000000000000000000000000000000000000000000000000000=
57177 332000 1133200 00898 00913 4
20100323190000 218 007 191 009 164 013 1831 203 006 178 019 1828 0000 0077 0077 1900 0075 1814 084 084 1900 088 0052 10095 10102 1817 10093 1854 0070 0073 1842 0070 1900 0077 0078 1803 0077 1829 0067 0092 0090 0104 0106 0104 0104 0121 //// 10208 ///// ///// ////
000000000000000000000000000000000000000000000000000000000000000000000000000000000000000000000000000000000000000000000000=
57075 341000 1125200 02031 02043 4
20100323190000 328 017 326 019 339 026 1817 341 017 327 033 1825 0000 0079 0080 1843 0072 1801 069 066 1847 073 0026 09965 09966 1837 09961 1816 0072 0077 1849 0068 1801 0065 0069 1801 0065 1858 0081 0092 0099 0101 0106 0102 0095 0117 //// 10214 ///// ///// ////
000000000000000000000000000000000000000000000000000000000000000000000000000000000000000000000000000000000000000000000000=
57173 334500 1125300 01457 01468 4
20100323190000 297 013 303 013 268 014 1835 291 013 330 019 1852 0000 0078 0079 1815 0076 1842 076 074 1813 080 0038 10029 10030 1832 10026 1803 0072 0072 1830 0070 1846 0072 0075 1808 0072 1900 0088 0097 0103 0105 0105 0102 0103 0133 //// 10208 ///// ///// ////
000000000000000000000000000000000000000000000000000000000000000000000000000000000000000000000000000000000000000000000000=
57180 335900 1131200 01175 01186 4
20100323190000 294 016 299 013 211 014 1803 301 016 217 020 1801 0000 0079 0083 1801 0079 1900 081 075 1803 086 0048 10064 10065 1801 10060 1822 0069 0072 1803 0066 1856 0071 0072 1801 0071 1900 0083 0093 0099 0103 0101 0098 0100 0131 //// 10209 ///// ///// ////
000000000000000000000000000000000000000000000000000000000000000000000000000000000000000000000000000000000000000000000000=
57181 335300 1130300 01364 01380 4
20100323190000 341 012 347 010 347 010 1900 338 010 344 017 1858 0000 0074 0076 1801 0073 1836 084 080 1840 086 0049 10044 10045 1841 10039 1817 0068 0068 1900 0066 1838 0072 0074 1806 0072 1900 0084 0094 0101 0106 0103 0100 0101 0129 //// 10213 ///// ///// ////
000000000000000000000000000000000000000000000000000000000000000000000000000000000000000000000000000000000000000000000000=
57171 334600 1130700 01420 01430 4
20100323190000 166 019 170 021 183 025 1852 172 020 169 039 1851 0000 0084 0088 1801 0082 1846 077 064 1808 085 0046 10030 10032 1801 10026 1812 0081 0083 1801 0077 1840 0075 0076 1807 0075 1850 0087 0096 0102 0107 0112 0114 0113 0124 //// 10205 ///// ///// ////
000000000000000000000000000000000000000000000000000000000000000000000000000000000000000000000000000000000000000000000000=
57175 330300 1121400 01914 01922 4
20100323190000 319 015 315 013 313 022 1813 358 017 313 028 1807 0000 0070 0072 1801 0068 1840 084 084 1848 084 0045 09973 09984 1809 09973 1859 0063 0065 1801 0062 1849 0070 0071 1802 0070 1900 0086 0098 0107 0113 0109 0108 0109 0138 //// 10208 ///// ///// ////
000000000000000000000000000000000000000000000000000000000000000000000000000000000000000000000000000000000000000000000000=
57156 331800 1113000 02503 02523 4
20100323190000 282 016 281 019 270 019 1853 263 023 271 030 1844 0000 0073 0075 1801 0073 1853 081 079 1801 083 0043 09913 09915 1848 09907 1830 0067 0073 1801 0066 1852 0065 0067 1806 0065 1858 0083 0091 0100 0105 0105 0112 0116 0142 //// 10221 ///// ///// ////
000000000000000000000000000000000000000000000000000000000000000000000000000000000000000000000000000000000000000000000000=
57271 323300 1122300 00879 00897 4
20100323190000 271 008 276 004 337 015 1822 268 005 007 030 1819 0000 0080 0082 1831 0080 1900 082 079 1801 088 0051 10107 10108 1858 10102 1804 0067 0071 1832 0066 1857 0075 0075 1859 0074 1813 0086 0097 0105 0111 0106 0107 0112 0139 //// 10218 ///// ///// ////
000000000000000000000000000000000000000000000000000000000000000000000000000000000000000000000000000000000000000000000000=
57261 330700 1113100 02330 02345 4
20100323190000 185 004 177 006 148 010 1853 194 004 158 012 1849 0000 0074 0077 1801 0073 1855 090 087 1802 093 0059 09926 09928 1839 09920 1829 0070 0071 1851 0070 1842 0076 0076 1801 0075 1854 0087 0097 0103 0107 0119 0123 0126 //// //// 10213 ///// ///// ////
000000000000000000000000000000000000000000000000000000000000000000000000000000000000000000000000000000000000000000000000=
57285 322300 1132500 01530 01492 4
20100323190000 287 006 295 009 327 016 1830 296 008 338 025 1830 0000 0061 0061 1900 0060 1801 085 083 1801 080 0038 10030 10030 1900 10022 1822 0055 0055 1858 0052 1801 0064 0064 1900 0064 1801 0078 0087 0095 0102 0108 0109 0109 0135 //// ///// ///// ///// ////
////////////////////////////////////////////////////////////////////////////////////////////////////////////////////////=
57273 324100 1125100 01095 01105 4
20100323190000 177 015 195 009 348 020 1817 181 015 347 033 1814 0000 0072 0072 1900 0069 1801 081 081 1900 082 0042 10074 10080 1801 10073 1833 0064 0067 1831 0064 1900 0074 0075 1802 0073 1824 0087 0097 0104 0110 0113 0112 0111 0136 //// 10210 ///// ///// ////
000000000000000000000000000000000000000000000000000000000000000000000000000000000000000000000000000000000000000000000000=
57187 330400 1125600 01180 01193 4
20100323190000 241 010 245 009 223 021 1801 242 010 239 023 1801 0000 0070 0076 1801 0070 1900 088 083 1801 088 0052 10053 10062 1801 10051 1847 0066 0071 1801 0066 1859 0076 0076 1801 0075 1834 0088 0093 0104 0109 0116 0112 0108 0132 //// 10200 ///// ///// ////
000000000000000000000000000000000000000000000000000000000000000000000000000000000000000000000000000000000000000000000000=
57169 330300 1115200 01591 01600 4
20100323190000 000 000 000 000 146 013 1847 299 000 125 024 1842 0000 0074 0080 1801 0073 1854 084 075 1811 086 0049 10021 10025 1802 10016 1850 0079 0081 1835 0078 1850 0073 0074 1801 0073 1845 0088 0098 0105 0110 0107 0106 0107 0133 //// 10217 ///// ///// ////
000000000000000000000000000000000000000000000000000000000000000000000000000000000000000000000000000000000000000000000000=
57176 332900 1122500 02311 02304 4
20100323190000 351 004 343 007 339 013 1848 012 005 282 022 1829 0000 0080 0083 1801 0079 1856 057 056 1809 061 0000 09927 09935 1818 09927 1900 0068 0072 1802 0067 1857 0072 0074 1801 0071 1851 0088 0098 0105 0111 0114 0113 0111 0130 //// 10207 ///// ///// ////
000000000000000000000000000000000000000000000000000000000000000000000000000000000000000000000000000000000000000000000000=
57179 331700 1130000 01604 01616 4
20100323190000 353 012 331 013 221 019 1809 018 009 223 027 1801 0000 0074 0076 1801 0074 1856 089 088 1846 092 0057 10010 10018 1801 10008 1852 0065 0067 1802 0064 1848 0074 0075 1847 0074 1900 0086 0094 0099 0103 0105 0104 0104 0132 //// 10208 ///// ///// ////
000000000000000000000000000000000000000000000000000000000000000000000000000000000000000000000000000000000000000000000000=
57274 324200 1120700 01076 01088 4
20100323190000 265 007 273 007 274 012 1847 263 009 029 023 1801 0000 0078 0079 1844 0077 1801 078 078 1828 082 0042 10077 10083 1841 10076 1858 0071 0072 1802 0071 1852 0080 0081 1819 0080 1844 0094 0101 0109 0115 0120 0118 0114 0140 //// 10211 ///// ///// ////
000000000000000000000000000000000000000000000000000000000000000000000000000000000000000000000000000000000000000000000000=
57065 343000 1121100 01949 01964 4
20100323190000 295 012 289 012 289 012 1900 288 013 310 018 1852 0000 0086 0088 1828 0086 1859 043 042 1839 048 -033 09972 09978 1817 09972 1859 0067 0070 1814 0067 1900 0068 0070 1801 0068 1900 0088 0098 0104 0107 0102 0103 0109 0138 //// 10211 ///// ///// ////
000000000000000000000000000000000000000000000000000000000000000000000000000000000000000000000000000000000000000000000000=
57074 342500 1122500 01973 01989 4
20100323190000 110 002 095 004 340 007 1809 105 003 327 015 1811 0000 0086 0087 1847 0084 1801 070 060 1840 078 0034 09970 09976 1817 09970 1900 0073 0077 1818 0071 1801 0072 0075 1801 0072 1900 0089 0098 0104 0107 0105 0103 0101 0125 //// 10212 ///// ///// ////
000000000000000000000000000000000000000000000000000000000000000000000000000000000000000000000000000000000000000000000000=
57076 344400 1124700 01895 01901 4
20100323190000 345 014 002 020 013 044 1810 358 014 013 057 1805 0000 0086 0086 1900 0083 1804 045 044 1854 050 -027 09979 09981 1835 09976 1815 0069 0078 1849 0069 1900 0063 0066 1807 0063 1900 0074 0084 0091 0094 0092 0089 0088 0120 //// 10210 ///// ///// ////
000000000000000000000000000000000000000000000000000000000000000000000000000000000000000000000000000000000000000000000000=
57070 344400 1120700 03640 03595 4
20100323190000 351 032 354 032 354 032 1900 358 031 358 043 1856 0000 0080 0080 1900 0077 1806 041 041 1859 044 -044 09780 09782 1809 09777 1801 0072 0072 1858 0069 1848 0059 0060 1801 0059 1850 0074 0086 0092 0094 0093 0091 0094 0122 //// 10213 ///// ///// ////
000000000000000000000000000000000000000000000000000000000000000000000000000000000000000000000000000000000000000000000000=
57162 340900 1120500 03258 03275 4
20100323190000 169 011 176 012 176 012 1900 187 009 164 018 1854 0000 0075 0077 1813 0075 1900 065 061 1813 067 0014 09812 09820 1834 09811 1852 0062 0064 1838 0057 1813 0061 0063 1806 0061 1859 0076 0086 0093 0098 0097 0097 0100 0132 //// 10209 ///// ///// ////
000000000000000000000000000000000000000000000000000000000000000000000000000000000000000000000000000000000000000000000000=
57078 340900 1122800 03365 03340 4
20100323190000 197 008 206 009 024 012 1816 181 007 023 016 1813 0000 0076 0076 1900 0071 1821 063 058 1801 066 0010 09804 09810 1845 09804 1900 0060 0061 1802 0057 1846 0057 0057 1855 0056 1835 0070 0080 0088 0094 0098 0098 0096 0118 //// 10208 ///// ///// ////
000000000000000000000000000000000000000000000000000000000000000000000000000000000000000000000000000000000000000000000000=
57071 344900 1122600 03333 03332 4
20100323190000 292 012 291 015 298 018 1807 293 010 302 028 1810 0000 0078 0080 1832 0078 1847 040 039 1831 042 -050 09811 09815 1829 09810 1811 0061 0066 1817 0059 1848 0055 0057 1802 0055 1859 0074 0084 0091 0094 0092 0088 0090 0119 //// 10213 ///// ///// ////
000000000000000000000000000000000000000000000000000000000000000000000000000000000000000000000000000000000000000000000000=
57066 342300 1114000 03283 03298 4
20100323190000 000 000 000 000 175 009 1801 018 000 167 014 1808 0000 0077 0082 1801 0077 1851 057 054 1801 060 -003 09815 09820 1816 09812 1854 0056 0065 1801 0056 1900 0059 0061 1801 0059 1858 0075 0085 0092 0095 0094 0091 0089 0115 //// 10213 ///// ///// ////
000000000000000000000000000000000000000000000000000000000000000000000000000000000000000000000000000000000000000000000000=
57077 334700 1113900 07424 07388 4
20100323190000 240 028 233 023 233 023 1900 240 022 240 035 1858 0000 0042 0042 1852 0040 1829 078 078 1854 064 0007 09340 09346 1824 09334 1852 0034 0034 1900 0031 1808 0036 0037 1801 0036 1900 0047 0057 0063 0069 0084 0088 0090 0116 //// 10221 ///// ///// ////
000000000000000000000000000000000000000000000000000000000000000000000000000000000000000000000000000000000000000000000000=
57185 332700 1133500 00911 00921 4
20100323190000 325 010 305 010 178 019 1801 324 009 167 023 1801 0000 0075 0080 1801 0075 1900 083 076 1801 086 0048 10094 10099 1801 10091 1840 0066 0070 1803 0066 1900 0073 0074 1801 0073 1857 0086 0092 0098 0095 0108 0104 0100 0123 //// 10207 ///// ///// ////
000000000000000000000000000000000000000000000000000000000000000000000000000000000000000000000000000000000000000000000000=
57183 334800 1135500 00600 00615 4
20100323190000 248 014 239 013 251 015 1820 251 013 257 021 1816 0000 0071 0073 1807 0071 1900 090 089 1806 091 0056 10131 10135 1807 10129 1836 0065 0067 1820 0064 1854 0078 0079 1801 0078 1900 0090 0097 0103 0106 0104 0099 0096 0123 //// 10207 ///// ///// ////
000000000000000000000000000000000000000000000000000000000000000000000000000000000000000000000000000000000000000000000000=
57186 333600 1140300 00587 00598 4
20100323190000 153 016 161 016 185 028 1814 108 013 176 036 1838 0000 0078 0081 1830 0077 1846 082 080 1825 087 0049 10133 10137 1810 10131 1804 0069 0070 1825 0068 1852 0077 0079 1801 0077 1900 0089 0098 0103 0107 0106 0102 0101 0133 //// 10207 ///// ///// ////
000000000000000000000000000000000000000000000000000000000000000000000000000000000000000000000000000000000000000000000000=
57191 342900 1142900 00634 00642 4
20100323190000 170 016 174 013 167 017 1826 170 017 164 029 1826 0000 0085 0086 1823 0085 1900 070 070 1900 078 0033 10132 10137 1839 10131 1817 0078 0080 1824 0076 1846 0071 0072 1801 0071 1900 0082 0087 0091 0094 0096 0092 0094 0124 //// 10211 ///// ///// ////
000000000000000000000000000000000000000000000000000000000000000000000000000000000000000000000000000000000000000000000000=
57091 344700 1141800 00737 00748 4
20100323190000 175 027 180 024 170 026 1804 195 020 169 037 1801 0000 0090 0092 1801 0090 1900 062 061 1841 071 0021 10122 10126 1832 10119 1801 0076 0079 1801 0075 1839 0077 0080 1801 0077 1856 0091 0099 0103 0098 0103 0100 0100 0123 //// 10213 ///// ///// ////
000000000000000000000000000000000000000000000000000000000000000000000000000000000000000000000000000000000000000000000000=
53978 350500 1123800 01401 01409 4
20100323190000 182 003 238 002 332 010 1835 167 006 319 014 1828 0000 0091 0097 1801 0091 1900 049 038 1801 057 -010 10037 10041 1802 10036 1832 0059 0069 1801 0059 1851 0070 0072 1804 0070 1857 0087 0097 0101 0106 0094 0091 0096 0125 //// 10208 ///// ///// ////
000000000000000000000000000000000000000000000000000000000000000000000000000000000000000000000000000000000000000000000000=
53987 350600 1132500 00910 00918 4
20100323190000 078 003 052 003 336 010 1811 066 003 009 015 1805 0000 0088 0094 1814 0088 1859 056 051 1812 063 0005 10098 10108 1808 10098 1852 0068 0076 1801 0066 1837 0077 0078 1812 0077 1857 0090 0097 0102 0106 0101 0097 0099 0127 //// 10210 ///// ///// ////
000000000000000000000000000000000000000000000000000000000000000000000000000000000000000000000000000000000000000000000000=
57079 345700 1130200 01064 01069 4
20100323190000 047 007 047 007 349 011 1801 052 007 319 013 1802 0000 0080 0083 1801 0079 1839 059 057 1801 063 0005 10075 10084 1801 10075 1900 0063 0070 1811 0063 1900 0068 0069 1801 0068 1855 0084 0091 0097 0099 0099 0095 0094 0119 //// 10205 ///// ///// ////
000000000000000000000000000000000000000000000000000000000000000000000000000000000000000000000000000000000000000000000000=
57072 345500 1124500 01275 01285 4
20100323190000 308 013 307 013 307 013 1900 310 014 304 016 1855 0000 0073 0077 1801 0072 1826 061 060 1841 062 0003 10054 10058 1838 10052 1846 0060 0063 1845 0056 1820 0061 0063 1801 0061 1900 0077 0088 0094 0096 0090 0086 0085 0113 //// 10211 ///// ///// ////
000000000000000000000000000000000000000000000000000000000000000000000000000000000000000000000000000000000000000000000000=
53982 351400 1131600 01120 01135 4
20100323190000 239 004 220 005 317 008 1801 245 005 294 009 1803 0000 0092 0101 1801 0092 1900 045 037 1808 052 -021 10068 10077 1801 10067 1848 0068 0070 1801 0067 1844 0075 0077 1801 0075 1900 0094 0102 0108 0110 0100 0097 0099 0131 //// 10206 ///// ///// ////
000000000000000000000000000000000000000000000000000000000000000000000000000000000000000000000000000000000000000000000000=
53979 350900 1130500 01200 01211 4
20100323190000 348 012 352 010 324 011 1801 352 012 344 016 1859 0000 0088 0100 1801 0088 1900 048 041 1801 054 -016 10064 10071 1801 10061 1842 0067 0078 1801 0067 1854 0061 0064 1801 0061 1855 0087 0097 0105 0108 0099 0098 0103 0132 //// 10211 ///// ///// ////
000000000000000000000000000000000000000000000000000000000000000000000000000000000000000000000000000000000000000000000000=
53974 353700 1141100 00723 00739 4
20100323190000 197 017 203 018 203 018 1900 184 022 161 035 1837 0000 0097 0104 1801 0097 1900 051 045 1804 061 0001 10118 10128 1805 10118 1900 0070 0079 1806 0064 1853 0072 0079 1801 0071 1853 0090 0100 0106 0107 0092 0089 0096 0124 //// 10208 ///// ///// ////
000000000000000000000000000000000000000000000000000000000000000000000000000000000000000000000000000000000000000000000000=
53990 354300 1141900 00795 00805 4
20100323190000 191 030 190 031 188 036 1833 187 031 192 042 1830 0000 0078 0088 1809 0078 1900 062 057 1805 066 0010 10110 10118 1804 10109 1851 0070 0082 1804 0070 1851 0057 0067 1807 0057 1854 0086 0097 0099 0102 0093 0082 0082 0111 //// 10208 ///// ///// ////
000000000000000000000000000000000000000000000000000000000000000000000000000000000000000000000000000000000000000000000000=
53991 355600 1142100 00743 00753 4
20100323190000 166 015 153 012 237 012 1806 142 011 160 024 1859 0000 0083 0093 1801 0083 1900 054 048 1801 059 -005 10114 10123 1801 10114 1900 0071 0083 1805 0052 1849 0057 0066 1805 0053 1849 0078 0091 0093 0099 0089 0082 0086 0118 //// 10206 ///// ///// ////
000000000000000000000000000000000000000000000000000000000000000000000000000000000000000000000000000000000000000000000000=
53889 360400 1134900 03068 03086 4
20100323190000 135 006 136 007 204 008 1802 139 004 250 010 1814 0000 0067 0073 1801 0067 1900 052 046 1811 051 -025 09829 09839 1801 09829 1900 0038 0061 1812 0038 1900 0053 0058 1801 0053 1900 0070 0079 0086 0092 0082 0073 0086 0098 //// 10202 ///// ///// ////
000000000000000000000000000000000000000000000000000000000000000000000000000000000000000000000000000000000000000000000000=
53995 353300 1143000 00625 00645 4
20100323190000 234 014 226 015 225 015 1859 243 009 246 023 1856 0000 0080 0086 1808 0080 1900 061 058 1801 065 0009 10129 10136 1810 10129 1900 0060 0075 1801 0059 1857 0062 0074 1801 0062 1900 0090 0101 0102 0103 0091 0085 0086 0116 //// 10208 ///// ///// ////
000000000000000000000000000000000000000000000000000000000000000000000000000000000000000000000000000000000000000000000000=
NNNN
