57090 344300 1135800 00781 00802 4
20100325070000 336 034 358 024 358 024 0700 341 025 344 051 0651 0000 0113 0116 0646 0106 0603 030 029 0653 040 -056 10187 10200 0607 10187 0659 0216 0245 0632 0207 0622 0299 0325 0609 0299 0700 0200 0150 0121 0107 0096 0094 0087 0119 //// 10286 ///// ///// ////
000000000000000000000000000000000000000000000000000000000000000000000000000000000000000000000000000000000000000000000000=
57083 344300 1133900 01104 01116 4
20100325070000 006 025 357 027 353 028 0659 014 023 355 053 0614 0000 0123 0124 0652 0113 0601 027 027 0700 039 -062 10144 10158 0601 10144 0700 0404 0461 0622 0394 0633 0319 0353 0605 0319 0700 0189 0153 0126 0111 0095 0099 0103 0126 0004 10281 ///// ///// ////
000000000000000000000000000000000000000000000000000000000000000000000000000000000000000000000000000000000000000000000000
120 006 000 /// //// /////////////////////CIE /// //// 6///1 0//// 7//// 1//// 2//// 3//// /// /// /// // 911// 915// 919// 934// 939//=
57086 342300 1134300 01166 01168 4
20100325070000 147 016 151 015 014 038 0612 187 009 353 074 0612 0000 0117 0117 0655 0112 0601 026 026 0700 036 -072 10141 10151 0602 10141 0659 0178 0227 0608 0172 0652 0311 0316 0639 0307 0601 0199 0149 0119 0104 0096 0095 0094 0116 //// 10285 ///// ///// ////
000000000000000000000000000000000000000000000000000000000000000000000000000000000000000000000000000000000000000000000000=
57085 343200 1132000 02599 02648 4
20100325070000 280 055 280 056 291 061 0650 274 045 330 105 0610 0000 0124 0129 0625 0121 0639 015 014 0611 022 -135 09957 09966 0601 09957 0700 0173 0214 0624 0167 0633 0295 0332 0620 0294 0659 0202 0150 0123 0106 0099 0098 0094 0121 //// 10278 ///// ///// ////
000000000000000000000000000000000000000000000000000000000000000000000000000000000000000000000000000000000000000000000000=
57081 344800 1132600 01409 01419 4
20100325070000 009 013 006 013 320 028 0632 077 008 316 061 0630 0000 0131 0131 0700 0115 0601 018 016 0635 027 -107 10103 10119 0602 10103 0700 0252 0270 0617 0233 0633 0331 0342 0619 0325 0633 0205 0158 0128 0103 0088 0094 0096 0117 //// 10277 ///// ///// ////
000000000000000000000000000000000000000000000000000000000000000000000000000000000000000000000000000000000000000000000000=
57084 343000 1130300 11784 11790 4
20100325070000 268 047 262 044 257 056 0601 253 059 265 093 0606 0000 0060 0062 0646 0052 0601 016 016 0700 015 -179 08900 08908 0601 08900 0700 0172 0182 0604 0151 0617 0234 0252 0604 0229 0656 0173 0119 0080 0060 0052 //// //// //// //// 10276 ///// ///// ////
000000000000000000000000000000000000000000000000000000000000000000000000000000000000000000000000000000000000000000000000=
57080 344400 1125800 01652 01661 4
20100325070000 280 035 269 027 288 039 0636 257 038 299 090 0632 0000 0137 0138 0659 0125 0605 012 012 0637 019 -152 10079 10090 0602 10079 0658 0264 0275 0643 0240 0635 0341 0362 0609 0340 0638 0198 0147 0113 0099 0087 0088 0089 0119 //// 10282 ///// ///// ////
000000000000000000000000000000000000000000000000000000000000000000000000000000000000000000000000000000000000000000000000=
57082 342800 1130100 04271 04284 4
20100325070000 353 032 334 043 333 053 0656 001 041 353 095 0653 0000 0111 0112 0637 0105 0604 012 012 0641 016 -173 09764 09775 0606 09764 0700 0217 0239 0621 0201 0654 0320 0338 0620 0315 0655 0198 0152 0120 0102 0090 0097 0101 //// //// 10280 ///// ///// ////
000000000000000000000000000000000000000000000000000000000000000000000000000000000000000000000000000000000000000000000000=
57295 323700 1142100 00785 00802 4
20100325070000 021 040 011 047 012 053 0654 021 021 358 108 0642 0000 0116 0121 0645 0112 0631 036 033 0627 049 -030 10194 10201 0601 10193 0644 0234 0258 0640 0184 0623 0183 0198 0607 0169 0624 0162 0128 0111 0100 0096 0100 0103 0127 //// 10294 ///// ///// ////
000000000000000000000000000000000000000000000000000000000000000000000000000000000000000000000000000000000000000000000000=
57189 330800 1135700 00646 00655 4
20100325070000 027 014 042 028 002 043 0601 009 019 032 072 0605 0000 0106 0116 0631 0106 0659 046 040 0602 059 -005 10216 10223 0607 10216 0700 0150 0210 0625 0143 0659 0166 0219 0625 0163 0659 0152 0129 0112 0100 0092 0096 0099 0122 //// 10298 ///// ///// ////
000000000000000000000000000000000000000000000000000000000000000000000000000000000000000000000000000000000000000000000000=
57194 331700 1141600 00598 00609 4
20100325070000 035 037 012 030 006 040 0625 032 046 336 072 0607 0000 0110 0113 0649 0106 0602 040 036 0655 052 -021 10220 10229 0607 10220 0700 0191 0205 0616 0176 0654 0201 0223 0602 0196 0654 0147 0123 0107 0097 0094 0093 0098 0126 //// 10296 ///// ///// ////
000000000000000000000000000000000000000000000000000000000000000000000000000000000000000000000000000000000000000000000000=
57197 330000 1142000 00489 00545 4
20100325070000 003 027 017 030 010 034 0632 358 029 049 072 0602 0000 0112 0124 0642 0112 0700 042 039 0648 056 -012 10229 10238 0601 10228 0653 0163 0267 0613 0163 0700 0161 0225 0613 0161 0700 0166 0141 0114 0098 0096 0100 0101 0125 //// 10297 ///// ///// ////
000000000000000000000000000000000000000000000000000000000000000000000000000000000000000000000000000000000000000000000000=
57294 325000 1140100 00836 00846 4
20100325070000 048 048 047 046 036 057 0604 060 069 043 083 0602 0000 0110 0113 0606 0104 0635 050 045 0608 066 0010 10186 10196 0608 10186 0700 0166 0178 0644 0133 0634 0185 0211 0602 0154 0635 0140 0119 0101 0093 0095 0105 0102 0118 //// 10291 ///// ///// ////
000000000000000000000000000000000000000000000000000000000000000000000000000000000000000000000000000000000000000000000000=
57292 325800 1143800 00444 00453 4
20100325070000 015 050 009 054 343 071 0601 026 045 018 098 0609 0000 0103 0111 0636 0102 0601 045 044 0646 056 -011 10241 10255 0609 10240 0659 0166 0244 0634 0164 0658 0158 0207 0634 0158 0700 0142 0117 0102 0098 0097 0103 0105 0133 //// 10297 ///// ///// ////
000000000000000000000000000000000000000000000000000000000000000000000000000000000000000000000000000000000000000000000000=
57195 333700 1143700 00466 00476 4
20100325070000 062 020 049 022 354 029 0630 319 008 054 092 0627 0000 0113 0120 0641 0110 0608 032 030 0655 043 -048 10238 10244 0604 10238 0700 0182 0236 0601 0139 0657 0226 0288 0601 0195 0658 0192 0147 0115 0102 0099 0099 0102 0141 //// 10297 ///// ///// ////
000000000000000000000000000000000000000000000000000000000000000000000000000000000000000000000000000000000000000000000000=
57193 334700 1143100 00526 00541 4
20100325070000 323 044 347 034 004 044 0601 279 027 344 099 0610 0000 0114 0117 0650 0109 0601 031 030 0657 042 -051 10229 10235 0601 10229 0652 0225 0262 0628 0196 0602 0232 0258 0628 0221 0645 0162 0132 0113 0102 0102 0102 0105 0131 //// 10296 ///// ///// ////
000000000000000000000000000000000000000000000000000000000000000000000000000000000000000000000000000000000000000000000000=
57099 340400 1145100 00526 00536 4
20100325070000 348 035 357 033 003 047 0609 355 038 006 108 0614 0000 0112 0114 0648 0107 0611 033 032 0625 044 -045 10229 10235 0601 10229 0700 0199 0200 0601 0174 0607 0280 0303 0603 0274 0655 0183 0137 0106 0094 0098 0096 0098 0131 //// 10296 ///// ///// ////
000000000000000000000000000000000000000000000000000000000000000000000000000000000000000000000000000000000000000000000000=
58101 335200 1152900 00413 00428 4
20100325070000 341 049 351 048 358 059 0615 344 038 012 111 0633 0000 0103 0104 0656 0098 0637 039 037 0611 049 -030 10240 10241 0636 10238 0622 0206 0216 0655 0191 0617 0249 0257 0608 0245 0619 0177 0129 0104 0094 0097 0098 0100 0130 //// 10293 ///// ///// ////
000000000000000000000000000000000000000000000000000000000000000000000000000000000000000000000000000000000000000000000000=
57192 334400 1145100 00455 00466 4
20100325070000 284 015 299 022 321 042 0601 251 013 309 080 0613 0000 0122 0123 0657 0110 0601 030 030 0700 043 -049 10237 10241 0611 10237 0700 0267 0267 0700 0192 0611 0305 0317 0644 0251 0615 0195 0143 0112 0100 0106 0107 0108 0140 //// 10295 ///// ///// ////
000000000000000000000000000000000000000000000000000000000000000000000000000000000000000000000000000000000000000000000000=
57098 340500 1142400 00583 00593 4
20100325070000 009 024 351 028 340 040 0632 026 028 325 063 0615 0000 0117 0120 0649 0111 0601 034 030 0655 047 -036 10219 10227 0601 10219 0700 0243 0249 0657 0221 0653 0217 0226 0602 0214 0653 0185 0146 0116 0103 0098 0097 0098 0129 //// 10293 ///// ///// ////
000000000000000000000000000000000000000000000000000000000000000000000000000000000000000000000000000000000000000000000000=
57190 334500 1142400 00505 00516 4
20100325070000 347 043 343 044 012 056 0602 301 032 002 080 0651 0000 0115 0115 0700 0107 0608 033 032 0652 045 -042 10230 10237 0606 10230 0700 0198 0206 0616 0176 0604 0254 0272 0620 0242 0604 0182 0139 0110 0096 0095 0098 0101 0130 //// 10294 ///// ///// ////
000000000000000000000000000000000000000000000000000000000000000000000000000000000000000000000000000000000000000000000000=
57088 340900 1133000 01161 01177 4
20100325070000 346 030 333 036 324 043 0657 007 036 318 070 0655 0000 0138 0142 0638 0127 0602 014 013 0644 022 -132 10139 10148 0601 10139 0700 0251 0277 0621 0238 0656 0332 0383 0621 0328 0657 0227 0162 0120 0104 0097 0100 0103 0126 //// 10284 ///// ///// ////
000000000000000000000000000000000000000000000000000000000000000000000000000000000000000000000000000000000000000000000000=
57182 335100 1133000 00805 00814 4
20100325070000 095 028 097 024 094 027 0610 099 030 102 053 0609 0000 0125 0125 0700 0121 0603 033 030 0628 048 -033 10189 10198 0601 10188 0652 0221 0235 0639 0210 0605 0353 0381 0603 0348 0647 0214 0149 0119 0105 0107 0106 0108 0139 //// 10289 ///// ///// ////
000000000000000000000000000000000000000000000000000000000000000000000000000000000000000000000000000000000000000000000000=
57297 320800 1140300 01145 01154 4
20100325070000 017 054 030 048 036 054 0639 029 054 057 100 0645 0000 0121 0132 0624 0121 0652 033 016 0614 047 -037 10148 10152 0603 10146 0645 0201 0254 0625 0198 0652 0220 0237 0625 0200 0607 0156 0128 0110 0100 0104 0112 0116 //// //// 10291 ///// ///// ////
000000000000000000000000000000000000000000000000000000000000000000000000000000000000000000000000000000000000000000000000=
57390 314800 1140400 07335 07347 4
20100325070000 359 047 001 049 001 057 0653 310 101 344 142 0653 0000 0088 0094 0608 0085 0622 027 020 0615 031 -092 09408 09414 0601 09408 0700 0165 0176 0601 0129 0616 0207 0222 0608 0185 0617 0147 0106 0082 0070 0069 0087 //// //// //// 10285 ///// ///// ////
000000000000000000000000000000000000000000000000000000000000000000000000000000000000000000000000000000000000000000000000=
58207 321000 1150300 00428 00440 4
20100325070000 007 058 358 059 003 071 0605 350 043 358 098 0643 0000 0115 0120 0614 0113 0622 038 031 0651 052 -023 10238 10244 0601 10237 0659 0193 0216 0612 0156 0621 0154 0154 0700 0148 0605 0225 0124 0106 0097 0101 0111 0113 0137 //// 10293 ///// ///// ////
000000000000000000000000000000000000000000000000000000000000000000000000000000000000000000000000000000000000000000000000=
58205 322800 1152600 00349 00360 4
20100325070000 341 057 348 051 333 067 0629 327 065 343 105 0622 0000 0114 0115 0601 0106 0634 044 036 0623 059 -004 10246 10252 0618 10245 0653 0168 0173 0659 0126 0633 0178 0189 0605 0142 0635 0153 0143 0136 0124 0106 0111 0111 0123 //// 10291 ///// ///// ////
000000000000000000000000000000000000000000000000000000000000000000000000000000000000000000000000000000000000000000000000=
58208 321000 1153700 00429 00439 4
20100325070000 351 072 347 066 347 066 0700 345 098 345 098 0700 0000 0109 0116 0604 0108 0635 036 033 0652 047 -036 10238 10243 0615 10238 0700 0181 0228 0646 0150 0636 0152 0183 0603 0140 0637 0131 0115 0102 0095 0098 0108 0113 0139 //// 10293 ///// ///// ////
000000000000000000000000000000000000000000000000000000000000000000000000000000000000000000000000000000000000000000000000=
53989 350300 1135700 00766 00777 4
20100325070000 146 020 136 019 032 023 0607 133 017 035 045 0624 0000 0113 0115 0650 0099 0601 033 031 0652 044 -044 10194 10201 0602 10194 0700 0221 0243 0605 0216 0626 0316 0341 0617 0312 0635 0195 0150 0119 0103 0091 0092 0096 0123 //// 10291 ///// ///// ////
000000000000000000000000000000000000000000000000000000000000000000000000000000000000000000000000000000000000000000000000=
53997 350900 1141100 00711 00723 4
20100325070000 031 018 008 019 054 036 0607 006 017 056 055 0602 0000 0106 0107 0656 0098 0614 033 031 0621 042 -050 10202 10208 0603 10202 0700 0269 0286 0630 0223 0643 0316 0329 0628 0301 0650 0199 0154 0119 0103 0093 0094 0097 0124 //// 10292 ///// ///// ////
000000000000000000000000000000000000000000000000000000000000000000000000000000000000000000000000000000000000000000000000=
53986 351900 1135300 00732 00740 4
20100325070000 202 010 139 004 088 022 0601 251 024 150 042 0634 0000 0111 0111 0626 0100 0603 037 034 0627 049 -030 10196 10206 0601 10196 0700 0233 0238 0640 0201 0650 0308 0334 0613 0301 0651 0184 0140 0113 0100 0091 0095 0098 0127 //// 10287 ///// ///// ////
000000000000000000000000000000000000000000000000000000000000000000000000000000000000000000000000000000000000000000000000=
53994 352300 1140400 00700 00712 4
20100325070000 084 022 097 020 102 037 0609 062 019 091 058 0607 0000 0107 0107 0700 0096 0614 037 036 0601 048 -034 10200 10206 0601 10200 0700 0225 0244 0655 0162 0609 0328 0335 0656 0254 0633 0186 0142 0113 0097 0089 0090 0095 0127 //// 10289 ///// ///// ////
000000000000000000000000000000000000000000000000000000000000000000000000000000000000000000000000000000000000000000000000=
53988 351600 1134000 00776 00784 4
20100325070000 144 038 147 032 147 032 0700 172 036 128 054 0658 0000 0106 0111 0633 0103 0603 035 033 0632 045 -042 10183 10194 0601 10183 0700 0242 0271 0618 0242 0700 0304 0337 0601 0304 0700 0218 0158 0118 0102 0091 0092 0099 0126 //// 10280 ///// ///// ////
000000000000000000000000000000000000000000000000000000000000000000000000000000000000000000000000000000000000000000000000=
53983 350200 1142500 00696 00708 4
20100325070000 010 030 023 023 047 042 0625 119 024 074 067 0620 0000 0107 0108 0659 0097 0630 036 036 0700 046 -038 10205 10210 0601 10205 0700 0221 0230 0603 0183 0622 0301 0323 0601 0301 0700 0199 0146 0118 0103 0085 0086 0089 0123 //// 10293 ///// ///// ////
000000000000000000000000000000000000000000000000000000000000000000000000000000000000000000000000000000000000000000000000=
53998 351200 1143900 00616 00625 4
20100325070000 077 019 062 020 017 040 0601 052 019 324 064 0636 0000 0101 0103 0650 0092 0601 035 034 0651 043 -047 10213 10219 0602 10213 0653 0213 0235 0637 0194 0601 0284 0299 0637 0272 0601 0188 0140 0110 0097 0095 0095 0096 0128 //// 10291 ///// ///// ////
000000000000000000000000000000000000000000000000000000000000000000000000000000000000000000000000000000000000000000000000=
57051 344800 1111200 04099 04117 4
20100325070000 339 042 329 038 317 049 0616 324 031 338 084 0613 0000 0117 0120 0649 0113 0618 013 013 0617 018 -158 09799 09812 0601 09799 0654 0286 0286 0700 0254 0631 0334 0355 0607 0328 0640 0194 0142 0114 0098 0083 0087 0087 0114 //// 10298 ///// ///// ////
000000000000000000000000000000000000000000000000000000000000000000000000000000000000000000000000000000000000000000000000=
57063 344600 1114600 05236 05236 4
20100325070000 304 064 315 060 306 087 0649 310 070 310 135 0640 0000 0109 0111 0632 0103 0656 014 013 0635 018 -156 09661 09669 0613 09661 0659 0232 0245 0622 0203 0650 0302 0330 0622 0283 0650 0159 0113 0087 0076 0073 0077 0084 0110 //// 10296 ///// ///// ////
000000000000000000000000000000000000000000000000000000000000000000000000000000000000000000000000000000000000000000000000=
57067 340300 1110200 05688 05699 4
20100325070000 065 045 068 033 068 033 0700 038 024 060 065 0659 0000 0109 0110 0607 0104 0624 017 014 0601 022 -132 09604 09614 0601 09603 0659 0202 0256 0602 0200 0656 0258 0271 0625 0258 0700 0161 0106 0076 0083 0083 0094 0095 0122 //// 10297 ///// ///// ////
000000000000000000000000000000000000000000000000000000000000000000000000000000000000000000000000000000000000000000000000=
57056 343200 1105300 03904 03909 4
20100325070000 262 039 274 028 262 050 0614 260 049 237 083 0605 0000 0118 0120 0658 0109 0610 013 013 0700 018 -157 09829 09840 0603 09828 0653 0239 0270 0630 0239 0700 0322 0356 0626 0322 0700 0207 0147 0108 0094 0087 0090 0093 0118 //// 10303 ///// ///// ////
000000000000000000000000000000000000000000000000000000000000000000000000000000000000000000000000000000000000000000000000=
58007 340400 1151800 00472 00532 4
20100325070000 001 021 005 030 009 048 0610 279 018 310 102 0610 0000 0101 0104 0601 0099 0644 034 033 0649 042 -050 10227 10230 0616 10227 0700 0167 0191 0601 0161 0632 0268 0291 0601 0268 0659 0175 0133 0110 0099 0098 0100 0103 0131 //// 10293 ///// ///// ////
000000000000000000000000000000000000000000000000000000000000000000000000000000000000000000000000000000000000000000000000=
58006 342300 1155300 00463 00506 4
20100325070000 008 047 005 044 347 056 0622 319 056 009 105 0615 0000 0096 0098 0646 0090 0603 038 035 0644 045 -040 10233 10237 0630 10232 0656 0193 0207 0610 0183 0649 0253 0271 0609 0251 0649 0189 0149 0119 0102 0093 0093 0098 0126 //// 10296 ///// ///// ////
000000000000000000000000000000000000000000000000000000000000000000000000000000000000000000000000000000000000000000000000=
58111 335800 1162700 00325 00325 4
20100325070000 357 079 339 069 339 069 0700 333 118 333 118 0700 0000 0100 0105 0604 0098 0656 034 033 0659 042 -051 10243 10245 0658 10240 0638 0193 0236 0603 0193 0700 0177 0207 0608 0176 0639 0132 0114 0100 0093 0091 0097 0105 0138 //// 10284 ///// ///// ////
000000000000000000000000000000000000000000000000000000000000000000000000000000000000000000000000000000000000000000000000=
58017 341500 1160800 00410 00420 4
20100325070000 350 048 343 059 332 070 0606 336 032 310 120 0649 0000 0093 0098 0636 0091 0605 046 041 0653 054 -017 10237 10237 0652 10234 0605 0239 0267 0634 0204 0655 0224 0245 0636 0217 0655 0150 0123 0107 0099 0097 0097 0103 0128 //// 10289 ///// ///// ////
000000000000000000000000000000000000000000000000000000000000000000000000000000000000000000000000000000000000000000000000=
58001 342600 1150600 00563 00569 4
20100325070000 005 026 020 042 033 054 0620 347 033 052 106 0630 0000 0094 0097 0638 0089 0605 038 038 0700 045 -042 10220 10227 0617 10220 0654 0162 0183 0610 0144 0604 0182 0201 0639 0173 0604 0141 0116 0100 0090 0089 0088 0094 0126 //// 10291 ///// ///// ////
000000000000000000000000000000000000000000000000000000000000000000000000000000000000000000000000000000000000000000000000=
58005 342700 1154000 00501 00511 4
20100325070000 031 041 026 039 015 050 0613 032 050 018 080 0612 0000 0097 0099 0607 0094 0623 038 035 0631 046 -039 10227 10232 0625 10226 0651 0255 0271 0601 0223 0614 0260 0276 0606 0242 0614 0177 0142 0117 0102 0096 0097 0103 0132 0003 10291 ///// ///// ////
000000000000000000000000000000000000000000000000000000000000000000000000000000000000000000000000000000000000000000000000
160 001 001 /// //// //////////////////CUUFCB /// //// 6///1 0//// 7//// 1//// 2//// 3//// /// /// /// // 911// 915// 919// 934// 939//=
58008 342800 1152000 00544 00592 4
20100325070000 346 034 000 035 028 053 0645 001 023 009 099 0614 0000 0097 0097 0700 0087 0622 039 039 0700 047 -036 10218 10225 0619 10218 0700 0282 0306 0612 0224 0623 0195 0203 0612 0167 0622 0142 0118 0102 0091 0093 0094 0098 0129 //// 10292 ///// ///// ////
000000000000000000000000000000000000000000000000000000000000000000000000000000000000000000000000000000000000000000000000=
58004 343900 1150900 00606 00616 4
20100325070000 063 028 360 034 017 043 0608 057 039 336 099 0624 0000 0100 0102 0648 0094 0603 038 034 0653 047 -037 10213 10220 0631 10213 0700 0209 0224 0644 0170 0610 0247 0260 0606 0236 0609 0179 0147 0118 0105 0099 0099 0102 0126 //// 10290 ///// ///// ////
000000000000000000000000000000000000000000000000000000000000000000000000000000000000000000000000000000000000000000000000=
54817 355900 1155200 00421 00434 4
20100325070000 347 025 350 027 355 045 0601 341 001 029 105 0620 0000 0091 0092 0650 0079 0601 033 030 0656 038 -063 10236 10244 0601 10236 0644 0177 0184 0633 0124 0605 0232 0246 0633 0195 0605 0156 0114 0090 0077 0080 0078 0087 0116 //// 10290 ///// ///// ////
000000000000000000000000000000000000000000000000000000000000000000000000000000000000000000000000000000000000000000000000=
54900 354200 1150100 00537 00541 4
20100325070000 017 028 032 029 030 038 0644 341 021 032 067 0636 0000 0093 0093 0700 0083 0605 038 035 0638 044 -043 10221 10232 0601 10221 0700 0258 0291 0617 0236 0625 0284 0310 0634 0280 0657 0189 0136 0103 0090 0084 0082 0083 0110 //// 10289 ///// ///// ////
000000000000000000000000000000000000000000000000000000000000000000000000000000000000000000000000000000000000000000000000=
54901 360500 1151000 00475 00478 4
20100325070000 020 042 038 033 041 046 0614 038 036 038 089 0630 0000 0092 0095 0639 0084 0601 028 028 0659 033 -084 10227 10234 0601 10227 0656 0190 0207 0644 0160 0607 0260 0276 0601 0255 0607 0167 0121 0094 0081 0079 0080 0077 0105 //// 10287 ///// ///// ////
000000000000000000000000000000000000000000000000000000000000000000000000000000000000000000000000000000000000000000000000=
54903 355100 1152900 00457 00506 4
20100325070000 069 020 065 021 023 034 0618 046 024 009 060 0615 0000 0095 0095 0700 0082 0603 031 027 0645 037 -068 10224 10234 0601 10224 0659 0175 0197 0629 0154 0603 0242 0271 0625 0235 0603 0160 0119 0095 0085 0079 0080 0090 0114 //// 10287 ///// ///// ////
000000000000000000000000000000000000000000000000000000000000000000000000000000000000000000000000000000000000000000000000=
57184 333800 1132200 00834 00847 4
20100325070000 123 023 118 025 079 037 0610 133 021 091 056 0609 0000 0138 0138 0700 0126 0615 034 030 0643 054 -018 10182 10192 0601 10181 0655 0168 0182 0601 0162 0641 0264 0283 0601 0255 0610 0181 0136 0115 0104 0099 0102 0104 0129 //// 10286 ///// ///// ////
000000000000000000000000000000000000000000000000000000000000000000000000000000000000000000000000000000000000000000000000=
57177 332000 1133200 00898 00913 4
20100325070000 082 025 083 028 065 037 0611 082 030 080 054 0606 0000 0115 0123 0630 0111 0651 049 035 0626 066 0012 10178 10189 0601 10178 0700 0206 0261 0630 0186 0648 0196 0234 0629 0191 0650 0155 0138 0104 0102 0100 0104 0105 0121 //// 10291 ///// ///// ////
000000000000000000000000000000000000000000000000000000000000000000000000000000000000000000000000000000000000000000000000=
57075 341000 1125200 02031 02043 4
20100325070000 292 067 300 066 296 070 0628 290 065 271 112 0623 0000 0130 0132 0658 0124 0604 013 013 0700 019 -148 10038 10047 0601 10037 0656 0188 0215 0618 0176 0610 0277 0308 0601 0276 0623 0188 0141 0113 0097 0094 0101 0097 0117 //// 10288 ///// ///// ////
000000000000000000000000000000000000000000000000000000000000000000000000000000000000000000000000000000000000000000000000=
57173 334500 1125300 01457 01468 4
20100325070000 337 036 332 045 333 061 0607 347 030 322 097 0606 0000 0142 0145 0642 0137 0602 012 011 0636 019 -148 10102 10114 0601 10102 0700 0226 0251 0634 0217 0607 0292 0313 0640 0288 0656 0185 0133 0108 0095 0099 0103 0105 0134 //// 10283 ///// ///// ////
000000000000000000000000000000000000000000000000000000000000000000000000000000000000000000000000000000000000000000000000=
57180 335900 1131200 01175 01186 4
20100325070000 300 042 291 051 288 056 0659 333 040 293 089 0631 0000 0135 0139 0633 0133 0602 016 012 0604 025 -118 10140 10149 0605 10140 0700 0224 0257 0640 0215 0656 0324 0350 0645 0319 0659 0222 0160 0120 0100 0098 0099 0102 0131 //// 10286 ///// ///// ////
000000000000000000000000000000000000000000000000000000000000000000000000000000000000000000000000000000000000000000000000=
57181 335300 1130300 01364 01380 4
20100325070000 330 056 331 052 340 060 0625 322 063 316 101 0603 0000 0136 0137 0648 0128 0610 018 013 0624 028 -103 10122 10131 0603 10121 0658 0220 0234 0648 0210 0623 0309 0321 0648 0303 0623 0203 0142 0108 0096 0095 0100 0102 0129 //// 10292 ///// ///// ////
000000000000000000000000000000000000000000000000000000000000000000000000000000000000000000000000000000000000000000000000=
57171 334600 1130700 01420 01430 4
20100325070000 347 088 345 084 303 089 0601 358 071 350 122 0657 0000 0130 0133 0653 0127 0620 014 014 0700 021 -139 10107 10118 0602 10107 0700 0190 0202 0623 0184 0601 0271 0293 0623 0271 0659 0188 0147 0120 0106 0103 0111 0115 0125 //// 10282 ///// ///// ////
000000000000000000000000000000000000000000000000000000000000000000000000000000000000000000000000000000000000000000000000=
57175 330300 1121400 01914 01922 4
20100325070000 266 033 230 024 335 031 0620 223 038 313 049 0632 0000 0154 0160 0641 0150 0616 017 014 0639 030 -095 10047 10057 0601 10047 0659 0231 0283 0641 0225 0615 0267 0314 0641 0262 0656 0212 0164 0127 0110 0104 0107 0111 0138 //// 10281 ///// ///// ////
000000000000000000000000000000000000000000000000000000000000000000000000000000000000000000000000000000000000000000000000=
57156 331800 1113000 02503 02523 4
20100325070000 290 034 291 032 293 043 0602 310 025 285 071 0601 0000 0143 0148 0627 0139 0601 012 012 0650 020 -147 09977 09986 0602 09977 0656 0135 0156 0621 0134 0644 0209 0275 0620 0205 0642 0158 0129 0109 0100 0101 0110 0117 0142 //// 10284 ///// ///// ////
000000000000000000000000000000000000000000000000000000000000000000000000000000000000000000000000000000000000000000000000=
57271 323300 1122300 00879 00897 4
20100325070000 002 018 329 024 329 035 0619 007 030 046 072 0632 0000 0154 0159 0633 0152 0620 019 017 0647 033 -081 10175 10183 0605 10174 0651 0243 0281 0603 0225 0653 0233 0260 0602 0223 0623 0180 0148 0124 0111 0100 0106 0114 0139 //// 10285 ///// ///// ////
000000000000000000000000000000000000000000000000000000000000000000000000000000000000000000000000000000000000000000000000=
57261 330700 1113100 02330 02345 4
20100325070000 119 038 131 034 143 055 0601 096 029 127 081 0601 0000 0149 0151 0651 0141 0614 016 012 0606 027 -107 09990 09998 0603 09989 0659 0211 0233 0648 0181 0613 0214 0226 0648 0193 0623 0158 0133 0115 0102 0110 0121 0128 //// //// 10276 ///// ///// ////
000000000000000000000000000000000000000000000000000000000000000000000000000000000000000000000000000000000000000000000000=
57285 322300 1132500 01530 01492 4
20100325070000 354 036 002 037 337 045 0621 350 025 029 086 0624 0000 0138 0143 0650 0131 0606 018 017 0656 028 -101 10104 10114 0605 10104 0659 0227 0263 0618 0207 0601 0238 0254 0624 0207 0601 0167 0137 0119 0108 0101 0108 0110 0134 //// ///// ///// ///// ////
////////////////////////////////////////////////////////////////////////////////////////////////////////////////////////=
57273 324100 1125100 01095 01105 4
20100325070000 076 034 070 033 072 045 0611 077 021 068 074 0610 0000 0142 0143 0611 0138 0636 027 018 0631 044 -045 10151 10160 0602 10151 0655 0197 0202 0648 0181 0635 0238 0252 0618 0207 0636 0158 0134 0116 0106 0107 0111 0112 0136 //// 10287 ///// ///// ////
000000000000000000000000000000000000000000000000000000000000000000000000000000000000000000000000000000000000000000000000=
57187 330400 1125600 01180 01193 4
20100325070000 054 033 058 037 043 047 0601 057 045 091 069 0621 0000 0132 0142 0609 0132 0700 022 016 0604 033 -080 10128 10139 0601 10128 0700 0169 0238 0607 0161 0658 0188 0243 0608 0186 0658 0160 0124 0109 0102 0106 0110 0110 0131 //// 10276 ///// ///// ////
000000000000000000000000000000000000000000000000000000000000000000000000000000000000000000000000000000000000000000000000=
57178 330200 1123500 01292 01305 4
20100325070000 114 029 114 033 112 039 0601 107 032 141 060 0649 0000 0145 0151 0645 0143 0601 020 018 0639 033 -082 10125 10131 0601 10124 0641 0211 0269 0648 0201 0655 0205 0244 0648 0202 0620 0164 0135 0115 0103 0105 0108 0110 0132 0006 10285 ///// ///// ////
000000000000000000000000000000000000000000000000000000000000000000000000000000000000000000000000000000000000000000000000
200 10- 000 /// //// /////////////////////CIE /// //// 6///1 0//// 7//// 1//// 2//// 3//// /// /// /// // 911// 915// 919// 934// 939//=
57169 330300 1115200 01591 01600 4
20100325070000 292 039 294 048 279 056 0638 285 053 268 088 0637 0000 0151 0156 0634 0145 0608 021 017 0613 036 -071 10085 10095 0604 10085 0653 0152 0172 0635 0148 0605 0209 0243 0634 0192 0648 0164 0138 0120 0107 0101 0105 0108 0133 //// 10281 ///// ///// ////
000000000000000000000000000000000000000000000000000000000000000000000000000000000000000000000000000000000000000000000000=
57176 332900 1122500 02311 02304 4
20100325070000 046 022 068 025 343 034 0641 012 015 358 054 0634 0000 0156 0157 0657 0152 0622 012 012 0649 021 -137 09995 10007 0601 09995 0700 0245 0320 0605 0237 0657 0232 0251 0601 0232 0629 0177 0143 0119 0106 0105 0112 0113 0130 //// 10275 ///// ///// ////
000000000000000000000000000000000000000000000000000000000000000000000000000000000000000000000000000000000000000000000000=
57179 331700 1130000 01604 01616 4
20100325070000 044 042 053 043 035 052 0623 040 029 046 091 0636 0000 0137 0138 0615 0131 0651 016 014 0610 025 -117 10085 10094 0601 10085 0659 0266 0279 0602 0191 0647 0196 0215 0602 0163 0647 0141 0118 0103 0095 0099 0104 0105 0132 //// 10284 ///// ///// ////
000000000000000000000000000000000000000000000000000000000000000000000000000000000000000000000000000000000000000000000000=
57274 324200 1120700 01076 01088 4
20100325070000 323 033 310 028 310 036 0635 302 041 319 069 0615 0000 0161 0162 0656 0155 0615 017 014 0645 031 -089 10148 10157 0604 10148 0700 0270 0304 0601 0248 0615 0268 0288 0644 0246 0614 0190 0154 0131 0116 0110 0115 0116 0140 //// 10281 ///// ///// ////
000000000000000000000000000000000000000000000000000000000000000000000000000000000000000000000000000000000000000000000000=
57065 343000 1121100 01949 01964 4
20100325070000 279 049 288 060 272 074 0632 265 033 285 122 0627 0000 0141 0143 0651 0134 0601 010 010 0638 016 -171 10046 10057 0602 10046 0700 0203 0218 0619 0202 0659 0311 0335 0601 0310 0658 0198 0150 0120 0106 0097 0103 0110 0138 //// 10286 ///// ///// ////
000000000000000000000000000000000000000000000000000000000000000000000000000000000000000000000000000000000000000000000000=
57074 342500 1122500 01973 01989 4
20100325070000 288 027 292 032 290 036 0611 285 033 296 094 0603 0000 0140 0145 0641 0134 0604 013 012 0656 021 -140 10044 10054 0601 10044 0700 0221 0245 0632 0215 0651 0308 0329 0642 0307 0659 0184 0139 0113 0102 0099 0102 0103 0125 //// 10287 ///// ///// ////
000000000000000000000000000000000000000000000000000000000000000000000000000000000000000000000000000000000000000000000000=
57070 344400 1120700 03640 03595 4
20100325070000 267 079 270 075 272 080 0620 291 052 291 123 0614 0000 0130 0131 0652 0121 0601 016 015 0628 024 -122 09843 09854 0601 09843 0700 0204 0218 0601 0196 0654 0295 0330 0605 0295 0700 0177 0128 0101 0090 0087 0092 0095 0122 //// 10278 ///// ///// ////
000000000000000000000000000000000000000000000000000000000000000000000000000000000000000000000000000000000000000000000000=
57162 340900 1120500 03258 03275 4
20100325070000 274 014 275 017 267 025 0630 296 009 223 051 0621 0000 0139 0141 0648 0134 0601 012 010 0608 019 -150 09888 09897 0601 09888 0700 0257 0295 0638 0239 0657 0336 0372 0615 0331 0659 0205 0139 0108 0093 0093 0097 0102 0132 //// 10286 ///// ///// ////
000000000000000000000000000000000000000000000000000000000000000000000000000000000000000000000000000000000000000000000000=
57078 340900 1122800 03365 03340 4
20100325070000 288 043 292 057 298 062 0657 271 062 350 125 0623 0000 0126 0126 0643 0121 0601 011 010 0608 016 -171 09881 09892 0603 09881 0700 0254 0287 0602 0243 0659 0273 0300 0602 0269 0659 0183 0134 0102 0089 0093 0098 0097 0118 //// 10285 ///// ///// ////
000000000000000000000000000000000000000000000000000000000000000000000000000000000000000000000000000000000000000000000000=
57071 344900 1122600 03333 03332 4
20100325070000 177 040 183 051 227 063 0616 189 030 215 100 0607 0000 0123 0125 0656 0120 0614 011 011 0658 016 -173 09879 09888 0601 09879 0700 0212 0230 0640 0201 0654 0306 0337 0601 0303 0658 0188 0139 0109 0093 0085 0088 0091 0119 //// 10283 ///// ///// ////
000000000000000000000000000000000000000000000000000000000000000000000000000000000000000000000000000000000000000000000000=
57066 342300 1114000 03283 03298 4
20100325070000 279 010 307 020 324 030 0633 246 014 021 080 0630 0000 0137 0139 0656 0128 0601 011 011 0609 017 -162 09889 09902 0601 09889 0659 0248 0263 0644 0204 0608 0325 0348 0612 0305 0638 0189 0132 0100 0087 0087 0091 0091 0116 //// 10289 ///// ///// ////
000000000000000000000000000000000000000000000000000000000000000000000000000000000000000000000000000000000000000000000000=
57077 334700 1113900 07424 07388 4
20100325070000 241 069 241 050 252 065 0638 246 060 254 104 0632 0000 0103 0104 0658 0093 0601 015 014 0654 019 -152 09409 09418 0601 09409 0658 0211 0225 0655 0195 0612 0197 0203 0655 0187 0617 0128 0095 0074 0066 0079 0086 0091 0115 //// 10293 ///// ///// ////
000000000000000000000000000000000000000000000000000000000000000000000000000000000000000000000000000000000000000000000000=
57183 334800 1135500 00600 00615 4
20100325070000 030 032 054 028 053 039 0620 054 028 040 076 0617 0000 0120 0123 0646 0115 0609 036 034 0657 050 -026 10213 10221 0601 10213 0656 0226 0238 0644 0219 0617 0260 0265 0634 0259 0637 0173 0134 0112 0102 0099 0099 0098 0122 //// 10289 ///// ///// ////
000000000000000000000000000000000000000000000000000000000000000000000000000000000000000000000000000000000000000000000000=
57186 333600 1140300 00587 00598 4
20100325070000 337 039 341 039 346 049 0616 334 033 356 077 0610 0000 0123 0125 0654 0117 0601 032 029 0650 046 -039 10219 10227 0601 10219 0700 0238 0257 0623 0222 0614 0275 0286 0623 0270 0614 0191 0143 0115 0104 0101 0103 0103 0133 //// 10293 ///// ///// ////
000000000000000000000000000000000000000000000000000000000000000000000000000000000000000000000000000000000000000000000000=
57191 342900 1142900 00634 00642 4
20100325070000 275 015 321 019 000 028 0627 240 015 353 054 0626 0000 0112 0112 0700 0104 0601 031 031 0700 041 -053 10213 10222 0601 10213 0700 0184 0196 0635 0147 0623 0216 0237 0614 0212 0606 0150 0122 0105 0096 0095 0093 0095 0124 //// 10292 ///// ///// ////
000000000000000000000000000000000000000000000000000000000000000000000000000000000000000000000000000000000000000000000000=
57096 343200 1144700 00597 00607 4
20100325070000 020 029 023 029 050 048 0608 020 028 026 091 0603 0000 0109 0111 0622 0102 0612 032 030 0648 042 -051 10211 10219 0614 10211 0700 0192 0215 0638 0175 0607 0285 0315 0603 0270 0624 0201 0150 0114 0102 0101 0100 0102 0128 //// 10287 ///// ///// ////
000000000000000000000000000000000000000000000000000000000000000000000000000000000000000000000000000000000000000000000000=
57091 344700 1141800 00737 00748 4
20100325070000 335 026 352 022 044 042 0606 338 028 018 057 0601 0000 0111 0112 0652 0105 0601 029 028 0614 038 -063 10197 10204 0602 10197 0700 0242 0280 0617 0217 0642 0330 0351 0617 0313 0642 0201 0147 0116 0098 0102 0101 0101 0123 //// 10289 ///// ///// ////
000000000000000000000000000000000000000000000000000000000000000000000000000000000000000000000000000000000000000000000000=
53978 350500 1123800 01401 01409 4
20100325070000 288 040 318 023 293 056 0645 293 042 302 090 0640 0000 0148 0149 0658 0138 0609 014 013 0654 024 -124 10102 10113 0606 10101 0656 0264 0273 0656 0235 0644 0341 0361 0602 0323 0644 0221 0171 0132 0111 0090 0092 0097 0125 //// 10273 ///// ///// ////
000000000000000000000000000000000000000000000000000000000000000000000000000000000000000000000000000000000000000000000000=
53984 351400 1132800 00827 00837 4
20100325070000 130 029 136 030 144 037 0639 172 030 136 067 0630 0000 0116 0116 0700 0106 0602 038 035 0652 052 -022 10178 10189 0601 10178 0700 0248 0268 0614 0236 0650 0322 0340 0601 0320 0658 0182 0141 0112 0102 0094 0095 0096 0121 //// 10281 ///// ///// ////
000000000000000000000000000000000000000000000000000000000000000000000000000000000000000000000000000000000000000000000000=
53987 350600 1132500 00910 00918 4
20100325070000 172 011 161 020 150 035 0649 105 019 156 061 0645 0000 0121 0122 0657 0113 0605 030 030 0700 042 -049 10167 10179 0602 10167 0659 0219 0231 0645 0206 0650 0299 0311 0603 0294 0650 0212 0166 0136 0115 0096 0098 0100 0127 //// 10280 ///// ///// ////
000000000000000000000000000000000000000000000000000000000000000000000000000000000000000000000000000000000000000000000000=
57079 345700 1130200 01064 01069 4
20100325070000 265 076 267 071 267 071 0700 249 063 271 111 0659 0000 0136 0137 0605 0131 0632 015 014 0648 023 -125 10143 10153 0601 10142 0659 0201 0241 0605 0196 0644 0295 0348 0605 0295 0700 0181 0143 0115 0100 0092 0096 0095 0120 //// 10275 ///// ///// ////
000000000000000000000000000000000000000000000000000000000000000000000000000000000000000000000000000000000000000000000000=
57072 345500 1124500 01275 01285 4
20100325070000 254 052 250 048 248 051 0611 275 052 276 079 0605 0000 0141 0142 0656 0131 0606 010 010 0700 016 -171 10122 10134 0601 10122 0700 0215 0232 0629 0211 0609 0325 0363 0617 0325 0700 0197 0146 0112 0096 0084 0087 0087 0113 //// 10279 ///// ///// ////
000000000000000000000000000000000000000000000000000000000000000000000000000000000000000000000000000000000000000000000000=
53982 351400 1131600 01120 01135 4
20100325070000 135 027 138 030 126 033 0648 171 015 153 055 0646 0000 0125 0130 0646 0119 0601 032 029 0636 046 -037 10137 10148 0601 10137 0700 0178 0188 0617 0176 0639 0330 0365 0610 0328 0657 0206 0162 0128 0111 0096 0098 0101 0131 //// 10276 ///// ///// ////
000000000000000000000000000000000000000000000000000000000000000000000000000000000000000000000000000000000000000000000000=
53979 350900 1130500 01200 01211 4
20100325070000 162 024 175 021 098 030 0601 146 023 158 042 0612 0000 0136 0139 0646 0124 0604 023 022 0654 036 -071 10127 10139 0601 10127 0700 0239 0258 0631 0216 0601 0357 0390 0637 0327 0601 0218 0159 0124 0107 0097 0099 0104 0131 //// 10275 ///// ///// ////
000000000000000000000000000000000000000000000000000000000000000000000000000000000000000000000000000000000000000000000000=
53974 353700 1141100 00723 00739 4
20100325070000 088 028 087 032 087 032 0700 071 030 113 060 0656 0000 0097 0105 0615 0094 0651 034 031 0618 041 -054 10198 10203 0601 10197 0658 0138 0248 0605 0138 0700 0202 0308 0605 0202 0700 0182 0143 0114 0100 0090 0091 0097 0124 //// 10290 ///// ///// ////
000000000000000000000000000000000000000000000000000000000000000000000000000000000000000000000000000000000000000000000000=
53990 354300 1141900 00795 00805 4
20100325070000 170 032 161 035 099 044 0630 184 030 114 071 0629 0000 0093 0098 0617 0092 0601 037 033 0621 043 -046 10187 10193 0601 10187 0700 0150 0196 0616 0150 0700 0265 0341 0616 0265 0700 0170 0127 0098 0090 0089 0085 0083 0111 //// 10288 ///// ///// ////
000000000000000000000000000000000000000000000000000000000000000000000000000000000000000000000000000000000000000000000000=
53991 355600 1142100 00743 00753 4
20100325070000 099 016 072 017 087 026 0612 108 025 094 048 0609 0000 0098 0099 0646 0094 0620 033 032 0603 040 -057 10191 10200 0601 10191 0700 0179 0212 0601 0146 0621 0292 0334 0608 0269 0622 0194 0143 0106 0094 0086 0084 0088 0118 //// 10285 ///// ///// ////
000000000000000000000000000000000000000000000000000000000000000000000000000000000000000000000000000000000000000000000000=
53993 355600 1145500 00516 00524 4
20100325070000 037 025 025 023 056 034 0601 071 023 030 051 0631 0000 0094 0095 0614 0088 0643 033 032 0616 039 -061 10222 10228 0601 10222 0700 0197 0215 0614 0141 0643 0281 0310 0614 0238 0644 0176 0127 0096 0082 0080 0076 0075 0108 //// 10288 ///// ///// ////
000000000000000000000000000000000000000000000000000000000000000000000000000000000000000000000000000000000000000000000000=
53889 360400 1134900 03068 03086 4
20100325070000 075 023 070 021 073 030 0620 040 025 108 054 0624 0000 0108 0109 0652 0095 0603 024 024 0700 031 -090 09894 09903 0601 09894 0700 0180 0201 0648 0167 0636 0290 0326 0614 0290 0700 0211 0177 0147 0122 0075 0075 0088 0098 //// 10272 ///// ///// ////
000000000000000000000000000000000000000000000000000000000000000000000000000000000000000000000000000000000000000000000000=
53995 353300 1143000 00625 00645 4
20100325070000 037 020 043 021 034 030 0630 057 018 052 063 0647 0000 0098 0100 0655 0094 0612 033 032 0652 040 -057 10207 10216 0601 10207 0655 0167 0208 0607 0165 0659 0279 0329 0615 0279 0700 0213 0163 0125 0104 0087 0087 0087 0116 //// 10288 ///// ///// ////
000000000000000000000000000000000000000000000000000000000000000000000000000000000000000000000000000000000000000000000000=
53898 360300 1142400 00629 00638 4
20100325070000 162 027 120 029 093 034 0610 097 035 077 066 0605 0000 0100 0102 0657 0090 0620 032 030 0650 039 -059 10202 10211 0602 10202 0700 0266 0288 0637 0186 0615 0308 0339 0601 0250 0619 0183 0140 0108 0090 0075 0076 0085 0116 //// 10282 ///// ///// ////
000000000000000000000000000000000000000000000000000000000000000000000000000000000000000000000000000000000000000000000000=
NNNN
