57090 344300 1135800 00781 00802 4
20100324200000 271 036 272 033 271 033 1919 285 032 274 064 1912 0000 0103 0105 1917 0103 1939 031 031 1959 039 -061 10141 10141 2000 10137 1930 0079 0080 1918 0072 1937 0045 0045 2000 0041 1903 0067 0084 0093 0100 0100 0093 0086 0119 //// 10239 ///// ///// ////
000000000000000000000000000000000000000000000000000000000000000000000000000000000000000000000000000000000000000000000000=
57083 344300 1133900 01104 01116 4
20100324200000 261 055 266 044 266 044 2000 247 064 256 071 1959 0000 0104 0104 2000 0096 1934 032 032 2000 040 -056 10108 10109 1956 10106 1901 0039 0040 1905 0029 1932 0057 0057 1905 0051 1932 0075 0086 0094 0101 0099 0099 0103 0126 0000 10244 ///// ///// ////
000000000000000000000000000000000000000000000000000000000000000000000000000000000000000000000000000000000000000000000000
120 000 000 /// //// //////////////////////// /// //// 6///1 0//// 7//// 1//// 2//// 3//// /// /// /// // 911// 915// 919// 934// 939//=
57086 342300 1134300 01166 01168 4
20100324200000 294 056 294 059 292 061 1955 277 066 291 103 1946 0000 0099 0100 1953 0085 1901 038 036 1936 046 -037 10102 10102 2000 10100 1930 0079 0080 1959 0053 1901 0058 0058 1959 0045 1901 0068 0082 0093 0099 0099 0095 0093 0116 //// 10245 ///// ///// ////
000000000000000000000000000000000000000000000000000000000000000000000000000000000000000000000000000000000000000000000000=
57085 343200 1132000 02599 02648 4
20100324200000 303 030 300 029 288 035 1901 285 032 299 058 1911 0000 0088 0097 1901 0088 1957 040 035 1902 045 -040 09928 09928 1946 09926 1901 0081 0088 1903 0078 1945 0043 0046 1910 0042 1945 0067 0083 0093 0098 0103 0098 0094 0121 //// 10249 ///// ///// ////
000000000000000000000000000000000000000000000000000000000000000000000000000000000000000000000000000000000000000000000000=
57081 344800 1132600 01409 01419 4
20100324200000 265 020 269 016 266 019 1946 271 042 271 042 2000 0000 0097 0097 2000 0092 1926 027 027 1959 032 -084 10076 10077 1955 10072 1902 0064 0064 2000 0040 1913 0041 0042 1906 0036 1913 0061 0076 0089 0093 0091 0093 0096 0117 //// 10249 ///// ///// ////
000000000000000000000000000000000000000000000000000000000000000000000000000000000000000000000000000000000000000000000000=
57084 343000 1130300 11784 11790 4
20100324200000 290 054 287 066 288 083 1901 290 043 262 129 1943 0000 0017 0026 1901 0015 1941 067 055 1901 046 -038 08877 08879 1904 08876 1917 0004 0019 1901 0002 1945 -008 -004 1901 -008 2000 0007 0025 0039 0046 0057 //// //// //// //// 10253 ///// ///// ////
000000000000000000000000000000000000000000000000000000000000000000000000000000000000000000000000000000000000000000000000=
57080 344400 1125800 01652 01661 4
20100324200000 203 026 211 023 192 033 1905 203 039 201 051 1917 0000 0076 0079 1920 0076 2000 047 046 1916 049 -030 10054 10054 1926 10053 1950 0051 0060 1904 0048 1956 0029 0035 1916 0029 2000 0062 0077 0088 0094 0091 0088 0089 0119 //// 10257 ///// ///// ////
000000000000000000000000000000000000000000000000000000000000000000000000000000000000000000000000000000000000000000000000=
57082 342800 1130100 04271 04284 4
20100324200000 354 043 349 040 328 057 1937 007 044 319 104 1946 0000 0075 0087 1901 0075 2000 042 035 1902 044 -046 09739 09741 1940 09738 1908 0061 0074 1937 0061 2000 0038 0042 1941 0038 2000 0056 0070 0081 0089 0094 0098 0100 //// //// 10255 ///// ///// ////
000000000000000000000000000000000000000000000000000000000000000000000000000000000000000000000000000000000000000000000000=
57290 330000 1140100 00827 00838 4
20100324200000 267 027 269 032 279 044 1916 279 026 291 083 1901 0000 0073 0084 1902 0073 1957 078 073 1901 080 0037 10142 10143 1951 10139 1934 0049 0056 1905 0048 1946 0044 0049 1906 0044 1954 0061 0077 0087 0096 0103 0101 0103 0132 //// 10246 ///// ///// ////
000000000000000000000000000000000000000000000000000000000000000000000000000000000000000000000000000000000000000000000000=
57295 323700 1142100 00785 00802 4
20100324200000 261 021 252 018 241 029 1924 215 014 257 050 1918 0000 0051 0060 1901 0051 2000 083 081 1901 073 0025 10147 10148 1948 10142 1901 0007 0025 1922 0007 2000 0035 0043 1901 0035 2000 0065 0077 0085 0092 0098 0101 0103 0128 //// 10247 ///// ///// ////
000000000000000000000000000000000000000000000000000000000000000000000000000000000000000000000000000000000000000000000000=
57188 332200 1140200 00559 00568 4
20100324200000 280 039 283 039 281 041 1924 299 033 277 070 1921 0000 0074 0076 1923 0070 1901 061 061 2000 063 0004 10171 10172 1959 10169 1933 0051 0057 1923 0042 1901 0035 0041 1923 0035 2000 0061 0076 0091 0096 0096 0096 0102 0132 //// 10241 ///// ///// ////
000000000000000000000000000000000000000000000000000000000000000000000000000000000000000000000000000000000000000000000000=
57293 324400 1145900 00380 00391 4
20100324200000 241 025 238 025 237 026 1956 245 023 228 035 1953 0000 0044 0049 1918 0044 2000 089 089 2000 074 0027 10197 10197 2000 10191 1910 0025 0032 1907 0023 1940 0034 0042 1901 0034 2000 0062 0077 0086 0092 0103 0104 0105 0132 //// 10246 ///// ///// ////
000000000000000000000000000000000000000000000000000000000000000000000000000000000000000000000000000000000000000000000000=
57189 330800 1135700 00646 00655 4
20100324200000 215 015 213 012 237 014 1906 223 011 203 024 1955 0000 0040 0052 1905 0039 1954 094 093 1901 076 0031 10162 10162 1959 10160 1932 0009 0029 1913 0003 1951 0029 0037 1913 0028 1953 0059 0074 0084 0091 0096 0097 0098 0122 //// 10243 ///// ///// ////
000000000000000000000000000000000000000000000000000000000000000000000000000000000000000000000000000000000000000000000000=
57194 331700 1141600 00598 00609 4
20100324200000 284 037 281 039 282 043 1948 293 030 271 064 1930 0000 0061 0071 1902 0061 2000 078 078 1901 073 0026 10163 10163 1959 10160 1931 0045 0059 1913 0045 2000 0040 0048 1915 0040 2000 0070 0081 0089 0094 0095 0095 0098 0126 //// 10238 ///// ///// ////
000000000000000000000000000000000000000000000000000000000000000000000000000000000000000000000000000000000000000000000000=
57197 330000 1142000 00489 00545 4
20100324200000 256 014 260 013 260 013 1959 257 008 263 029 1919 0000 0034 0049 1906 0033 1953 095 094 1912 074 0027 10174 10174 1957 10170 1939 -024 -012 1904 -024 2000 0020 0028 1901 0020 2000 0052 0068 0079 0084 0099 0101 0100 0125 //// 10242 ///// ///// ////
000000000000000000000000000000000000000000000000000000000000000000000000000000000000000000000000000000000000000000000000=
57294 325000 1140100 00836 00846 4
20100324200000 231 019 228 017 239 025 1927 234 023 240 038 1921 0000 0051 0060 1901 0051 2000 088 087 1946 077 0033 10137 10138 1958 10133 1933 0039 0052 1929 0034 1955 0028 0035 1902 0028 2000 0055 0072 0085 0092 0098 0106 0103 0119 //// 10242 ///// ///// ////
000000000000000000000000000000000000000000000000000000000000000000000000000000000000000000000000000000000000000000000000=
57292 325800 1143800 00444 00453 4
20100324200000 237 022 238 022 245 031 1902 240 024 240 044 1901 0000 0058 0062 1901 0054 1918 091 088 1901 084 0044 10188 10188 2000 10183 1912 0032 0043 1905 0028 1952 0040 0045 1904 0039 1952 0062 0077 0087 0096 0100 0103 0105 0133 //// 10244 ///// ///// ////
000000000000000000000000000000000000000000000000000000000000000000000000000000000000000000000000000000000000000000000000=
57195 333700 1143700 00466 00476 4
20100324200000 278 017 277 017 275 021 1939 271 024 296 041 1925 0000 0072 0073 1958 0055 1901 061 060 1956 062 0002 10177 10177 2000 10175 1920 0043 0052 1944 0033 1913 0028 0032 1924 0028 1953 0051 0074 0090 0099 0102 0099 0102 0142 //// 10236 ///// ///// ////
000000000000000000000000000000000000000000000000000000000000000000000000000000000000000000000000000000000000000000000000=
57193 334700 1143100 00526 00541 4
20100324200000 280 019 274 018 271 018 1957 285 035 285 035 2000 0000 0059 0064 1903 0059 2000 065 065 2000 060 -002 10169 10171 1914 10168 1941 0018 0029 1902 0018 2000 0028 0034 1902 0028 2000 0063 0079 0092 0100 0105 0101 0105 0131 //// 10236 ///// ///// ////
000000000000000000000000000000000000000000000000000000000000000000000000000000000000000000000000000000000000000000000000=
57196 332800 1145200 00420 00428 4
20100324200000 274 023 269 024 265 028 1936 271 022 265 033 1931 0000 0034 0046 1901 0034 2000 087 085 1906 068 0014 10181 10182 1902 10180 1934 0002 0021 1901 0002 2000 0012 0018 1901 0012 2000 0054 0075 0087 0093 0100 0100 0104 0131 //// 10234 ///// ///// ////
000000000000000000000000000000000000000000000000000000000000000000000000000000000000000000000000000000000000000000000000=
57099 340400 1145100 00526 00536 4
20100324200000 261 017 267 021 265 024 1946 273 019 296 038 1956 0000 0065 0066 1948 0062 1926 066 066 2000 064 0006 10166 10167 1953 10164 1907 0043 0047 1941 0040 1913 0025 0031 1903 0025 2000 0058 0076 0087 0095 0101 0095 0098 0131 //// 10232 ///// ///// ////
000000000000000000000000000000000000000000000000000000000000000000000000000000000000000000000000000000000000000000000000=
58104 332400 1150400 00412 00425 4
20100324200000 262 018 260 019 229 024 1927 268 016 223 032 1925 0000 0048 0051 1935 0040 1901 092 091 1955 079 0036 10183 10184 1957 10181 1914 0022 0036 1942 0021 1903 0030 0034 1942 0030 2000 0053 0072 0085 0093 0098 0097 0099 0135 //// 10236 ///// ///// ////
000000000000000000000000000000000000000000000000000000000000000000000000000000000000000000000000000000000000000000000000=
57198 333300 1143700 00463 00473 4
20100324200000 298 015 289 018 285 021 1956 328 015 299 039 1950 0000 0062 0062 2000 0059 1919 071 071 2000 067 0013 10177 10177 2000 10175 1930 0024 0033 1920 0023 1952 0033 0038 1907 0033 2000 0066 0084 0095 0101 0104 0104 0107 0137 //// 10236 ///// ///// ////
000000000000000000000000000000000000000000000000000000000000000000000000000000000000000000000000000000000000000000000000=
58101 335200 1152900 00413 00428 4
20100324200000 268 021 264 020 265 021 1939 265 017 220 045 1909 0000 0056 0064 1901 0056 2000 092 090 1901 084 0044 10174 10176 1916 10174 1947 0036 0045 1911 0034 1957 0026 0033 1901 0026 1957 0062 0076 0088 0095 0100 0098 0100 0130 //// 10227 ///// ///// ////
000000000000000000000000000000000000000000000000000000000000000000000000000000000000000000000000000000000000000000000000=
57192 334400 1145100 00455 00466 4
20100324200000 265 010 265 011 263 014 1901 262 008 290 031 1950 0000 0061 0065 1901 0060 1941 069 069 2000 065 0008 10175 10177 1922 10174 1934 0019 0039 1901 0019 2000 0017 0025 1901 0017 2000 0055 0082 0098 0104 0108 0106 0107 0140 //// 10233 ///// ///// ////
000000000000000000000000000000000000000000000000000000000000000000000000000000000000000000000000000000000000000000000000=
57098 340500 1142400 00583 00593 4
20100324200000 289 035 286 038 284 040 1958 290 030 285 063 1936 0000 0065 0066 1958 0053 1903 059 058 1956 057 -009 10162 10162 2000 10158 1928 0040 0041 1946 0020 1901 0028 0030 1901 0028 1955 0046 0067 0082 0093 0103 0097 0098 0129 //// 10235 ///// ///// ////
000000000000000000000000000000000000000000000000000000000000000000000000000000000000000000000000000000000000000000000000=
57190 334500 1142400 00505 00516 4
20100324200000 283 038 278 034 278 034 2000 289 047 289 047 2000 0000 0054 0054 2000 0043 1943 068 068 2000 061 0000 10172 10173 1906 10170 1938 0043 0044 1957 0026 1941 0017 0019 1910 0013 1941 0046 0068 0085 0094 0100 0097 0101 0130 //// 10236 ///// ///// ////
000000000000000000000000000000000000000000000000000000000000000000000000000000000000000000000000000000000000000000000000=
58100 333900 1151000 00414 00424 4
20100324200000 250 018 251 019 251 021 1955 290 026 267 034 1950 0000 0059 0063 1901 0059 2000 082 082 2000 076 0031 10179 10180 1918 10177 1901 0052 0055 1901 0049 1927 0026 0031 1901 0025 1959 0054 0075 0090 0099 0105 0106 0110 0136 //// 10232 ///// ///// ////
000000000000000000000000000000000000000000000000000000000000000000000000000000000000000000000000000000000000000000000000=
57088 340900 1133000 01161 01177 4
20100324200000 333 028 333 033 335 035 1941 335 018 324 056 1940 0000 0080 0080 2000 0074 1901 052 050 1905 056 -012 10105 10105 2000 10101 1922 0057 0058 1955 0044 1901 0028 0029 1955 0017 1901 0049 0073 0091 0099 0102 0100 0103 0126 //// 10249 ///// ///// ////
000000000000000000000000000000000000000000000000000000000000000000000000000000000000000000000000000000000000000000000000=
57182 335100 1133000 00805 00814 4
20100324200000 307 025 309 025 309 038 1928 304 022 318 055 1908 0000 0088 0095 1914 0088 2000 046 042 1901 052 -022 10144 10145 1907 10142 1940 0070 0081 1912 0065 1957 0036 0045 1912 0034 1958 0065 0086 0101 0106 0108 0105 0107 0139 //// 10244 ///// ///// ////
000000000000000000000000000000000000000000000000000000000000000000000000000000000000000000000000000000000000000000000000=
57087 341200 1134800 00877 00885 4
20100324200000 298 026 301 029 298 035 1951 271 024 259 073 1946 0000 0104 0104 2000 0089 1901 039 038 1940 049 -030 10133 10133 2000 10130 1901 0086 0087 1949 0054 1908 0039 0039 1959 0030 1901 0058 0076 0091 0097 0099 0095 0098 0123 //// 10241 ///// ///// ////
000000000000000000000000000000000000000000000000000000000000000000000000000000000000000000000000000000000000000000000000=
57297 320800 1140300 01145 01154 4
20100324200000 274 020 277 021 275 023 1949 277 023 277 030 1942 0000 0058 0064 1902 0058 1942 086 082 1901 079 0036 10113 10113 1956 10106 1921 0030 0030 2000 -004 1919 0035 0035 1901 0030 1920 0051 0067 0081 0089 0106 0114 0115 //// //// 10256 ///// ///// ////
000000000000000000000000000000000000000000000000000000000000000000000000000000000000000000000000000000000000000000000000=
57296 322100 1144400 00489 00501 4
20100324200000 250 020 246 021 222 023 1903 209 015 231 038 1902 0000 0061 0067 1901 0061 2000 084 081 1901 079 0036 10185 10186 1952 10179 1902 0053 0057 1901 0048 1923 0038 0044 1901 0037 1946 0062 0080 0091 0098 0106 0110 0110 0131 //// 10247 ///// ///// ////
000000000000000000000000000000000000000000000000000000000000000000000000000000000000000000000000000000000000000000000000=
57396 313800 1145100 01287 01297 4
20100324200000 194 034 195 033 191 036 1953 184 027 206 055 1947 0000 0044 0052 1901 0043 1953 090 088 1901 075 0029 10094 10096 1956 10087 1903 0037 0046 1901 0036 1958 0032 0039 1901 0031 1942 0044 0059 0071 0080 0091 0106 //// //// //// 10256 ///// ///// ////
000000000000000000000000000000000000000000000000000000000000000000000000000000000000000000000000000000000000000000000000=
57390 314800 1140400 07335 07347 4
20100324200000 284 012 285 013 288 026 1914 271 007 282 055 1936 0000 0041 0049 1939 0041 2000 074 070 1936 061 -001 09384 09385 1908 09380 1920 0015 0038 1933 0013 1955 -002 0005 1935 -002 2000 0018 0033 0047 0056 0072 0089 //// //// //// 10270 ///// ///// ////
000000000000000000000000000000000000000000000000000000000000000000000000000000000000000000000000000000000000000000000000=
58207 321000 1150300 00428 00440 4
20100324200000 225 028 223 030 218 033 1944 231 031 217 052 1939 0000 0063 0063 2000 0061 1926 082 082 2000 078 0035 10193 10194 1958 10186 1910 0049 0053 1901 0045 1926 0057 0061 1901 0057 2000 0039 0072 0080 0087 0103 0112 0113 0137 //// 10248 ///// ///// ////
000000000000000000000000000000000000000000000000000000000000000000000000000000000000000000000000000000000000000000000000=
58205 322800 1152600 00349 00360 4
20100324200000 247 024 245 025 239 026 1957 214 024 223 042 1957 0000 0066 0070 1901 0065 1918 086 085 1901 084 0044 10195 10196 1956 10190 1919 0061 0063 1901 0059 1924 0048 0053 1902 0048 2000 0054 0062 0071 0076 0107 0111 0110 0123 //// 10240 ///// ///// ////
000000000000000000000000000000000000000000000000000000000000000000000000000000000000000000000000000000000000000000000000=
58208 321000 1153700 00429 00439 4
20100324200000 224 038 219 033 219 033 2000 222 044 222 044 2000 0000 0058 0063 1901 0057 1948 080 080 2000 074 0026 10192 10194 1901 10188 1923 0051 0055 1901 0048 1927 0041 0048 1903 0041 1954 0054 0069 0077 0086 0101 0109 0112 0139 //// 10247 ///// ///// ////
000000000000000000000000000000000000000000000000000000000000000000000000000000000000000000000000000000000000000000000000=
57299 320100 1145400 00494 00506 4
20100324200000 184 023 188 023 171 025 1901 183 024 175 032 1901 0000 0053 0060 1901 0053 2000 088 087 1901 078 0035 10183 10184 1932 10177 1901 0037 0042 1901 0029 1918 0038 0046 1901 0037 1956 0045 0057 0067 0074 0098 0108 0107 0126 //// 10246 ///// ///// ////
000000000000000000000000000000000000000000000000000000000000000000000000000000000000000000000000000000000000000000000000=
53989 350300 1135700 00766 00777 4
20100324200000 011 023 015 025 030 029 1953 021 019 032 046 1940 0000 0065 0065 2000 0054 1928 048 047 1957 046 -037 10150 10150 2000 10140 1903 0037 0042 1953 0004 1926 0018 0019 1956 0009 1936 0053 0074 0088 0095 0096 0091 0095 0123 //// 10246 ///// ///// ////
000000000000000000000000000000000000000000000000000000000000000000000000000000000000000000000000000000000000000000000000=
53997 350900 1141100 00711 00723 4
20100324200000 031 038 025 039 023 046 1943 031 058 054 071 1935 0000 0048 0070 1907 0048 2000 060 057 1925 052 -023 10158 10158 2000 10149 1901 0014 0028 1918 0010 1901 0022 0030 1919 0022 2000 0057 0076 0089 0099 0095 0093 0097 0124 //// 10247 ///// ///// ////
000000000000000000000000000000000000000000000000000000000000000000000000000000000000000000000000000000000000000000000000=
53986 351900 1135300 00732 00740 4
20100324200000 131 003 111 011 108 029 1950 122 011 113 044 1933 0000 0052 0092 1901 0052 2000 068 034 1907 060 -002 10155 10155 1959 10144 1902 0025 0052 1911 0025 2000 0020 0031 1903 0020 2000 0063 0079 0089 0097 0097 0094 0098 0127 //// 10246 ///// ///// ////
000000000000000000000000000000000000000000000000000000000000000000000000000000000000000000000000000000000000000000000000=
53994 352300 1140400 00700 00712 4
20100324200000 048 040 049 039 051 040 1957 062 046 046 065 1956 0000 0053 0059 1901 0052 1930 057 057 2000 051 -025 10155 10155 2000 10150 1901 0037 0042 1901 0033 1918 0017 0022 1901 0015 1943 0052 0075 0090 0097 0094 0089 0094 0127 //// 10243 ///// ///// ////
000000000000000000000000000000000000000000000000000000000000000000000000000000000000000000000000000000000000000000000000=
53988 351600 1134000 00776 00784 4
20100324200000 295 015 296 019 311 030 1931 307 015 319 043 1929 0000 0082 0085 1910 0080 1937 024 024 2000 026 -112 10145 10145 2000 10139 1901 -001 0028 1936 -001 2000 0000 0010 1935 0000 2000 0049 0075 0090 0099 0094 0092 0099 0126 //// 10241 ///// ///// ////
000000000000000000000000000000000000000000000000000000000000000000000000000000000000000000000000000000000000000000000000=
53983 350200 1142500 00696 00708 4
20100324200000 002 021 359 025 349 046 1933 015 019 350 074 1924 0000 0051 0067 1912 0051 2000 066 062 1901 058 -007 10158 10158 2000 10150 1905 0034 0049 1915 0033 1959 0022 0028 1928 0021 1959 0049 0072 0084 0092 0090 0086 0088 0123 //// 10245 ///// ///// ////
000000000000000000000000000000000000000000000000000000000000000000000000000000000000000000000000000000000000000000000000=
53998 351200 1143900 00616 00625 4
20100324200000 349 062 353 055 338 059 1943 012 035 330 113 1922 0000 0038 0058 1901 0038 2000 067 062 1915 054 -018 10164 10164 1938 10155 1901 0027 0042 1903 0026 1955 0023 0034 1901 0023 2000 0063 0083 0094 0100 0101 0095 0096 0128 //// 10241 ///// ///// ////
000000000000000000000000000000000000000000000000000000000000000000000000000000000000000000000000000000000000000000000000=
57051 344800 1111200 04099 04117 4
20100324200000 325 052 325 041 321 043 1954 338 044 322 089 1958 0000 0074 0075 1953 0065 1919 018 018 2000 019 -154 09790 09790 1957 09784 1901 0038 0043 1954 0000 1916 0022 0022 2000 0006 1919 0048 0069 0082 0089 0085 0087 0086 0114 //// 10288 ///// ///// ////
000000000000000000000000000000000000000000000000000000000000000000000000000000000000000000000000000000000000000000000000=
57063 344600 1114600 05236 05236 4
20100324200000 299 039 298 037 297 039 1945 296 036 299 054 1930 0000 0050 0050 2000 0024 1910 058 058 2000 051 -026 09645 09645 2000 09642 1914 0025 0025 2000 -046 1912 0001 0001 2000 -020 1917 0034 0055 0068 0076 0075 0077 0083 0110 //// 10276 ///// ///// ////
000000000000000000000000000000000000000000000000000000000000000000000000000000000000000000000000000000000000000000000000=
57067 340300 1110200 05688 05699 4
20100324200000 081 008 063 005 216 009 1912 057 010 223 016 1908 0000 -013 -010 1903 -016 1940 090 088 1911 050 -027 09605 09606 1923 09604 1901 -026 -025 1914 -040 1958 0000 0001 1906 0000 1957 0034 0056 0081 0072 0089 0095 0095 0122 //// 10303 ///// ///// ////
000000000000000000000000000000000000000000000000000000000000000000000000000000000000000000000000000000000000000000000000=
57056 343200 1105300 03904 03909 4
20100324200000 266 032 264 021 272 028 1901 279 042 268 046 1901 0000 0064 0077 1901 0064 1958 038 037 1911 037 -069 09820 09820 1959 09815 1901 0014 0044 1903 0003 1955 0011 0027 1901 0009 1955 0049 0071 0084 0092 0090 0090 0093 0118 //// 10294 ///// ///// ////
000000000000000000000000000000000000000000000000000000000000000000000000000000000000000000000000000000000000000000000000=
58007 340400 1151800 00472 00532 4
20100324200000 235 007 235 006 210 010 1925 220 005 226 017 1917 0000 0042 0052 1901 0042 1958 091 090 1903 075 0029 10161 10162 1932 10160 1904 -003 0008 1910 -007 1952 0017 0025 1901 0017 2000 0061 0082 0094 0101 0102 0100 0102 0131 //// 10227 ///// ///// ////
000000000000000000000000000000000000000000000000000000000000000000000000000000000000000000000000000000000000000000000000=
58006 342300 1155300 00463 00506 4
20100324200000 248 029 250 031 248 032 1958 229 021 229 051 1916 0000 0058 0061 1904 0057 1948 084 082 1901 077 0033 10163 10163 1959 10160 1924 0040 0043 1905 0036 1949 0032 0035 1904 0031 1949 0056 0076 0087 0095 0096 0093 0097 0127 //// 10225 ///// ///// ////
000000000000000000000000000000000000000000000000000000000000000000000000000000000000000000000000000000000000000000000000=
58111 335800 1162700 00325 00325 4
20100324200000 239 025 232 021 238 024 1901 232 024 251 045 1957 0000 0060 0064 1901 0060 2000 087 085 1901 081 0040 10184 10185 1913 10181 1937 0035 0040 1915 0029 1931 0041 0045 1901 0041 1955 0060 0073 0082 0089 0094 0097 0104 0138 //// 10224 ///// ///// ////
000000000000000000000000000000000000000000000000000000000000000000000000000000000000000000000000000000000000000000000000=
58017 341500 1160800 00410 00420 4
20100324200000 221 037 220 032 214 033 1952 209 050 209 063 1930 0000 0065 0067 1901 0064 1956 089 088 1903 086 0048 10165 10168 1905 10165 1955 0047 0048 1928 0043 1904 0042 0044 1927 0042 1956 0069 0084 0093 0098 0099 0097 0103 0128 //// 10217 ///// ///// ////
000000000000000000000000000000000000000000000000000000000000000000000000000000000000000000000000000000000000000000000000=
58001 342600 1150600 00563 00569 4
20100324200000 322 033 309 036 304 037 1958 322 025 285 071 1955 0000 0071 0072 1957 0063 1924 067 066 1956 068 0014 10156 10156 2000 10152 1901 0048 0053 1950 0046 1901 0037 0040 1935 0037 2000 0057 0073 0084 0090 0091 0088 0093 0126 //// 10226 ///// ///// ////
000000000000000000000000000000000000000000000000000000000000000000000000000000000000000000000000000000000000000000000000=
58005 342700 1154000 00501 00511 4
20100324200000 275 033 270 033 254 040 1905 268 035 256 060 1905 0000 0071 0076 1901 0071 2000 077 077 2000 078 0033 10157 10157 2000 10153 1917 0049 0057 1901 0045 1940 0041 0048 1901 0040 1944 0072 0089 0095 0099 0098 0096 0103 0132 0001 10220 ///// ///// ////
000000000000000000000000000000000000000000000000000000000000000000000000000000000000000000000000000000000000000000000000
130 000 000 /// //// //////////////////////// /// //// 6///1 0//// 7//// 1//// 2//// 3//// /// /// /// // 911// 915// 919// 934// 939//=
58008 342800 1152000 00544 00592 4
20100324200000 272 029 272 031 270 034 1949 257 019 268 063 1938 0000 0067 0068 1946 0062 1921 071 071 2000 070 0018 10150 10151 1954 10146 1907 0024 0030 1912 0022 1921 0036 0039 1912 0035 1931 0054 0071 0084 0091 0096 0093 0098 0129 //// 10223 ///// ///// ////
000000000000000000000000000000000000000000000000000000000000000000000000000000000000000000000000000000000000000000000000=
58004 343900 1150900 00606 00616 4
20100324200000 309 019 304 024 298 029 1947 310 031 296 053 1949 0000 0063 0063 2000 0057 1920 071 071 2000 068 0014 10150 10150 2000 10144 1908 0045 0045 1952 0023 1915 0034 0035 1951 0031 1916 0061 0085 0094 0100 0103 0099 0102 0127 //// 10226 ///// ///// ////
000000000000000000000000000000000000000000000000000000000000000000000000000000000000000000000000000000000000000000000000=
54817 355900 1155200 00421 00434 4
20100324200000 350 045 346 050 346 050 2000 004 050 310 088 1935 0000 0025 0032 1915 0025 1959 078 078 2000 057 -009 10179 10180 1958 10171 1902 0016 0025 1901 0016 1957 0008 0015 1901 0007 1958 0040 0061 0074 0080 0084 0077 0087 0116 //// 10233 ///// ///// ////
000000000000000000000000000000000000000000000000000000000000000000000000000000000000000000000000000000000000000000000000=
54902 355400 1150700 00495 00499 4
20100324200000 346 054 347 057 347 065 1907 347 044 341 114 1950 0000 0023 0031 1901 0023 2000 072 071 1902 052 -022 10184 10184 1959 10172 1901 0011 0021 1904 0011 1958 0005 0014 1902 0005 2000 0047 0066 0077 0085 0082 0073 0080 0111 //// 10246 ///// ///// ////
000000000000000000000000000000000000000000000000000000000000000000000000000000000000000000000000000000000000000000000000=
54900 354200 1150100 00537 00541 4
20100324200000 343 072 331 064 328 068 1904 353 061 353 115 1941 0000 0032 0044 1901 0032 2000 070 066 1901 054 -017 10177 10177 1952 10167 1901 0021 0033 1901 0021 2000 0017 0028 1901 0017 2000 0058 0076 0086 0091 0088 0081 0083 0110 //// 10244 ///// ///// ////
000000000000000000000000000000000000000000000000000000000000000000000000000000000000000000000000000000000000000000000000=
54901 360500 1151000 00475 00478 4
20100324200000 347 062 342 061 345 072 1906 336 047 336 105 1903 0000 0018 0025 1901 0018 1957 070 069 1909 049 -031 10189 10189 2000 10179 1901 0008 0017 1901 0008 1955 0005 0013 1901 0005 2000 0041 0061 0073 0080 0085 0079 0076 0105 //// 10248 ///// ///// ////
000000000000000000000000000000000000000000000000000000000000000000000000000000000000000000000000000000000000000000000000=
54903 355100 1152900 00457 00506 4
20100324200000 344 030 344 032 346 041 1903 288 021 012 098 1914 0000 0024 0037 1901 0024 2000 074 072 1901 054 -018 10174 10174 2000 10166 1901 0018 0028 1901 0018 1957 0013 0021 1901 0013 1957 0051 0070 0080 0085 0083 0079 0090 0114 //// 10237 ///// ///// ////
000000000000000000000000000000000000000000000000000000000000000000000000000000000000000000000000000000000000000000000000=
57184 333800 1132200 00834 00847 4
20100324200000 294 030 293 029 292 029 1959 299 031 310 042 1956 0000 0071 0072 1934 0067 1917 059 057 1922 059 -004 10143 10143 2000 10140 1932 0043 0043 1957 0036 1923 0033 0034 1901 0032 1939 0059 0082 0093 0103 0101 0102 0104 0129 //// 10247 ///// ///// ////
000000000000000000000000000000000000000000000000000000000000000000000000000000000000000000000000000000000000000000000000=
57177 332000 1133200 00898 00913 4
20100324200000 286 018 289 019 281 032 1919 282 019 293 049 1923 0000 0080 0091 1901 0080 2000 061 056 1901 065 0009 10136 10137 1903 10133 1924 0040 0061 1915 0040 2000 0033 0041 1907 0033 2000 0036 0071 0077 0097 0105 0104 0105 0121 //// 10248 ///// ///// ////
000000000000000000000000000000000000000000000000000000000000000000000000000000000000000000000000000000000000000000000000=
57075 341000 1125200 02031 02043 4
20100324200000 270 042 275 039 275 039 2000 273 045 259 050 1958 0000 0068 0072 1938 0060 1922 055 053 1934 054 -016 10009 10009 2000 10005 1910 0054 0064 1940 0034 1922 0022 0022 1941 0015 1905 0044 0065 0079 0088 0101 0102 0096 0118 //// 10259 ///// ///// ////
000000000000000000000000000000000000000000000000000000000000000000000000000000000000000000000000000000000000000000000000=
57173 334500 1125300 01457 01468 4
20100324200000 325 020 309 017 309 017 2000 319 021 285 023 1944 0000 0037 0038 1940 0032 1927 066 066 2000 053 -021 10071 10072 1901 10069 1928 0007 0015 1907 -003 1930 0012 0016 1901 0011 1932 0048 0071 0087 0094 0104 0103 0104 0134 //// 10252 ///// ///// ////
000000000000000000000000000000000000000000000000000000000000000000000000000000000000000000000000000000000000000000000000=
57180 335900 1131200 01175 01186 4
20100324200000 293 023 298 025 307 034 1937 285 026 313 053 1905 0000 0075 0083 1901 0075 2000 051 047 1901 053 -020 10105 10105 2000 10100 1934 0050 0058 1912 0047 1945 0021 0023 1911 0020 1934 0048 0072 0087 0097 0102 0099 0101 0131 //// 10251 ///// ///// ////
000000000000000000000000000000000000000000000000000000000000000000000000000000000000000000000000000000000000000000000000=
57181 335300 1130300 01364 01380 4
20100324200000 343 047 338 038 338 038 2000 336 069 336 069 2000 0000 0052 0052 2000 0029 1942 063 063 2000 056 -013 10086 10086 1903 10083 1934 0027 0027 2000 -004 1938 0007 0007 2000 0001 1940 0034 0063 0081 0094 0100 0100 0102 0129 //// 10256 ///// ///// ////
000000000000000000000000000000000000000000000000000000000000000000000000000000000000000000000000000000000000000000000000=
57171 334600 1130700 01420 01430 4
20100324200000 309 046 310 046 314 056 1901 307 040 311 065 1905 0000 0072 0081 1901 0070 1953 050 044 1901 051 -025 10073 10073 2000 10069 1928 0061 0069 1901 0057 1952 0032 0038 1901 0031 1952 0057 0075 0087 0097 0108 0112 0114 0124 //// 10248 ///// ///// ////
000000000000000000000000000000000000000000000000000000000000000000000000000000000000000000000000000000000000000000000000=
57175 330300 1121400 01914 01922 4
20100324200000 279 046 284 036 286 045 1922 271 039 271 065 1915 0000 0067 0074 1918 0066 1954 071 067 1917 070 0018 10031 10032 1919 10028 1907 0035 0044 1901 0031 1952 0026 0032 1901 0025 1951 0055 0076 0091 0100 0106 0108 0110 0138 //// 10267 ///// ///// ////
000000000000000000000000000000000000000000000000000000000000000000000000000000000000000000000000000000000000000000000000=
57156 331800 1113000 02503 02523 4
20100324200000 285 026 285 025 302 031 1906 291 034 319 055 1951 0000 0062 0067 1903 0062 2000 061 061 1954 058 -008 09967 09970 1928 09967 1946 0042 0047 1903 0042 2000 0024 0034 1901 0024 2000 0056 0072 0086 0095 0103 0110 0117 0142 //// 10276 ///// ///// ////
000000000000000000000000000000000000000000000000000000000000000000000000000000000000000000000000000000000000000000000000=
57271 323300 1122300 00879 00897 4
20100324200000 288 052 288 050 288 050 2000 299 053 302 082 1957 0000 0072 0073 1946 0069 1904 079 078 1946 080 0038 10156 10159 1920 10153 1937 0054 0055 1951 0049 1930 0044 0044 1904 0042 1935 0064 0080 0092 0101 0102 0107 0113 0139 //// 10267 ///// ///// ////
000000000000000000000000000000000000000000000000000000000000000000000000000000000000000000000000000000000000000000000000=
57261 330700 1113100 02330 02345 4
20100324200000 141 007 153 008 150 014 1934 144 007 124 016 1922 0000 0047 0055 1901 0047 2000 083 079 1901 071 0021 09982 09983 1902 09979 1942 0003 0015 1935 0003 2000 0020 0028 1901 0020 1959 0054 0073 0086 0094 0114 0122 0127 //// //// 10270 ///// ///// ////
000000000000000000000000000000000000000000000000000000000000000000000000000000000000000000000000000000000000000000000000=
57285 322300 1132500 01530 01492 4
20100324200000 290 038 291 040 291 040 2000 296 074 296 074 2000 0000 0084 0085 1957 0074 1915 063 062 1957 069 0018 10074 10079 1914 10073 1956 0054 0054 1958 0034 1923 0040 0040 1958 0035 1928 0060 0075 0085 0094 0103 0108 0109 0135 //// ///// ///// ///// ////
////////////////////////////////////////////////////////////////////////////////////////////////////////////////////////=
57273 324100 1125100 01095 01105 4
20100324200000 270 029 273 030 290 044 1901 257 030 282 078 1903 0000 0069 0073 1902 0069 1955 069 068 1915 069 0016 10124 10124 1932 10121 1911 0039 0046 1902 0038 1957 0040 0045 1902 0040 1956 0066 0083 0094 0102 0110 0111 0112 0136 //// 10260 ///// ///// ////
000000000000000000000000000000000000000000000000000000000000000000000000000000000000000000000000000000000000000000000000=
57187 330400 1125600 01180 01193 4
20100324200000 139 010 127 011 138 012 1952 152 009 113 014 1922 0000 0031 0036 1901 0031 2000 094 093 1905 072 0022 10102 10102 2000 10099 1921 -007 0007 1922 -009 1946 0016 0023 1901 0016 2000 0049 0069 0088 0098 0111 0111 0109 0131 //// 10250 ///// ///// ////
000000000000000000000000000000000000000000000000000000000000000000000000000000000000000000000000000000000000000000000000=
57178 330200 1123500 01292 01305 4
20100324200000 112 016 104 014 104 014 2000 107 014 116 019 1958 0000 0054 0078 1901 0054 2000 074 060 1901 066 0011 10098 10099 1924 10095 1949 -003 0005 1901 -010 1930 0029 0037 1901 0029 1959 0059 0078 0088 0093 0109 0108 0109 0132 0000 10259 ///// ///// ////
000000000000000000000000000000000000000000000000000000000000000000000000000000000000000000000000000000000000000000000000
120 000 000 /// //// /////////////////////CIE /// //// 6///1 0//// 7//// 1//// 2//// 3//// /// /// /// // 911// 915// 919// 934// 939//=
57169 330300 1115200 01591 01600 4
20100324200000 287 014 311 025 319 032 1942 268 011 285 051 1927 0000 0068 0073 1906 0067 1927 076 073 1907 075 0029 10077 10078 1916 10074 1949 0051 0054 1901 0050 1928 0034 0041 1912 0034 1925 0058 0075 0088 0097 0104 0106 0108 0133 //// 10274 ///// ///// ////
000000000000000000000000000000000000000000000000000000000000000000000000000000000000000000000000000000000000000000000000=
57176 332900 1122500 02311 02304 4
20100324200000 335 011 301 020 291 023 1957 054 013 271 041 1952 0000 0075 0076 1958 0064 1947 049 047 1955 051 -025 09979 09979 1904 09976 1916 0035 0041 1926 0027 1949 0024 0028 1901 0023 1948 0051 0069 0082 0093 0110 0112 0112 0130 //// 10261 ///// ///// ////
000000000000000000000000000000000000000000000000000000000000000000000000000000000000000000000000000000000000000000000000=
57179 331700 1130000 01604 01616 4
20100324200000 235 014 224 015 207 023 1909 237 014 195 030 1903 0000 0044 0051 1909 0044 1959 093 093 1901 078 0034 10055 10057 1910 10055 1925 0003 0027 1911 -001 1954 0028 0036 1904 0028 2000 0058 0075 0086 0094 0102 0104 0105 0132 //// 10255 ///// ///// ////
000000000000000000000000000000000000000000000000000000000000000000000000000000000000000000000000000000000000000000000000=
57274 324200 1120700 01076 01088 4
20100324200000 273 031 272 031 274 034 1939 277 030 296 051 1934 0000 0064 0065 1937 0061 1908 077 077 1932 074 0027 10133 10136 1909 10132 1930 0038 0041 1944 0026 1907 0040 0041 1944 0039 1908 0066 0080 0093 0102 0114 0116 0115 0140 //// 10268 ///// ///// ////
000000000000000000000000000000000000000000000000000000000000000000000000000000000000000000000000000000000000000000000000=
57065 343000 1121100 01949 01964 4
20100324200000 264 048 267 046 268 050 1947 260 053 260 077 1939 0000 0082 0085 1944 0068 1901 040 038 1941 043 -046 10030 10030 1957 10027 1915 0047 0048 1952 0044 1931 0046 0048 1945 0043 1924 0071 0086 0095 0101 0100 0103 0110 0138 //// 10269 ///// ///// ////
000000000000000000000000000000000000000000000000000000000000000000000000000000000000000000000000000000000000000000000000=
57074 342500 1122500 01973 01989 4
20100324200000 309 038 305 037 305 037 2000 015 026 291 075 1943 0000 0093 0093 2000 0072 1911 042 042 1955 049 -029 10022 10022 2000 10018 1939 0076 0077 1941 0029 1909 0046 0047 1956 0032 1909 0067 0083 0094 0101 0102 0103 0102 0125 //// 10264 ///// ///// ////
000000000000000000000000000000000000000000000000000000000000000000000000000000000000000000000000000000000000000000000000=
57076 344400 1124700 01895 01901 4
20100324200000 290 009 300 009 281 017 1903 285 009 287 021 1903 0000 0064 0070 1904 0063 1937 056 052 1901 054 -017 10026 10027 1901 10024 1935 -006 0020 1901 -006 1959 0006 0018 1901 0006 2000 0044 0065 0080 0088 0092 0089 0089 0120 //// 10258 ///// ///// ////
000000000000000000000000000000000000000000000000000000000000000000000000000000000000000000000000000000000000000000000000=
57070 344400 1120700 03640 03595 4
20100324200000 325 079 320 074 323 081 1953 313 074 336 130 1946 0000 0088 0091 1946 0066 1910 029 028 1959 033 -083 09828 09828 1958 09823 1940 0073 0076 1950 0048 1907 0040 0042 1950 0029 1918 0059 0075 0084 0089 0090 0092 0095 0122 //// 10261 ///// ///// ////
000000000000000000000000000000000000000000000000000000000000000000000000000000000000000000000000000000000000000000000000=
57162 340900 1120500 03258 03275 4
20100324200000 000 000 141 006 226 015 1931 172 004 237 021 1931 0000 0060 //// //// //// //// 056 /// //// 052 -021 09875 ///// //// ///// //// 0001 0028 1931 -002 1906 0007 0012 1931 0007 2000 0044 0066 0081 0092 0096 0097 0101 0131 //// 10273 ///// ///// ////
000000000000000000000000000000000000000000000000000000000000000000000000000000000000000000000000000000000000000000000000=
57078 340900 1122800 03365 03340 4
20100324200000 301 054 303 058 303 058 2000 327 047 302 114 1956 0000 0097 0097 2000 0084 1948 034 033 1955 041 -054 09858 09859 1954 09849 1910 0073 0073 2000 0052 1915 0031 0031 2000 0023 1915 0043 0059 0073 0084 0096 0098 0097 0118 //// 10261 ///// ///// ////
000000000000000000000000000000000000000000000000000000000000000000000000000000000000000000000000000000000000000000000000=
57071 344900 1122600 03333 03332 4
20100324200000 221 044 222 048 220 055 1946 218 049 218 089 1925 0000 0084 0084 1948 0074 1901 035 035 1959 039 -062 09857 09857 2000 09854 1914 0068 0069 1955 0060 1903 0037 0038 1948 0033 1901 0058 0071 0080 0087 0088 0089 0091 0119 //// 10260 ///// ///// ////
000000000000000000000000000000000000000000000000000000000000000000000000000000000000000000000000000000000000000000000000=
57066 342300 1114000 03283 03298 4
20100324200000 324 025 322 025 322 026 1959 322 027 336 070 1959 0000 0090 0090 2000 0067 1937 027 027 2000 031 -090 09879 09879 1949 09875 1915 0055 0055 2000 0013 1938 0025 0025 2000 0010 1938 0045 0065 0079 0087 0091 0091 0090 0115 //// 10278 ///// ///// ////
000000000000000000000000000000000000000000000000000000000000000000000000000000000000000000000000000000000000000000000000=
57077 334700 1113900 07424 07388 4
20100324200000 282 029 278 028 272 035 1906 296 022 265 050 1905 0000 0013 0019 1901 0013 1959 075 070 1906 050 -026 09400 09403 1916 09399 1908 -006 0000 1907 -010 1946 -001 0000 1905 -001 1956 0024 0043 0055 0065 0082 0086 0091 0116 //// 10290 ///// ///// ////
000000000000000000000000000000000000000000000000000000000000000000000000000000000000000000000000000000000000000000000000=
57185 332700 1133500 00911 00921 4
20100324200000 270 032 273 035 277 041 1955 273 032 268 047 1951 0000 0051 0051 2000 0048 1934 076 076 2000 067 0012 10132 10132 2000 10130 1922 0012 0021 1923 0010 1936 0024 0030 1907 0024 2000 0057 0072 0086 0087 0107 0103 0101 0123 //// 10246 ///// ///// ////
000000000000000000000000000000000000000000000000000000000000000000000000000000000000000000000000000000000000000000000000=
57183 334800 1135500 00600 00615 4
20100324200000 301 037 302 039 304 045 1925 302 033 308 066 1921 0000 0071 0071 1958 0064 1909 057 057 1956 057 -008 10161 10162 1955 10160 1948 0037 0039 1956 0022 1911 0032 0034 1924 0032 1943 0058 0076 0090 0099 0104 0099 0097 0122 //// 10237 ///// ///// ////
000000000000000000000000000000000000000000000000000000000000000000000000000000000000000000000000000000000000000000000000=
57186 333600 1140300 00587 00598 4
20100324200000 283 027 283 029 276 038 1927 282 021 292 056 1921 0000 0059 0071 1923 0059 2000 066 062 1920 061 0000 10165 10167 1901 10164 1931 0028 0044 1908 0025 1955 0030 0038 1908 0030 2000 0060 0081 0092 0102 0105 0102 0102 0133 //// 10239 ///// ///// ////
000000000000000000000000000000000000000000000000000000000000000000000000000000000000000000000000000000000000000000000000=
57191 342900 1142900 00634 00642 4
20100324200000 282 023 279 022 276 033 1929 320 025 294 064 1922 0000 0088 0093 1924 0088 2000 041 037 1901 046 -037 10155 10155 2000 10152 1901 0073 0076 1926 0070 1941 0039 0040 1928 0038 1940 0066 0079 0089 0095 0098 0093 0095 0125 //// 10234 ///// ///// ////
000000000000000000000000000000000000000000000000000000000000000000000000000000000000000000000000000000000000000000000000=
57096 343200 1144700 00597 00607 4
20100324200000 316 036 314 035 314 036 1957 319 038 333 057 1957 0000 0079 0079 2000 0057 1901 047 047 2000 050 -027 10152 10152 2000 10147 1922 0026 0026 2000 -006 1901 0020 0020 2000 0005 1903 0053 0082 0098 0104 0105 0099 0101 0128 //// 10227 ///// ///// ////
000000000000000000000000000000000000000000000000000000000000000000000000000000000000000000000000000000000000000000000000=
57093 345100 1144900 00733 00740 4
20100324200000 336 038 329 034 325 035 1958 009 036 347 067 1957 0000 0062 0075 1904 0062 2000 067 051 1901 063 0005 10143 10143 2000 10136 1905 0054 0064 1902 0054 2000 0035 0035 1944 0031 1901 0062 0083 0096 0101 0097 0089 0093 0121 //// 10234 ///// ///// ////
000000000000000000000000000000000000000000000000000000000000000000000000000000000000000000000000000000000000000000000000=
57091 344700 1141800 00737 00748 4
20100324200000 011 025 007 026 348 038 1941 013 029 037 067 1939 0000 0078 0095 1909 0078 2000 041 032 1910 043 -046 10150 10150 2000 10141 1901 0047 0055 1941 0043 1935 0041 0047 1912 0041 2000 0073 0092 0102 0100 0105 0100 0101 0123 //// 10242 ///// ///// ////
000000000000000000000000000000000000000000000000000000000000000000000000000000000000000000000000000000000000000000000000=
53978 350500 1123800 01401 01409 4
20100324200000 342 099 336 076 336 076 2000 336 082 347 154 1959 0000 0108 0117 1901 0108 1957 014 014 2000 018 -156 10084 10085 1959 10080 1902 0086 0087 1953 0078 1926 0059 0059 2000 0051 1902 0069 0082 0091 0100 0093 0092 0097 0125 //// 10255 ///// ///// ////
000000000000000000000000000000000000000000000000000000000000000000000000000000000000000000000000000000000000000000000000=
53984 351400 1132800 00827 00837 4
20100324200000 316 043 311 042 308 043 1958 310 045 319 061 1958 0000 0092 0093 1949 0079 1921 023 022 1956 027 -109 10143 10143 2000 10139 1901 0055 0055 1959 0003 1913 0026 0026 2000 0015 1915 0060 0078 0086 0095 0098 0095 0095 0121 //// 10246 ///// ///// ////
000000000000000000000000000000000000000000000000000000000000000000000000000000000000000000000000000000000000000000000000=
53987 350600 1132500 00910 00918 4
20100324200000 301 024 304 030 301 036 1943 330 031 299 080 1943 0000 0103 0103 2000 0089 1911 019 019 1958 024 -123 10133 10133 2000 10130 1903 0088 0090 1951 0078 1902 0045 0048 1927 0045 1903 0068 0082 0092 0100 0100 0098 0100 0127 //// 10245 ///// ///// ////
000000000000000000000000000000000000000000000000000000000000000000000000000000000000000000000000000000000000000000000000=
57079 345700 1130200 01064 01069 4
20100324200000 330 048 328 050 324 057 1936 323 055 344 084 1942 0000 0097 0102 1946 0056 1901 022 019 1948 026 -110 10118 10119 1959 10113 1902 0076 0085 1945 0037 1901 0038 0041 1946 0019 1901 0059 0071 0083 0091 0097 0096 0095 0120 //// 10249 ///// ///// ////
000000000000000000000000000000000000000000000000000000000000000000000000000000000000000000000000000000000000000000000000=
53972 350700 1125500 01196 01210 4
20100324200000 316 033 316 036 317 045 1918 333 027 296 105 1917 0000 0109 0117 1920 0108 1945 013 012 1950 017 -165 10106 10106 2000 10102 1902 0073 0087 1916 0050 1943 0043 0051 1919 0038 1943 0067 0082 0094 0103 0099 0098 0108 0136 //// 10253 ///// ///// ////
000000000000000000000000000000000000000000000000000000000000000000000000000000000000000000000000000000000000000000000000=
57072 345500 1124500 01275 01285 4
20100324200000 338 059 330 048 330 048 2000 318 074 318 074 2000 0000 0095 0095 2000 0087 1943 024 024 2000 028 -101 10097 10097 2000 10094 1905 0083 0083 2000 0069 1931 0039 0040 1901 0034 1935 0058 0075 0084 0089 0088 0086 0086 0113 //// 10254 ///// ///// ////
000000000000000000000000000000000000000000000000000000000000000000000000000000000000000000000000000000000000000000000000=
53982 351400 1131600 01120 01135 4
20100324200000 284 026 290 031 292 037 1954 255 020 319 073 1954 0000 0111 0114 1901 0110 1951 013 013 2000 017 -163 10109 10110 1957 10105 1901 0078 0080 1957 0067 1901 0045 0049 1904 0043 1946 0072 0086 0096 0103 0100 0098 0100 0131 //// 10247 ///// ///// ////
000000000000000000000000000000000000000000000000000000000000000000000000000000000000000000000000000000000000000000000000=
53979 350900 1130500 01200 01211 4
20100324200000 306 064 311 065 323 075 1934 296 076 313 111 1932 0000 0110 0116 1905 0110 2000 013 013 2000 017 -164 10107 10107 2000 10100 1901 0096 0102 1905 0095 1951 0061 0071 1934 0061 2000 0069 0081 0094 0101 0099 0099 0104 0132 //// 10254 ///// ///// ////
000000000000000000000000000000000000000000000000000000000000000000000000000000000000000000000000000000000000000000000000=
53992 353900 1143100 00582 00592 4
20100324200000 351 073 348 074 355 084 1903 359 068 004 125 1901 0000 0028 0036 1901 0028 2000 072 069 1901 054 -017 10180 10180 2000 10170 1901 0019 0029 1901 0019 2000 0011 0018 1901 0011 2000 0051 0066 0082 0088 0087 0082 0087 0121 //// 10253 ///// ///// ////
000000000000000000000000000000000000000000000000000000000000000000000000000000000000000000000000000000000000000000000000=
53974 353700 1141100 00723 00739 4
20100324200000 006 044 006 053 008 064 1947 029 028 353 119 1947 0000 0045 0053 1901 0045 2000 059 055 1901 050 -028 10160 10161 1957 10153 1901 0033 0041 1905 0033 2000 0029 0037 1901 0029 2000 0063 0081 0093 0098 0093 0091 0097 0124 //// 10251 ///// ///// ////
000000000000000000000000000000000000000000000000000000000000000000000000000000000000000000000000000000000000000000000000=
53990 354300 1141900 00795 00805 4
20100324200000 350 095 346 095 346 095 2000 350 086 350 128 1948 0000 0033 0039 1901 0033 2000 068 064 1920 053 -020 10158 10158 2000 10148 1907 0028 0035 1901 0028 1959 0019 0025 1901 0019 1959 0060 0078 0087 0095 0094 0084 0083 0110 //// 10258 ///// ///// ////
000000000000000000000000000000000000000000000000000000000000000000000000000000000000000000000000000000000000000000000000=
53991 355600 1142100 00743 00753 4
20100324200000 008 036 010 035 010 035 2000 061 018 004 076 1959 0000 0029 0037 1901 0029 2000 067 065 1901 050 -026 10169 10169 2000 10160 1902 0019 0027 1901 0017 1957 0012 0021 1901 0011 1957 0053 0074 0081 0091 0089 0083 0087 0118 //// 10262 ///// ///// ////
000000000000000000000000000000000000000000000000000000000000000000000000000000000000000000000000000000000000000000000000=
53993 355600 1145500 00516 00524 4
20100324200000 356 042 352 039 354 049 1916 349 055 013 083 1935 0000 0024 0032 1901 0024 2000 071 069 1901 052 -023 10187 10187 2000 10177 1901 0016 0026 1901 0016 1959 0009 0020 1901 0009 2000 0048 0068 0078 0082 0085 0075 0075 0108 //// 10252 ///// ///// ////
000000000000000000000000000000000000000000000000000000000000000000000000000000000000000000000000000000000000000000000000=
53889 360400 1134900 03068 03086 4
20100324200000 097 045 097 051 094 065 1908 123 028 082 095 1905 0000 0024 0038 1901 0024 2000 065 055 1901 047 -035 09878 09878 2000 09864 1907 0017 0031 1901 0017 2000 0011 0022 1901 0011 2000 0042 0056 0066 0074 0079 0075 0087 0098 //// 10255 ///// ///// ////
000000000000000000000000000000000000000000000000000000000000000000000000000000000000000000000000000000000000000000000000=
53995 353300 1143000 00625 00645 4
20100324200000 348 047 347 050 349 064 1901 353 035 336 112 1914 0000 0032 0041 1901 0032 2000 065 060 1901 050 -027 10168 10170 1957 10161 1914 0021 0033 1901 0021 2000 0015 0025 1901 0015 2000 0058 0080 0088 0094 0092 0086 0087 0116 //// 10248 ///// ///// ////
000000000000000000000000000000000000000000000000000000000000000000000000000000000000000000000000000000000000000000000000=
NNNN
