57090 344300 1135800 00781 00802 4
20100325040000 051 054 027 042 029 047 0311 043 050 052 083 0307 0000 0092 0092 0400 0072 0301 045 045 0400 052 -021 10220 10230 0302 10220 0356 0214 0219 0349 0175 0311 0288 0290 0359 0240 0301 0151 0108 0093 0092 0094 0094 0087 0119 //// 10320 ///// ///// ////
000000000000000000000000000000000000000000000000000000000000000000000000000000000000000000000000000000000000000000000000=
57083 344300 1133900 01104 01116 4
20100325040000 017 022 034 031 056 042 0309 028 018 011 066 0351 0000 0089 0089 0400 0080 0301 042 042 0400 048 -033 10183 10192 0305 10181 0351 0418 0423 0317 0346 0307 0301 0307 0355 0257 0306 0145 0113 0098 0095 0096 0099 0103 0126 0003 10321 ///// ///// ////
000000000000000000000000000000000000000000000000000000000000000000000000000000000000000000000000000000000000000000000000
110 006 000 /// //// /////////////////////CIE /// //// 6///1 0//// 7//// 1//// 2//// 3//// /// /// /// // 911// 915// 919// 934// 939//=
57086 342300 1134300 01166 01168 4
20100325040000 047 056 038 061 035 063 0356 052 051 046 094 0316 0000 0090 0093 0345 0072 0309 046 044 0347 053 -020 10174 10184 0301 10174 0357 0187 0222 0346 0129 0309 0266 0272 0344 0202 0310 0147 0108 0095 0093 0095 0095 0094 0116 //// 10319 ///// ///// ////
000000000000000000000000000000000000000000000000000000000000000000000000000000000000000000000000000000000000000000000000=
57085 343200 1132000 02599 02648 4
20100325040000 024 038 358 040 349 045 0356 038 025 355 093 0351 0000 0098 0101 0348 0095 0310 023 019 0336 028 -103 09986 09995 0303 09986 0400 0181 0191 0345 0159 0307 0301 0314 0346 0267 0307 0158 0112 0098 0093 0098 0098 0094 0121 //// 10310 ///// ///// ////
000000000000000000000000000000000000000000000000000000000000000000000000000000000000000000000000000000000000000000000000=
57081 344800 1132600 01409 01419 4
20100325040000 091 027 047 026 054 029 0301 091 048 035 056 0353 0000 0094 0096 0353 0082 0318 037 036 0355 044 -045 10142 10152 0309 10142 0400 0220 0244 0349 0211 0301 0294 0307 0349 0259 0301 0156 0112 0096 0088 0088 0094 0096 0117 //// 10317 ///// ///// ////
000000000000000000000000000000000000000000000000000000000000000000000000000000000000000000000000000000000000000000000000=
57084 343000 1130300 11784 11790 4
20100325040000 237 049 213 044 211 049 0355 226 043 254 101 0352 0000 0038 0038 0400 0028 0313 022 020 0303 018 -160 08919 08927 0303 08918 0352 0159 0169 0357 0114 0315 0226 0227 0359 0172 0310 0124 0067 0045 0041 0053 //// //// //// //// 10303 ///// ///// ////
000000000000000000000000000000000000000000000000000000000000000000000000000000000000000000000000000000000000000000000000=
57080 344400 1125800 01652 01661 4
20100325040000 319 046 285 038 333 048 0334 291 035 344 089 0337 0000 0111 0112 0353 0107 0301 014 014 0359 018 -154 10111 10123 0301 10111 0358 0214 0262 0348 0211 0359 0304 0322 0353 0293 0323 0149 0105 0089 0087 0087 0088 0089 0119 //// 10315 ///// ///// ////
000000000000000000000000000000000000000000000000000000000000000000000000000000000000000000000000000000000000000000000000=
57082 342800 1130100 04271 04284 4
20100325040000 334 041 329 040 335 056 0342 327 059 322 110 0325 0000 0089 0091 0356 0085 0304 014 014 0327 016 -172 09793 09801 0304 09793 0357 0200 0228 0320 0160 0304 0274 0282 0357 0219 0304 0143 0105 0088 0084 0091 0097 0101 //// //// 10313 ///// ///// ////
000000000000000000000000000000000000000000000000000000000000000000000000000000000000000000000000000000000000000000000000=
57295 323700 1142100 00785 00802 4
20100325040000 352 051 360 054 347 064 0314 358 033 358 127 0308 0000 0118 0122 0323 0117 0348 036 030 0305 050 -028 10204 10205 0359 10201 0315 0272 0276 0356 0238 0315 0209 0209 0400 0183 0301 0150 0103 0090 0088 0096 0100 0103 0127 //// 10303 ///// ///// ////
000000000000000000000000000000000000000000000000000000000000000000000000000000000000000000000000000000000000000000000000=
57189 330800 1135700 00646 00655 4
20100325040000 022 045 019 047 335 076 0304 338 050 313 132 0306 0000 0110 0122 0316 0109 0359 052 021 0306 068 0015 10229 10232 0345 10225 0312 0183 0200 0355 0172 0301 0190 0194 0356 0161 0301 0128 0098 0088 0085 0093 0097 0099 0122 //// 10310 ///// ///// ////
000000000000000000000000000000000000000000000000000000000000000000000000000000000000000000000000000000000000000000000000=
57194 331700 1141600 00598 00609 4
20100325040000 012 049 011 047 015 059 0320 007 049 344 108 0321 0000 0095 0096 0355 0088 0331 052 047 0335 062 0001 10236 10237 0348 10234 0303 0176 0190 0350 0156 0305 0201 0206 0355 0173 0304 0120 0099 0090 0088 0094 0094 0098 0126 //// 10312 ///// ///// ////
000000000000000000000000000000000000000000000000000000000000000000000000000000000000000000000000000000000000000000000000=
57197 330000 1142000 00489 00545 4
20100325040000 019 043 007 042 007 054 0311 029 057 358 111 0306 0000 0115 0115 0341 0109 0307 046 042 0332 062 0003 10241 10242 0348 10239 0315 0239 0241 0354 0207 0347 0206 0206 0400 0180 0307 0140 0109 0089 0081 0095 0100 0101 0125 //// 10309 ///// ///// ////
000000000000000000000000000000000000000000000000000000000000000000000000000000000000000000000000000000000000000000000000=
57294 325000 1140100 00836 00846 4
20100325040000 358 072 006 078 003 083 0354 001 038 015 160 0354 0000 0120 0125 0345 0117 0311 021 021 0358 029 -096 10196 10202 0318 10196 0354 0166 0184 0343 0157 0348 0180 0188 0344 0164 0303 0121 0094 0084 0085 0095 0106 0102 0118 //// 10300 ///// ///// ////
000000000000000000000000000000000000000000000000000000000000000000000000000000000000000000000000000000000000000000000000=
57292 325800 1143800 00444 00453 4
20100325040000 014 088 358 079 357 091 0350 001 081 344 144 0345 0000 0100 0102 0339 0095 0317 049 044 0346 060 -002 10254 10260 0316 10252 0302 0207 0209 0333 0179 0301 0169 0170 0345 0149 0301 0118 0095 0087 0090 0096 0103 0105 0133 //// 10310 ///// ///// ////
000000000000000000000000000000000000000000000000000000000000000000000000000000000000000000000000000000000000000000000000=
57195 333700 1143700 00466 00476 4
20100325040000 036 028 051 031 036 041 0327 339 014 029 091 0326 0000 0095 0095 0400 0081 0303 044 043 0343 052 -021 10256 10258 0301 10254 0328 0185 0187 0341 0147 0309 0225 0225 0400 0174 0312 0140 0101 0089 0090 0100 0099 0102 0142 //// 10315 ///// ///// ////
000000000000000000000000000000000000000000000000000000000000000000000000000000000000000000000000000000000000000000000000=
57193 334700 1143100 00526 00541 4
20100325040000 356 046 344 041 355 060 0313 355 053 347 120 0308 0000 0089 0089 0354 0073 0301 048 048 0359 055 -015 10248 10252 0319 10246 0344 0197 0210 0357 0148 0301 0212 0219 0357 0159 0301 0124 0098 0091 0090 0103 0102 0105 0131 //// 10316 ///// ///// ////
000000000000000000000000000000000000000000000000000000000000000000000000000000000000000000000000000000000000000000000000=
57099 340400 1145100 00526 00536 4
20100325040000 346 047 351 053 351 059 0356 002 039 005 093 0319 0000 0086 0086 0400 0071 0301 052 049 0350 058 -007 10243 10252 0314 10243 0400 0169 0180 0341 0132 0316 0247 0247 0400 0191 0316 0134 0096 0082 0084 0099 0096 0099 0131 //// 10310 ///// ///// ////
000000000000000000000000000000000000000000000000000000000000000000000000000000000000000000000000000000000000000000000000=
58101 335200 1152900 00413 00428 4
20100325040000 337 081 345 082 353 090 0315 330 081 018 165 0313 0000 0081 0081 0400 0071 0316 052 050 0356 056 -012 10245 10249 0338 10244 0309 0182 0187 0329 0130 0317 0213 0213 0400 0165 0317 0129 0095 0085 0087 0097 0098 0100 0130 //// 10298 ///// ///// ////
000000000000000000000000000000000000000000000000000000000000000000000000000000000000000000000000000000000000000000000000=
57192 334400 1145100 00455 00466 4
20100325040000 266 019 311 028 315 045 0313 310 028 313 080 0326 0000 0091 0091 0400 0077 0301 049 047 0351 057 -010 10253 10258 0311 10253 0400 0224 0224 0349 0161 0324 0282 0282 0400 0200 0307 0136 0097 0090 0093 0106 0107 0107 0140 //// 10311 ///// ///// ////
000000000000000000000000000000000000000000000000000000000000000000000000000000000000000000000000000000000000000000000000=
57098 340500 1142400 00583 00593 4
20100325040000 014 062 007 061 359 063 0347 009 070 040 105 0358 0000 0088 0091 0357 0075 0301 049 048 0359 055 -013 10239 10249 0301 10238 0358 0192 0209 0321 0161 0307 0187 0189 0321 0161 0307 0145 0109 0090 0088 0099 0097 0098 0129 //// 10313 ///// ///// ////
000000000000000000000000000000000000000000000000000000000000000000000000000000000000000000000000000000000000000000000000=
57190 334500 1142400 00505 00516 4
20100325040000 009 061 012 067 012 087 0301 007 067 002 120 0336 0000 0088 0088 0400 0073 0301 052 049 0337 059 -005 10249 10253 0301 10249 0400 0153 0159 0356 0121 0302 0200 0206 0355 0146 0304 0125 0094 0084 0085 0096 0098 0101 0130 //// 10314 ///// ///// ////
000000000000000000000000000000000000000000000000000000000000000000000000000000000000000000000000000000000000000000000000=
57088 340900 1133000 01161 01177 4
20100325040000 066 044 065 043 089 061 0318 091 035 076 087 0303 0000 0103 0105 0350 0088 0312 042 041 0342 053 -020 10167 10176 0301 10167 0400 0193 0223 0349 0159 0317 0284 0311 0349 0230 0316 0163 0113 0094 0091 0097 0100 0103 0126 //// 10313 ///// ///// ////
000000000000000000000000000000000000000000000000000000000000000000000000000000000000000000000000000000000000000000000000=
57095 340700 1140900 00611 00622 4
20100325040000 008 040 013 040 014 053 0328 318 032 024 105 0342 0000 0094 0094 0400 0079 0301 047 045 0345 055 -013 10238 10246 0307 10238 0400 0166 0171 0357 0133 0304 0255 0255 0400 0204 0304 0168 0131 0109 0097 0098 0096 0097 0125 //// 10316 ///// ///// ////
000000000000000000000000000000000000000000000000000000000000000000000000000000000000000000000000000000000000000000000000=
57182 335100 1133000 00805 00814 4
20100325040000 058 037 052 049 054 055 0301 067 039 048 084 0353 0000 0100 0102 0301 0097 0314 046 042 0309 056 -011 10213 10219 0306 10212 0349 0203 0203 0400 0171 0314 0319 0319 0400 0265 0301 0157 0106 0097 0098 0107 0106 0108 0139 //// 10314 ///// ///// ////
000000000000000000000000000000000000000000000000000000000000000000000000000000000000000000000000000000000000000000000000=
57087 341200 1134800 00877 00885 4
20100325040000 046 038 050 037 049 047 0350 034 066 037 075 0326 0000 0094 0094 0400 0082 0301 047 045 0345 055 -013 10209 10219 0309 10208 0358 0213 0213 0400 0170 0305 0260 0260 0400 0209 0306 0142 0107 0092 0089 0097 0095 0098 0123 //// 10319 ///// ///// ////
000000000000000000000000000000000000000000000000000000000000000000000000000000000000000000000000000000000000000000000000=
57297 320800 1140300 01145 01154 4
20100325040000 348 077 354 081 356 084 0356 012 064 344 168 0329 0000 0132 0132 0304 0125 0326 016 014 0358 024 -121 10155 10159 0317 10155 0351 0258 0262 0356 0191 0322 0204 0205 0356 0157 0322 0132 0106 0094 0089 0103 0113 0116 //// //// 10297 ///// ///// ////
000000000000000000000000000000000000000000000000000000000000000000000000000000000000000000000000000000000000000000000000=
57390 314800 1140400 07335 07347 4
20100325040000 012 035 008 035 003 050 0336 074 023 350 125 0324 0000 0101 0101 0400 0082 0319 036 033 0354 044 -043 09422 09425 0301 09421 0321 0175 0186 0340 0117 0315 0216 0218 0356 0149 0318 0114 0070 0058 0057 0069 0088 //// //// //// 10299 ///// ///// ////
000000000000000000000000000000000000000000000000000000000000000000000000000000000000000000000000000000000000000000000000=
58207 321000 1150300 00428 00440 4
20100325040000 337 065 341 074 343 079 0359 326 053 341 116 0357 0000 0117 0119 0301 0115 0346 032 029 0357 044 -044 10246 10248 0325 10244 0301 0195 0197 0354 0170 0311 0124 0124 0400 0115 0301 0190 0101 0089 0086 0101 0111 0113 0137 //// 10301 ///// ///// ////
000000000000000000000000000000000000000000000000000000000000000000000000000000000000000000000000000000000000000000000000=
58205 322800 1152600 00349 00360 4
20100325040000 356 075 349 066 334 080 0301 346 073 345 113 0340 0000 0117 0120 0357 0112 0301 039 036 0301 054 -018 10252 10253 0335 10248 0307 0158 0166 0344 0141 0301 0175 0182 0353 0153 0301 0156 0131 0115 0101 0106 0111 0111 0123 //// 10297 ///// ///// ////
000000000000000000000000000000000000000000000000000000000000000000000000000000000000000000000000000000000000000000000000=
58208 321000 1153700 00429 00439 4
20100325040000 002 057 000 065 352 080 0325 346 047 341 115 0324 0000 0114 0115 0322 0112 0305 037 031 0324 050 -028 10243 10243 0400 10240 0356 0189 0198 0354 0168 0325 0162 0164 0354 0150 0325 0120 0097 0086 0085 0098 0109 0113 0139 //// 10298 ///// ///// ////
000000000000000000000000000000000000000000000000000000000000000000000000000000000000000000000000000000000000000000000000=
53989 350300 1135700 00766 00777 4
20100325040000 038 043 035 042 028 063 0308 052 045 021 100 0305 0000 0085 0086 0351 0068 0308 043 043 0400 048 -034 10226 10232 0301 10225 0331 0204 0217 0359 0151 0308 0284 0285 0359 0222 0308 0133 0097 0086 0084 0093 0092 0096 0123 //// 10323 ///// ///// ////
000000000000000000000000000000000000000000000000000000000000000000000000000000000000000000000000000000000000000000000000=
53997 350900 1141100 00711 00723 4
20100325040000 017 057 024 054 036 064 0347 006 053 034 103 0341 0000 0084 0084 0400 0072 0301 045 045 0400 050 -028 10228 10235 0308 10228 0400 0219 0222 0353 0189 0303 0273 0276 0358 0227 0301 0143 0104 0088 0088 0094 0094 0097 0124 //// 10318 ///// ///// ////
000000000000000000000000000000000000000000000000000000000000000000000000000000000000000000000000000000000000000000000000=
53986 351900 1135300 00732 00740 4
20100325040000 068 044 066 052 066 065 0341 091 059 077 106 0341 0000 0084 0087 0352 0072 0308 049 047 0357 054 -017 10228 10236 0302 10227 0348 0180 0181 0354 0136 0309 0269 0269 0400 0211 0301 0128 0097 0087 0087 0092 0095 0098 0127 //// 10320 ///// ///// ////
000000000000000000000000000000000000000000000000000000000000000000000000000000000000000000000000000000000000000000000000=
53994 352300 1140400 00700 00712 4
20100325040000 061 033 064 045 048 063 0302 048 028 062 090 0319 0000 0085 0086 0348 0070 0302 044 044 0400 049 -030 10230 10237 0309 10230 0400 0215 0216 0358 0166 0302 0332 0332 0400 0259 0302 0148 0096 0085 0086 0090 0090 0095 0127 //// 10319 ///// ///// ////
000000000000000000000000000000000000000000000000000000000000000000000000000000000000000000000000000000000000000000000000=
53988 351600 1134000 00776 00784 4
20100325040000 103 025 108 027 080 051 0316 121 023 073 079 0303 0000 0092 0092 0400 0076 0311 040 039 0358 047 -037 10219 10225 0301 10219 0400 0255 0255 0400 0200 0303 0318 0318 0400 0244 0301 0159 0103 0088 0089 0091 0092 0099 0126 //// 10316 ///// ///// ////
000000000000000000000000000000000000000000000000000000000000000000000000000000000000000000000000000000000000000000000000=
53998 351200 1143900 00616 00625 4
20100325040000 356 047 008 061 354 076 0306 302 063 004 134 0326 0000 0082 0083 0343 0072 0303 044 042 0329 048 -033 10239 10242 0318 10238 0336 0182 0194 0327 0167 0307 0256 0260 0347 0226 0305 0138 0098 0086 0088 0095 0095 0096 0128 //// 10317 ///// ///// ////
000000000000000000000000000000000000000000000000000000000000000000000000000000000000000000000000000000000000000000000000=
57051 344800 1111200 04099 04117 4
20100325040000 310 039 308 049 313 057 0344 308 021 277 097 0309 0000 0098 0101 0354 0087 0314 013 013 0355 016 -173 09836 09844 0313 09834 0349 0250 0262 0358 0181 0314 0316 0326 0355 0241 0314 0149 0101 0087 0083 0081 0087 0087 0114 //// 10339 ///// ///// ////
000000000000000000000000000000000000000000000000000000000000000000000000000000000000000000000000000000000000000000000000=
57063 344600 1114600 05236 05236 4
20100325040000 305 069 304 062 284 074 0343 313 098 296 125 0312 0000 0091 0091 0400 0079 0325 015 015 0345 017 -162 09686 09697 0302 09686 0400 0209 0217 0343 0164 0323 0284 0290 0343 0226 0323 0114 0077 0067 0069 0074 0077 0083 0110 //// 10325 ///// ///// ////
000000000000000000000000000000000000000000000000000000000000000000000000000000000000000000000000000000000000000000000000=
57067 340300 1110200 05688 05699 4
20100325040000 069 021 036 023 024 028 0333 052 036 040 058 0326 0000 0077 0077 0358 0065 0301 018 015 0353 019 -151 09640 09647 0303 09640 0400 0173 0210 0356 0145 0310 0177 0186 0356 0146 0302 0093 0065 0069 0063 0084 0095 0095 0122 //// 10339 ///// ///// ////
000000000000000000000000000000000000000000000000000000000000000000000000000000000000000000000000000000000000000000000000=
57056 343200 1105300 03904 03909 4
20100325040000 294 034 264 040 241 041 0355 316 043 268 092 0355 0000 0095 0098 0355 0086 0301 014 014 0358 017 -167 09862 09871 0303 09860 0354 0239 0253 0311 0204 0326 0302 0306 0353 0241 0301 0141 0093 0080 0083 0088 0090 0093 0118 //// 10340 ///// ///// ////
000000000000000000000000000000000000000000000000000000000000000000000000000000000000000000000000000000000000000000000000=
58007 340400 1151800 00472 00532 4
20100325040000 008 053 002 047 335 063 0318 347 071 341 135 0348 0000 0084 0084 0359 0072 0313 045 044 0347 050 -028 10235 10243 0334 10235 0358 0163 0169 0359 0125 0315 0252 0257 0359 0201 0315 0130 0099 0089 0090 0097 0100 0103 0131 //// 10301 ///// ///// ////
000000000000000000000000000000000000000000000000000000000000000000000000000000000000000000000000000000000000000000000000=
58006 342300 1155300 00463 00506 4
20100325040000 338 061 338 051 327 067 0315 322 046 316 123 0315 0000 0085 0086 0358 0072 0301 044 043 0350 049 -030 10247 10250 0352 10246 0338 0185 0194 0358 0154 0317 0250 0251 0359 0205 0301 0147 0105 0089 0086 0094 0093 0097 0126 //// 10310 ///// ///// ////
000000000000000000000000000000000000000000000000000000000000000000000000000000000000000000000000000000000000000000000000=
58111 335800 1162700 00325 00325 4
20100325040000 332 062 336 068 333 071 0359 353 073 319 133 0333 0000 0086 0089 0353 0082 0331 045 044 0359 050 -027 10243 10244 0318 10241 0347 0203 0231 0321 0199 0343 0160 0176 0347 0159 0335 0113 0092 0084 0084 0091 0097 0105 0138 //// 10284 ///// ///// ////
000000000000000000000000000000000000000000000000000000000000000000000000000000000000000000000000000000000000000000000000=
58017 341500 1160800 00410 00420 4
20100325040000 320 096 325 084 319 103 0313 313 107 322 154 0321 0000 0081 0084 0355 0069 0307 053 052 0357 057 -009 10245 10246 0349 10242 0308 0221 0258 0353 0189 0307 0213 0220 0354 0176 0307 0119 0097 0090 0091 0097 0097 0103 0128 //// 10297 ///// ///// ////
000000000000000000000000000000000000000000000000000000000000000000000000000000000000000000000000000000000000000000000000=
58001 342600 1150600 00563 00569 4
20100325040000 014 057 015 054 022 057 0355 327 030 358 107 0353 0000 0083 0083 0359 0066 0301 048 047 0356 053 -021 10239 10250 0306 10239 0359 0158 0171 0333 0131 0305 0179 0193 0333 0158 0305 0120 0089 0080 0080 0090 0088 0094 0126 //// 10310 ///// ///// ////
000000000000000000000000000000000000000000000000000000000000000000000000000000000000000000000000000000000000000000000000=
58005 342700 1154000 00501 00511 4
20100325040000 330 049 331 054 330 057 0359 323 052 324 099 0308 0000 0081 0082 0358 0069 0308 045 044 0343 049 -031 10245 10249 0306 10245 0400 0241 0276 0356 0215 0312 0240 0260 0350 0210 0311 0142 0108 0093 0090 0095 0097 0103 0132 0000 10309 ///// ///// ////
000000000000000000000000000000000000000000000000000000000000000000000000000000000000000000000000000000000000000000000000
140 004 004 /// //// //////////////////CUUFCB /// //// 6///1 0//// 7//// 1//// 2//// 3//// /// /// /// // 911// 915// 919// 934// 939//=
58008 342800 1152000 00544 00592 4
20100325040000 355 047 351 052 344 055 0355 001 045 350 099 0354 0000 0080 0080 0400 0062 0312 050 048 0355 054 -018 10239 10246 0305 10239 0359 0309 0336 0338 0230 0312 0196 0206 0338 0151 0312 0126 0092 0081 0080 0094 0094 0098 0129 //// 10313 ///// ///// ////
000000000000000000000000000000000000000000000000000000000000000000000000000000000000000000000000000000000000000000000000=
58004 343900 1150900 00606 00616 4
20100325040000 006 049 007 041 003 050 0301 012 075 009 113 0345 0000 0087 0087 0400 0069 0303 044 044 0345 049 -029 10238 10241 0302 10236 0318 0204 0204 0400 0168 0330 0237 0242 0353 0201 0301 0143 0109 0091 0089 0100 0099 0102 0127 //// 10315 ///// ///// ////
000000000000000000000000000000000000000000000000000000000000000000000000000000000000000000000000000000000000000000000000=
54817 355900 1155200 00421 00434 4
20100325040000 359 044 356 038 028 056 0311 344 069 007 102 0309 0000 0066 0067 0346 0051 0313 049 049 0400 048 -033 10260 10265 0310 10260 0357 0129 0180 0345 0088 0313 0193 0224 0345 0136 0313 0108 0070 0065 0067 0081 0078 0087 0116 //// 10315 ///// ///// ////
000000000000000000000000000000000000000000000000000000000000000000000000000000000000000000000000000000000000000000000000=
54902 355400 1150700 00495 00499 4
20100325040000 001 043 360 047 346 061 0341 040 041 336 117 0336 0000 0065 0065 0400 0055 0310 057 057 0359 055 -014 10252 10262 0303 10252 0400 0167 0172 0359 0099 0324 0247 0247 0400 0166 0339 0114 0082 0071 0074 0079 0074 0080 0111 //// 10314 ///// ///// ////
000000000000000000000000000000000000000000000000000000000000000000000000000000000000000000000000000000000000000000000000=
54900 354200 1150100 00537 00541 4
20100325040000 354 055 357 052 000 069 0338 299 041 018 114 0335 0000 0071 0071 0359 0058 0301 052 052 0400 052 -021 10250 10256 0301 10250 0357 0218 0231 0358 0140 0310 0270 0272 0359 0191 0310 0134 0091 0077 0078 0084 0081 0083 0110 //// 10318 ///// ///// ////
000000000000000000000000000000000000000000000000000000000000000000000000000000000000000000000000000000000000000000000000=
54901 360500 1151000 00475 00478 4
20100325040000 331 063 348 057 004 059 0339 330 060 001 104 0339 0000 0066 0067 0348 0047 0308 053 050 0349 052 -023 10259 10268 0308 10259 0359 0173 0189 0344 0089 0310 0231 0249 0347 0126 0311 0111 0077 0069 0070 0079 0080 0077 0105 //// 10319 ///// ///// ////
000000000000000000000000000000000000000000000000000000000000000000000000000000000000000000000000000000000000000000000000=
54903 355100 1152900 00457 00506 4
20100325040000 000 034 352 038 017 045 0343 015 027 052 090 0331 0000 0064 0066 0355 0052 0310 048 048 0359 046 -038 10250 10259 0303 10250 0356 0151 0159 0324 0113 0309 0234 0240 0356 0187 0309 0113 0081 0073 0075 0080 0080 0090 0114 //// 10313 ///// ///// ////
000000000000000000000000000000000000000000000000000000000000000000000000000000000000000000000000000000000000000000000000=
57184 333800 1132200 00834 00847 4
20100325040000 346 048 342 052 343 062 0353 007 052 009 088 0348 0000 0124 0124 0400 0112 0301 027 020 0318 039 -061 10203 10208 0320 10202 0355 0158 0158 0400 0119 0302 0231 0232 0358 0165 0303 0133 0099 0092 0094 0100 0102 0104 0129 //// 10307 ///// ///// ////
000000000000000000000000000000000000000000000000000000000000000000000000000000000000000000000000000000000000000000000000=
57177 332000 1133200 00898 00913 4
20100325040000 346 046 330 048 324 056 0301 018 038 293 094 0355 0000 0121 0121 0400 0114 0301 021 018 0305 030 -096 10197 10203 0303 10196 0353 0236 0236 0400 0192 0312 0202 0202 0400 0169 0301 0120 0101 0080 0089 0102 0104 0105 0121 //// 10310 ///// ///// ////
000000000000000000000000000000000000000000000000000000000000000000000000000000000000000000000000000000000000000000000000=
57075 341000 1125200 02031 02043 4
20100325040000 343 072 338 075 343 082 0303 341 050 324 122 0339 0000 0112 0112 0400 0102 0305 019 014 0316 025 -116 10063 10070 0301 10063 0400 0184 0189 0359 0155 0303 0247 0255 0359 0196 0303 0135 0096 0084 0083 0095 0101 0097 0117 //// 10315 ///// ///// ////
000000000000000000000000000000000000000000000000000000000000000000000000000000000000000000000000000000000000000000000000=
57173 334500 1125300 01457 01468 4
20100325040000 341 074 340 062 335 084 0331 324 078 336 119 0314 0000 0121 0121 0400 0111 0301 022 015 0301 031 -090 10129 10135 0301 10129 0400 0185 0213 0347 0170 0329 0214 0230 0347 0179 0301 0119 0091 0085 0086 0100 0103 0104 0134 //// 10310 ///// ///// ////
000000000000000000000000000000000000000000000000000000000000000000000000000000000000000000000000000000000000000000000000=
57180 335900 1131200 01175 01186 4
20100325040000 010 032 324 048 315 057 0359 029 036 313 099 0352 0000 0116 0120 0329 0113 0301 014 013 0353 019 -150 10162 10172 0301 10162 0400 0206 0241 0356 0182 0337 0278 0302 0356 0245 0301 0158 0104 0087 0087 0099 0099 0101 0130 //// 10308 ///// ///// ////
000000000000000000000000000000000000000000000000000000000000000000000000000000000000000000000000000000000000000000000000=
57181 335300 1130300 01364 01380 4
20100325040000 346 040 352 055 351 080 0312 316 050 353 122 0311 0000 0117 0117 0400 0108 0301 025 017 0312 034 -077 10143 10151 0302 10143 0358 0199 0199 0400 0173 0316 0221 0221 0400 0178 0306 0124 0090 0081 0084 0095 0100 0102 0129 //// 10314 ///// ///// ////
000000000000000000000000000000000000000000000000000000000000000000000000000000000000000000000000000000000000000000000000=
57171 334600 1130700 01420 01430 4
20100325040000 346 080 341 084 334 124 0316 344 081 347 157 0313 0000 0119 0119 0400 0107 0309 020 015 0334 028 -103 10130 10135 0340 10129 0309 0177 0180 0347 0150 0319 0238 0242 0356 0192 0301 0138 0104 0093 0092 0103 0111 0115 0125 //// 10305 ///// ///// ////
000000000000000000000000000000000000000000000000000000000000000000000000000000000000000000000000000000000000000000000000=
57175 330300 1121400 01914 01922 4
20100325040000 271 034 288 041 309 053 0309 268 029 358 084 0326 0000 0146 0148 0352 0138 0307 018 018 0400 030 -094 10069 10074 0308 10069 0357 0254 0261 0352 0214 0306 0257 0260 0352 0211 0306 0161 0115 0096 0094 0104 0108 0111 0138 //// 10304 ///// ///// ////
000000000000000000000000000000000000000000000000000000000000000000000000000000000000000000000000000000000000000000000000=
57156 331800 1113000 02503 02523 4
20100325040000 282 051 278 049 274 058 0344 285 045 263 093 0338 0000 0132 0132 0400 0124 0310 015 014 0308 023 -129 10001 10006 0332 10000 0355 0140 0141 0357 0115 0309 0229 0242 0354 0202 0308 0129 0097 0087 0088 0101 0110 0117 0142 //// 10309 ///// ///// ////
000000000000000000000000000000000000000000000000000000000000000000000000000000000000000000000000000000000000000000000000=
57271 323300 1122300 00879 00897 4
20100325040000 321 042 320 044 317 056 0328 299 026 299 100 0308 0000 0148 0151 0355 0141 0301 024 022 0359 040 -056 10196 10201 0317 10196 0358 0252 0259 0355 0212 0337 0228 0236 0355 0202 0337 0156 0118 0101 0097 0100 0106 0114 0139 //// 10307 ///// ///// ////
000000000000000000000000000000000000000000000000000000000000000000000000000000000000000000000000000000000000000000000000=
57261 330700 1113100 02330 02345 4
20100325040000 129 051 132 046 134 076 0304 127 045 143 095 0304 0000 0133 0134 0350 0127 0301 016 014 0305 024 -120 10015 10020 0301 10015 0400 0225 0233 0357 0189 0303 0212 0215 0357 0172 0301 0123 0100 0091 0090 0110 0121 0128 //// //// 10302 ///// ///// ////
000000000000000000000000000000000000000000000000000000000000000000000000000000000000000000000000000000000000000000000000=
57285 322300 1132500 01530 01492 4
20100325040000 359 057 348 052 340 062 0348 004 031 341 109 0340 0001 0133 0136 0334 0129 0350 021 021 0400 032 -086 10126 10127 0341 10124 0302 0250 0257 0358 0198 0341 0217 0218 0359 0186 0349 0140 0112 0097 0093 0101 0108 0110 0135 //// ///// ///// ///// ////
////////////////////////////////////////////////////////////////////////////////////////////////////////////////////////=
57273 324100 1125100 01095 01105 4
20100325040000 024 040 039 038 043 049 0337 035 081 054 093 0335 0000 0136 0138 0301 0131 0339 023 020 0345 036 -071 10171 10173 0313 10169 0332 0191 0201 0301 0177 0339 0226 0226 0400 0201 0338 0140 0112 0098 0097 0108 0111 0112 0136 //// 10307 ///// ///// ////
000000000000000000000000000000000000000000000000000000000000000000000000000000000000000000000000000000000000000000000000=
57187 330400 1125600 01180 01193 4
20100325040000 026 056 029 057 030 064 0352 004 065 035 104 0351 0000 0129 0131 0327 0126 0306 018 017 0306 027 -108 10150 10156 0303 10150 0400 0187 0213 0325 0166 0353 0186 0201 0348 0177 0354 0134 0098 0090 0091 0108 0111 0110 0132 //// 10298 ///// ///// ////
000000000000000000000000000000000000000000000000000000000000000000000000000000000000000000000000000000000000000000000000=
57178 330200 1123500 01292 01305 4
20100325040000 350 041 000 035 348 038 0314 327 048 020 063 0359 0000 0144 0145 0335 0140 0314 013 012 0344 021 -137 10144 10149 0305 10143 0348 0223 0293 0351 0206 0340 0206 0230 0358 0183 0312 0138 0105 0091 0087 0105 0108 0110 0132 0003 10304 ///// ///// ////
000000000000000000000000000000000000000000000000000000000000000000000000000000000000000000000000000000000000000000000000
200 10- 000 /// //// /////////////////////CIE /// //// 6///1 0//// 7//// 1//// 2//// 3//// /// /// /// // 911// 915// 919// 934// 939//=
57169 330300 1115200 01591 01600 4
20100325040000 291 059 292 059 284 061 0355 282 104 282 104 0400 0000 0143 0143 0400 0137 0301 023 020 0357 037 -065 10111 10116 0301 10111 0351 0151 0152 0356 0140 0301 0216 0223 0329 0193 0340 0144 0110 0096 0092 0100 0106 0108 0133 //// 10307 ///// ///// ////
000000000000000000000000000000000000000000000000000000000000000000000000000000000000000000000000000000000000000000000000=
57176 332900 1122500 02311 02304 4
20100325040000 022 042 018 033 023 060 0301 012 046 012 080 0337 0000 0142 0142 0400 0127 0301 013 012 0335 021 -138 10022 10026 0304 10022 0355 0279 0279 0400 0215 0305 0224 0224 0400 0180 0301 0134 0103 0090 0088 0105 0112 0113 0130 //// 10304 ///// ///// ////
000000000000000000000000000000000000000000000000000000000000000000000000000000000000000000000000000000000000000000000000=
57179 331700 1130000 01604 01616 4
20100325040000 335 054 356 058 005 068 0353 341 044 355 149 0311 0000 0126 0127 0359 0119 0312 015 014 0324 022 -134 10111 10116 0303 10111 0358 0227 0247 0345 0196 0312 0186 0193 0358 0161 0312 0121 0094 0086 0086 0099 0104 0105 0132 //// 10310 ///// ///// ////
000000000000000000000000000000000000000000000000000000000000000000000000000000000000000000000000000000000000000000000000=
57274 324200 1120700 01076 01088 4
20100325040000 327 046 318 048 312 054 0309 322 055 327 105 0343 0000 0148 0148 0400 0137 0303 022 019 0357 037 -067 10172 10174 0311 10170 0302 0277 0280 0358 0233 0301 0237 0238 0358 0200 0301 0150 0120 0105 0100 0111 0115 0116 0140 //// 10306 ///// ///// ////
000000000000000000000000000000000000000000000000000000000000000000000000000000000000000000000000000000000000000000000000=
57065 343000 1121100 01949 01964 4
20100325040000 262 062 272 063 275 077 0350 251 078 265 124 0347 0000 0118 0119 0356 0108 0301 012 012 0352 017 -167 10077 10085 0305 10077 0357 0190 0190 0356 0153 0301 0302 0310 0355 0240 0336 0149 0110 0096 0095 0098 0103 0110 0138 //// 10318 ///// ///// ////
000000000000000000000000000000000000000000000000000000000000000000000000000000000000000000000000000000000000000000000000=
57074 342500 1122500 01973 01989 4
20100325040000 311 027 298 037 288 040 0354 336 026 347 092 0335 0000 0118 0121 0347 0110 0301 015 015 0310 021 -140 10076 10082 0304 10075 0355 0197 0216 0349 0177 0314 0286 0308 0350 0247 0301 0137 0101 0092 0093 0098 0103 0103 0125 //// 10320 ///// ///// ////
000000000000000000000000000000000000000000000000000000000000000000000000000000000000000000000000000000000000000000000000=
57076 344400 1124700 01895 01901 4
20100325040000 339 036 330 032 315 052 0339 319 045 321 083 0314 0000 0107 0110 0346 0105 0301 014 013 0338 018 -157 10079 10090 0302 10079 0400 0236 0252 0342 0210 0327 0292 0306 0357 0260 0314 0146 0101 0081 0080 0088 0089 0089 0120 //// 10313 ///// ///// ////
000000000000000000000000000000000000000000000000000000000000000000000000000000000000000000000000000000000000000000000000=
57070 344400 1120700 03640 03595 4
20100325040000 327 062 305 053 273 084 0341 293 071 291 120 0335 0000 0102 0106 0346 0092 0304 016 014 0335 020 -145 09874 09886 0301 09874 0359 0195 0201 0350 0158 0337 0278 0293 0351 0239 0337 0131 0092 0082 0082 0087 0092 0095 0122 //// 10312 ///// ///// ////
000000000000000000000000000000000000000000000000000000000000000000000000000000000000000000000000000000000000000000000000=
57162 340900 1120500 03258 03275 4
20100325040000 358 037 352 032 351 033 0359 009 072 009 072 0400 0000 0118 0121 0352 0107 0301 012 010 0325 017 -167 09917 09924 0301 09916 0346 0225 0255 0333 0185 0314 0285 0287 0333 0228 0301 0139 0088 0078 0082 0094 0097 0102 0132 //// 10317 ///// ///// ////
000000000000000000000000000000000000000000000000000000000000000000000000000000000000000000000000000000000000000000000000=
57078 340900 1122800 03365 03340 4
20100325040000 317 055 317 063 310 075 0348 327 064 313 136 0312 0000 0102 0104 0354 0093 0303 012 011 0342 015 -180 09907 09916 0308 09907 0400 0214 0240 0354 0191 0324 0222 0235 0355 0194 0303 0122 0086 0075 0078 0093 0098 0097 0118 //// 10314 ///// ///// ////
000000000000000000000000000000000000000000000000000000000000000000000000000000000000000000000000000000000000000000000000=
57071 344900 1122600 03333 03332 4
20100325040000 235 041 221 049 219 053 0353 251 069 240 089 0351 0000 0097 0101 0340 0092 0301 012 012 0358 014 -184 09909 09920 0304 09909 0400 0171 0210 0340 0169 0359 0263 0300 0336 0260 0355 0142 0097 0082 0080 0084 0089 0091 0119 //// 10316 ///// ///// ////
000000000000000000000000000000000000000000000000000000000000000000000000000000000000000000000000000000000000000000000000=
57066 342300 1114000 03283 03298 4
20100325040000 297 016 287 021 273 033 0323 341 013 268 083 0331 0000 0111 0111 0400 0096 0305 013 012 0351 017 -163 09923 09932 0301 09921 0350 0229 0229 0400 0166 0301 0282 0287 0358 0204 0302 0121 0082 0074 0078 0088 0091 0091 0116 //// 10327 ///// ///// ////
000000000000000000000000000000000000000000000000000000000000000000000000000000000000000000000000000000000000000000000000=
57077 334700 1113900 07424 07388 4
20100325040000 297 074 291 089 289 094 0356 274 091 308 133 0306 0000 0072 0072 0400 0064 0310 013 013 0357 013 -194 09438 09442 0305 09437 0339 0178 0191 0316 0129 0343 0164 0167 0317 0128 0343 0082 0058 0053 0057 0080 0086 0091 0116 //// 10329 ///// ///// ////
000000000000000000000000000000000000000000000000000000000000000000000000000000000000000000000000000000000000000000000000=
57185 332700 1133500 00911 00921 4
20100325040000 036 064 036 066 030 073 0344 012 068 023 102 0341 0000 0111 0119 0318 0110 0356 046 018 0321 061 -001 10197 10199 0301 10197 0400 0225 0233 0358 0199 0337 0209 0210 0358 0185 0323 0127 0098 0087 0080 0102 0104 0101 0123 //// 10312 ///// ///// ////
000000000000000000000000000000000000000000000000000000000000000000000000000000000000000000000000000000000000000000000000=
57183 334800 1135500 00600 00615 4
20100325040000 052 062 053 057 050 062 0313 032 051 054 124 0310 0000 0092 0092 0354 0082 0301 054 050 0326 063 0004 10234 10240 0302 10234 0359 0180 0187 0355 0161 0313 0210 0210 0355 0172 0302 0125 0099 0091 0091 0100 0099 0097 0122 //// 10311 ///// ///// ////
000000000000000000000000000000000000000000000000000000000000000000000000000000000000000000000000000000000000000000000000=
57186 333600 1140300 00587 00598 4
20100325040000 012 045 017 048 022 066 0310 032 053 018 092 0341 0000 0098 0098 0400 0089 0310 047 044 0301 057 -010 10240 10243 0309 10238 0351 0214 0226 0358 0167 0301 0228 0234 0358 0173 0301 0136 0102 0091 0093 0102 0103 0103 0133 //// 10314 ///// ///// ////
000000000000000000000000000000000000000000000000000000000000000000000000000000000000000000000000000000000000000000000000=
57191 342900 1142900 00634 00642 4
20100325040000 022 034 024 030 000 044 0308 043 027 342 070 0303 0000 0090 0090 0400 0078 0308 042 042 0400 048 -032 10241 10251 0309 10241 0400 0154 0170 0340 0117 0323 0244 0244 0400 0185 0323 0127 0096 0086 0085 0095 0093 0095 0124 //// 10321 ///// ///// ////
000000000000000000000000000000000000000000000000000000000000000000000000000000000000000000000000000000000000000000000000=
57096 343200 1144700 00597 00607 4
20100325040000 022 043 026 045 024 053 0317 009 032 075 108 0315 0000 0096 0096 0400 0080 0305 038 038 0400 045 -040 10236 10243 0330 10236 0400 0194 0203 0349 0166 0313 0292 0296 0349 0255 0301 0158 0106 0091 0092 0102 0099 0102 0129 //// 10312 ///// ///// ////
000000000000000000000000000000000000000000000000000000000000000000000000000000000000000000000000000000000000000000000000=
57091 344700 1141800 00737 00748 4
20100325040000 048 048 045 048 043 064 0304 049 042 043 098 0336 0000 0092 0092 0400 0076 0301 038 036 0337 044 -044 10231 10233 0305 10231 0400 0259 0261 0358 0191 0302 0313 0314 0358 0244 0302 0149 0105 0095 0089 0102 0101 0101 0123 //// 10324 ///// ///// ////
000000000000000000000000000000000000000000000000000000000000000000000000000000000000000000000000000000000000000000000000=
53978 350500 1123800 01401 01409 4
20100325040000 345 036 359 035 322 052 0308 347 040 313 097 0303 0000 0127 0127 0400 0111 0306 016 015 0350 023 -125 10137 10147 0301 10137 0400 0254 0259 0358 0224 0309 0339 0339 0400 0289 0301 0174 0123 0100 0096 0090 0092 0097 0125 //// 10309 ///// ///// ////
000000000000000000000000000000000000000000000000000000000000000000000000000000000000000000000000000000000000000000000000=
53984 351400 1132800 00827 00837 4
20100325040000 147 022 135 029 115 041 0314 155 024 113 063 0307 0000 0088 0091 0349 0084 0302 050 044 0315 057 -010 10216 10222 0301 10216 0400 0265 0268 0349 0227 0333 0320 0320 0400 0272 0301 0141 0103 0088 0089 0094 0095 0095 0121 //// 10320 ///// ///// ////
000000000000000000000000000000000000000000000000000000000000000000000000000000000000000000000000000000000000000000000000=
53987 350600 1132500 00910 00918 4
20100325040000 129 034 146 037 095 043 0305 128 035 094 062 0323 0000 0088 0090 0354 0082 0301 051 049 0338 058 -008 10207 10214 0307 10207 0359 0192 0201 0343 0169 0303 0281 0281 0400 0237 0302 0165 0122 0104 0097 0096 0098 0100 0127 //// 10321 ///// ///// ////
000000000000000000000000000000000000000000000000000000000000000000000000000000000000000000000000000000000000000000000000=
57079 345700 1130200 01064 01069 4
20100325040000 286 055 288 048 313 053 0314 277 050 262 081 0348 0000 0119 0119 0400 0108 0301 024 018 0329 033 -080 10179 10187 0306 10179 0400 0215 0244 0354 0200 0302 0331 0346 0354 0296 0301 0152 0106 0089 0085 0093 0096 0095 0120 //// 10312 ///// ///// ////
000000000000000000000000000000000000000000000000000000000000000000000000000000000000000000000000000000000000000000000000=
53972 350700 1125500 01196 01210 4
20100325040000 311 035 313 038 325 048 0354 327 029 336 075 0353 0000 0123 0124 0346 0115 0301 014 013 0352 020 -144 10162 10171 0301 10161 0359 0274 0281 0344 0254 0338 0373 0373 0400 0325 0301 0171 0122 0104 0098 0096 0098 0109 0136 //// 10311 ///// ///// ////
000000000000000000000000000000000000000000000000000000000000000000000000000000000000000000000000000000000000000000000000=
57072 345500 1124500 01275 01285 4
20100325040000 344 010 326 027 347 054 0339 355 007 335 087 0331 0000 0119 0122 0329 0113 0303 013 012 0334 018 -157 10156 10166 0301 10156 0400 0216 0223 0326 0192 0303 0347 0347 0400 0284 0303 0148 0103 0087 0084 0085 0087 0086 0113 //// 10314 ///// ///// ////
000000000000000000000000000000000000000000000000000000000000000000000000000000000000000000000000000000000000000000000000=
53982 351400 1131600 01120 01135 4
20100325040000 098 021 100 027 143 033 0351 139 022 153 058 0349 0000 0104 0105 0358 0091 0302 037 036 0358 047 -037 10174 10182 0301 10174 0400 0179 0194 0338 0174 0301 0336 0336 0400 0286 0301 0166 0121 0101 0097 0096 0098 0101 0131 //// 10314 ///// ///// ////
000000000000000000000000000000000000000000000000000000000000000000000000000000000000000000000000000000000000000000000000=
53979 350900 1130500 01200 01211 4
20100325040000 107 042 123 037 110 051 0335 098 038 108 074 0333 0000 0108 0110 0356 0099 0317 034 034 0400 044 -044 10166 10172 0301 10166 0400 0195 0220 0352 0168 0301 0322 0350 0352 0257 0302 0167 0114 0097 0095 0097 0099 0104 0132 //// 10316 ///// ///// ////
000000000000000000000000000000000000000000000000000000000000000000000000000000000000000000000000000000000000000000000000=
53974 353700 1141100 00723 00739 4
20100325040000 026 047 018 050 034 052 0311 358 028 015 088 0358 0000 0086 0086 0400 0074 0301 041 041 0400 046 -039 10225 10235 0302 10225 0358 0166 0180 0346 0148 0311 0276 0286 0346 0242 0301 0140 0097 0084 0085 0090 0091 0097 0124 //// 10317 ///// ///// ////
000000000000000000000000000000000000000000000000000000000000000000000000000000000000000000000000000000000000000000000000=
53990 354300 1141900 00795 00805 4
20100325040000 030 062 036 053 008 061 0332 010 082 013 091 0349 0000 0080 0080 0400 0065 0302 051 047 0353 055 -015 10217 10230 0301 10217 0400 0171 0171 0400 0129 0350 0318 0318 0400 0235 0350 0124 0087 0076 0082 0091 0085 0083 0110 //// 10318 ///// ///// ////
000000000000000000000000000000000000000000000000000000000000000000000000000000000000000000000000000000000000000000000000=
53991 355600 1142100 00743 00753 4
20100325040000 046 040 051 039 057 043 0345 021 047 046 080 0340 0000 0077 0080 0355 0066 0301 046 043 0353 048 -032 10222 10237 0301 10222 0400 0158 0179 0336 0121 0319 0286 0305 0354 0232 0320 0148 0096 0076 0080 0087 0084 0087 0118 //// 10315 ///// ///// ////
000000000000000000000000000000000000000000000000000000000000000000000000000000000000000000000000000000000000000000000000=
53993 355600 1145500 00516 00524 4
20100325040000 024 054 027 051 022 051 0357 010 063 043 078 0309 0000 0069 0069 0400 0062 0301 050 049 0359 050 -028 10252 10263 0301 10252 0400 0175 0177 0347 0131 0332 0255 0259 0346 0192 0301 0129 0087 0073 0072 0081 0076 0075 0108 //// 10318 ///// ///// ////
000000000000000000000000000000000000000000000000000000000000000000000000000000000000000000000000000000000000000000000000=
53889 360400 1134900 03068 03086 4
20100325040000 283 010 228 016 276 026 0337 326 010 289 043 0330 0000 0064 0065 0356 0046 0301 047 045 0357 045 -041 09935 09947 0301 09935 0400 0166 0186 0331 0113 0310 0277 0277 0359 0181 0310 0155 0113 0090 0078 0074 0075 0088 0098 //// 10312 ///// ///// ////
000000000000000000000000000000000000000000000000000000000000000000000000000000000000000000000000000000000000000000000000=
53995 353300 1143000 00625 00645 4
20100325040000 352 055 005 038 353 049 0330 344 061 344 096 0359 0000 0083 0084 0356 0070 0301 044 044 0400 048 -032 10238 10246 0301 10238 0359 0187 0196 0327 0165 0346 0283 0286 0352 0249 0302 0166 0113 0087 0081 0086 0087 0087 0116 //// 10318 ///// ///// ////
000000000000000000000000000000000000000000000000000000000000000000000000000000000000000000000000000000000000000000000000=
NNNN
