57090 344300 1135800 00781 00802 4
20100322160000 330 007 343 004 009 005 1539 313 004 023 012 1532 0000 0102 0102 1548 0101 1502 091 091 1553 113 0088 10113 10113 1503 10111 1552 0083 0086 1534 0080 1508 0089 0089 1543 0088 1503 0094 0099 0100 0102 0099 0091 0083 0119 //// 10211 ///// ///// ////
000000000000000000000000000000000000000000000000000000000000000000000000000000000000000000000000000000000000000000000000=
57083 344300 1133900 01104 01116 4
20100322160000 PPC 000 PPC 001 092 010 1527 PPC 000 087 012 1522 0000 0101 0104 1501 0101 1600 086 085 1501 106 0079 10078 10078 1600 10074 1507 0079 0079 1555 0077 1509 0089 0089 1528 0089 1509 0097 0100 0103 0106 0098 0097 0101 0126 0000 10214 ///// ///// ////
000000000000000000000000000000000000000000000000000000000000000000000000000000000000000000000000000000000000000000000000
100 010 000 /// //// /////////////////////ASP /// //// 6///1 0//// 7//// 1//// 2//// 3//// /// /// /// // 911// 915// 919// 934// 939//=
57086 342300 1134300 01166 01168 4
20100322160000 186 003 231 009 151 011 1509 201 003 243 019 1554 0000 0096 0097 1501 0095 1547 083 082 1501 099 0069 10072 10072 1600 10067 1521 0086 0088 1526 0084 1551 0088 0088 1600 0088 1545 0095 0100 0104 0105 0102 0094 0091 0116 //// 10214 ///// ///// ////
000000000000000000000000000000000000000000000000000000000000000000000000000000000000000000000000000000000000000000000000=
57085 343200 1132000 02599 02648 4
20100322160000 000 000 000 000 347 013 1501 322 000 355 019 1501 0000 0098 0107 1511 0098 1600 076 066 1511 092 0058 09893 09893 1557 09887 1503 0087 0097 1525 0086 1558 0081 0082 1501 0081 1559 0093 0099 0104 0104 0105 0097 0091 0121 //// 10212 ///// ///// ////
000000000000000000000000000000000000000000000000000000000000000000000000000000000000000000000000000000000000000000000000=
57081 344800 1132600 01409 01419 4
20100322160000 135 008 124 006 103 007 1535 122 008 046 015 1505 0000 0100 0100 1501 0099 1534 079 079 1501 097 0065 10039 10041 1539 10036 1509 0084 0085 1502 0080 1524 0086 0086 1557 0086 1505 0094 0099 0104 0102 0089 0091 0094 0117 //// 10212 ///// ///// ////
000000000000000000000000000000000000000000000000000000000000000000000000000000000000000000000000000000000000000000000000=
57084 343000 1130300 11784 11790 4
20100322160000 079 072 078 062 065 065 1546 077 078 063 087 1524 0000 0043 0046 1501 0043 1600 068 057 1532 056 -011 08851 08853 1552 08846 1504 0039 0042 1507 0039 1600 0026 0026 1506 0026 1536 0036 0051 0062 0068 0065 //// //// //// //// 10210 ///// ///// ////
000000000000000000000000000000000000000000000000000000000000000000000000000000000000000000000000000000000000000000000000=
57080 344400 1125800 01652 01661 4
20100322160000 052 009 052 012 074 015 1502 071 008 043 019 1556 0000 0111 0118 1503 0111 1557 064 058 1502 085 0046 10008 10008 1523 10003 1501 0094 0103 1506 0084 1538 0084 0084 1518 0084 1559 0092 0097 0101 0102 0092 0087 0086 0119 //// 10210 ///// ///// ////
000000000000000000000000000000000000000000000000000000000000000000000000000000000000000000000000000000000000000000000000=
57082 342800 1130100 04271 04284 4
20100322160000 000 000 280 008 288 013 1546 296 000 288 018 1551 0000 0084 0087 1501 0084 1600 077 072 1501 085 0046 09703 09703 1553 09696 1502 0080 0084 1538 0080 1557 0078 0079 1501 0078 1559 0088 0097 0104 0108 0103 0099 0098 //// //// 10216 ///// ///// ////
000000000000000000000000000000000000000000000000000000000000000000000000000000000000000000000000000000000000000000000000=
57290 330000 1140100 00827 00838 4
20100322160000 088 028 078 023 072 023 1551 077 040 007 045 1517 0024 0083 0089 1510 0083 1600 086 080 1509 094 0061 10113 10118 1539 10112 1513 0075 0082 1505 0075 1556 0086 0090 1505 0085 1554 0103 0114 0118 0122 0110 0100 0101 0132 //// 10216 ///// ///// ////
000000000000000000000000000000000001000000000000000000000100000000020001000101010100010001010101010201010101000100010100=
57295 323700 1142100 00785 00802 4
20100322160000 359 046 005 039 000 040 1518 043 013 347 101 1558 0000 0096 0108 1501 0096 1600 069 064 1511 082 0042 10099 10105 1542 10096 1552 0076 0086 1514 0076 1558 0084 0096 1505 0084 1600 0113 0115 0117 0119 0109 0102 0100 0128 //// 10197 ///// ///// ////
000000000000000000000000000000000000000000000000000000000000000000000000000000000000000000000000000000000000000000000000=
57188 332200 1140200 00559 00568 4
20100322160000 114 031 184 021 184 021 1600 060 033 153 052 1559 0009 0087 0089 1510 0087 1600 078 075 1509 088 0051 10144 10146 1554 10137 1501 0078 0079 1501 0076 1528 0088 0090 1503 0088 1600 0105 0111 0117 0115 0100 0094 0100 0133 //// 10214 ///// ///// ////
000000000001000100000002000001000000000000000000000000000100000000000000000000000000000000000100000000000001000000000100=
57293 324400 1145900 00380 00391 4
20100322160000 025 031 019 029 020 037 1528 029 025 015 066 1527 0000 0108 0112 1501 0108 1600 071 068 1549 092 0058 10142 10153 1540 10140 1525 0084 0106 1512 0084 1600 0092 0097 1503 0092 1600 0105 0110 0113 0114 0117 0105 0103 0132 //// 10190 ///// ///// ////
000000000000000000000000000000000000000000000000000000000000000000000000000000000000000000000000000000000000000000000000=
57189 330800 1135700 00646 00655 4
20100322160000 047 009 066 015 066 015 1600 057 013 080 033 1553 0013 0083 0088 1508 0083 1554 090 087 1501 098 0068 10135 10137 1506 10133 1555 0075 0078 1536 0075 1559 0087 0090 1528 0086 1557 0105 0112 0117 0118 0103 0096 0096 0122 //// 10215 ///// ///// ////
000001000000000000010000000000000100000000010000000000000100000100000000000100000100000100000100000000010001000001000000=
57194 331700 1141600 00598 00609 4
20100322160000 192 011 158 015 030 024 1503 209 010 344 045 1503 0009 0084 0088 1502 0083 1546 085 080 1501 094 0060 10137 10140 1524 10133 1501 0072 0074 1544 0070 1509 0087 0087 1545 0086 1512 0105 0110 0113 0113 0099 0092 0096 0126 //// 10212 ///// ///// ////
000000000000000001000001000000000001000000000000000001000000000001000000000000000100000001000000010000000000010000000000=
57197 330000 1142000 00489 00545 4
20100322160000 028 038 026 029 006 039 1519 029 057 021 083 1534 0013 0089 0102 1501 0089 1600 084 069 1501 096 0063 10143 10147 1535 10135 1502 0071 0086 1501 0071 1600 0078 0088 1501 0078 1600 0096 0105 0109 0109 0111 0101 0098 0125 //// 10210 ///// ///// ////
000000000000000000000000000000000000000000000000010000000001000000000100000002000000010000000000000000010001000201000101=
57294 325000 1140100 00836 00846 4
20100322160000 031 060 030 064 029 072 1549 038 072 023 118 1544 0016 0085 0095 1502 0085 1600 085 078 1502 094 0061 10105 10107 1517 10099 1511 0073 0084 1506 0073 1549 0077 0081 1501 0077 1600 0099 0109 0114 0115 0111 0108 0100 0118 //// 10209 ///// ///// ////
000000000000000100000100010000010000000001000000000000000100000001000002000100000100010000000100000001000001000000010000=
57292 325800 1143800 00444 00453 4
20100322160000 004 069 007 069 007 069 1600 007 068 004 098 1557 0004 0089 0105 1515 0089 1600 078 066 1513 089 0053 10155 10158 1551 10139 1511 0073 0095 1501 0073 1559 0080 0094 1501 0080 1600 0103 0110 0114 0118 0113 0104 0102 0133 //// 10211 ///// ///// ////
000000000000000000000000000000000000000000000000000000000000000000000000000000000000000000000000000100010000010000010000=
57195 333700 1143700 00466 00476 4
20100322160000 264 008 283 009 077 033 1501 223 008 089 054 1512 0001 0118 0122 1542 0118 1600 057 049 1520 079 0036 10151 10151 1600 10138 1529 0092 0094 1553 0078 1501 0086 0087 1535 0085 1501 0097 0107 0114 0116 0106 0097 0100 0142 //// 10209 ///// ///// ////
000000010000000000000000000000000000000000000000000000000000000000000000000000000000000000000000000000000000000000000000=
57193 334700 1143100 00526 00541 4
20100322160000 266 015 280 013 331 025 1513 254 020 336 041 1510 0000 0104 0110 1508 0104 1600 076 066 1506 096 0064 10146 10146 1600 10135 1510 0088 0088 1548 0086 1505 0092 0093 1501 0091 1519 0103 0109 0113 0115 0107 0099 0103 0131 //// 10212 ///// ///// ////
000000000000000000000000000000000000000000000000000000000000000000000000000000000000000000000000000000000000000000000000=
57196 332800 1145200 00420 00428 4
20100322160000 185 016 161 023 060 028 1520 178 010 322 059 1507 0005 0102 0103 1556 0091 1501 064 059 1533 080 0037 10155 10156 1504 10147 1546 0073 0075 1518 0070 1542 0081 0082 1505 0080 1535 0096 0104 0107 0107 0106 0098 0103 0132 //// 10207 ///// ///// ////
000100000000000000000000000000000000010000000000000000000000000000000100000001000000000001000000000000000000000000000000=
57099 340400 1145100 00526 00536 4
20100322160000 281 016 282 012 323 012 1543 276 018 335 023 1537 0000 0096 0097 1528 0096 1600 088 088 1600 105 0077 10143 10143 1600 10136 1537 0083 0083 1600 0082 1552 0089 0091 1501 0089 1600 0098 0102 0102 0103 0101 0092 0096 0132 //// 10209 ///// ///// ////
000000000000000000000000000000000000000000000000000000000000000000000000000000000000000000000000000000000000000000000000=
58104 332400 1150400 00412 00425 4
20100322160000 058 058 053 057 045 059 1555 054 040 042 101 1550 0007 0101 0105 1526 0100 1513 061 061 1600 075 0029 10159 10159 1600 10148 1521 0070 0085 1530 0070 1549 0078 0088 1501 0078 1600 0094 0103 0107 0109 0106 0096 0097 0136 //// 10211 ///// ///// ////
000000000000000000000000010000000000000000000000000000000000000001000001000001000000000000010000000000000002000000000000=
57198 333300 1143700 00463 00473 4
20100322160000 013 015 310 016 123 022 1539 076 012 181 039 1519 0000 0109 0109 1600 0098 1524 054 054 1600 070 0020 10152 10153 1554 10141 1534 0078 0082 1510 0077 1540 0089 0091 1504 0089 1600 0103 0111 0114 0116 0107 0103 0105 0137 //// 10210 ///// ///// ////
000000000000000000000000000000000000000000000000000000000000000000000000000000000000000000000000000000000000000000000000=
58101 335200 1152900 00413 00428 4
20100322160000 091 013 069 013 278 017 1512 088 015 344 034 1526 0000 0095 0098 1508 0095 1540 086 084 1554 102 0073 10145 10152 1512 10144 1554 0082 0086 1514 0082 1559 0085 0086 1515 0085 1559 0099 0100 0103 0105 0103 0096 0097 0131 //// 10197 ///// ///// ////
000000000000000000000000000000000000000000000000000000000000000000000000000000000000000000000000000000000000000000000000=
57192 334400 1145100 00455 00466 4
20100322160000 298 027 309 023 309 023 1600 282 028 352 053 1502 0000 0110 0123 1514 0110 1600 069 048 1507 091 0055 10151 10151 1600 10137 1520 0090 0090 1559 0086 1507 0089 0091 1501 0089 1530 0102 0112 0118 0118 0112 0104 0106 0141 //// 10208 ///// ///// ////
000000000000000000000000000000000000000000000000000000000000000000000000000000000000000000000000000000000000000000000000=
57098 340500 1142400 00583 00593 4
20100322160000 279 015 275 015 305 019 1536 285 016 299 029 1535 0000 0098 0100 1528 0098 1600 089 088 1501 108 0081 10141 10141 1600 10129 1514 0089 0091 1529 0089 1600 0091 0093 1501 0091 1600 0096 0101 0103 0105 0103 0094 0095 0129 //// 10213 ///// ///// ////
000000000000000000000000000000000000000000000000000000000000000000000000000000000000000000000000000000000000000000000000=
57190 334500 1142400 00505 00516 4
20100322160000 296 027 296 028 294 030 1548 270 031 293 041 1551 0000 0101 0107 1501 0101 1600 080 065 1513 099 0068 10147 10147 1600 10137 1504 0093 0094 1554 0085 1510 0086 0087 1507 0086 1541 0098 0104 0109 0110 0104 0096 0099 0130 //// 10210 ///// ///// ////
000000000000000000000000000000000000000000000000000000000000000000000000000000000000000000000000000000000000000000000000=
58100 333900 1151000 00414 00424 4
20100322160000 301 014 057 017 124 024 1551 279 013 054 060 1533 0000 0111 0113 1556 0095 1501 059 058 1547 078 0034 10148 10153 1517 10144 1539 0101 0104 1551 0084 1504 0087 0088 1529 0085 1536 0099 0108 0115 0118 0112 0105 0107 0136 //// 10200 ///// ///// ////
000000000000000000000000000000000000000000000000000000000000000000000000000000000000000000000000000000000000000000000000=
57088 340900 1133000 01161 01177 4
20100322160000 124 009 060 006 076 013 1512 130 011 097 021 1511 0000 0099 0102 1507 0099 1600 091 089 1501 111 0085 10072 10072 1600 10066 1501 0087 0090 1510 0085 1540 0087 0089 1510 0087 1600 0098 0106 0111 0112 0104 0098 0100 0126 //// 10214 ///// ///// ////
000000000000000000000000000000000000000000000000000000000000000000000000000000000000000000000000000000000000000000000000=
57095 340700 1140900 00611 00622 4
20100322160000 267 013 272 013 295 015 1537 279 015 287 023 1535 0000 0096 0099 1501 0096 1600 090 088 1501 108 0080 10135 10136 1557 10127 1506 0085 0087 1509 0084 1553 0089 0091 1501 0089 1600 0096 0102 0105 0108 0101 0093 0093 0125 //// 10211 ///// ///// ////
000000000000000000000000000000000000000000000000000000000000000000000000000000000000000000000000000000000000000000000000=
57182 335100 1133000 00805 00814 4
20100322160000 287 019 264 023 233 033 1509 282 020 251 050 1504 0001 0105 0107 1501 0103 1524 077 077 1600 098 0066 10114 10115 1524 10108 1501 0092 0099 1501 0090 1550 0093 0095 1503 0093 1600 0108 0116 0121 0119 0109 0103 0106 0140 //// 10213 ///// ///// ////
000000000000000000000000000000000000000000000000000000000000000000000000000000000000000000000000000001000000000000000000=
57087 341200 1134800 00877 00885 4
20100322160000 273 006 252 007 347 015 1517 333 005 007 021 1516 0000 0107 0107 1600 0105 1501 084 083 1523 108 0081 10104 10104 1600 10099 1501 0091 0096 1505 0089 1501 0091 0092 1518 0091 1501 0097 0103 0106 0106 0098 0093 0096 0124 //// 10211 ///// ///// ////
000000000000000000000000000000000000000000000000000000000000000000000000000000000000000000000000000000000000000000000000=
57297 320800 1140300 01145 01154 4
20100322160000 005 049 010 046 011 048 1552 029 053 341 106 1558 0000 0105 0115 1503 0105 1600 068 066 1547 086 0049 10050 10056 1519 10045 1539 0080 0101 1541 0080 1600 0088 0100 1508 0088 1600 0111 0120 0126 0128 0124 0118 0113 //// //// 10190 ///// ///// ////
000000000000000000000000000000000000000000000000000000000000000000000000000000000000000000000000000000000000000000000000=
57296 322100 1144400 00489 00501 4
20100322160000 086 019 103 015 090 019 1539 102 022 085 027 1539 0000 0106 0109 1501 0106 1600 082 078 1513 105 0077 10133 10135 1546 10128 1501 0093 0093 1545 0092 1502 0098 0099 1505 0098 1600 0111 0120 0124 0127 0121 0110 0108 0131 //// 10194 ///// ///// ////
000000000000000000000000000000000000000000000000000000000000000000000000000000000000000000000000000000000000000000000000=
57396 313800 1145100 01287 01297 4
20100322160000 342 077 351 071 004 086 1520 336 080 359 143 1517 0001 0093 0095 1514 0092 1501 073 068 1518 085 0047 10020 10023 1505 10014 1532 0089 0089 1522 0083 1501 0081 0088 1532 0080 1539 0090 0106 0118 0124 0128 0116 //// //// //// 10177 ///// ///// ////
000000000000000000000000000000000000000000000000000000000000000000000000000000000000000000000000000000000000010000000000=
58301 314900 1152300 00916 00929 4
20100322160000 071 045 060 042 033 047 1501 088 047 062 067 1558 0000 0086 0086 1600 0085 1501 085 084 1550 095 0062 10072 10080 1505 10072 1600 0081 0081 1600 0078 1517 0087 0088 1508 0087 1600 0101 0111 0121 0126 0131 0119 0106 0128 //// 10185 ///// ///// ////
000000000000000000000000000000000000000000000000000000000000000000000000000000000000000000000000000000000000000000000000=
57298 321300 1143300 00554 00562 4
20100322160000 040 020 042 019 041 020 1558 046 021 040 032 1557 0002 0097 0099 1501 0097 1600 090 089 1501 108 0081 10122 10129 1534 10120 1508 0089 0091 1549 0089 1558 0060 0062 1501 0060 1558 0110 0093 0117 0123 0116 0107 0099 0134 //// 10191 ///// ///// ////
000000000000000000000000000000000000000000000000000000000000010000000000000000000000000000000000000000000000000000000100=
57390 314800 1140400 07335 07347 4
20100322160000 013 050 015 049 025 064 1516 358 051 064 192 1515 0000 0056 0056 1600 0055 1513 098 098 1600 089 0053 09317 09317 1600 09307 1524 0056 0056 1501 0054 1547 0060 0061 1505 0059 1546 0071 0079 0091 0097 0107 0094 //// //// //// 10185 ///// ///// ////
000000000000000000000000000000000000000000000000000000000000000000000000000000000000000000000000000000000000000000000000=
58207 321000 1150300 00428 00440 4
20100322160000 063 034 063 034 063 034 //// 057 033 054 046 1551 0014 0094 0096 1501 0093 1524 088 088 1600 104 0075 10131 10142 1525 10131 1600 0087 0091 1504 0087 1552 0107 0110 1501 0107 1558 0092 0118 0123 0126 0121 0112 0111 0138 //// 10185 ///// ///// ////
010001000101020101010101000100000001000000000000000000000000000000000001000000000000000000000000000000000000000000000000=
58205 322800 1152600 00349 00360 4
20100322160000 141 020 149 017 156 025 1529 127 024 141 036 1527 0032 0097 0104 1501 0097 1600 091 089 1501 109 0083 10150 10153 1551 10144 1531 0092 0097 1510 0092 1600 0096 0099 1501 0096 1600 0100 0103 0107 0108 0119 0109 0108 0124 //// 10194 ///// ///// ////
000100010101020201010001000000010000000101010001000101000100020000010001000100010000010000000001000101000101000000010000=
58208 321000 1153700 00429 00439 4
20100322160000 127 008 143 009 130 014 1544 106 009 129 019 1542 0003 0089 0092 1501 0089 1600 084 083 1501 096 0063 10142 10145 1520 10140 1501 0084 0087 1515 0084 1557 0096 0098 1513 0096 1553 0107 0118 0123 0128 0119 0112 0110 0140 //// 10196 ///// ///// ////
000001000000000100000000000000000000000000000000000001000000000000000000000000000000000000000000000000000000000000000000=
57299 320100 1145400 00494 00506 4
20100322160000 075 024 069 022 049 033 1547 062 025 037 049 1519 0003 0095 0098 1501 0095 1600 088 088 1600 104 0076 10125 10129 1515 10120 1551 0088 0090 1516 0087 1531 0094 0096 1501 0094 1553 0098 0104 0110 0114 0124 0110 0105 0126 //// 10187 ///// ///// ////
010000000000000000000000000000010000000001000000000000000000000000000000000000000000000000000000000000000000000000000000=
53989 350300 1135700 00766 00777 4
20100322160000 250 005 273 004 024 010 1532 232 004 026 012 1517 0000 0094 0097 1536 0094 1600 091 091 1600 107 0080 10119 10119 1600 10115 1517 0080 0082 1538 0079 1559 0083 0084 1537 0083 1533 0091 0097 0101 0101 0094 0090 0094 0123 //// 10215 ///// ///// ////
000000000000000000000000000000000000000000000000000000000000000000000000000000000000000000000000000000000000000000000000=
53997 350900 1141100 00711 00723 4
20100322160000 007 008 018 008 326 009 1515 009 008 023 011 1558 0000 0095 0096 1507 0095 1600 090 090 1600 107 0079 10124 10126 1501 10122 1542 0073 0075 1520 0071 1503 0085 0086 1524 0085 1504 0092 0098 0100 0103 0093 0091 0096 0125 //// 10213 ///// ///// ////
000000000000000000000000000000000000000000000000000000000000000000000000000000000000000000000000000000000000000000000000=
53986 351900 1135300 00732 00740 4
20100322160000 351 006 336 004 098 004 1525 007 006 355 008 1558 0000 0102 0102 1600 0100 1501 096 096 1600 119 0096 10123 10126 1503 10121 1534 0084 0086 1553 0080 1510 0085 0085 1556 0085 1509 0094 0098 0100 0102 0096 0092 0096 0128 //// 10214 ///// ///// ////
000000000000000000000000000000000000000000000000000000000000000000000000000000000000000000000000000000000000000000000000=
53994 352300 1140400 00700 00712 4
20100322160000 028 011 029 011 027 011 //// 057 011 035 019 1558 0000 0098 0099 1501 0098 1600 078 078 1600 094 0062 10127 10129 1501 10124 1545 0082 0082 1600 0077 1535 0080 0081 1521 0080 1501 0091 0097 0102 0101 0093 0087 0093 0127 //// 10215 ///// ///// ////
000000000000000000000000000000000000000000000000000000000000000000000000000000000000000000000000000000000000000000000000=
53988 351600 1134000 00776 00784 4
20100322160000 341 009 337 008 125 009 1507 338 011 324 011 1550 0000 0096 0098 1501 0095 1547 086 085 1501 103 0074 10111 10115 1501 10111 1600 0078 0079 1554 0075 1501 0079 0079 1554 0077 1501 0089 0096 0099 0102 0092 0090 0097 0126 //// 10207 ///// ///// ////
000000000000000000000000000000000000000000000000000000000000000000000000000000000000000000000000000000000000000000000000=
53985 352700 1134900 00964 00979 4
20100322160000 046 007 024 005 004 007 1552 043 008 356 011 1551 0000 0112 0112 1600 0107 1534 056 056 1600 074 0028 10094 10096 1501 10094 1600 0106 0106 1600 0093 1542 0084 0085 1501 0084 1600 0087 0091 0090 0089 0080 0075 0082 0118 //// 10213 ///// ///// ////
000000000000000000000000000000000000000000000000000000000000000000000000000000000000000000000000000000000000000000000000=
53983 350200 1142500 00696 00708 4
20100322160000 343 014 350 014 349 015 1551 344 008 347 026 1550 0000 0106 0106 1600 0095 1501 073 073 1600 093 0060 10125 10127 1501 10124 1549 0089 0089 1600 0084 1501 0085 0086 1519 0085 1600 0091 0096 0099 0100 0088 0084 0086 0124 //// 10212 ///// ///// ////
000000000000000000000000000000000000000000000000000000000000000000000000000000000000000000000000000000000000000000000000=
53998 351200 1143900 00616 00625 4
20100322160000 337 013 337 013 341 021 1534 333 013 336 034 1531 0000 0110 0110 1557 0106 1518 063 063 1555 083 0042 10132 10136 1522 10132 1558 0089 0093 1518 0089 1600 0081 0083 1503 0081 1600 0089 0094 0097 0098 0099 0093 0094 0129 //// 10209 ///// ///// ////
000000000000000000000000000000000000000000000000000000000000000000000000000000000000000000000000000000000000000000000000=
57051 344800 1111200 04099 04117 4
20100322160000 281 005 255 006 237 011 1544 291 005 218 020 1514 0000 0118 0122 1518 0118 1600 017 015 1554 024 -125 09713 09716 1513 09713 1537 0098 0105 1516 0093 1501 0088 0090 1516 0088 1558 0097 0104 0107 0106 0091 0086 0084 0114 //// 10201 ///// ///// ////
000000000000000000000000000000000000000000000000000000000000000000000000000000000000000000000000000000000000000000000000=
57063 344600 1114600 05236 05236 4
20100322160000 086 034 074 017 295 029 1502 085 047 085 047 1600 0000 0093 0103 1514 0093 1600 029 019 1514 034 -078 09588 09588 1600 09579 1540 0071 0087 1501 0069 1556 0060 0063 1501 0060 1600 0073 0079 0083 0084 0075 0076 0082 0110 //// 10211 ///// ///// ////
000000000000000000000000000000000000000000000000000000000000000000000000000000000000000000000000000000000000000000000000=
57067 340300 1110200 05688 05699 4
20100322160000 213 034 210 026 175 030 1519 220 038 187 049 1519 0000 0057 0058 1551 0053 1502 078 078 1600 071 0022 09550 09552 1554 09543 1513 0059 0059 1521 0054 1501 0059 0059 1501 0058 1521 0075 0084 0095 0091 0100 0100 0093 0122 //// 10236 ///// ///// ////
000000000000000000000000000000000000000000000000000000000000000000000000000000000000000000000000000000000000000000000000=
57056 343200 1105300 03904 03909 4
20100322160000 193 014 137 007 180 010 1532 203 016 215 028 1558 0000 0097 0097 1600 0090 1526 037 037 1600 044 -043 09741 09747 1511 09741 1545 0068 0068 1600 0065 1524 0076 0079 1501 0076 1600 0090 0098 0102 0103 0091 0089 0091 0118 //// 10208 ///// ///// ////
000000000000000000000000000000000000000000000000000000000000000000000000000000000000000000000000000000000000000000000000=
58007 340400 1151800 00472 00532 4
20100322160000 346 014 338 012 298 016 1509 015 018 001 031 1547 0000 0103 0105 1501 0103 1552 079 079 1508 099 0068 10132 10137 1510 10132 1558 0096 0097 1518 0095 1547 0091 0093 1501 0091 1554 0101 0106 0109 0109 0105 0098 0100 0131 //// 10197 ///// ///// ////
000000000000000000000000000000000000000000000000000000000000000000000000000000000000000000000000000000000000000000000000=
58006 342300 1155300 00463 00506 4
20100322160000 017 011 000 011 329 016 1510 009 014 319 026 1537 0000 0101 0102 1516 0101 1600 074 074 1518 091 0057 10144 10146 1549 10140 1501 0090 0092 1510 0089 1550 0086 0088 1501 0086 1600 0093 0100 0102 0103 0095 0091 0096 0127 //// 10206 ///// ///// ////
000000000000000000000000000000000000000000000000000000000000000000000000000000000000000000000000000000000000000000000000=
58111 335800 1162700 00325 00325 4
20100322160000 354 011 356 012 012 019 1501 344 008 057 031 1512 0000 0102 0105 1501 0102 1600 071 069 1503 088 0052 10165 10168 1552 10150 1513 0083 0085 1527 0083 1557 0083 0084 1505 0083 1557 0089 0093 0095 0098 0099 0096 0102 0138 //// 10205 ///// ///// ////
000000000000000000000000000000000000000000000000000000000000000000000000000000000000000000000000000000000000000000000000=
58017 341500 1160800 00410 00420 4
20100322160000 326 003 307 006 313 015 1548 338 001 347 024 1520 0000 0093 0098 1503 0093 1558 087 085 1503 102 0073 10151 10152 1551 10142 1501 0074 0078 1505 0074 1559 0086 0089 1502 0086 1600 0097 0103 0106 0107 0099 0095 0101 0128 //// 10202 ///// ///// ////
000000000000000000000000000000000000000000000000000000000000000000000000000000000000000000000000000000000000000000000000=
58001 342600 1150600 00563 00569 4
20100322160000 343 024 339 022 312 023 1502 347 037 347 037 1600 0000 0098 0100 1531 0098 1600 081 081 1600 098 0067 10131 10135 1521 10130 1556 0088 0090 1510 0088 1555 0087 0088 1510 0087 1558 0091 0094 0095 0095 0089 0085 0092 0127 //// 10200 ///// ///// ////
000000000000000000000000000000000000000000000000000000000000000000000000000000000000000000000000000000000000000000000000=
58005 342700 1154000 00501 00511 4
20100322160000 339 016 348 015 323 025 1501 340 016 338 041 1501 0000 0104 0105 1504 0104 1600 074 074 1600 093 0060 10138 10140 1519 10134 1502 0086 0090 1504 0086 1600 0087 0090 1501 0087 1600 0098 0105 0105 0105 0098 0094 0101 0132 0001 10200 ///// ///// ////
000000000000000000000000000000000000000000000000000000000000000000000000000000000000000000000000000000000000000000000000
120 010 000 /// //// /////////////////////ASP /// //// 6///1 0//// 7//// 1//// 2//// 3//// /// /// /// // 911// 915// 919// 934// 939//=
58008 342800 1152000 00544 00592 4
20100322160000 327 019 325 023 324 024 1557 347 021 327 036 1553 0000 0097 0098 1509 0096 1549 080 080 1600 096 0064 10127 10131 1510 10127 1550 0083 0086 1514 0083 1545 0088 0089 1519 0087 1546 0090 0093 0095 0096 0094 0091 0096 0130 //// 10199 ///// ///// ////
000000000000000000000000000000000000000000000000000000000000000000000000000000000000000000000000000000000000000000000000=
58004 343900 1150900 00606 00616 4
20100322160000 332 013 327 011 330 016 1517 336 011 004 028 1516 0000 0099 0099 1504 0099 1528 079 079 1600 096 0064 10127 10129 1507 10126 1518 0091 0092 1530 0089 1545 0088 0090 1501 0088 1559 0096 0106 0105 0106 0101 0096 0100 0127 //// 10202 ///// ///// ////
000000000000000000000000000000000000000000000000000000000000000000000000000000000000000000000000000000000000000000000000=
54817 355900 1155200 00421 00434 4
20100322160000 005 017 001 014 001 014 1600 007 014 004 024 1559 0000 0088 0091 1501 0084 1537 062 059 1501 070 0019 10158 10158 1556 10151 1501 0071 0072 1558 0061 1514 0062 0062 1559 0061 1519 0071 0076 0080 0079 0078 0074 0086 0116 //// 10211 ///// ///// ////
000000000000000000000000000000000000000000000000000000000000000000000000000000000000000000000000000000000000000000000000=
54902 355400 1150700 00495 00499 4
20100322160000 320 015 319 016 305 016 1530 319 020 319 020 1600 0000 0085 0090 1501 0085 1558 069 069 1600 077 0031 10152 10153 1533 10149 1501 0055 0063 1501 0054 1554 0060 0065 1501 0060 1600 0077 0083 0085 0086 0078 0070 0078 0111 //// 10213 ///// ///// ////
000000000000000000000000000000000000000000000000000000000000000000000000000000000000000000000000000000000000000000000000=
54900 354200 1150100 00537 00541 4
20100322160000 324 012 317 011 324 013 1539 299 011 310 021 1521 0000 0104 0105 1524 0103 1514 063 063 1600 079 0037 10147 10149 1548 10144 1503 0077 0079 1553 0065 1510 0067 0068 1536 0067 1600 0080 0085 0088 0089 0085 0077 0081 0110 //// 10213 ///// ///// ////
000000000000000000000000000000000000000000000000000000000000000000000000000000000000000000000000000000000000000000000000=
54901 360500 1151000 00475 00478 4
20100322160000 322 012 312 013 290 016 1521 310 012 288 019 1517 0000 0087 0094 1501 0087 1545 056 055 1550 063 0004 10155 10157 1529 10151 1501 0066 0071 1513 0062 1547 0061 0066 1501 0061 1558 0073 0080 0084 0085 0082 0076 0074 0105 //// 10214 ///// ///// ////
000000000000000000000000000000000000000000000000000000000000000000000000000000000000000000000000000000000000000000000000=
54903 355100 1152900 00457 00506 4
20100322160000 319 010 334 006 311 011 1534 322 013 333 019 1532 0000 0094 0094 1547 0085 1508 049 049 1600 058 -008 10151 10151 1600 10144 1501 0070 0072 1556 0065 1509 0061 0062 1502 0061 1558 0073 0081 0084 0084 0079 0076 0089 0114 //// 10213 ///// ///// ////
000000000000000000000000000000000000000000000000000000000000000000000000000000000000000000000000000000000000000000000000=
57184 333800 1132200 00834 00847 4
20100322160000       1600     1600    1600  1600   1600 000 -800 ///// ///// //// 0//// ////   1600  1600   1600  1600          /////   1600
//0000000000000000000000000000000000000000000000000000000000000000000000000000000000000000000000000000000000000000000000=
57177 332000 1133200 00898 00913 4
20100322160000 225 005 300 007 136 014 1501 203 006 166 015 1508 0032 0087 0091 1512 0087 1600 090 089 1501 101 0072 10108 10109 1518 10104 1501 0082 0084 1503 0081 1547 0093 0096 1506 0093 1600 0086 0111 0108 0119 0111 0103 0102 0121 //// 10220 ///// ///// ////
000000010000000100000100010100020101010001020101000001000100000002000101000001010001000000020001000000010000010000000201=
57075 341000 1125200 02031 02043 4
20100322160000 082 007 101 008 133 011 1554 076 007 124 015 1552 0000 0090 0092 1501 0090 1600 087 086 1501 100 0070 09968 09970 1545 09964 1501 0083 0086 1506 0081 1547 0082 0084 1501 0082 1600 0093 0101 0105 0107 0110 0102 0093 0117 //// 10215 ///// ///// ////
000000000000000000000000000000000000000000000000000000000000000000000000000000000000000000000000000000000000000000000000=
57173 334500 1125300 01457 01468 4
20100322160000 277 011 278 011 262 022 1506 285 018 265 040 1504 0001 0093 0099 1516 0093 1600 079 071 1514 092 0058 10037 10038 1557 10032 1513 0078 0080 1512 0076 1531 0084 0085 1521 0084 1600 0103 0111 0115 0115 0108 0102 0102 0134 //// 10215 ///// ///// ////
000000000000000001000000000000000000000000000000000000000000000000000000000000000000000000000000000000000000000000000000=
57180 335900 1131200 01175 01186 4
20100322160000 312 026 288 020 288 020 1600 318 028 301 031 //// 0000 0099 0100 1501 0099 1600 082 080 1534 100 0070 10073 10073 1600 10065 1501 0085 0086 1549 0081 1520 0085 0087 1501 0085 1559 0098 0106 0110 0111 0101 0097 0099 0131 //// 10216 ///// ///// ////
000000000000000000000000000000000000000000000000000000000000000000000000000000000000000000000000000000000000000000000000=
57181 335300 1130300 01364 01380 4
20100322160000 254 032 268 028 166 029 1547 240 022 263 045 1556 0000 0094 0099 1549 0091 1530 081 079 1550 095 0063 10052 10052 1559 10047 1504 0080 0081 1544 0079 1530 0084 0086 1502 0084 1558 0098 0106 0111 0113 0105 0100 0100 0129 //// 10219 ///// ///// ////
000000000000000000000000000000000000000000000000000000000000000000000000000000000000000000000000000000000000000000000000=
57171 334600 1130700 01420 01430 4
20100322160000 205 026 187 029 169 040 1544 220 025 184 050 1528 0003 0094 0098 1527 0094 1600 087 081 1526 103 0073 10039 10040 1514 10038 1501 0083 0086 1501 0082 1528 0089 0090 1501 0089 1540 0103 0112 0117 0119 0120 0115 0111 0124 //// 10212 ///// ///// ////
000000000000000000000000000000000100000000000000000000000000000000000002000000000000000000000000000000000000000000000000=
57175 330300 1121400 01914 01922 4
20100322160000 360 022 003 023 018 056 1501 001 019 001 092 1503 0010 0077 0084 1501 0077 1600 087 083 1501 091 0057 09994 09995 1557 09986 1502 0072 0073 1503 0071 1550 0083 0083 1501 0082 1506 0121 0137 0142 0141 0115 0106 0108 0139 //// 10226 ///// ///// ////
000000000100000000000100000000000001000000000100000001000000000100000000010000000000010000000001000000000000000000010000=
57156 331800 1113000 02503 02523 4
20100322160000 286 034 281 031 284 035 1527 279 031 285 060 1533 0031 0066 0070 1508 0066 1600 089 089 1544 087 0049 09922 09924 1549 09921 1558 0063 0067 1510 0063 1600 0068 0071 1501 0067 1547 0094 0108 0120 0126 0113 0112 0115 0143 //// 10227 ///// ///// ////
010001000001000100010000010001000100000100010001000001000100010001010001010101010001010100010100000100000100010000010001=
57271 323300 1122300 00879 00897 4
20100322160000 356 027 001 031 017 042 1501 355 027 023 075 1523 0005 0094 0100 1502 0094 1600 089 084 1501 105 0077 10109 10110 1554 10102 1501 0084 0086 1506 0084 1559 0092 0096 1510 0092 1555 0124 0136 0141 0141 0113 0105 0111 0139 //// 10218 ///// ///// ////
000000000000010000000000000000000000000100000000000000000000000000000100000000000000000000000000000000010000000001000000=
57261 330700 1113100 02330 02345 4
20100322160000 123 048 129 051 130 070 1526 113 041 115 111 1531 0026 0071 0074 1501 0071 1600 089 088 1540 090 0054 09935 09936 1548 09931 1510 0067 0072 1508 0067 1600 0075 0080 1503 0075 1549 0100 0115 0124 0128 0131 0123 0125 //// //// 10218 ///// ///// ////
000100010000010001000001000100000100010000010001000000010001000000010001000100010001010001010001010001000100000100010000=
57285 322300 1132500 01530 01492 4
20100322160000 356 032 004 032 003 050 1521 347 026 358 095 1514 0011 0095 0111 1501 0095 1553 075 065 1502 089 0053 10025 10028 1542 10018 1503 0077 0096 1503 0077 1559 0090 0098 1502 0090 1555 0113 0123 0127 0130 0115 0108 0107 0135 //// ///// ///// ///// ////
////////////////////////////////////////////////////////////////////////////////////////////////////////////////////////=
57273 324100 1125100 01095 01105 4
20100322160000 005 036 010 034 025 040 1522 035 019 009 080 1546 0003 0091 0097 1501 0091 1600 084 081 1501 097 0065 10082 10082 1600 10075 1516 0087 0088 1542 0086 1551 0095 0096 1542 0094 1520 0122 0131 0134 0135 0119 0110 0109 0136 //// 10217 ///// ///// ////
000000000000000000000000010000000000010000000000000000010000000000000000000000000000000000000000000000000000000000000000=
57187 330400 1125600 01180 01193 4
20100322160000 340 021 339 022 353 028 1513 313 023 007 044 1512 0000 0085 0089 1501 0085 1600 092 091 1501 102 0073 10065 10067 1545 10062 1516 0081 0084 1501 0081 1555 0095 0098 1503 0095 1600 0115 0122 0131 0132 0123 0110 0106 0132 //// 10210 ///// ///// ////
000000000000000000000000000000000000000000000000000000000000000000000000000000000000000000000000000000000000000000000000=
57178 330200 1123500 01292 01305 4
20100322160000 350 034 347 033 347 039 1531 349 035 355 067 1501 0008 0086 0091 1506 0086 1600 086 085 1547 096 0064 10062 10065 1546 10060 1506 0076 0081 1501 0076 1600 0090 0095 1507 0090 1600 0114 0127 0130 0130 0119 0108 0108 0133 0002 10220 ///// ///// ////
000000000000010000000000000000000100000000000100000000000000000000000100000000000000000000010000000002000000000001000000
130 010 000 /// //// /////////////////////ACP /// //// 6///1 0//// 7//// 1//// 2//// 3//// /// /// /// // 911// 915// 919// 934// 939//=
57169 330300 1115200 01591 01600 4
20100322160000 320 029 316 033 314 041 1514 330 025 313 065 1536 0025 0086 0089 1501 0086 1600 097 096 1502 108 0082 10030 10032 1546 10028 1501 0083 0086 1505 0083 1600 0085 0088 1507 0085 1600 0110 0122 0128 0129 0114 0105 0106 0133 //// 10223 ///// ///// ////
010000010000020001000100000100000100000100000100000100000100010000010000020000010001000100000100000100000001000100010001=
57176 332900 1122500 02311 02304 4
20100322160000 287 023 277 022 247 031 1513 268 016 246 054 1510 0018 0075 0079 1501 0075 1600 086 084 1501 089 0053 09946 09949 1541 09945 1551 0072 0073 1530 0071 1556 0082 0085 1501 0082 1600 0103 0116 0125 0130 0121 0113 0110 0130 //// 10223 ///// ///// ////
000100000001000000000000000001000000000100000002000001000000010000000100000000020000000100000001000000010000020001000100=
57179 331700 1130000 01604 01616 4
20100322160000 308 015 312 014 322 016 1511 293 011 302 023 1509 0019 0085 0087 1501 0085 1600 094 093 1502 104 0076 10025 10026 1558 10020 1528 0078 0079 1506 0078 1553 0090 0092 1501 0090 1558 0106 0115 0119 0120 0110 0102 0103 0132 //// 10220 ///// ///// ////
000002000000000000000001000000000001000001000000000000000200000000010100000001000001010002000002000001000001000000010000=
57274 324200 1120700 01076 01088 4
20100322160000 016 042 015 033 010 044 1542 023 054 015 081 1538 0007 0087 0100 1501 0087 1600 080 077 1501 090 0054 10087 10090 1549 10084 1501 0080 0087 1503 0080 1600 0096 0100 1501 0095 1544 0125 0136 0143 0145 0127 0117 0112 0140 //// 10219 ///// ///// ////
000000000100000100000100000000010000000000000100000000000000010000000000010000000000000000000000000000000000000000000000=
57065 343000 1121100 01949 01964 4
20100322160000 271 014 140 010 252 032 1533 268 013 254 046 1527 0000 0104 0107 1501 0104 1600 057 056 1541 072 0023 09970 09974 1530 09969 1504 0080 0081 1502 0080 1600 0080 0082 1504 0079 1556 0092 0099 0103 0107 0102 0102 0108 0138 //// 10208 ///// ///// ////
000000000000000000000000000000000000000000000000000000000000000000000000000000000000000000000000000000000000000000000000=
57074 342500 1122500 01973 01989 4
20100322160000 207 008 238 015 238 015 1559 091 005 254 029 1555 0000 0105 0107 1507 0105 1553 064 063 1502 081 0040 09967 09972 1538 09967 1501 0093 0094 1558 0088 1518 0082 0083 1501 0082 1600 0092 0099 0104 0107 0106 0103 0100 0125 //// 10208 ///// ///// ////
000000000000000000000000000000000000000000000000000000000000000000000000000000000000000000000000000000000000000000000000=
57076 344400 1124700 01895 01901 4
20100322160000 081 011 082 013 064 027 1519 108 009 054 035 1514 0000 0108 0108 1600 0102 1503 061 061 1600 079 0036 09974 09977 1516 09974 1600 0086 0097 1539 0086 1600 0079 0080 1501 0079 1600 0086 0092 0095 0097 0094 0088 0087 0121 //// 10205 ///// ///// ////
000000000000000000000000000000000000000000000000000000000000000000000000000000000000000000000000000000000000000000000000=
57070 344400 1120700 03640 03595 4
20100322160000 107 028 104 034 102 035 1558 111 028 099 046 1556 0000 0105 0107 1545 0104 1501 055 038 1521 070 0018 09774 09778 1542 09772 1555 0095 0097 1549 0091 1538 0071 0071 1501 0070 1533 0082 0091 0094 0095 0093 0090 0093 0123 //// 10205 ///// ///// ////
000000000000000000000000000000000000000000000000000000000000000000000000000000000000000000000000000000000000000000000000=
57162 340900 1120500 03258 03275 4
20100322160000 354 016 253 019 188 024 1557 026 017 189 039 1553 0000 0102 0102 1600 0096 1501 054 053 1545 067 0013 09820 09823 1531 09816 1501 0086 0092 1554 0080 1531 0072 0073 1531 0072 1557 0087 0095 0101 0105 0100 0096 0099 0132 //// 10213 ///// ///// ////
000000000000000000000000000000000000000000000000000000000000000000000000000000000000000000000000000000000000000000000000=
57078 340900 1122800 03365 03340 4
20100322160000 092 010 107 012 278 016 1513 091 010 271 029 1508 0000 0094 0096 1501 0094 1557 065 062 1524 077 0032 09811 09811 1556 09805 1501 0069 0071 1502 0069 1600 0071 0072 1501 0071 1600 0082 0089 0095 0100 0101 0097 0095 0118 //// 10212 ///// ///// ////
000000000000000000000000000000000000000000000000000000000000000000000000000000000000000000000000000000000000000000000000=
57071 344900 1122600 03333 03332 4
20100322160000 354 038 348 036 332 038 1537 333 036 344 060 1549 0000 0096 0103 1501 0095 1546 078 073 1501 093 0060 09807 09810 1552 09806 1536 0090 0093 1501 0088 1544 0079 0080 1537 0079 1507 0088 0092 0095 0096 0093 0088 0089 0119 //// 10209 ///// ///// ////
000000000000000000000000000000000000000000000000000000000000000000000000000000000000000000000000000000000000000000000000=
57066 342300 1114000 03283 03298 4
20100322160000 303 013 299 010 268 016 1512 296 010 268 042 1505 0000 0097 0097 1514 0096 1553 059 059 1600 071 0021 09812 09818 1511 09812 1600 0078 0080 1507 0078 1558 0070 0071 1506 0070 1556 0082 0088 0093 0096 0096 0092 0088 0116 //// 10210 ///// ///// ////
000000000000000000000000000000000000000000000000000000000000000000000000000000000000000000000000000000000000000000000000=
57077 334700 1113900 07424 07388 4
20100322160000 268 017 243 017 223 035 1519 257 016 293 047 1532 0006 0046 0046 1545 0044 1501 083 083 1501 070 0020 09361 09363 1543 09358 1554 0038 0039 1533 0037 1504 0045 0045 1545 0043 1516 0060 0073 0082 0089 0094 0088 0089 0116 //// 10233 ///// ///// ////
000000000000000000000000000000010000000000000000000000000000000001000000000000000000000001000000000001000000000100000001=
57185 332700 1133500 00911 00921 4
20100322160000 182 019 199 016 245 024 1510 136 031 136 031 1600 0030 0086 0092 1501 0086 1600 091 091 1600 102 0072 10102 10107 1537 10102 1600 0080 0086 1509 0080 1600 0089 0093 1501 0089 1600 0104 0109 0113 0107 0113 0103 0099 0123 //// 10214 ///// ///// ////
010000000000000001000000000100000001000000010001000101010001010101010101010100010100010100010001000100010000010101000100=
57183 334800 1135500 00600 00615 4
20100322160000 148 023 150 027 210 046 1545 167 022 212 071 1544 0000 0100 0100 1558 0097 1528 084 084 1556 103 0074 10130 10136 1532 10130 1501 0089 0090 1553 0088 1501 0093 0096 1501 0093 1554 0104 0110 0114 0115 0107 0097 0095 0123 //// 10205 ///// ///// ////
000000000000000000000000000000000000000000000000000000000000000000000000000000000000000000000000000000000000000000000000=
57186 333600 1140300 00587 00598 4
20100322160000 218 028 232 031 236 034 //// 207 014 237 056 1557 0000 0098 0100 1501 0093 1533 079 076 1519 096 0063 10142 10142 1600 10134 1507 0081 0082 1503 0080 1520 0090 0094 1501 0090 1559 0106 0114 0116 0118 0110 0101 0100 0134 //// 10215 ///// ///// ////
000000000000000000000000000000000000000000000000000000000000000000000000000000000000000000000000000000000000000000000000=
57094 342400 1141300 00674 00685 4
20100322160000 311 011 318 013 334 016 1533 302 008 324 024 1531 0000 0103 0106 1501 0103 1600 087 085 1501 109 0082 10123 10124 1512 10120 1535 0092 0093 1555 0091 1501 0089 0090 1501 0089 1600 0095 0098 0101 0101 0103 0095 0088 0116 //// 10206 ///// ///// ////
000000000000000000000000000000000000000000000000000000000000000000000000000000000000000000000000000000000000000000000000=
57191 342900 1142900 00634 00642 4
20100322160000 291 006 305 008 332 012 1550 268 005 345 023 1549 0000 0103 0103 1600 0102 1535 084 084 1600 105 0077 10130 10132 1523 10129 1537 0096 0097 1508 0095 1540 0090 0091 1501 0090 1559 0095 0097 0099 0099 0096 0091 0093 0125 //// 10208 ///// ///// ////
000000000000000000000000000000000000000000000000000000000000000000000000000000000000000000000000000000000000000000000000=
57096 343200 1144700 00597 00607 4
20100322160000 335 022 334 022 331 023 1505 333 019 339 037 1558 0000 0106 0108 1508 0106 1600 075 074 1504 096 0064 10127 10129 1510 10126 1547 0092 0093 1548 0091 1542 0088 0090 1501 0088 1559 0098 0106 0108 0108 0103 0097 0099 0128 //// 10201 ///// ///// ////
000000000000000000000000000000000000000000000000000000000000000000000000000000000000000000000000000000000000000000000000=
57091 344700 1141800 00737 00748 4
20100322160000 317 008 330 007 319 009 1521 304 007 307 016 1517 0000 0106 0107 1501 0106 1600 082 082 1600 105 0077 10120 10121 1501 10118 1544 0089 0092 1517 0089 1556 0090 0092 1517 0090 1556 0099 0102 0105 0099 0104 0099 0099 0123 //// 10211 ///// ///// ////
000000000000000000000000000000000000000000000000000000000000000000000000000000000000000000000000000000000000000000000000=
53978 350500 1123800 01401 01409 4
20100322160000 097 020 091 024 081 041 1529 077 012 068 059 1513 0001 0109 0109 1548 0106 1501 078 078 1600 102 0072 10035 10040 1511 10033 1552 0098 0099 1549 0097 1501 0089 0090 1547 0089 1600 0095 0099 0100 0103 0092 0090 0094 0125 //// 10207 ///// ///// ////
000000000000000000000000000000000000000000000000000001000000000000000000000000000000000000000000000000000000000000000000=
53984 351400 1132800 00827 00837 4
20100322160000 052 013 043 012 043 012 1600 046 014 359 015 1527 0000 0085 0088 1501 0085 1600 092 091 1501 102 0073 10106 10113 1536 10106 1600 0075 0077 1501 0074 1541 0079 0079 1522 0079 1501 0089 0095 0095 0099 0097 0094 0093 0121 //// 10209 ///// ///// ////
000000000000000000000000000000000000000000000000000000000000000000000000000000000000000000000000000000000000000000000000=
53987 350600 1132500 00910 00918 4
20100322160000 091 006 064 008 020 015 1515 085 004 023 020 1514 0000 0099 0101 1548 0099 1520 087 086 1555 106 0078 10099 10103 1538 10097 1555 0088 0093 1548 0088 1600 0088 0089 1544 0088 1600 0094 0098 0101 0104 0100 0097 0098 0127 //// 10211 ///// ///// ////
000000000000000000000000000000000000000000000000000000000000000000000000000000000000000000000000000000000000000000000000=
57079 345700 1130200 01064 01069 4
20100322160000 084 020 080 023 075 026 1555 085 022 074 034 1502 0000 0097 0098 1503 0096 1530 089 088 1504 107 0080 10075 10079 1528 10073 1501 0092 0093 1504 0089 1532 0085 0085 1556 0084 1533 0090 0093 0096 0097 0099 0094 0092 0120 //// 10206 ///// ///// ////
000000000000000000000000000000000000000000000000000000000000000000000000000000000000000000000000000000000000000000000000=
53972 350700 1125500 01196 01210 4
20100322160000 010 006 031 007 011 014 1521 333 005 060 020 1502 0000 0104 0106 1501 0104 1600 084 083 1501 106 0078 10060 10066 1518 10060 1600 0087 0092 1503 0085 1552 0088 0089 1503 0088 1600 0097 0103 0108 0110 0097 0096 0107 0136 //// 10208 ///// ///// ////
000000000000000000000000000000000000000000000000000000000000000000000000000000000000000000000000000000000000000000000000=
57072 345500 1124500 01275 01285 4
20100322160000 037 016 039 014 035 023 1501 032 016 032 032 1507 0000 0096 0098 1501 0096 1600 088 088 1600 105 0077 10053 10055 1516 10050 1501 0091 0095 1514 0090 1557 0084 0086 1502 0084 1559 0090 0096 0097 0097 0089 0085 0084 0113 //// 10210 ///// ///// ////
000000000000000000000000000000000000000000000000000000000000000000000000000000000000000000000000000000000000000000000000=
53982 351400 1131600 01120 01135 4
20100322160000 061 011 063 013 063 014 1558 036 011 082 023 1549 0000 0109 0111 1538 0107 1511 076 075 1547 099 0068 10071 10074 1528 10068 1548 0089 0090 1541 0086 1506 0087 0087 1551 0086 1503 0096 0101 0104 0107 0099 0096 0098 0131 //// 10209 ///// ///// ////
000000000000000000000000000000000000000000000000000000000000000000000000000000000000000000000000000000000000000000000000=
53979 350900 1130500 01200 01211 4
20100322160000 047 012 051 011 073 017 1501 039 012 062 019 1544 0000 0104 0106 1501 0104 1600 083 083 1600 105 0076 10061 10068 1522 10061 1600 0091 0101 1501 0091 1600 0078 0081 1501 0078 1600 0094 0098 0103 0105 0098 0097 0102 0132 //// 10209 ///// ///// ////
000000000000000000000000000000000000000000000000000000000000000000000000000000000000000000000000000000000000000000000000=
53992 353900 1143100 00582 00592 4
20100322160000 005 027 004 024 004 024 1600 015 031 006 031 //// 0000 0094 0095 1501 0093 1511 066 065 1547 078 0034 10141 10143 1511 10141 1600 0074 0077 1526 0073 1548 0072 0075 1501 0072 1600 0081 0082 0088 0088 0082 0079 0086 0122 //// 10214 ///// ///// ////
000000000000000000000000000000000000000000000000000000000000000000000000000000000000000000000000000000000000000000000000=
53974 353700 1141100 00723 00739 4
20100322160000 016 016 017 015 017 015 1600 358 014 023 023 1558 0000 0109 0111 1527 0108 1505 045 045 1600 059 -006 10126 10127 1502 10124 1533 0080 0080 1600 0074 1512 0077 0081 1503 0077 1600 0088 0095 0099 0099 0090 0088 0095 0124 //// 10216 ///// ///// ////
000000000000000000000000000000000000000000000000000000000000000000000000000000000000000000000000000000000000000000000000=
53990 354300 1141900 00795 00805 4
20100322160000 017 026 017 026 345 033 1503 018 027 333 040 1501 0000 0085 0108 1508 0084 1552 071 045 1507 079 0035 10118 10120 1540 10118 1600 0081 0101 1504 0079 1549 0074 0078 1504 0074 1555 0088 0094 0093 0095 0089 0081 0081 0111 //// 10217 ///// ///// ////
000000000000000000000000000000000000000000000000000000000000000000000000000000000000000000000000000000000000000000000000=
53991 355600 1142100 00743 00753 4
20100322160000 342 010 346 008 325 010 1547 345 012 330 016 1543 0000 0104 0109 1501 0104 1600 044 042 1549 055 -013 10127 10128 1549 10125 1533 0082 0096 1509 0077 1542 0070 0073 1501 0070 1600 0082 0090 0088 0092 0085 0080 0085 0118 //// 10219 ///// ///// ////
000000000000000000000000000000000000000000000000000000000000000000000000000000000000000000000000000000000000000000000000=
53993 355600 1145500 00516 00524 4
20100322160000 330 009 337 008 345 010 1532 332 008 343 017 1531 0000 0090 0096 1501 0090 1600 063 052 1540 072 0023 10151 10152 1518 10148 1501 0072 0076 1501 0071 1557 0068 0073 1501 0068 1600 0080 0086 0087 0085 0082 0072 0072 0108 //// 10215 ///// ///// ////
000000000000000000000000000000000000000000000000000000000000000000000000000000000000000000000000000000000000000000000000=
53889 360400 1134900 03068 03086 4
20100322160000 056 001 083 000 208 010 1529 046 003 221 012 1512 0000 0083 0092 1501 0083 1600 058 054 1501 063 0005 09851 09852 1552 09847 1501 0060 0079 1517 0060 1556 0063 0068 1501 0063 1547 0073 0079 0083 0086 0077 0072 0086 0098 //// 10225 ///// ///// ////
000000000000000000000000000000000000000000000000000000000000000000000000000000000000000000000000000000000000000000000000=
53995 353300 1143000 00625 00645 4
20100322160000 350 027 349 025 349 025 1600 358 028 344 042 1555 0000 0105 0105 1600 0093 1511 053 053 1600 067 0013 10133 10135 1510 10133 1553 0088 0088 1600 0076 1508 0076 0078 1517 0076 1600 0088 0095 0094 0095 0089 0084 0084 0116 //// 10212 ///// ///// ////
000000000000000000000000000000000000000000000000000000000000000000000000000000000000000000000000000000000000000000000000=
53898 360300 1142400 00629 00638 4
20100322160000 345 016 345 016 307 019 1506 344 015 271 026 1510 0000 0107 0112 1507 0107 1552 034 034 1558 044 -045 10140 10142 1549 10137 1534 0068 0080 1504 0067 1549 0073 0077 1501 0073 1600 0087 0092 0094 0093 0073 0072 0083 0117 //// 10218 ///// ///// ////
000000000000000000000000000000000000000000000000000000000000000000000000000000000000000000000000000000000000000000000000=
NNNN
