57090 344300 1135800 00781 00802 4
20100322050000 303 007 286 022 335 029 0408 147 013 007 055 0403 0002 0105 0127 0401 0105 0459 085 054 0401 108 0081 10054 10062 0435 10054 0500 0097 0138 0401 0096 0457 0122 0150 0401 0121 0458 0119 0112 0105 0104 0099 0091 0083 0119 //// 10151 ///// ///// ////
000000000000000000000000000000000000000000000000000000000000000000000000000000000001000000000000000100000000000000000000=
57083 344300 1133900 01104 01116 4
20100322050000 271 027 280 030 334 042 0408 253 021 324 062 0407 0008 0106 0129 0401 0106 0500 086 057 0401 110 0084 10025 10030 0437 10023 0401 0104 0165 0401 0104 0500 0109 0146 0401 0109 0500 0117 0113 0109 0108 0098 0097 0101 0126 0000 10160 ///// ///// ////
000000000000000000000000000000000000000000000000000000000000000001000000010001000100000001000000000001000000010000010000
100 010 001 /// //// //////////////////ASPFNB /// //// 6///1 0//// 7//// 1//// 2//// 3//// /// /// /// // 911// 915// 919// 934// 939//=
57086 342300 1134300 01166 01168 4
20100322050000 348 062 351 062 349 084 0401 353 051 004 113 0421 0000 0130 0142 0405 0130 0500 057 045 0416 085 0047 10013 10014 0443 10010 0405 0155 0193 0405 0154 0443 0158 0188 0404 0158 0442 0135 0118 0109 0106 0101 0094 0091 0116 //// 10154 ///// ///// ////
000000000000000000000000000000000000000000000000000000000000000000000000000000000000000000000000000000000000000000000000=
57085 343200 1132000 02599 02648 4
20100322050000 309 046 320 040 345 068 0404 322 045 333 104 0432 0000 0122 0132 0401 0122 0500 063 055 0401 089 0054 09841 09843 0452 09839 0401 0120 0149 0401 0120 0500 0130 0164 0401 0130 0500 0127 0116 0111 0107 0106 0097 0090 0121 //// 10159 ///// ///// ////
000000000000000000000000000000000000000000000000000000000000000000000000000000000000000000000000000000000000000000000000=
57081 344800 1132600 01409 01419 4
20100322050000 251 016 258 016 261 017 0450 260 024 268 045 0458 0011 0102 0102 0500 0097 0411 078 078 0500 097 0065 09993 09996 0424 09992 0450 0091 0094 0437 0090 0412 0098 0100 0434 0097 0457 0104 0106 0108 0104 0089 0091 0093 0117 //// 10165 ///// ///// ////
000000000100000000000000000100000000000000020000000000000000010000000001000000000000000001000000000000000001000000020100=
57080 344400 1125800 01652 01661 4
20100322050000 157 045 153 046 153 046 0500 142 052 158 072 0442 0015 0099 0099 0500 0092 0434 085 085 0500 104 0075 09963 09978 0427 09963 0500 0091 0091 0500 0087 0436 0096 0098 0417 0093 0437 0100 0102 0103 0103 0092 0086 0086 0119 //// 10164 ///// ///// ////
000000010000000002000000000100000000000000010000000000000000010000010000020001000100000100000001000000000000020000000000=
57082 342800 1130100 04271 04284 4
20100322050000 340 055 338 064 346 084 0442 322 063 322 148 0428 0000 0095 0113 0401 0095 0451 073 056 0401 087 0049 09652 09653 0450 09648 0401 0080 0140 0401 0080 0458 0096 0159 0401 0096 0500 0122 0121 0118 0116 0105 0098 0097 //// //// 10162 ///// ///// ////
000000000000000000000000000000000000000000000000000000000000000000000000000000000000000000000000000000000000000000000000=
57189 330800 1135700 00646 00655 4
20100322050000 338 018 346 016 331 025 0416 327 017 324 047 0408 0000 0129 0129 0454 0123 0401 071 070 0422 106 0078 10064 10064 0459 10059 0401 0136 0143 0447 0131 0401 0136 0140 0438 0130 0401 0126 0121 0120 0120 0103 0094 0095 0122 //// 10143 ///// ///// ////
000000000000000000000000000000000000000000000000000000000000000000000000000000000000000000000000000000000000000000000000=
57194 331700 1141600 00598 00609 4
20100322050000 350 026 348 024 340 032 0413 004 036 336 056 0454 0000 0127 0127 0459 0125 0403 064 064 0500 094 0061 10067 10067 0447 10061 0418 0131 0137 0452 0126 0425 0129 0131 0454 0123 0424 0117 0118 0117 0115 0099 0092 0095 0126 //// 10140 ///// ///// ////
000000000000000000000000000000000000000000000000000000000000000000000000000000000000000000000000000000000000000000000000=
57294 325000 1140100 00836 00846 4
20100322050000 001 031 000 029 000 029 0500 029 025 347 053 0422 0000 0121 0121 0455 0119 0401 073 072 0402 103 0074 10034 10035 0411 10034 0420 0126 0130 0437 0124 0401 0130 0134 0441 0126 0401 0121 0119 0119 0118 0112 0107 0099 0118 //// 10136 ///// ///// ////
000000000000000000000000000000000000000000000000000000000000000000000000000000000000000000000000000000000000000000000000=
57195 333700 1143700 00466 00476 4
20100322050000 030 023 033 023 034 023 0453 064 024 015 050 0448 0000 0136 0136 0500 0133 0401 052 052 0500 081 0039 10082 10082 0500 10078 0422 0146 0147 0456 0139 0419 0146 0146 0458 0138 0419 0129 0123 0120 0118 0106 0096 0100 0142 //// 10139 ///// ///// ////
000000000000000000000000000000000000000000000000000000000000000000000000000000000000000000000000000000000000000000000000=
57193 334700 1143100 00526 00541 4
20100322050000 346 043 343 034 340 039 0442 347 046 344 076 0438 0000 0139 0139 0500 0135 0418 052 051 0401 083 0042 10076 10077 0458 10072 0420 0150 0157 0445 0135 0401 0142 0145 0442 0128 0401 0125 0120 0118 0116 0107 0099 0102 0131 //// 10141 ///// ///// ////
000000000000000000000000000000000000000000000000000000000000000000000000000000000000000000000000000000000000000000000000=
58101 335200 1152900 00413 00428 4
20100322050000 339 025 341 030 350 032 0419 330 037 341 052 0425 0000 0129 0133 0409 0129 0448 060 058 0420 089 0053 10083 10083 0500 10072 0410 0133 0174 0405 0131 0449 0128 0162 0408 0128 0459 0127 0113 0107 0105 0103 0095 0097 0131 //// 10135 ///// ///// ////
000000000000000000000000000000000000000000000000000000000000000000000000000000000000000000000000000000000000000000000000=
57098 340500 1142400 00583 00593 4
20100322050000 339 053 344 049 345 054 0446 348 085 333 089 0444 0000 0141 0141 0500 0132 0401 052 051 0444 084 0044 10069 10070 0412 10067 0404 0170 0170 0500 0146 0401 0140 0140 0500 0129 0442 0124 0115 0107 0105 0101 0094 0096 0129 //// 10140 ///// ///// ////
000000000000000000000000000000000000000000000000000000000000000000000000000000000000000000000000000000000000000000000000=
57182 335100 1133000 00805 00814 4
20100322050000 016 050 019 053 022 057 0457 023 062 022 094 0450 0000 0168 0169 0453 0147 0401 051 047 0434 098 0066 10048 10049 0456 10043 0401 0201 0213 0425 0178 0401 0241 0253 0426 0207 0401 0153 0126 0119 0114 0109 0102 0106 0140 //// 10146 ///// ///// ////
000000000000000000000000000000000000000000000000000000000000000000000000000000000000000000000000000000000000000000000000=
58207 321000 1150300 00428 00440 4
20100322050000 311 028 307 025 299 029 0449 313 025 296 045 0416 0000 0127 0128 0411 0127 0500 069 067 0417 101 0072 10078 10078 0500 10072 0401 0127 0132 0422 0127 0500 0133 0134 0401 0133 0500 0129 0136 0136 0136 0122 0111 0110 0138 //// 10131 ///// ///// ////
000000000000000000000000000000000000000000000000000000000000000000000000000000000000000000000000000000000000000000000000=
53986 351900 1135300 00732 00740 4
20100322050000 288 027 292 028 292 028 0500 254 025 308 047 0453 0000 0107 0109 0439 0102 0401 083 080 0441 107 0079 10068 10071 0453 10058 0401 0104 0104 0459 0087 0405 0109 0109 0459 0098 0406 0103 0102 0102 0103 0096 0092 0096 0128 //// 10158 ///// ///// ////
000000000000000000000000000000000000000000000000000000000000000000000000000000000000000000000000000000000000000000000000=
57051 344800 1111200 04099 04117 4
20100322050000 332 029 320 035 319 038 0457 322 026 322 067 0450 0000 0141 0144 0443 0141 0458 027 027 0500 043 -046 09698 09699 0456 09696 0418 0158 0163 0442 0142 0425 0152 0152 0500 0135 0425 0111 0102 0101 0100 0090 0085 0083 0114 //// 10186 ///// ///// ////
000000000000000000000000000000000000000000000000000000000000000000000000000000000000000000000000000000000000000000000000=
57063 344600 1114600 05236 05236 4
20100322050000 259 018 277 015 320 019 0401 254 027 282 030 0430 0000 0119 0119 0500 0105 0401 052 052 0500 072 0024 09559 09563 0401 09559 0500 0115 0115 0459 0099 0401 0118 0118 0456 0106 0401 0088 0081 0081 0083 0076 0075 0082 0110 //// 10181 ///// ///// ////
000000000000000000000000000000000000000000000000000000000000000000000000000000000000000000000000000000000000000000000000=
57067 340300 1110200 05688 05699 4
20100322050000 000 000 122 004 047 020 0402 240 000 074 035 0412 0010 0062 0066 0401 0061 0441 083 081 0401 079 0035 09534 09536 0420 09532 0450 0068 0068 0440 0064 0451 0086 0086 0459 0078 0403 0091 0094 0100 0098 0103 0100 0092 0122 //// 10217 ///// ///// ////
010000010000010000000100000001000000000100000000010000000000000100000000000000000001000000000000000000000000000100000000=
57056 343200 1105300 03904 03909 4
20100322050000 327 014 348 019 352 020 0458 327 016 023 043 0455 0000 0139 0139 0500 0134 0401 029 027 0449 046 -038 09724 09727 0437 09724 0457 0138 0151 0418 0135 0402 0126 0138 0416 0126 0458 0110 0100 0098 0100 0092 0089 0090 0118 //// 10189 ///// ///// ////
000000000000000000000000000000000000000000000000000000000000000000000000000000000000000000000000000000000000000000000000=
58007 340400 1151800 00472 00532 4
20100322050000 320 022 325 017 328 029 0444 274 010 347 086 0437 0000 0137 0142 0409 0136 0450 052 049 0405 081 0040 10071 10072 0445 10062 0407 0150 0181 0408 0138 0434 0154 0189 0408 0145 0447 0129 0118 0112 0109 0105 0097 0100 0131 //// 10135 ///// ///// ////
000000000000000000000000000000000000000000000000000000000000000000000000000000000000000000000000000000000000000000000000=
58006 342300 1155300 00463 00506 4
20100322050000 350 031 360 034 343 039 0447 001 020 353 073 0452 0000 0133 0134 0454 0128 0413 052 052 0457 079 0037 10077 10077 0500 10073 0402 0142 0171 0446 0132 0407 0154 0169 0446 0142 0410 0133 0121 0111 0105 0094 0090 0095 0127 //// 10138 ///// ///// ////
000000000000000000000000000000000000000000000000000000000000000000000000000000000000000000000000000000000000000000000000=
58111 335800 1162700 00325 00325 4
20100322050000 017 031 027 029 027 029 0500 355 022 358 055 0452 0000 0122 0122 0500 0117 0401 053 053 0453 075 0029 10080 10088 0423 10079 0459 0156 0160 0411 0137 0431 0132 0132 0500 0120 0401 0106 0101 0098 0099 0099 0095 0102 0138 //// 10119 ///// ///// ////
000000000000000000000000000000000000000000000000000000000000000000000000000000000000000000000000000000000000000000000000=
58017 341500 1160800 00410 00420 4
20100322050000 335 044 335 041 335 041 0500 353 083 353 083 0500 0000 0131 0132 0456 0125 0401 059 058 0408 089 0053 10077 10077 0500 10074 0447 0176 0206 0452 0140 0404 0151 0159 0453 0123 0404 0119 0112 0109 0107 0099 0094 0100 0128 //// 10128 ///// ///// ////
000000000000000000000000000000000000000000000000000000000000000000000000000000000000000000000000000000000000000000000000=
58001 342600 1150600 00563 00569 4
20100322050000 343 052 345 052 339 056 0422 029 031 341 111 0432 0000 0134 0136 0436 0132 0401 049 049 0500 075 0029 10069 10072 0409 10064 0435 0140 0151 0426 0136 0446 0131 0144 0426 0128 0447 0111 0104 0097 0093 0088 0084 0092 0127 //// 10138 ///// ///// ////
000000000000000000000000000000000000000000000000000000000000000000000000000000000000000000000000000000000000000000000000=
58005 342700 1154000 00501 00511 4
20100322050000 002 031 000 033 348 042 0436 341 032 003 075 0446 0000 0134 0135 0437 0131 0413 053 051 0438 081 0040 10069 10074 0430 10068 0443 0158 0185 0433 0154 0457 0146 0160 0433 0144 0457 0130 0120 0109 0104 0096 0093 0101 0132 0001 10131 ///// ///// ////
000000000000000000000000000000000000000000000000000000000000000000000000000000000000000000000000000000000000000000000000
120 010 000 /// //// //////////////////ACRASP /// //// 6///1 0//// 7//// 1//// 2//// 3//// /// /// /// // 911// 915// 919// 934// 939//=
58008 342800 1152000 00544 00592 4
20100322050000 343 046 347 035 335 054 0418 324 037 336 105 0436 0000 0134 0137 0436 0133 0401 049 049 0417 075 0029 10065 10069 0417 10060 0445 0143 0196 0435 0142 0457 0129 0153 0435 0128 0457 0114 0105 0099 0094 0093 0091 0096 0129 //// 10136 ///// ///// ////
000000000000000000000000000000000000000000000000000000000000000000000000000000000000000000000000000000000000000000000000=
58004 343900 1150900 00606 00616 4
20100322050000 013 036 002 040 342 051 0424 347 026 012 108 0449 0000 0147 0148 0455 0139 0423 044 044 0457 074 0026 10063 10068 0409 10063 0459 0177 0212 0445 0159 0411 0181 0195 0453 0157 0412 0139 0125 0111 0106 0099 0096 0100 0127 //// 10137 ///// ///// ////
000000000000000000000000000000000000000000000000000000000000000000000000000000000000000000000000000000000000000000000000=
54817 355900 1155200 00421 00434 4
20100322050000 318 005 315 011 167 022 0404 277 003 198 033 0405 0002 0093 0095 0401 0092 0414 084 078 0401 098 0067 10096 10099 0453 10094 0407 0092 0094 0451 0080 0406 0093 0095 0442 0093 0406 0090 0084 0081 0077 0077 0073 0086 0117 //// 10149 ///// ///// ////
000001000000000000000001000000000000000000000000000000000000000000000000000000000000000000000000000000000000000000000000=
54902 355400 1150700 00495 00499 4
20100322050000 332 012 323 010 301 021 0421 330 015 305 031 0417 0000 0103 0103 0500 0100 0401 072 070 0427 090 0055 10089 10091 0430 10085 0408 0112 0112 0500 0095 0401 0103 0103 0500 0094 0401 0091 0087 0084 0084 0077 0069 0078 0111 //// 10150 ///// ///// ////
000000000000000000000000000000000000000000000000000000000000000000000000000000000000000000000000000000000000000000000000=
54900 354200 1150100 00537 00541 4
20100322050000 295 016 309 012 306 022 0401 291 016 327 022 0403 0000 0102 0102 0459 0094 0401 073 073 0500 091 0056 10085 10086 0438 10082 0408 0101 0101 0457 0082 0401 0100 0100 0500 0088 0401 0095 0092 0090 0089 0084 0077 0081 0110 //// 10151 ///// ///// ////
000000000000000000000000000000000000000000000000000000000000000000000000000000000000000000000000000000000000000000000000=
54901 360500 1151000 00475 00478 4
20100322050000 295 012 300 011 283 026 0430 299 011 288 031 0426 0000 0107 0107 0500 0104 0401 067 066 0426 086 0048 10093 10097 0429 10091 0410 0121 0121 0412 0106 0433 0112 0113 0413 0101 0434 0094 0086 0081 0080 0080 0075 0074 0105 //// 10151 ///// ///// ////
000000000000000000000000000000000000000000000000000000000000000000000000000000000000000000000000000000000000000000000000=
54903 355100 1152900 00457 00506 4
20100322050000 315 013 347 007 165 027 0402 308 016 322 035 0412 0001 0091 0091 0438 0089 0401 083 079 0409 096 0064 10090 10091 0412 10085 0402 0091 0091 0500 0080 0401 0093 0093 0500 0087 0401 0089 0089 0086 0085 0078 0075 0088 0115 //// 10152 ///// ///// ////
000000000000000000000000000000000000000001000000000000000000000000000000000000000000000000000000000000000000000000000000=
57184 333800 1132200 00834 00847 4
20100322050000 333 053 333 044 330 059 0409 302 042 353 096 0419 0000 0163 0163 0500 0158 0435 043 037 0408 080 0037 10041 10041 0500 10035 0401 0163 0163 0500 0151 0427 0218 0218 0500 0187 0414 0145 0131 0124 0121 0101 0099 0101 0129 //// 10143 ///// ///// ////
000000000000000000000000000000000000000000000000000000000000000000000000000000000000000000000000000000000000000000000000=
57177 332000 1133200 00898 00913 4
20100322050000 026 023 024 023 024 023 0500 057 019 021 040 0425 0000 0142 0142 0500 0132 0401 058 057 0425 094 0061 10034 10034 0500 10030 0401 0156 0173 0442 0150 0401 0160 0169 0442 0148 0401 0118 0123 0110 0118 0110 0102 0102 0121 //// 10144 ///// ///// ////
000000000000000000000000000000000000000000000000000000000000000000000000000000000000000000000000000000000000000000000000=
57075 341000 1125200 02031 02043 4
20100322050000 298 075 300 075 314 098 0408 287 081 318 139 0405 0000 0127 0145 0401 0127 0500 067 051 0401 098 0067 09919 09920 0455 09912 0401 0136 0166 0401 0136 0500 0159 0192 0401 0159 0500 0130 0119 0113 0110 0111 0102 0092 0117 //// 10165 ///// ///// ////
000000000000000000000000000000000000000000000000000000000000000000000000000000000000000000000000000000000000000000000000=
57173 334500 1125300 01457 01468 4
20100322050000 324 093 326 085 328 091 0413 319 128 319 128 0500 0000 0151 0159 0401 0151 0500 051 043 0401 087 0050 09974 09974 0500 09969 0401 0181 0197 0423 0172 0444 0216 0229 0423 0203 0444 0142 0125 0118 0113 0108 0101 0102 0134 //// 10150 ///// ///// ////
000000000000000000000000000000000000000000000000000000000000000000000000000000000000000000000000000000000000000000000000=
57180 335900 1131200 01175 01186 4
20100322050000 333 040 323 041 299 057 0438 341 044 321 094 0434 0000 0167 0170 0411 0165 0439 044 034 0403 084 0044 10007 10008 0456 10001 0401 0181 0231 0409 0181 0459 0209 0253 0410 0209 0459 0151 0124 0112 0108 0101 0097 0099 0131 //// 10149 ///// ///// ////
000000000000000000000000000000000000000000000000000000000000000000000000000000000000000000000000000000000000000000000000=
57181 335300 1130300 01364 01380 4
20100322050000 323 084 326 091 321 095 0440 322 072 336 160 0458 0000 0136 0149 0403 0136 0500 064 050 0404 100 0069 09991 09991 0459 09984 0402 0151 0189 0404 0151 0500 0183 0232 0431 0183 0500 0144 0120 0113 0112 0105 0099 0099 0129 //// 10158 ///// ///// ////
000000000000000000000000000000000000000000000000000000000000000000000000000000000000000000000000000000000000000000000000=
57171 334600 1130700 01420 01430 4
20100322050000 320 122 318 119 318 130 0449 318 133 328 187 0451 0000 0144 0152 0410 0143 0455 061 043 0401 100 0070 09970 09973 0450 09965 0414 0162 0174 0432 0158 0453 0189 0202 0432 0180 0401 0143 0130 0123 0120 0120 0115 0110 0124 //// 10142 ///// ///// ////
000000000000000000000000000000000000000000000000000000000000000000000000000000000000000000000000000000000000000000000000=
57175 330300 1121400 01914 01922 4
20100322050000 276 024 271 022 295 027 0412 271 019 271 038 0417 0000 0195 0196 0458 0177 0401 041 039 0457 093 0059 09902 09904 0433 09902 0457 0272 0281 0456 0225 0420 0344 0352 0456 0285 0420 0190 0155 0139 0133 0113 0105 0108 0138 //// 10128 ///// ///// ////
000000000000000000000000000000000000000000000000000000000000000000000000000000000000000000000000000000000000000000000000=
57156 331800 1113000 02503 02523 4
20100322050000 280 043 282 040 283 041 0429 316 057 288 073 0424 0000 0171 0173 0436 0154 0401 033 029 0433 064 0007 09838 09839 0443 09837 0403 0151 0151 0500 0134 0401 0204 0209 0447 0196 0401 0143 0133 0131 0131 0114 0112 0114 0143 //// 10136 ///// ///// ////
000000000000000000000000000000000000000000000000000000000000000000000000000000000000000000000000000000000000000000000000=
57271 323300 1122300 00879 00897 4
20100322050000 055 027 061 025 072 026 0445 052 025 083 044 0440 0000 0159 0160 0437 0155 0401 055 055 0440 099 0069 10025 10028 0427 10025 0457 0195 0227 0421 0195 0500 0236 0268 0421 0236 0401 0169 0145 0137 0135 0112 0104 0111 0139 //// 10132 ///// ///// ////
000000000000000000000000000000000000000000000000000000000000000000000000000000000000000000000000000000000000000000000000=
57285 322300 1132500 01530 01492 4
20100322050000 346 062 341 048 341 048 0500 324 044 333 098 0459 0000 0154 0154 0500 0151 0405 033 033 0500 058 -008 09959 09963 0430 09959 0459 0139 0139 0500 0134 0437 0132 0132 0500 0128 0401 0130 0133 0135 0136 0116 0107 0107 0135 //// ///// ///// ///// ////
////////////////////////////////////////////////////////////////////////////////////////////////////////////////////////=
57273 324100 1125100 01095 01105 4
20100322050000 090 001 042 008 317 018 0414 102 003 316 026 0413 0000 0161 0161 0500 0140 0404 047 045 0455 086 0048 10003 10003 0426 10002 0436 0219 0224 0456 0154 0401 0245 0245 0500 0158 0401 0145 0136 0133 0132 0119 0110 0109 0136 //// 10135 ///// ///// ////
000000000000000000000000000000000000000000000000000000000000000000000000000000000000000000000000000000000000000000000000=
57187 330400 1125600 01180 01193 4
20100322050000 015 081 016 072 016 072 0500 004 109 018 118 0451 0000 0175 0181 0421 0160 0401 037 030 0415 074 0027 09983 09985 0457 09977 0409 0205 0214 0448 0191 0401 0222 0222 0500 0195 0401 0151 0131 0130 0129 0123 0109 0106 0132 //// 10125 ///// ///// ////
000000000000000000000000000000000000000000000000000000000000000000000000000000000000000000000000000000000000000000000000=
57169 330300 1115200 01591 01600 4
20100322050000 279 019 270 020 270 024 0455 263 022 277 036 0447 0000 0186 0186 0500 0172 0401 050 045 0414 107 0080 09938 09942 0412 09938 0500 0193 0195 0450 0164 0401 0256 0271 0449 0231 0401 0173 0142 0130 0125 0112 0104 0105 0133 //// 10128 ///// ///// ////
000000000000000000000000000000000000000000000000000000000000000000000000000000000000000000000000000000000000000000000000=
57176 332900 1122500 02311 02304 4
20100322050000 006 111 356 119 355 120 0459 032 070 347 194 0458 0000 0167 0183 0419 0167 0500 036 032 0402 068 0016 09866 09868 0452 09860 0405 0208 0256 0417 0208 0500 0232 0261 0418 0214 0401 0169 0148 0138 0132 0120 0112 0109 0130 //// 10140 ///// ///// ////
000000000000000000000000000000000000000000000000000000000000000000000000000000000000000000000000000000000000000000000000=
57179 331700 1130000 01604 01616 4
20100322050000 005 059 013 064 012 068 0453 007 054 353 131 0448 0000 0173 0181 0419 0171 0452 042 028 0404 083 0043 09943 09944 0450 09938 0404 0228 0229 0459 0187 0409 0229 0231 0459 0185 0408 0141 0127 0121 0118 0109 0101 0102 0132 //// 10134 ///// ///// ////
////////////////////////////////////////////////////////////////////////////////////////////////////////////////////////=
57274 324200 1120700 01076 01088 4
20100322050000 346 013 311 012 243 021 0417 007 019 257 036 0413 0000 0191 0191 0500 0171 0401 039 037 0447 086 0048 10000 10001 0415 09999 0439 0311 0322 0444 0264 0401 0315 0321 0444 0263 0401 0190 0155 0142 0136 0125 0117 0112 0140 //// 10129 ///// ///// ////
000000000000000000000000000000000000000000000000000000000000000000000000000000000000000000000000000000000000000000000000=
57065 343000 1121100 01949 01964 4
20100322050000 277 024 263 026 266 033 0453 285 026 277 052 0447 0002 0111 0112 0442 0110 0414 065 064 0441 086 0048 09938 09949 0406 09937 0456 0093 0093 0500 0091 0451 0101 0101 0500 0094 0444 0104 0107 0109 0110 0103 0102 0108 0138 //// 10175 ///// ///// ////
000000000000000000000000000000000000000000000000010000000000000100000000000000000000000000000000000000000000000000000000=
57074 342500 1122500 01973 01989 4
20100322050000 315 015 295 014 305 024 0431 319 005 310 063 0440 0011 0111 0113 0436 0109 0401 072 071 0450 095 0062 09942 09946 0447 09941 0417 0085 0096 0401 0084 0450 0096 0108 0401 0095 0450 0109 0110 0111 0111 0108 0103 0100 0125 //// 10182 ///// ///// ////
000000010000000000000000000100000000000000000000000000010000000000000000000100000001000000010000010000000100010001000100=
57070 344400 1120700 03640 03595 4
20100322050000 246 049 247 050 248 051 0458 248 047 248 070 0418 0000 0118 0118 0500 0102 0403 065 065 0500 090 0054 09739 09746 0407 09739 0500 0119 0119 0500 0095 0401 0115 0115 0459 0091 0401 0094 0092 0093 0094 0094 0090 0093 0123 //// 10168 ///// ///// ////
000000000000000000000000000000000000000000000000000000000000000000000000000000000000000000000000000000000000000000000000=
57162 340900 1120500 03258 03275 4
20100322050000 299 010 356 014 004 031 0447 229 005 011 060 0446 0001 0111 0120 0401 0111 0500 061 051 0438 081 0039 09799 09799 0500 09796 0402 0082 0117 0401 0082 0500 0095 0119 0401 0095 0500 0107 0107 0108 0110 0101 0096 0099 0132 //// 10193 ///// ///// ////
000000000000000000000000000000000000000000000000000000000000000000000000000000000000000000000000000000000000000000010000=
57078 340900 1122800 03365 03340 4
20100322050000 296 059 305 052 310 061 0443 293 056 291 129 0443 0000 0110 0120 0401 0110 0500 058 051 0442 076 0031 09783 09784 0444 09777 0403 0103 0135 0404 0103 0500 0108 0138 0403 0108 0500 0111 0106 0102 0102 0103 0096 0094 0118 //// 10183 ///// ///// ////
000000000000000000000000000000000000000000000000000000000000000000000000000000000000000000000000000000000000000000000000=
57071 344900 1122600 03333 03332 4
20100322050000 121 015 119 019 139 028 0436 105 016 125 043 0450 0001 0100 0100 0500 0090 0431 083 081 0449 102 0072 09769 09777 0418 09769 0500 0104 0105 0457 0082 0401 0116 0116 0458 0086 0401 0094 0090 0092 0093 0093 0088 0089 0119 //// 10168 ///// ///// ////
000000000000000001000000000000000000000000000000000000000000000000000000000000000000000000000000000000000000000000000000=
57066 342300 1114000 03283 03298 4
20100322050000 276 012 302 014 263 017 0414 282 015 279 044 0412 0003 0097 0097 0500 0093 0423 072 071 0401 087 0049 09798 09807 0406 09796 0442 0083 0083 0457 0074 0417 0093 0093 0458 0083 0417 0093 0094 0096 0098 0098 0091 0087 0116 //// 10196 ///// ///// ////
010000000000000000000000000100000000000000000001000000000000000000000000000000000000000000000000000000000000000000000000=
57077 334700 1113900 07424 07388 4
20100322050000 320 062 313 042 289 062 0433 324 076 288 093 0426 0000 0102 0124 0401 0102 0500 050 033 0402 062 0002 09321 09321 0459 09310 0401 0108 0141 0424 0108 0500 0113 0139 0424 0113 0500 0102 0098 0096 0097 0096 0087 0089 0116 //// 10188 ///// ///// ////
000000000000000000000000000000000000000000000000000000000000000000000000000000000000000000000000000000000000000000000000=
57183 334800 1135500 00600 00615 4
20100322050000 014 055 011 052 011 052 0500 347 100 347 100 0500 0000 0154 0154 0500 0135 0401 050 050 0500 087 0050 10066 10066 0500 10061 0424 0165 0165 0458 0148 0401 0154 0154 0459 0140 0401 0128 0119 0116 0114 0106 0096 0094 0123 //// 10140 ///// ///// ////
000000000000000000000000000000000000000000000000000000000000000000000000000000000000000000000000000000000000000000000000=
57186 333600 1140300 00587 00598 4
20100322050000 354 043 352 044 349 047 0428 350 028 347 069 0426 0000 0141 0141 0500 0133 0401 057 056 0417 092 0057 10069 10069 0500 10063 0423 0154 0157 0414 0148 0436 0164 0166 0427 0157 0401 0133 0124 0119 0118 0109 0100 0100 0134 //// 10141 ///// ///// ////
000000000000000000000000000000000000000000000000000000000000000000000000000000000000000000000000000000000000000000000000=
53987 350600 1132500 00910 00918 4
20100322050000 257 043 257 045 257 045 0500 257 040 257 072 0456 0001 0103 0109 0401 0103 0500 084 081 0438 105 0077 10046 10050 0441 10045 0418 0105 0105 0500 0096 0414 0108 0108 0500 0100 0425 0102 0103 0104 0105 0100 0097 0097 0127 //// 10158 ///// ///// ////
000000000000000001000000000000000000000000000000000000000000000000000000000000000000000000000000000000000000000000000000=
57079 345700 1130200 01064 01069 4
20100322050000 270 026 261 023 213 044 0422 274 029 206 062 0416 0003 0101 0101 0500 0092 0401 087 086 0455 107 0080 10030 10036 0401 10027 0440 0112 0112 0500 0083 0401 0111 0111 0500 0088 0406 0094 0094 0096 0097 0100 0094 0092 0120 //// 10160 ///// ///// ////
000000010100000000010000000000000000000000000000000000000000000000000000000000000000000000000000000000000000000000000000=
57072 345500 1124500 01275 01285 4
20100322050000 242 031 232 028 232 028 0500 262 036 208 052 0406 0000 0105 0105 0500 0087 0401 086 086 0500 109 0083 10008 10013 0436 10008 0500 0118 0119 0456 0079 0401 0117 0118 0459 0085 0401 0096 0094 0095 0096 0089 0085 0084 0114 //// 10165 ///// ///// ////
000000000000000000000000000000000000000000000000000000000000000000000000000000000000000000000000000000000000000000000000=
53982 351400 1131600 01120 01135 4
20100322050000 279 020 277 024 261 034 0427 251 018 221 055 0426 0000 0117 0117 0500 0114 0423 074 070 0402 102 0072 10019 10025 0417 10019 0500 0104 0105 0449 0100 0413 0115 0116 0452 0108 0413 0106 0105 0106 0107 0100 0096 0098 0131 //// 10156 ///// ///// ////
000000000000000000000000000000000000000000000000000000000000000000000000000000000000000000000000000000000000000000000000=
53979 350900 1130500 01200 01211 4
20100322050000 234 022 239 023 227 033 0405 233 017 235 050 0442 0000 0107 0107 0500 0102 0401 083 081 0431 107 0079 10017 10022 0426 10017 0500 0120 0121 0456 0103 0407 0121 0121 0500 0099 0407 0103 0099 0101 0103 0099 0096 0102 0132 //// 10164 ///// ///// ////
000000000000000000000000000000000000000000000000000000000000000000000000000000000000000000000000000000000000000000000000=
53974 353700 1141100 00723 00739 4
20100322050000 207 006 216 009 352 019 0408 201 014 336 033 0405 0000 0112 0112 0500 0104 0401 068 067 0448 090 0055 10063 10070 0434 10060 0451 0108 0115 0438 0093 0404 0110 0118 0434 0099 0408 0100 0096 0097 0097 0090 0088 0095 0124 //// 10153 ///// ///// ////
000000000000000000000000000000000000000000000000000000000000000000000000000000000000000000000000000000000000000000000000=
53990 354300 1141900 00795 00805 4
20100322050000 026 017 108 020 267 024 0445 355 019 265 035 0442 0000 0108 0111 0438 0100 0401 074 068 0434 096 0064 10053 10060 0434 10047 0455 0118 0127 0426 0106 0407 0122 0131 0432 0106 0408 0098 0093 0090 0092 0089 0080 0080 0111 //// 10151 ///// ///// ////
000000000000000000000000000000000000000000000000000000000000000000000000000000000000000000000000000000000000000000000000=
53991 355600 1142100 00743 00753 4
20100322050000 022 010 357 011 306 015 0428 021 009 322 026 0425 0000 0119 0120 0451 0115 0403 053 052 0458 074 0026 10059 10067 0426 10058 0418 0123 0138 0423 0118 0404 0114 0124 0444 0107 0406 0102 0092 0084 0088 0083 0079 0085 0118 //// 10150 ///// ///// ////
000000000000000000000000000000000000000000000000000000000000000000000000000000000000000000000000000000000000000000000000=
53993 355600 1145500 00516 00524 4
20100322050000 318 014 316 014 323 015 0454 301 010 325 020 0446 0000 0109 0109 0500 0105 0401 065 062 0412 085 0046 10089 10090 0420 10085 0401 0123 0124 0405 0110 0431 0117 0117 0459 0103 0431 0097 0088 0084 0081 0081 0071 0072 0108 //// 10153 ///// ///// ////
000000000000000000000000000000000000000000000000000000000000000000000000000000000000000000000000000000000000000000000000=
53995 353300 1143000 00625 00645 4
20100322050000 309 009 325 007 178 023 0401 299 006 291 025 0427 0000 0098 0098 0500 0093 0401 079 079 0500 096 0063 10074 10078 0435 10067 0416 0105 0107 0445 0090 0401 0110 0111 0452 0097 0401 0104 0102 0098 0097 0088 0083 0084 0116 //// 10152 ///// ///// ////
000000000000000000000000000000000000000000000000000000000000000000000000000000000000000000000000000000000000000000000000=
NNNN
