57090 344300 1135800 00781 00802 4
20100325210000 130 014 116 011 179 014 2005 128 016 130 019 2059 0000 0019 0026 2001 0019 2100 077 073 2003 054 -017 10155 10157 2056 10154 2023 -045 -031 2002 -051 2044 -012 -005 2001 -012 2100 0045 0075 0088 0098 0100 0094 0088 0120 //// 10255 ///// ///// ////
000000000000000000000000000000000000000000000000000000000000000000000000000000000000000000000000000000000000000000000000=
57083 344300 1133900 01104 01116 4
20100325210000 248 013 243 014 238 015 2057 254 013 228 020 2058 0000 0026 0026 2100 0012 2029 061 061 2100 045 -042 10114 10116 2001 10113 2054 -083 -081 2001 -085 2043 -015 -010 2001 -015 2100 0051 0073 0089 0100 0100 0099 0104 0126 0000 10252 ///// ///// ////
000000000000000000000000000000000000000000000000000000000000000000000000000000000000000000000000000000000000000000000000
120 000 000 000 //// //////////////////////// /// 0000 6///1 0//// 7//// 1//// 2//// 3//// /// /// /// // 911// 915// 919// 934// 939//=
57086 342300 1134300 01166 01168 4
20100325210000 192 002 202 006 205 016 2023 175 008 198 020 2020 0000 0013 0027 2001 0013 2100 075 070 2004 050 -026 10113 10115 2001 10113 2019 -039 -016 2006 -039 2100 -007 0001 2001 -007 2100 0040 0069 0087 0099 0099 0095 0094 0116 //// 10258 ///// ///// ////
000000000000000000000000000000000000000000000000000000000000000000000000000000000000000000000000000000000000000000000000=
57085 343200 1132000 02599 02648 4
20100325210000 330 021 332 019 330 023 2013 333 021 327 038 2012 0000 0025 0030 2024 0023 2005 063 061 2025 046 -038 09931 09933 2002 09931 2055 0003 0017 2018 0002 2057 -013 -008 2023 -013 2100 0038 0069 0086 0096 0102 0098 0095 0121 //// 10255 ///// ///// ////
000000000000000000000000000000000000000000000000000000000000000000000000000000000000000000000000000000000000000000000000=
57081 344800 1132600 01409 01419 4
20100325210000 000 000 150 002 239 007 2031 102 000 237 015 2025 0000 0031 0032 2056 0023 2008 059 059 2059 045 -041 10075 10079 2001 10075 2100 -066 -060 2030 -067 2044 -019 -015 2006 -019 2100 0041 0067 0087 0096 0090 0094 0096 0117 //// 10250 ///// ///// ////
000000000000000000000000000000000000000000000000000000000000000000000000000000000000000000000000000000000000000000000000=
57084 343000 1130300 11784 11790 4
20100325210000 173 010 200 012 243 023 2012 158 011 237 026 2002 0000 0014 0014 2100 0007 2021 019 019 2100 013 -197 08870 08874 2001 08870 2100 -036 -023 2001 -037 2059 -034 -032 2004 -034 2049 0002 0026 0044 0053 0057 //// //// //// //// 10246 ///// ///// ////
000000000000000000000000000000000000000000000000000000000000000000000000000000000000000000000000000000000000000000000000=
57080 344400 1125800 01652 01661 4
20100325210000 000 000 000 000 248 004 2001 330 000 282 003 2001 0000 0002 0006 2001 0002 2047 059 054 2001 037 -069 10046 10051 2014 10046 2059 -070 -061 2009 -076 2047 -027 -023 2001 -027 2100 0043 0071 0090 0098 0091 0088 0090 0119 //// 10251 ///// ///// ////
000000000000000000000000000000000000000000000000000000000000000000000000000000000000000000000000000000000000000000000000=
57082 342800 1130100 04271 04284 4
20100325210000 129 016 129 008 315 019 2007 139 016 330 024 2003 0000 0008 0014 2016 0006 2057 067 055 2018 043 -046 09733 09738 2008 09733 2100 -035 -001 2015 -038 2058 -019 -011 2001 -019 2100 0038 0064 0082 0093 0094 0097 0101 //// //// 10254 ///// ///// ////
000000000000000000000000000000000000000000000000000000000000000000000000000000000000000000000000000000000000000000000000=
57295 323700 1142100 00785 00802 4
20100325210000 200 012 208 014 204 019 2046 201 017 234 042 2055 0000 0039 0041 2052 0038 2024 068 067 2052 055 -015 10169 10171 2001 10168 2026 -022 -018 2051 -026 2027 0008 0011 2008 0008 2100 0043 0063 0075 0087 0097 0099 0103 0127 //// 10269 ///// ///// ////
000000000000000000000000000000000000000000000000000000000000000000000000000000000000000000000000000000000000000000000000=
57189 330800 1135700 00646 00655 4
20100325210000 224 008 220 010 181 017 2001 226 007 178 015 2001 0000 0004 0010 2001 0003 2037 087 085 2008 055 -015 10182 10185 2007 10181 2041 -030 -028 2042 -033 2031 -004 -002 2002 -004 2053 0032 0054 0069 0080 0093 0096 0099 0122 //// 10264 ///// ///// ////
000000000000000000000000000000000000000000000000000000000000000000000000000000000000000000000000000000000000000000000000=
57194 331700 1141600 00598 00609 4
20100325210000 181 036 185 035 197 042 2038 184 032 195 060 2041 0000 0048 0050 2044 0047 2014 068 068 2053 058 -006 10187 10189 2010 10186 2048 0029 0034 2037 0027 2049 0013 0015 2037 0013 2058 0049 0066 0078 0086 0095 0093 0099 0126 //// 10263 ///// ///// ////
000000000000000000000000000000000000000000000000000000000000000000000000000000000000000000000000000000000000000000000000=
57294 325000 1140100 00836 00846 4
20100325210000 185 013 190 017 213 026 2039 189 014 223 041 2037 0000 0033 0037 2015 0032 2046 071 069 2019 055 -014 10157 10160 2004 10156 2045 0020 0028 2052 0015 2004 0001 0003 2001 0001 2100 0032 0056 0075 0086 0095 0105 0103 0119 //// 10262 ///// ///// ////
000000000000000000000000000000000000000000000000000000000000000000000000000000000000000000000000000000000000000000000000=
57292 325800 1143800 00444 00453 4
20100325210000 175 022 179 023 180 024 2026 173 021 153 047 2051 0000 0041 0043 2002 0041 2047 072 070 2001 059 -005 10214 10216 2047 10214 2005 0015 0020 2028 0009 2012 0010 0011 2002 0010 2012 0038 0059 0075 0088 0097 0102 0106 0133 //// 10271 ///// ///// ////
000000000000000000000000000000000000000000000000000000000000000000000000000000000000000000000000000000000000000000000000=
57195 333700 1143700 00466 00476 4
20100325210000 237 015 236 016 233 021 2005 299 010 214 038 2016 0000 0043 0045 2001 0042 2031 065 064 2001 054 -017 10208 10208 2100 10207 2001 0020 0031 2003 0018 2058 0004 0010 2003 0003 2033 0033 0060 0081 0093 0101 0099 0102 0141 //// 10267 ///// ///// ////
000000000000000000000000000000000000000000000000000000000000000000000000000000000000000000000000000000000000000000000000=
57193 334700 1143100 00526 00541 4
20100325210000 168 017 168 021 173 024 2036 167 008 198 044 2058 0000 0037 0040 2001 0037 2100 069 067 2001 055 -015 10200 10201 2008 10199 2042 0001 0008 2036 -008 2013 0002 0006 2001 0002 2052 0043 0063 0079 0090 0103 0102 0105 0131 //// 10267 ///// ///// ////
000000000000000000000000000000000000000000000000000000000000000000000000000000000000000000000000000000000000000000000000
120 000 000 000 //// //////////////////////// /// 0000 6///1 0//// 7//// 1//// 2//// 3//// /// /// /// // 911// 915// 919// 934// 939//=
58101 335200 1152900 00413 00428 4
20100325210000 180 017 181 018 166 021 2043 161 011 181 037 2056 0000 0026 0031 2009 0026 2100 074 071 2013 054 -016 10216 10218 2004 10215 2046 -002 0005 2014 -009 2019 -016 -013 2009 -016 2100 0029 0053 0073 0086 0097 0098 0100 0130 //// 10270 ///// ///// ////
000000000000000000000000000000000000000000000000000000000000000000000000000000000000000000000000000000000000000000000000=
57098 340500 1142400 00583 00593 4
20100325210000 162 016 158 017 182 029 2023 164 015 189 045 2023 0000 0012 0025 2022 0012 2100 078 074 2001 052 -022 10190 10190 2100 10188 2017 -027 -001 2023 -027 2059 -004 -004 2100 -009 2057 0018 0045 0066 0081 0101 0097 0098 0128 //// 10264 ///// ///// ////
000000000000000000000000000000000000000000000000000000000000000000000000000000000000000000000000000000000000000000000000=
57182 335100 1133000 00805 00814 4
20100325210000 102 008 089 008 357 011 2014 102 009 031 015 2004 0000 0004 0010 2019 0004 2100 088 086 2011 055 -014 10157 10161 2009 10157 2100 -040 -020 2005 -042 2058 -020 -016 2005 -020 2100 0044 0079 0100 0108 0107 0106 0108 0139 //// 10259 ///// ///// ////
000000000000000000000000000000000000000000000000000000000000000000000000000000000000000000000000000000000000000000000000=
58208 321000 1153700 00429 00439 4
20100325210000 131 019 130 019 119 026 2027 138 018 123 036 2024 0000 0032 0036 2027 0032 2100 071 069 2026 055 -015 10221 10225 2001 10220 2025 0013 0015 2020 0007 2048 0000 0003 2001 0000 2100 0026 0053 0067 0081 0102 0107 0113 0139 //// 10276 ///// ///// ////
000000000000000000000000000000000000000000000000000000000000000000000000000000000000000000000000000000000000000000000000
120 000 000 000 //// //////////////////////// /// 0000 6///1 0//// 7//// 1//// 2//// 3//// /// /// /// // 911// 915// 919// 934// 939//=
53989 350300 1135700 00766 00777 4
20100325210000 191 011 193 012 189 015 2049 184 011 195 020 2049 0000 0020 0028 2001 0015 2023 075 070 2001 053 -020 10157 10159 2002 10156 2017 -049 -034 2001 -057 2035 -035 -027 2001 -035 2100 0034 0064 0082 0092 0095 0092 0096 0123 //// 10254 ///// ///// ////
000000000000000000000000000000000000000000000000000000000000000000000000000000000000000000000000000000000000000000000000=
53986 351900 1135300 00732 00740 4
20100325210000 212 018 215 016 214 016 2056 223 019 218 026 2058 0000 0023 0023 2100 0006 2029 083 083 2004 060 -003 10158 10163 2001 10158 2059 -028 -028 2100 -072 2010 -028 -028 2001 -031 2046 0035 0061 0079 0090 0095 0094 0099 0127 //// 10250 ///// ///// ////
000000000000000000000000000000000000000000000000000000000000000000000000000000000000000000000000000000000000000000000000
110 000 000 000 //// //////////////////////// /// 0000 6///1 0//// 7//// 1//// 2//// 3//// /// /// /// // 911// 915// 919// 934// 939//=
53994 352300 1140400 00700 00712 4
20100325210000 257 009 249 010 266 016 2001 250 009 236 023 2001 0000 0011 0019 2011 0011 2100 077 073 2016 051 -025 10162 10165 2001 10161 2035 -081 -063 2004 -081 2100 -063 -055 2005 -063 2100 0018 0057 0080 0092 0092 0090 0095 0127 //// 10251 ///// ///// ////
000000000000000000000000000000000000000000000000000000000000000000000000000000000000000000000000000000000000000000000000=
57051 344800 1111200 04099 04117 4
20100325210000 090 022 090 020 093 022 2032 080 019 088 033 2028 0000 0015 0016 2030 0003 2008 043 037 2028 029 -097 09741 09747 2007 09741 2057 -045 -037 2037 -077 2011 -023 -023 2100 -030 2012 0032 0062 0080 0090 0084 0087 0088 0114 //// 10241 ///// ///// ////
000000000000000000000000000000000000000000000000000000000000000000000000000000000000000000000000000000000000000000000000
130 000 000 000 //// //////////////////////// /// 0000 6///1 0//// 7//// 1//// 2//// 3//// /// /// /// // 911// 915// 919// 934// 939//=
57063 344600 1114600 05236 05236 4
20100325210000 012 028 012 027 012 027 2100 012 025 007 032 2059 0000 -038 -038 2100 -044 2004 053 053 2100 024 -120 09619 09621 2044 09615 2001 -077 -077 2100 -112 2022 -060 -060 2100 -066 2027 0012 0043 0064 0075 0074 0077 0084 0110 //// 10259 ///// ///// ////
000000000000000000000000000000000000000000000000000000000000000000000000000000000000000000000000000000000000000000000000=
57067 340300 1110200 05688 05699 4
20100325210000 214 021 234 017 237 018 2049 206 019 218 027 2059 0000 -027 -027 2058 -033 2036 072 069 2006 036 -070 09565 09569 2001 09565 2050 -043 -043 2100 -059 2025 -013 -012 2001 -013 2100 0030 0055 0081 0072 0086 0093 0096 0122 //// 10258 ///// ///// ////
000000000000000000000000000000000000000000000000000000000000000000000000000000000000000000000000000000000000000000000000
150 000 000 000 //// //////////////////////// /// 0000 6///1 0//// 7//// 1//// 2//// 3//// /// /// /// // 911// 915// 919// 934// 939//=
57056 343200 1105300 03904 03909 4
20100325210000 104 010 117 008 270 009 2005 113 008 271 013 2003 0000 -009 0002 2004 -009 2057 048 043 2003 027 -105 09766 09771 2009 09766 2051 -079 -076 2005 -079 2100 -045 -042 2001 -045 2059 0017 0055 0079 0091 0088 0090 0093 0118 //// 10244 ///// ///// ////
000000000000000000000000000000000000000000000000000000000000000000000000000000000000000000000000000000000000000000000000=
58007 340400 1151800 00472 00532 4
20100325210000 177 008 169 011 167 012 2055 161 005 156 022 2042 0000 0015 0017 2001 0015 2048 074 072 2003 050 -026 10201 10203 2004 10199 2032 -023 -022 2025 -037 2012 -018 -013 2001 -018 2059 0036 0064 0082 0093 0097 0100 0103 0131 //// 10268 ///// ///// ////
000000000000000000000000000000000000000000000000000000000000000000000000000000000000000000000000000000000000000000000000=
58006 342300 1155300 00463 00506 4
20100325210000 175 016 173 015 187 022 2003 173 015 187 029 2005 0000 -008 -002 2023 -008 2100 070 067 2034 040 -056 10209 10212 2011 10208 2054 -077 -055 2011 -078 2059 -027 -023 2001 -027 2059 0015 0045 0065 0081 0095 0094 0098 0126 //// 10273 ///// ///// ////
000000000000000000000000000000000000000000000000000000000000000000000000000000000000000000000000000000000000000000000000=
58111 335800 1162700 00325 00325 4
20100325210000 171 016 185 017 181 020 2044 175 017 175 041 2048 0000 0027 0030 2020 0027 2057 061 059 2021 045 -041 10235 10238 2001 10235 2100 -015 -012 2053 -022 2026 -003 -003 2053 -006 2008 0025 0046 0061 0075 0090 0097 0105 0138 //// 10276 ///// ///// ////
000000000000000000000000000000000000000000000000000000000000000000000000000000000000000000000000000000000000000000000000
150 000 000 000 //// //////////////////////// /// 0000 6///1 0//// 7//// 1//// 2//// 3//// /// /// /// // 911// 915// 919// 934// 939//=
58017 341500 1160800 00410 00420 4
20100325210000 180 016 178 019 182 027 2050 187 010 181 051 2005 0000 0032 0036 2007 0031 2058 061 059 2011 047 -036 10214 10219 2002 10214 2100 -012 0002 2032 -014 2059 -005 -003 2032 -005 2058 0037 0061 0077 0087 0098 0097 0103 0128 //// 10267 ///// ///// ////
000000000000000000000000000000000000000000000000000000000000000000000000000000000000000000000000000000000000000000000000=
58001 342600 1150600 00563 00569 4
20100325210000 191 018 183 016 192 027 2014 203 022 187 044 2014 0000 0015 0021 2023 0015 2059 074 072 2023 050 -026 10190 10191 2001 10189 2034 -009 0004 2021 -009 2100 -007 -003 2021 -008 2054 0024 0044 0062 0074 0089 0089 0094 0126 //// 10261 ///// ///// ////
000000000000000000000000000000000000000000000000000000000000000000000000000000000000000000000000000000000000000000000000=
58005 342700 1154000 00501 00511 4
20100325210000 187 028 191 031 200 035 2011 200 030 223 056 2006 0000 0041 0041 2100 0038 2001 058 056 2003 047 -034 10200 10203 2001 10199 2031 0007 0013 2057 0006 2022 -005 -003 2047 -005 2054 0035 0060 0074 0086 0096 0097 0103 0132 0002 10264 ///// ///// ////
000000000000000000000000000000000000000000000000000000000000000000000000000000000000000000000000000000000000000000000000
160 000 000 000 //// //////////////////////// /// 0000 6///1 0//// 7//// 1//// 2//// 3//// /// /// /// // 911// 915// 919// 934// 939//=
58008 342800 1152000 00544 00592 4
20100325210000 172 017 174 014 165 017 2010 170 008 147 032 2003 0000 0019 0024 2001 0019 2100 067 064 2001 047 -036 10188 10190 2002 10187 2049 -018 -015 2043 -036 2008 -005 -004 2040 -008 2003 0019 0041 0060 0074 0093 0094 0098 0129 //// 10262 ///// ///// ////
000000000000000000000000000000000000000000000000000000000000000000000000000000000000000000000000000000000000000000000000=
58004 343900 1150900 00606 00616 4
20100325210000 182 012 182 012 176 014 2045 156 009 173 033 2036 0000 0013 0016 2001 0013 2037 072 069 2001 048 -032 10182 10185 2002 10181 2044 -016 -010 2056 -037 2005 -007 -005 2001 -007 2100 0030 0060 0075 0087 0099 0100 0102 0127 //// 10259 ///// ///// ////
000000000000000000000000000000000000000000000000000000000000000000000000000000000000000000000000000000000000000000000000=
54817 355900 1155200 00421 00434 4
20100325210000 183 023 186 025 200 027 2011 184 031 175 051 2023 0000 0025 0027 2020 0025 2100 060 057 2007 044 -045 10200 10203 2006 10199 2056 0005 0012 2037 0005 2001 -012 -010 2008 -012 2059 0020 0042 0060 0070 0081 0079 0088 0117 //// 10254 ///// ///// ////
000000000000000000000000000000000000000000000000000000000000000000000000000000000000000000000000000000000000000000000000=
54902 355400 1150700 00495 00499 4
20100325210000 196 030 196 032 196 045 2001 192 027 189 054 2009 0000 0017 0034 2001 0017 2100 072 063 2001 050 -028 10183 10189 2002 10183 2058 -006 0016 2001 -006 2059 -020 -007 2001 -020 2100 0029 0052 0068 0079 0080 0074 0081 0111 //// 10246 ///// ///// ////
000000000000000000000000000000000000000000000000000000000000000000000000000000000000000000000000000000000000000000000000=
54900 354200 1150100 00537 00541 4
20100325210000 181 025 168 022 181 024 2011 192 024 198 035 2003 0000 0012 0027 2001 0012 2059 075 068 2001 050 -027 10182 10186 2001 10182 2049 -026 -004 2010 -046 2050 -024 -011 2004 -025 2054 0031 0058 0074 0085 0085 0082 0084 0110 //// 10250 ///// ///// ////
000000000000000000000000000000000000000000000000000000000000000000000000000000000000000000000000000000000000000000000000=
54901 360500 1151000 00475 00478 4
20100325210000 175 030 179 028 191 035 2029 173 027 189 047 2020 0000 0013 0021 2010 0013 2100 070 066 2011 047 -036 10185 10191 2001 10185 2056 -012 0005 2013 -012 2100 -017 -009 2006 -017 2100 0025 0048 0064 0074 0083 0080 0077 0105 //// 10245 ///// ///// ////
000000000000000000000000000000000000000000000000000000000000000000000000000000000000000000000000000000000000000000000000=
54903 355100 1152900 00457 00506 4
20100325210000 201 023 202 027 209 036 2006 203 029 195 060 2014 0000 0028 0031 2007 0028 2100 060 058 2007 045 -042 10188 10193 2002 10187 2058 0014 0020 2007 0013 2059 -005 -002 2007 -005 2100 0035 0057 0071 0078 0081 0081 0091 0114 //// 10251 ///// ///// ////
000000000000000000000000000000000000000000000000000000000000000000000000000000000000000000000000000000000000000000000000=
57184 333800 1132200 00834 00847 4
20100325210000 168 015 148 010 152 011 2039 206 020 206 020 2100 0000 0035 0047 2036 0035 2100 070 065 2036 055 -014 10153 10156 2030 10153 2100 0013 0013 2059 0006 2017 -002 0003 2029 -004 2059 0041 0070 0083 0096 0099 0102 0104 0129 //// 10258 ///// ///// ////
000000000000000000000000000000000000000000000000000000000000000000000000000000000000000000000000000000000000000000000000=
57177 332000 1133200 00898 00913 4
20100325210000 020 011 031 008 305 010 2001 032 011 057 015 2012 0000 0007 0007 2100 0002 2019 089 088 2001 057 -009 10148 10150 2002 10147 2021 -028 -023 2007 -033 2031 0000 0000 2007 0000 2031 0007 0049 0061 0086 0102 0103 0106 0121 //// 10262 ///// ///// ////
000000000000000000000000000000000000000000000000000000000000000000000000000000000000000000000000000000000000000000000000=
57075 341000 1125200 02031 02043 4
20100325210000 100 017 094 020 096 034 2039 102 018 099 040 2038 0000 0014 0018 2001 0010 2035 074 072 2028 050 -027 10005 10010 2002 10003 2047 -015 0002 2002 -015 2100 -016 -013 2001 -016 2100 0030 0057 0075 0086 0099 0100 0097 0117 //// 10257 ///// ///// ////
000000000000000000000000000000000000000000000000000000000000000000000000000000000000000000000000000000000000000000000000=
57173 334500 1125300 01457 01468 4
20100325210000 304 005 324 005 141 012 2015 305 006 158 018 2008 0000 0013 0038 2001 0013 2100 076 065 2001 051 -025 10072 10074 2001 10070 2045 -020 -015 2001 -026 2030 -006 -003 2001 -010 2055 0041 0068 0085 0093 0101 0102 0105 0133 //// 10253 ///// ///// ////
000000000000000000000000000000000000000000000000000000000000000000000000000000000000000000000000000000000000000000000000=
57180 335900 1131200 01175 01186 4
20100325210000 072 017 066 016 074 021 2020 074 018 074 028 2018 0000 0003 0011 2042 0003 2100 084 082 2045 052 -021 10111 10116 2006 10111 2100 -039 -029 2042 -042 2013 -024 -021 2018 -024 2058 0027 0062 0083 0097 0100 0099 0102 0130 //// 10258 ///// ///// ////
000000000000000000000000000000000000000000000000000000000000000000000000000000000000000000000000000000000000000000000000=
57181 335300 1130300 01364 01380 4
20100325210000 024 013 014 010 141 016 2001 023 015 119 023 2011 0000 -002 0048 2001 -002 2100 081 065 2001 049 -031 10087 10092 2001 10087 2100 -030 0004 2001 -030 2100 -014 -008 2001 -014 2100 0027 0059 0077 0091 0097 0100 0103 0129 //// 10258 ///// ///// ////
000000000000000000000000000000000000000000000000000000000000000000000000000000000000000000000000000000000000000000000000
150 000 000 000 //// //////////////////////// /// 0000 6///1 0//// 7//// 1//// 2//// 3//// /// /// /// // 911// 915// 919// 934// 939//=
57171 334600 1130700 01420 01430 4
20100325210000 139 029 143 032 145 036 2056 138 026 147 042 2048 0000 0052 0053 2022 0050 2012 067 066 2032 059 -004 10076 10080 2001 10076 2100 0045 0046 2024 0043 2003 0023 0024 2024 0022 2058 0054 0074 0089 0098 0109 0110 0115 0125 //// 10252 ///// ///// ////
000000000000000000000000000000000000000000000000000000000000000000000000000000000000000000000000000000000000000000000000=
57175 330300 1121400 01914 01922 4
20100325210000 045 005 005 003 017 010 2018 043 004 043 018 2018 0000 0004 0021 2001 0001 2046 090 080 2001 057 -010 10027 10030 2017 10026 2043 -026 -025 2001 -027 2047 -003 -002 2001 -003 2100 0040 0070 0093 0105 0104 0107 0111 0138 //// 10264 ///// ///// ////
000000000000000000000000000000000000000000000000000000000000000000000000000000000000000000000000000000000000000000000000=
57156 331800 1113000 02503 02523 4
20100325210000 286 013 284 016 284 018 2021 265 013 288 035 2018 0000 0025 0031 2023 0025 2100 061 058 2022 045 -043 09949 09955 2012 09949 2100 0020 0023 2016 0019 2050 -007 -003 2022 -007 2100 0044 0066 0085 0096 0100 0109 0117 0142 //// 10257 ///// ///// ////
000000000000000000000000000000000000000000000000000000000000000000000000000000000000000000000000000000000000000000000000
180 001 000 000 6600 /////////////////////CIE 002 0000 6///1 0//// 7//// 1//// 2//// 3//// /// /// /// // 911// 915// 919// 934// 939//=
57261 330700 1113100 02330 02345 4
20100325210000 328 002 143 000 190 010 2008 062 000 211 014 2005 0000 0024 0031 2001 0024 2100 077 071 2014 056 -012 09961 09968 2001 09961 2100 -007 -004 2006 -007 2100 0007 0010 2007 0007 2100 0047 0070 0085 0095 0111 0120 0128 //// //// 10248 ///// ///// ////
000000000000000000000000000000000000000000000000000000000000000000000000000000000000000000000000000000000000000000000000=
57285 322300 1132500 01530 01492 4
20100325210000 179 029 203 015 203 015 2100 189 024 161 049 2059 0000 0061 0065 2007 0057 2055 047 047 2008 044 -044 10080 10085 2004 10080 2057 0010 0011 2007 -013 2031 0010 0013 2007 0008 2032 0046 0067 0083 0095 0103 0107 0110 0135 //// 10263 ///// ///// ////
000000000000000000000000000000000000000000000000000000000000000000000000000000000000000000000000000000000000000000000000
150 000 000 000 //// //////////////////////// /// 0000 6///1 0//// 7//// 1//// 2//// 3//// /// /// /// // 911// 915// 919// 934// 939//=
57273 324100 1125100 01095 01105 4
20100325210000 054 021 071 018 164 021 2027 066 006 170 034 2019 0000 0025 0047 2051 0025 2100 069 061 2052 050 -026 10123 10126 2007 10121 2021 0007 0014 2052 0001 2015 0008 0011 2027 0008 2100 0047 0070 0086 0098 0109 0110 0113 0136 //// 10260 ///// ///// ////
000000000000000000000000000000000000000000000000000000000000000000000000000000000000000000000000000000000000000000000000=
57187 330400 1125600 01180 01193 4
20100325210000 356 010 359 011 001 012 2049 358 009 002 015 2048 0000 -002 0006 2014 -003 2046 091 089 2001 055 -015 10108 10111 2001 10108 2100 -032 -022 2009 -032 2059 0000 0001 2018 0000 2058 0036 0058 0079 0091 0109 0110 0110 0131 //// 10256 ///// ///// ////
000000000000000000000000000000000000000000000000000000000000000000000000000000000000000000000000000000000000000000000000=
57178 330200 1123500 01292 01305 4
20100325210000 127 005 078 012 068 017 2057 144 003 060 026 2054 0000 0033 0040 2001 0032 2054 080 078 2020 062 0002 10105 10106 2001 10104 2046 -008 0000 2017 -017 2048 0011 0013 2019 0011 2049 0045 0067 0080 0088 0108 0108 0110 0132 0002 10266 ///// ///// ////
000000000000000000000000000000000000000000000000000000000000000000000000000000000000000000000000000000000000000000000000
120 000 000 000 //// //////////////////////// /// 0000 6///1 0//// 7//// 1//// 2//// 3//// /// /// /// // 911// 915// 919// 934// 939//=
57169 330300 1115200 01591 01600 4
20100325210000 318 005 332 007 318 010 2004 330 002 322 016 2002 0000 0010 0014 2007 0007 2052 088 084 2010 058 -008 10062 10069 2016 10062 2100 0017 0022 2004 0011 2042 -006 -003 2004 -006 2046 0039 0064 0081 0094 0100 0105 0109 0133 //// 10260 ///// ///// ////
000000000000000000000000000000000000000000000000000000000000000000000000000000000000000000000000000000000000000000000000=
57176 332900 1122500 02311 02304 4
20100325210000 219 011 201 015 181 025 2052 203 013 178 035 2047 0000 0017 0017 2053 0013 2020 072 070 2033 050 -028 09981 09985 2001 09981 2056 -008 -003 2052 -023 2019 0001 0001 2051 -002 2001 0037 0059 0076 0090 0110 0111 0113 0130 //// 10264 ///// ///// ////
000000000000000000000000000000000000000000000000000000000000000000000000000000000000000000000000000000000000000000000000=
57179 331700 1130000 01604 01616 4
20100325210000 265 010 265 008 245 019 2010 254 010 243 024 2010 0000 0022 0030 2001 0021 2056 079 075 2001 057 -011 10065 10068 2006 10063 2043 -031 -013 2004 -034 2058 0001 0005 2001 0001 2100 0040 0062 0077 0086 0101 0104 0106 0132 //// 10265 ///// ///// ////
000000000000000000000000000000000000000000000000000000000000000000000000000000000000000000000000000000000000000000000000=
57274 324200 1120700 01076 01088 4
20100325210000 057 006 038 006 003 014 2001 060 013 052 018 2027 0000 0017 0025 2015 0017 2100 079 078 2031 055 -015 10125 10126 2001 10123 2020 -012 -006 2030 -013 2001 0013 0016 2011 0013 2100 0053 0074 0091 0104 0114 0114 0116 0140 //// 10259 ///// ///// ////
000000000000000000000000000000000000000000000000000000000000000000000000000000000000000000000000000000000000000000000000=
57065 343000 1121100 01949 01964 4
20100325210000 271 028 273 032 273 033 2058 277 029 282 052 2054 0000 0009 0015 2002 0009 2100 040 036 2025 026 -112 10016 10016 2100 10010 2026 -012 -010 2019 -013 2055 -013 -013 2100 -020 2008 0042 0071 0090 0101 0097 0102 0111 0138 //// 10258 ///// ///// ////
000000000000000000000000000000000000000000000000000000000000000000000000000000000000000000000000000000000000000000000000=
57074 342500 1122500 01973 01989 4
20100325210000 208 010 216 011 219 012 2055 209 013 209 029 2055 0000 0029 0029 2055 0022 2013 062 062 2100 047 -037 10011 10013 2002 10008 2030 0000 0003 2049 -034 2007 -005 -004 2048 -009 2022 0049 0074 0091 0101 0100 0102 0103 0125 //// 10255 ///// ///// ////
000000000000000000000000000000000000000000000000000000000000000000000000000000000000000000000000000000000000000000000000=
57070 344400 1120700 03640 03595 4
20100325210000 271 023 267 023 265 023 2058 279 024 046 026 2020 0000 0010 0029 2023 0010 2100 040 028 2005 026 -111 09815 09815 2100 09808 2012 -015 0003 2028 -052 2005 -023 -019 2029 -025 2005 0035 0065 0082 0090 0090 0092 0096 0122 //// 10254 ///// ///// ////
000000000000000000000000000000000000000000000000000000000000000000000000000000000000000000000000000000000000000000000000=
57162 340900 1120500 03258 03275 4
20100325210000 257 008 234 007 230 011 2016 271 008 240 018 2014 0000 0012 0017 2001 0012 2100 052 050 2006 035 -076 09854 09855 2021 09852 2002 -037 -007 2022 -037 2100 -022 -017 2023 -022 2100 0036 0067 0085 0097 0095 0097 0102 0131 //// 10254 ///// ///// ////
000000000000000000000000000000000000000000000000000000000000000000000000000000000000000000000000000000000000000000000000=
57078 340900 1122800 03365 03340 4
20100325210000 268 012 259 008 259 008 2100 257 011 268 019 2059 0000 0009 0009 2059 0003 2036 059 054 2011 038 -062 09848 09848 2055 09845 2040 -048 -047 2059 -063 2037 -022 -021 2056 -024 2037 0021 0049 0070 0085 0094 0097 0098 0118 //// 10257 ///// ///// ////
000000000000000000000000000000000000000000000000000000000000000000000000000000000000000000000000000000000000000000000000=
57071 344900 1122600 03333 03332 4
20100325210000 323 021 317 026 319 034 2044 333 020 308 054 2026 0000 0028 0031 2030 0027 2001 058 057 2043 043 -046 09844 09846 2004 09841 2039 -002 0006 2041 -016 2011 -012 -009 2045 -017 2003 0039 0064 0080 0090 0089 0088 0092 0119 //// 10250 ///// ///// ////
000000000000000000000000000000000000000000000000000000000000000000000000000000000000000000000000000000000000000000000000
150 000 000 000 //// //////////////////////// /// 0000 6///1 0//// 7//// 1//// 2//// 3//// /// /// /// // 911// 915// 919// 934// 939//=
57066 342300 1114000 03283 03298 4
20100325210000 156 005 154 003 174 005 2023 142 004 091 013 2045 0000 0006 0013 2001 0006 2059 047 040 2012 030 -094 09850 09851 2037 09849 2013 -035 -021 2026 -035 2059 -032 -029 2001 -032 2059 0024 0055 0077 0088 0091 0090 0091 0115 //// 10253 ///// ///// ////
000000000000000000000000000000000000000000000000000000000000000000000000000000000000000000000000000000000000000000000000=
57077 334700 1113900 07424 07388 4
20100325210000 277 035 275 028 257 037 2001 263 033 293 041 2001 0000 0000 0000 2004 -003 2024 057 057 2002 035 -075 09370 09373 2025 09370 2100 -026 -020 2001 -033 2050 -019 -018 2002 -020 2052 0020 0042 0056 0066 0080 0085 0092 0115 //// 10253 ///// ///// ////
000000000000000000000000000000000000000000000000000000000000000000000000000000000000000000000000000000000000000000000000=
57183 334800 1135500 00600 00615 4
20100325210000 197 016 189 014 225 024 2028 203 014 226 032 2024 0000 0007 0014 2001 0007 2100 081 080 2002 052 -022 10184 10184 2039 10180 2017 -040 -036 2027 -041 2047 0003 0005 2005 0003 2057 0045 0068 0085 0095 0102 0099 0098 0122 //// 10261 ///// ///// ////
000000000000000000000000000000000000000000000000000000000000000000000000000000000000000000000000000000000000000000000000=
57186 333600 1140300 00587 00598 4
20100325210000 176 027 182 030 184 045 2020 189 031 176 062 2014 0000 0035 0046 2008 0034 2053 068 062 2011 053 -018 10187 10189 2001 10186 2025 -015 0006 2017 -019 2058 0000 0006 2015 0000 2058 0043 0070 0086 0098 0104 0102 0103 0133 //// 10261 ///// ///// ////
000000000000000000000000000000000000000000000000000000000000000000000000000000000000000000000000000000000000000000000000=
53978 350500 1123800 01401 01409 4
20100325210000 200 008 200 010 230 014 2041 198 006 237 019 2037 0000 0012 0022 2017 0011 2046 068 062 2019 045 -040 10076 10082 2006 10076 2100 -051 -039 2052 -054 2027 -017 -013 2001 -017 2100 0038 0068 0086 0101 0092 0093 0097 0125 //// 10250 ///// ///// ////
000000000000000000000000000000000000000000000000000000000000000000000000000000000000000000000000000000000000000000000000=
53984 351400 1132800 00827 00837 4
20100325210000 273 020 271 021 270 022 2059 279 019 274 028 2057 0000 0010 0013 2039 -007 2001 073 073 2100 048 -033 10153 10153 2100 10147 2001 -042 -023 2038 -074 2007 -026 -024 2040 -033 2012 0042 0070 0083 0095 0099 0095 0096 0121 //// 10257 ///// ///// ////
000000000000000000000000000000000000000000000000000000000000000000000000000000000000000000000000000000000000000000000000=
53987 350600 1132500 00910 00918 4
20100325210000 311 011 280 011 196 016 2006 310 011 184 023 2001 0000 0018 0020 2040 0014 2001 075 074 2049 052 -022 10140 10142 2024 10140 2039 -021 -010 2004 -030 2034 -004 -001 2004 -005 2056 0042 0069 0086 0099 0101 0098 0101 0127 //// 10254 ///// ///// ////
000000000000000000000000000000000000000000000000000000000000000000000000000000000000000000000000000000000000000000000000=
57079 345700 1130200 01064 01069 4
20100325210000 309 013 312 013 314 013 2058 307 013 316 015 2057 0000 0006 0022 2001 0006 2100 077 070 2001 049 -030 10117 10120 2001 10116 2049 -040 -025 2001 -042 2026 -026 -020 2001 -026 2100 0047 0068 0084 0094 0100 0096 0096 0120 //// 10250 ///// ///// ////
000000000000000000000000000000000000000000000000000000000000000000000000000000000000000000000000000000000000000000000000=
57072 345500 1124500 01275 01285 4
20100325210000 008 011 002 013 346 015 2020 020 009 355 019 2016 0000 -010 -004 2003 -010 2100 090 087 2025 051 -024 10092 10098 2004 10092 2100 -059 -054 2003 -065 2049 -039 -036 2004 -039 2100 0028 0061 0080 0090 0088 0086 0087 0113 //// 10252 ///// ///// ////
000000000000000000000000000000000000000000000000000000000000000000000000000000000000000000000000000000000000000000000000=
53982 351400 1131600 01120 01135 4
20100325210000 293 015 289 014 283 016 2049 291 014 268 026 2035 0000 0038 0039 2033 0034 2003 060 057 2001 048 -032 10113 10115 2018 10111 2005 0006 0009 2001 0003 2034 -005 -002 2047 -008 2034 0054 0079 0096 0106 0101 0098 0101 0131 //// 10253 ///// ///// ////
000000000000000000000000000000000000000000000000000000000000000000000000000000000000000000000000000000000000000000000000=
53979 350900 1130500 01200 01211 4
20100325210000 019 014 356 014 291 019 2030 020 016 299 023 2047 0000 0027 0030 2050 0018 2010 065 064 2049 048 -032 10105 10110 2001 10105 2100 -027 -004 2027 -027 2100 -048 -038 2032 -048 2059 0037 0072 0094 0105 0100 0100 0105 0132 //// 10254 ///// ///// ////
000000000000000000000000000000000000000000000000000000000000000000000000000000000000000000000000000000000000000000000000=
53974 353700 1141100 00723 00739 4
20100325210000 165 011 184 013 203 025 2018 187 005 223 041 2011 0000 0024 0034 2001 0024 2100 066 063 2001 048 -033 10155 10159 2002 10155 2057 -023 0000 2014 -023 2100 -009 0001 2014 -009 2100 0040 0066 0083 0092 0090 0092 0097 0124 //// 10247 ///// ///// ////
000000000000000000000000000000000000000000000000000000000000000000000000000000000000000000000000000000000000000000000000=
53990 354300 1141900 00795 00805 4
20100325210000 194 022 197 024 160 031 2005 189 022 158 038 2004 0000 -011 -004 2001 -011 2100 084 082 2004 047 -035 10148 10150 2001 10147 2048 -034 -015 2001 -034 2100 -047 -033 2001 -047 2100 0034 0063 0078 0090 0093 0085 0084 0110 //// 10249 ///// ///// ////
000000000000000000000000000000000000000000000000000000000000000000000000000000000000000000000000000000000000000000000000=
53889 360400 1134900 03068 03086 4
20100325210000 153 007 184 006 019 010 2038 065 010 334 016 2019 0000 0002 0008 2031 0002 2100 071 065 2003 044 -044 09867 09869 2001 09866 2048 -050 -036 2042 -058 2052 -040 -034 2001 -040 2100 0007 0030 0048 0062 0079 0075 0088 0098 //// 10247 ///// ///// ////
000000000000000000000000000000000000000000000000000000000000000000000000000000000000000000000000000000000000000000000000=
53995 353300 1143000 00625 00645 4
20100325210000 137 029 139 029 140 029 2059 130 029 144 036 2058 0000 0006 0006 2100 0000 2034 076 074 2007 048 -031 10167 10172 2002 10166 2058 -016 -013 2006 -030 2036 -025 -020 2003 -026 2035 0029 0059 0074 0086 0089 0087 0088 0116 //// 10248 ///// ///// ////
000000000000000000000000000000000000000000000000000000000000000000000000000000000000000000000000000000000000000000000000=
NNNN
