57086 342300 1134300 01166 01168 4
20100502120000 202 048 202 054 202 064 1150 201 048 195 097 1141 0000 0259 0264 1101 0259 1200 063 063 1152 210 0183 09905 09905 1200 09902 1103 0228 0235 1102 0228 1200 0239 0258 1101 0239 1200 0260 0258 0242 0222 0178 0140 0123 0124 //// 10039 ///// ///// ////
000000000000000000000000000000000000000000000000000000000000000000000000000000000000000000000000000000000000000000000000
200 001 000 000 //// /////////////////////CII 001 0000 6///1 0//// 7//// 1//// 2//// 3//// /// /// /// // 911// 915// 919// 934// 939//=
57195 333700 1143700 00466 00476 4
20100502120000 183 010 156 010 164 011 1119 347 006 150 026 1118 0000 0275 0289 1101 0275 1200 065 058 1101 239 0203 09996 09996 1200 09992 1101 0222 0247 1102 0222 1200 0250 0276 1101 0250 1200 0276 0280 0268 0248 0172 0144 0129 0141 //// 10051 ///// ///// ////
000000000000000000000000000000000000000000000000000000000000000000000000000000000000000000000000000000000000000000000000
120 000 000 000 //// //////////////////////// /// 0000 6///1 0//// 7//// 1//// 2//// 3//// /// /// /// // 911// 915// 919// 934// 939//=
57098 340500 1142400 00583 00593 4
20100502120000 185 023 187 024 196 030 1101 194 021 159 045 1142 0000 0259 0269 1101 0258 1130 076 065 1101 254 0213 09976 09976 1200 09972 1101 0227 0244 1101 0219 1126 0221 0234 1101 0221 1159 0235 0240 0232 0220 0170 0142 0125 0130 //// 10044 ///// ///// ////
000000000000000000000000000000000000000000000000000000000000000000000000000000000000000000000000000000000000000000000000
160 000 000 000 7000 /////////////////////CIE 002 //// 6///1 0//// 7//// 1//// 2//// 3//// /// /// /// // 911// 915// 919// 934// 939//=
57182 335100 1133000 00805 00814 4
20100502120000 183 015 188 016 201 030 1106 181 013 189 048 1104 0000 0262 0282 1101 0262 1200 061 053 1112 207 0181 09951 09951 1200 09946 1101 0217 0259 1106 0217 1200 0241 0276 1101 0241 1200 0282 0281 0263 0234 0178 0150 0133 0139 //// 10044 ///// ///// ////
000000000000000000000000000000000000000000000000000000000000000000000000000000000000000000000000000000000000000000000000
180 000 000 000 //// //////////////////////// /// 0000 6///1 0//// 7//// 1//// 2//// 3//// /// /// /// // 911// 915// 919// 934// 939//=
57079 345700 1130200 01064 01069 4
20100502120000 027 012 032 012 011 013 1150 035 011 013 020 1156 0000 0259 0293 1101 0257 1154 054 043 1101 180 0159 09892 09892 1200 09885 1101 0198 0253 1101 0198 1200 0214 0252 1101 0214 1200 0250 0247 0234 0216 0179 0149 0128 0126 //// 10015 ///// ///// ////
000000000000000000000000000000000000000000000000000000000000000000000000000000000000000000000000000000000000000000000000
150 000 000 000 //// //////////////////////// 000 0000 6///1 0//// 7//// 1//// 2//// 3//// /// /// /// // 911// 915// 919// 934// 939//=
57072 345500 1124500 01275 01285 4
20100502120000 215 020 206 023 199 033 1101 233 012 189 052 1143 0000 0291 0305 1101 0291 1200 044 039 1101 177 0156 09869 09869 1200 09864 1101 0247 0273 1105 0243 1134 0239 0274 1101 0239 1200 0262 0257 0236 0214 0146 0130 0117 0119 //// 10016 ///// ///// ////
000000000000000000000000000000000000000000000000000000000000000000000000000000000000000000000000000000000000000000000000
300 000 000 000 //// //////////////////////// /// 0000 6///1 0//// 7//// 1//// 2//// 3//// /// /// /// // 911// 915// 919// 934// 939//=
53992 353900 1143100 00582 00592 4
20100502120000 189 027 193 028 189 039 1128 195 027 179 070 1108 0000 0266 0280 1101 0266 1200 066 062 1101 230 0197 09952 09952 1200 09945 1101 0240 0255 1101 0240 1200 0233 0254 1101 0233 1200 0256 0253 0245 0226 0152 0130 0116 0122 //// 10020 ///// ///// ////
000000000000000000000000000000000000000000000000000000000000000000000000000000000000000000000000000000000000000000000000
130 001 000 000 6500 /////////////////////CIE 002 0000 6///1 0//// 7//// 1//// 2//// 3//// /// /// /// // 911// 915// 919// 934// 939//=
53993 355600 1145500 00516 00524 4
20100502120000 199 028 202 027 199 033 1123 178 035 253 064 1105 0000 0267 0277 1101 0267 1200 069 066 1101 242 0205 09957 09957 1200 09949 1101 0255 0270 1101 0255 1200 0238 0261 1101 0238 1200 0256 0250 0232 0213 0176 0139 0116 0114 //// 10017 ///// ///// ////
000000000000000000000000000000000000000000000000000000000000000000000000000000000000000000000000000000000000000000000000
150 000 000 000 //// //////////////////////// /// 0000 6///1 0//// 7//// 1//// 2//// 3//// /// /// /// // 911// 915// 919// 934// 939//=
53889 360400 1134900 03068 03086 4
20100502120000 278 022 269 021 261 021 1153 303 024 258 034 1152 0000 0270 0290 1101 0270 1200 047 037 1101 168 0147 09663 09664 1146 09659 1103 0225 0241 1101 0204 1121 0241 0268 1101 0241 1200 0266 0271 0270 0264 0158 0125 0121 0107 //// 10011 ///// ///// ////
000000000000000000000000000000000000000000000000000000000000000000000000000000000000000000000000000000000000000000000000
300 000 000 000 //// //////////////////////// /// 0000 6///1 0//// 7//// 1//// 2//// 3//// /// /// /// // 911// 915// 919// 934// 939//=
NNNN
