57090 344300 1135800 00781 00802 4
20100501190000 151 010 147 008 150 015 1818 156 008 139 030 1814 0000 0189 0198 1806 0189 1900 084 082 1809 183 0161 09979 09985 1801 09979 1858 0120 0154 1818 0120 1900 0148 0155 1815 0148 1900 0184 0200 0204 0206 0185 0152 0129 0131 //// 10071 ///// ///// ////
000000000000000000000000000000000000000000000000000000000000000000000000000000000000000000000000000000000000000000000000=
57083 344300 1133900 01104 01116 4
20100501190000 293 010 273 013 221 016 1853 316 010 228 029 1823 0000 0218 0228 1801 0210 1845 064 060 1801 167 0147 09940 09944 1801 09939 1837 0117 0127 1801 0112 1840 0154 0161 1801 0152 1845 0178 0189 0193 0195 0157 0137 0128 0130 0000 10067 ///// ///// ////
000000000000000000000000000000000000000000000000000000000000000000000000000000000000000000000000000000000000000000000000
100 000 000 /// //// //////////////////////// /// //// 6///1 0//// 7//// 1//// 2//// 3//// /// /// /// // 911// 915// 919// 934// 939//=
57086 342300 1134300 01166 01168 4
20100501190000 179 015 177 022 160 026 1847 181 009 158 045 1840 0000 0186 0186 1858 0181 1833 080 080 1802 171 0151 09943 09949 1803 09942 1855 0166 0169 1846 0163 1808 0161 0162 1857 0159 1836 0180 0190 0194 0194 0169 0137 0122 0124 //// 10078 ///// ///// ////
000000000000000000000000000000000000000000000000000000000000000000000000000000000000000000000000000000000000000000000000=
57085 343200 1132000 02599 02648 4
20100501190000 337 012 328 016 337 022 1833 344 011 330 028 1831 0000 0196 0198 1809 0193 1834 074 072 1809 169 0148 09772 09779 1809 09772 1900 0174 0178 1805 0166 1852 0151 0152 1802 0150 1852 0169 0182 0187 0186 0174 0142 0125 0128 //// 10072 ///// ///// ////
000000000000000000000000000000000000000000000000000000000000000000000000000000000000000000000000000000000000000000000000=
57081 344800 1132600 01409 01419 4
20100501190000 269 005 251 006 258 008 1835 271 006 248 014 1856 0000 0190 0194 1805 0190 1900 060 059 1855 132 0111 09906 09909 1801 09906 1857 0102 0103 1809 0102 1851 0144 0148 1801 0144 1900 0176 0192 0200 0196 0155 0138 0125 0122 //// 10068 ///// ///// ////
000000000000000000000000000000000000000000000000000000000000000000000000000000000000000000000000000000000000000000000000=
57084 343000 1130300 11784 11790 4
20100501190000 272 075 274 074 272 083 1842 274 073 271 107 1852 0000 0169 0174 1801 0169 1900 061 054 1801 117 0093 08788 08795 1801 08788 1900 0137 0141 1821 0134 1802 0131 0134 1818 0131 1801 0146 0160 0166 0164 0126 //// //// //// //// 10066 ///// ///// ////
000000000000000000000000000000000000000000000000000000000000000000000000000000000000000000000000000000000000000000000000=
57080 344400 1125800 01652 01661 4
20100501190000 279 009 300 003 147 004 1803 268 012 268 012 1900 0000 0162 0171 1803 0162 1900 071 065 1801 131 0109 09883 09886 1802 09880 1847 0102 0106 1807 0102 1855 0135 0139 1801 0135 1900 0174 0192 0200 0200 0155 0131 0119 0123 //// 10074 ///// ///// ////
000000000000000000000000000000000000000000000000000000000000000000000000000000000000000000000000000000000000000000000000=
57082 342800 1130100 04271 04284 4
20100501190000 306 010 313 011 316 014 1854 308 018 288 022 1853 0000 0202 0202 1900 0188 1806 057 057 1900 135 0114 09594 09601 1801 09594 1859 0164 0171 1849 0154 1809 0160 0160 1802 0159 1811 0186 0202 0210 0210 0166 0140 0126 //// //// 10075 ///// ///// ////
000000000000000000000000000000000000000000000000000000000000000000000000000000000000000000000000000000000000000000000000=
57295 323700 1142100 00785 00802 4
20100501190000 175 018 190 021 194 022 1857 167 024 212 039 1851 0000 0196 0202 1804 0196 1900 080 078 1804 182 0161 10001 10006 1802 10001 1900 0145 0151 1827 0142 1812 0176 0179 1807 0176 1900 0208 0210 0209 0206 0160 0143 0129 0132 //// 10093 ///// ///// ////
000000000000000000000000000000000000000000000000000000000000000000000000000000000000000000000000000000000000000000000000=
57189 330800 1135700 00646 00655 4
20100501190000 239 006 242 010 194 014 1816 234 003 170 023 1805 0000 0174 0174 1859 0167 1819 093 091 1806 185 0163 10012 10016 1808 10012 1900 0113 0118 1801 0111 1852 0153 0157 1801 0152 1852 0184 0195 0200 0201 0152 0135 0124 0127 //// 10088 ///// ///// ////
000000000000000000000000000000000000000000000000000000000000000000000000000000000000000000000000000000000000000000000000=
57194 331700 1141600 00598 00609 4
20100501190000 201 016 210 015 198 026 1824 206 013 212 038 1825 0000 0190 0206 1801 0190 1900 082 075 1801 180 0159 10016 10020 1801 10016 1859 0124 0161 1827 0122 1854 0146 0160 1827 0146 1900 0186 0197 0201 0199 0153 0134 0123 0128 //// 10086 ///// ///// ////
000000000000000000000000000000000000000000000000000000000000000000000000000000000000000000000000000000000000000000000000=
57197 330000 1142000 00489 00545 4
20100501190000 184 014 181 015 183 019 1824 198 011 192 031 1817 0000 0178 0186 1815 0178 1900 093 091 1827 189 0167 10026 10032 1801 10026 1857 0101 0123 1813 0101 1900 0150 0159 1803 0150 1900 0194 0201 0204 0199 0164 0143 0128 0128 //// 10089 ///// ///// ////
000000000000000000000000000000000000000000000000000000000000000000000000000000000000000000000000000000000000000000000000=
57294 325000 1140100 00836 00846 4
20100501190000 185 014 191 015 196 017 1831 184 012 226 030 1820 0000 0196 0197 1855 0190 1816 084 084 1814 192 0168 09989 09995 1807 09989 1900 0151 0155 1856 0133 1816 0161 0164 1801 0159 1847 0189 0199 0202 0197 0155 0142 0127 0126 //// 10086 ///// ///// ////
000000000000000000000000000000000000000000000000000000000000000000000000000000000000000000000000000000000000000000000000=
57292 325800 1143800 00444 00453 4
20100501190000 209 022 209 019 206 020 1801 209 018 218 042 1858 0000 0202 0207 1801 0202 1900 082 080 1801 194 0170 10040 10046 1801 10040 1855 0164 0171 1801 0162 1853 0174 0180 1801 0174 1854 0198 0207 0209 0208 0177 0148 0132 0135 //// 10092 ///// ///// ////
000000000000000000000000000000000000000000000000000000000000000000000000000000000000000000000000000000000000000000000000=
57195 333700 1143700 00466 00476 4
20100501190000 293 007 246 007 238 009 1838 212 010 205 020 1801 0000 0197 0203 1801 0197 1900 080 078 1801 184 0162 10032 10037 1801 10032 1900 0141 0162 1811 0136 1850 0158 0167 1801 0158 1900 0187 0203 0212 0212 0166 0142 0128 0141 //// 10087 ///// ///// ////
000000000000000000000000000000000000000000000000000000000000000000000000000000000000000000000000000000000000000000000000=
57193 334700 1143100 00526 00541 4
20100501190000 180 004 178 004 176 005 1852 181 003 153 013 1844 0000 0180 0187 1801 0180 1900 090 088 1810 186 0163 10024 10030 1801 10024 1847 0149 0153 1803 0148 1846 0154 0160 1801 0154 1900 0179 0191 0197 0198 0169 0144 0130 0132 //// 10087 ///// ///// ////
000000000000000000000000000000000000000000000000000000000000000000000000000000000000000000000000000000000000000000000000=
57198 333300 1143700 00463 00473 4
20100501190000 191 007 182 005 216 008 1821 184 006 223 011 1818 0000 0170 0177 1801 0170 1900 090 090 1900 174 0153 10033 10038 1801 10033 1900 0104 0111 1801 0104 1858 0144 0151 1801 0144 1858 0177 0195 0201 0202 0157 0142 0131 0139 //// 10088 ///// ///// ////
000000000000000000000000000000000000000000000000000000000000000000000000000000000000000000000000000000000000000000000000=
58101 335200 1152900 00413 00428 4
20100501190000 189 009 195 009 175 015 1802 206 007 175 029 1827 0000 0177 0183 1841 0177 1900 082 080 1843 166 0146 10039 10044 1803 10039 1859 0117 0137 1819 0116 1856 0134 0140 1821 0134 1900 0173 0181 0186 0186 0154 0138 0125 0131 //// 10089 ///// ///// ////
000000000000000000000000000000000000000000000000000000000000000000000000000000000000000000000000000000000000000000000000=
57098 340500 1142400 00583 00593 4
20100501190000 175 015 182 015 189 020 1828 170 013 198 030 1826 0000 0179 0186 1811 0179 1900 089 088 1820 182 0161 10013 10019 1801 10013 1900 0143 0160 1828 0138 1848 0144 0150 1806 0144 1900 0159 0171 0178 0181 0165 0139 0125 0130 //// 10082 ///// ///// ////
000000000000000000000000000000000000000000000000000000000000000000000000000000000000000000000000000000000000000000000000=
57190 334500 1142400 00505 00516 4
20100501190000 191 011 192 012 163 013 1801 194 009 163 016 1801 0000 0152 0167 1802 0149 1850 093 092 1814 161 0141 10025 10031 1801 10025 1900 0113 0121 1801 0112 1851 0124 0132 1801 0124 1859 0163 0181 0192 0193 0175 0143 0128 0132 //// 10085 ///// ///// ////
000000000000000000000000000000000000000000000000000000000000000000000000000000000000000000000000000000000000000000000000=
57088 340900 1133000 01161 01177 4
20100501190000 347 006 312 008 299 009 1859 032 004 020 021 1857 0000 0159 0159 1900 0151 1847 096 095 1801 173 0153 09943 09952 1805 09943 1900 0123 0124 1812 0122 1849 0137 0140 1806 0136 1849 0172 0192 0201 0202 0148 0132 0127 0131 //// 10079 ///// ///// ////
000000000000000000000000000000000000000000000000000000000000000000000000000000000000000000000000000000000000000000000000=
57095 340700 1140900 00611 00622 4
20100501190000 216 018 216 020 213 023 1856 228 014 200 039 1845 0000 0182 0184 1801 0180 1840 091 091 1900 190 0167 10007 10013 1801 10007 1900 0137 0137 1859 0121 1841 0154 0154 1858 0147 1838 0177 0179 0198 0200 0162 0139 0126 0129 //// 10079 ///// ///// ////
000000000000000000000000000000000000000000000000000000000000000000000000000000000000000000000000000000000000000000000000=
57182 335100 1133000 00805 00814 4
20100501190000 111 014 096 012 228 024 1815 106 015 228 047 1814 0000 0196 0227 1816 0196 1900 080 069 1814 182 0161 09987 09993 1801 09987 1900 0156 0204 1815 0155 1856 0163 0179 1815 0163 1900 0196 0208 0214 0208 0173 0148 0133 0139 //// 10081 ///// ///// ////
000000000000000000000000000000000000000000000000000000000000000000000000000000000000000000000000000000000000000000000000=
57087 341200 1134800 00877 00885 4
20100501190000 211 018 209 020 210 026 1827 214 020 223 035 1823 0000 0181 0189 1801 0181 1900 088 086 1801 183 0161 09978 09985 1801 09978 1900 0162 0168 1824 0160 1801 0156 0161 1823 0156 1900 0181 0193 0198 0196 0155 0135 0124 0128 //// 10080 ///// ///// ////
000000000000000000000000000000000000000000000000000000000000000000000000000000000000000000000000000000000000000000000000=
57297 320800 1140300 01145 01154 4
20100501190000 203 040 196 039 197 040 1841 187 054 209 079 1857 0000 0230 0233 1811 0229 1856 072 071 1821 202 0177 09964 09970 1804 09963 1859 0200 0202 1842 0195 1803 0195 0197 1801 0194 1847 0211 0219 0224 0222 0185 0159 0141 //// //// 10096 ///// ///// ////
000000000000000000000000000000000000000000000000000000000000000000000000000000000000000000000000000000000000000000000000=
58301 314900 1152300 00916 00929 4
20100501190000 217 033 217 034 218 035 1859 232 033 206 047 1859 0000 0198 0198 1900 0188 1830 073 073 1900 169 0148 09997 10002 1801 09997 1900 0172 0173 1801 0168 1840 0178 0181 1801 0177 1846 0201 0210 0217 0216 0195 0162 0138 0134 //// 10104 ///// ///// ////
000000000000000000000000000000000000000000000000000000000000000000000000000000000000000000000000000000000000000000000000=
57298 321300 1143300 00554 00562 4
20100501190000 193 024 189 025 187 025 1858 197 030 183 041 1848 0000 0204 0206 1812 0204 1900 080 079 1801 192 0168 10034 10039 1801 10034 1900 0174 0175 1856 0168 1801 0176 0176 1900 0169 1801 0200 0209 0212 0207 0161 0144 0127 0138 //// 10099 ///// ///// ////
000000000000000000000000000000000000000000000000000000000000000000000000000000000000000000000000000000000000000000000000=
57390 314800 1140400 07335 07347 4
20100501190000 206 072 208 072 208 072 1900 200 081 222 138 1858 0000 0185 0189 1801 0185 1900 092 086 1801 196 0172 09286 09291 1801 09286 1900 0176 0180 1812 0175 1858 0159 0161 1841 0157 1801 0172 0177 0183 0182 0158 0129 //// //// //// 10105 ///// ///// ////
000000000000000000000000000000000000000000000000000000000000000000000000000000000000000000000000000000000000000000000000=
58208 321000 1153700 00429 00439 4
20100501190000 234 021 233 024 233 026 1846 231 018 250 039 1856 0000 0203 0203 1900 0195 1825 077 077 1900 183 0161 10048 10053 1801 10048 1900 0173 0174 1851 0141 1802 0178 0179 1850 0175 1826 0203 0221 0227 0228 0179 0157 0141 0142 //// 10099 ///// ///// ////
000000000000000000000000000000000000000000000000000000000000000000000000000000000000000000000000000000000000000000000000=
53989 350300 1135700 00766 00777 4
20100501190000 176 015 171 013 171 013 1900 221 015 166 024 1801 0000 0187 0188 1809 0187 1900 083 082 1845 179 0158 09978 09984 1801 09978 1900 0146 0148 1824 0134 1845 0149 0150 1829 0145 1847 0175 0191 0199 0199 0162 0137 0123 0126 //// 10067 ///// ///// ////
000000000000000000000000000000000000000000000000000000000000000000000000000000000000000000000000000000000000000000000000=
53986 351900 1135300 00732 00740 4
20100501190000 204 015 198 016 212 017 1849 212 010 229 025 1840 0000 0194 0203 1805 0190 1840 088 083 1807 198 0174 09981 09989 1802 09981 1859 0154 0158 1805 0123 1836 0147 0149 1805 0140 1840 0180 0191 0194 0194 0163 0139 0125 0130 //// 10066 ///// ///// ////
000000000000000000000000000000000000000000000000000000000000000000000000000000000000000000000000000000000000000000000000=
53988 351600 1134000 00776 00784 4
20100501190000 177 007 173 007 156 009 1847 178 006 158 014 1845 0000 0159 0163 1847 0157 1832 089 087 1852 161 0141 09972 09978 1801 09972 1900 0106 0115 1849 0105 1836 0125 0128 1801 0125 1900 0173 0189 0195 0196 0148 0132 0122 0128 //// 10063 ///// ///// ////
000000000000000000000000000000000000000000000000000000000000000000000000000000000000000000000000000000000000000000000000=
53998 351200 1143900 00616 00625 4
20100501190000 174 029 174 028 172 031 1829 164 035 192 049 1829 0000 0184 0189 1801 0184 1900 087 085 1802 184 0162 09999 10004 1801 09999 1857 0156 0162 1801 0156 1900 0160 0164 1801 0160 1900 0184 0194 0196 0192 0173 0142 0123 0130 //// 10071 ///// ///// ////
000000000000000000000000000000000000000000000000000000000000000000000000000000000000000000000000000000000000000000000000=
57051 344800 1111200 04099 04117 4
20100501190000 094 019 092 017 092 019 1829 108 019 128 032 1839 0000 0185 0193 1804 0185 1900 042 040 1802 089 0054 09604 09606 1808 09604 1851 0124 0140 1804 0123 1840 0139 0148 1804 0138 1844 0176 0191 0197 0197 0165 0132 0118 0120 //// 10067 ///// ///// ////
000000000000000000000000000000000000000000000000000000000000000000000000000000000000000000000000000000000000000000000000=
57063 344600 1114600 05236 05236 4
20100501190000 310 016 307 013 312 013 1807 310 020 310 020 1900 0000 0125 0131 1801 0125 1857 071 069 1801 103 0074 09484 09488 1802 09484 1852 0063 0068 1814 0062 1858 0105 0111 1801 0105 1857 0153 0169 0175 0174 0120 0111 0103 0111 //// 10075 ///// ///// ////
000000000000000000000000000000000000000000000000000000000000000000000000000000000000000000000000000000000000000000000000=
57067 340300 1110200 05688 05699 4
20100501190000 217 015 223 015 203 022 1814 206 016 198 030 1807 0000 0143 0149 1818 0143 1900 078 076 1820 127 0105 09448 09453 1802 09448 1859 0107 0120 1817 0105 1851 0149 0155 1801 0149 1900 0183 0197 0197 0201 0166 0145 0123 0125 //// 10089 ///// ///// ////
000000000000000000000000000000000000000000000000000000000000000000000000000000000000000000000000000000000000000000000000=
57056 343200 1105300 03904 03909 4
20100501190000 223 029 230 025 168 051 1811 212 023 181 095 1803 0000 0232 0244 1801 0232 1900 044 038 1801 125 0103 09622 09625 1808 09621 1834 0179 0209 1813 0178 1859 0181 0195 1803 0181 1900 0194 0202 0203 0200 0145 0129 0117 0121 //// 10058 ///// ///// ////
000000000000000000000000000000000000000000000000000000000000000000000000000000000000000000000000000000000000000000000000=
58007 340400 1151800 00472 00532 4
20100501190000 167 008 170 008 164 010 1801 150 007 161 020 1832 0000 0169 0174 1808 0169 1900 085 083 1814 164 0144 10025 10030 1801 10025 1900 0112 0123 1807 0112 1900 0136 0143 1801 0136 1900 0173 0186 0192 0191 0151 0137 0126 0132 //// 10087 ///// ///// ////
000000000000000000000000000000000000000000000000000000000000000000000000000000000000000000000000000000000000000000000000=
58006 342300 1155300 00463 00506 4
20100501190000 162 008 156 010 142 014 1852 173 008 136 023 1851 0000 0145 0157 1801 0145 1854 088 088 1836 145 0125 10033 10038 1801 10033 1851 0098 0101 1813 0096 1842 0121 0127 1801 0121 1900 0150 0171 0180 0184 0161 0138 0122 0127 //// 10092 ///// ///// ////
000000000000000000000000000000000000000000000000000000000000000000000000000000000000000000000000000000000000000000000000=
58111 335800 1162700 00325 00325 4
20100501190000 152 020 152 019 157 026 1833 147 008 153 044 1828 0000 0186 0192 1809 0186 1859 063 061 1820 135 0114 10057 10062 1803 10057 1855 0139 0139 1851 0137 1806 0145 0148 1831 0145 1900 0160 0171 0176 0177 0153 0137 0129 0138 //// 10095 ///// ///// ////
000000000000000000000000000000000000000000000000000000000000000000000000000000000000000000000000000000000000000000000000=
58017 341500 1160800 00410 00420 4
20100501190000 144 015 147 014 153 019 1845 156 011 156 037 1842 0000 0190 0193 1806 0190 1900 070 069 1850 154 0134 10040 10046 1805 10039 1858 0132 0136 1842 0129 1802 0146 0149 1829 0146 1900 0168 0178 0182 0182 0150 0137 0126 0129 //// 10089 ///// ///// ////
000000000000000000000000000000000000000000000000000000000000000000000000000000000000000000000000000000000000000000000000=
58001 342600 1150600 00563 00569 4
20100501190000 188 016 184 015 189 019 1801 178 013 195 027 1843 0000 0177 0182 1806 0176 1837 087 085 1812 176 0155 10015 10020 1802 10015 1856 0135 0145 1808 0134 1835 0138 0146 1808 0138 1900 0160 0171 0176 0176 0149 0128 0117 0126 //// 10081 ///// ///// ////
000000000000000000000000000000000000000000000000000000000000000000000000000000000000000000000000000000000000000000000000=
58005 342700 1154000 00501 00511 4
20100501190000 160 017 165 018 180 021 1849 191 021 200 032 1810 0000 0184 0193 1808 0184 1900 076 074 1811 161 0141 10026 10032 1801 10025 1851 0114 0142 1801 0114 1900 0136 0149 1802 0136 1900 0173 0185 0186 0185 0151 0132 0126 0133 0001 10085 ///// ///// ////
000000000000000000000000000000000000000000000000000000000000000000000000000000000000000000000000000000000000000000000000
150 000 000 /// //// //////////////////////// /// //// 6///1 0//// 7//// 1//// 2//// 3//// /// /// /// // 911// 915// 919// 934// 939//=
58008 342800 1152000 00544 00592 4
20100501190000 160 018 171 013 165 013 1834 156 017 170 029 1848 0000 0168 0170 1801 0168 1828 087 086 1801 166 0146 10014 10019 1806 10013 1856 0127 0129 1833 0108 1811 0137 0139 1834 0136 1854 0157 0170 0177 0180 0147 0133 0121 0129 //// 10083 ///// ///// ////
000000000000000000000000000000000000000000000000000000000000000000000000000000000000000000000000000000000000000000000000=
58004 343900 1150900 00606 00616 4
20100501190000 186 008 169 004 144 006 1805 153 015 153 015 1900 0000 0166 0175 1801 0166 1900 090 088 1801 170 0150 10008 10014 1801 10008 1853 0117 0141 1809 0113 1855 0139 0148 1803 0139 1900 0169 0190 0194 0195 0160 0137 0126 0129 //// 10080 ///// ///// ////
000000000000000000000000000000000000000000000000000000000000000000000000000000000000000000000000000000000000000000000000=
54817 355900 1155200 00421 00434 4
20100501190000 176 028 171 026 170 027 1857 198 035 195 054 1824 0000 0186 0189 1802 0185 1827 087 085 1801 186 0164 10022 10028 1801 10022 1852 0154 0154 1859 0145 1823 0147 0148 1855 0144 1832 0169 0177 0182 0178 0138 0119 0111 0113 //// 10072 ///// ///// ////
000000000000000000000000000000000000000000000000000000000000000000000000000000000000000000000000000000000000000000000000=
54902 355400 1150700 00495 00499 4
20100501190000 164 034 168 033 181 039 1805 153 027 167 059 1803 0000 0185 0193 1801 0185 1900 085 082 1801 181 0159 10003 10009 1801 10003 1859 0165 0175 1802 0165 1900 0149 0158 1801 0149 1900 0176 0183 0184 0182 0144 0117 0110 0115 //// 10061 ///// ///// ////
000000000000000000000000000000000000000000000000000000000000000000000000000000000000000000000000000000000000000000000000=
54900 354200 1150100 00537 00541 4
20100501190000 167 025 167 026 179 029 1834 206 027 173 051 1825 0000 0185 0194 1801 0185 1900 089 086 1801 189 0167 10002 10007 1804 10002 1900 0150 0157 1830 0148 1855 0151 0158 1802 0151 1856 0178 0186 0187 0184 0160 0129 0114 0115 //// 10065 ///// ///// ////
000000000000000000000000000000000000000000000000000000000000000000000000000000000000000000000000000000000000000000000000=
54901 360500 1151000 00475 00478 4
20100501190000 163 039 163 038 164 038 1851 184 038 158 055 1857 0000 0174 0179 1801 0174 1858 087 085 1801 173 0152 10005 10010 1802 10005 1859 0155 0158 1804 0152 1833 0149 0152 1804 0148 1824 0167 0175 0178 0177 0158 0133 0115 0115 //// 10060 ///// ///// ////
000000000000000000000000000000000000000000000000000000000000000000000000000000000000000000000000000000000000000000000000=
54903 355100 1152900 00457 00506 4
20100501190000 177 028 183 028 179 029 1837 175 025 153 057 1856 0000 0189 0191 1801 0188 1855 083 080 1801 181 0160 10009 10015 1801 10009 1900 0172 0175 1836 0168 1809 0154 0157 1801 0153 1857 0171 0181 0183 0180 0154 0128 0117 0116 //// 10068 ///// ///// ////
000000000000000000000000000000000000000000000000000000000000000000000000000000000000000000000000000000000000000000000000=
57184 333800 1132200 00834 00847 4
20100501190000 305 009 027 007 098 007 1855 319 009 133 011 1826 0000 0188 0211 1801 0188 1900 085 075 1801 184 0162 09983 09989 1801 09982 1853 0145 0158 1801 0144 1853 0155 0162 1801 0155 1855 0194 0208 0212 0212 0139 0132 0125 0132 //// 10081 ///// ///// ////
000000000000000000000000000000000000000000000000000000000000000000000000000000000000000000000000000000000000000000000000=
57177 332000 1133200 00898 00913 4
20100501190000 215 007 023 011 058 014 1858 061 004 223 021 1810 0000 0200 0213 1814 0200 1900 072 069 1815 168 0148 09977 09983 1801 09977 1900 0153 0171 1811 0144 1852 0161 0168 1811 0161 1852 0159 0195 0191 0203 0166 0143 0130 0125 //// 10082 ///// ///// ////
000000000000000000000000000000000000000000000000000000000000000000000000000000000000000000000000000000000000000000000000=
57075 341000 1125200 02031 02043 4
20100501190000 072 015 071 016 086 023 1817 076 014 088 030 1816 0000 0186 0190 1826 0186 1900 084 081 1811 180 0158 09848 09854 1801 09848 1900 0164 0174 1826 0161 1813 0153 0160 1824 0153 1900 0178 0194 0201 0201 0197 0158 0131 0126 //// 10082 ///// ///// ////
000000000000000000000000000000000000000000000000000000000000000000000000000000000000000000000000000000000000000000000000=
57173 334500 1125300 01457 01468 4
20100501190000 186 012 187 013 157 023 1815 192 013 150 034 1812 0000 0213 0221 1801 0213 1900 074 071 1801 187 0165 09908 09915 1801 09908 1900 0157 0173 1804 0155 1856 0169 0184 1804 0169 1900 0201 0212 0216 0212 0168 0144 0129 0135 //// 10076 ///// ///// ////
000000000000000000000000000000000000000000000000000000000000000000000000000000000000000000000000000000000000000000000000=
57180 335900 1131200 01175 01186 4
20100501190000 359 005 043 007 102 008 1846 002 003 099 012 1842 0000 0152 0159 1833 0152 1900 093 093 1900 161 0141 09942 09950 1801 09942 1900 0119 0126 1832 0119 1826 0145 0150 1801 0145 1900 0184 0202 0209 0207 0160 0141 0129 0133 //// 10079 ///// ///// ////
000000000000000000000000000000000000000000000000000000000000000000000000000000000000000000000000000000000000000000000000=
57181 335300 1130300 01364 01380 4
20100501190000 191 020 199 021 175 035 1801 189 019 187 043 1801 0000 0190 0204 1801 0189 1844 085 080 1801 187 0164 09924 09930 1801 09923 1859 0149 0169 1803 0149 1900 0160 0173 1801 0160 1900 0190 0197 0209 0211 0171 0144 0129 0132 //// 10083 ///// ///// ////
000000000000000000000000000000000000000000000000000000000000000000000000000000000000000000000000000000000000000000000000=
57175 330300 1121400 01914 01922 4
20100501190000 000 000 105 003 111 008 1842 046 001 091 016 1835 0000 0144 0155 1815 0144 1900 098 098 1801 161 0141 09873 09879 1803 09873 1900 0134 0138 1836 0134 1900 0154 0159 1803 0154 1900 0195 0211 0217 0214 0160 0144 0133 0139 //// 10096 ///// ///// ////
000000000000000000000000000000000000000000000000000000000000000000000000000000000000000000000000000000000000000000000000=
57156 331800 1113000 02503 02523 4
20100501190000 289 028 286 028 286 029 1831 251 036 293 050 1839 0000 0185 0193 1818 0185 1900 086 084 1819 183 0161 09808 09811 1815 09808 1854 0170 0172 1801 0170 1900 0175 0178 1815 0175 1900 0202 0210 0215 0212 0180 0156 0138 0143 //// 10096 ///// ///// ////
000000000000000000000000000000000000000000000000000000000000000000000000000000000000000000000000000000000000000000000000=
57271 323300 1122300 00879 00897 4
20100501190000 089 005 096 007 080 008 1832 091 004 074 011 1829 0000 0170 0186 1806 0170 1857 095 091 1803 184 0162 09989 09994 1801 09989 1859 0126 0133 1811 0126 1850 0157 0163 1801 0157 1900 0198 0213 0219 0219 0165 0143 0135 0139 //// 10093 ///// ///// ////
000000000000000000000000000000000000000000000000000000000000000000000000000000000000000000000000000000000000000000000000=
57261 330700 1113100 02330 02345 4
20100501190000 334 008 302 007 122 010 1811 335 008 102 017 1810 0000 0185 0188 1824 0184 1803 088 088 1900 187 0165 09819 09822 1801 09819 1900 0154 0164 1806 0153 1859 0176 0181 1801 0176 1900 0208 0221 0225 0224 0195 0165 0148 //// //// 10087 ///// ///// ////
000000000000000000000000000000000000000000000000000000000000000000000000000000000000000000000000000000000000000000000000=
57285 322300 1132500 01530 01492 4
20100501190000 011 009 052 006 125 015 1850 032 010 119 035 1843 0000 0227 0230 1818 0226 1812 065 064 1804 179 0158 09922 09929 1805 09922 1900 0147 0153 1847 0136 1802 0172 0177 1819 0171 1841 0198 0212 0217 0218 0158 0140 0129 0135 //// ///// ///// ///// ////
////////////////////////////////////////////////////////////////////////////////////////////////////////////////////////=
57273 324100 1125100 01095 01105 4
20100501190000 061 017 065 018 068 019 1855 057 012 057 025 1854 0000 0165 0206 1810 0165 1900 084 072 1814 158 0138 09967 09969 1802 09965 1837 0156 0172 1813 0156 1900 0172 0181 1807 0172 1900 0206 0218 0220 0218 0171 0149 0134 0138 //// 10095 ///// ///// ////
000000000000000000000000000000000000000000000000000000000000000000000000000000000000000000000000000000000000000000000000=
57187 330400 1125600 01180 01193 4
20100501190000 092 005 095 008 083 012 1851 091 005 102 018 1848 0000 0162 0163 1821 0153 1801 094 093 1801 173 0152 09949 09953 1801 09949 1900 0126 0130 1848 0123 1816 0161 0163 1801 0161 1900 0193 0199 0213 0212 0184 0155 0138 0137 //// 10087 ///// ///// ////
000000000000000000000000000000000000000000000000000000000000000000000000000000000000000000000000000000000000000000000000=
57178 330200 1123500 01292 01305 4
20100501190000 PPC 000 PPC 000 PPC 000 1802 PPC 000 242 006 1801 0000 0180 0188 1801 0180 1900 091 090 1801 188 0165 09944 09948 1802 09944 1900 0135 0140 1833 0135 1859 0161 0166 1801 0161 1900 0199 0210 0210 0207 0167 0144 0133 0134 0000 10095 ///// ///// ////
000000000000000000000000000000000000000000000000000000000000000000000000000000000000000000000000000000000000000000000000
040 000 000 /// //// //////////////////////// /// //// 6///1 0//// 7//// 1//// 2//// 3//// /// /// /// // 911// 915// 919// 934// 939//=
57169 330300 1115200 01591 01600 4
20100501190000 324 003 349 005 014 015 1811 322 008 353 020 1810 0000 0166 0176 1804 0164 1852 098 098 1833 185 0163 09911 09914 1807 09911 1900 0159 0164 1818 0157 1849 0152 0157 1807 0151 1851 0191 0205 0212 0211 0183 0150 0133 0135 //// 10096 ///// ///// ////
000000000000000000000000000000000000000000000000000000000000000000000000000000000000000000000000000000000000000000000000=
57176 332900 1122500 02311 02304 4
20100501190000 254 004 267 005 305 012 1821 279 000 313 019 1817 0000 0174 0181 1801 0174 1900 089 085 1801 177 0156 09831 09837 1801 09830 1836 0148 0152 1803 0147 1857 0166 0174 1801 0166 1900 0199 0211 0217 0218 0186 0158 0139 0136 //// 10096 ///// ///// ////
000000000000000000000000000000000000000000000000000000000000000000000000000000000000000000000000000000000000000000000000=
57179 331700 1130000 01604 01616 4
20100501190000 251 026 246 023 241 024 1843 254 026 240 038 1836 0000 0195 0195 1900 0173 1817 088 088 1900 199 0175 09907 09912 1801 09907 1858 0158 0158 1900 0131 1817 0168 0168 1900 0164 1817 0194 0205 0209 0209 0173 0144 0129 0134 //// 10093 ///// ///// ////
000000000000000000000000000000000000000000000000000000000000000000000000000000000000000000000000000000000000000000000000=
57274 324200 1120700 01076 01088 4
20100501190000 345 003 353 002 022 007 1846 001 003 046 011 1845 0000 0168 0173 1829 0168 1900 089 087 1801 170 0150 09968 09969 1840 09967 1811 0156 0161 1801 0156 1900 0164 0169 1801 0164 1900 0196 0208 0217 0219 0202 0175 0148 0145 //// 10094 ///// ///// ////
000000000000000000000000000000000000000000000000000000000000000000000000000000000000000000000000000000000000000000000000=
57065 343000 1121100 01949 01964 4
20100501190000 280 020 275 015 274 018 1843 268 021 274 032 1839 0000 0176 0184 1801 0175 1857 057 054 1801 115 0090 09851 09855 1803 09851 1856 0146 0152 1802 0145 1833 0152 0159 1801 0151 1849 0192 0209 0215 0215 0164 0143 0133 0138 //// 10075 ///// ///// ////
000000000000000000000000000000000000000000000000000000000000000000000000000000000000000000000000000000000000000000000000=
57074 342500 1122500 01973 01989 4
20100501190000 226 012 226 014 211 015 1801 265 016 237 035 1809 0000 0206 0211 1801 0206 1900 075 073 1801 182 0160 09850 09855 1806 09849 1846 0165 0176 1801 0161 1855 0175 0182 1801 0173 1851 0199 0208 0210 0206 0160 0141 0128 0130 //// 10076 ///// ///// ////
000000000000000000000000000000000000000000000000000000000000000000000000000000000000000000000000000000000000000000000000=
57076 344400 1124700 01895 01901 4
20100501190000 334 011 336 014 336 017 1853 341 009 336 021 1847 0000 0188 0198 1801 0186 1838 058 053 1801 126 0104 09852 09856 1803 09851 1829 0145 0149 1802 0141 1818 0145 0149 1801 0144 1837 0172 0186 0190 0189 0155 0133 0121 0125 //// 10069 ///// ///// ////
000000000000000000000000000000000000000000000000000000000000000000000000000000000000000000000000000000000000000000000000=
57070 344400 1120700 03640 03595 4
20100501190000 264 009 280 006 250 014 1842 257 010 246 021 1834 0000 0183 0191 1822 0182 1849 067 066 1834 141 0121 09664 09667 1802 09663 1851 0138 0152 1837 0123 1821 0142 0149 1801 0142 1900 0178 0190 0192 0188 0167 0138 0122 0125 //// 10070 ///// ///// ////
000000000000000000000000000000000000000000000000000000000000000000000000000000000000000000000000000000000000000000000000=
57162 340900 1120500 03258 03275 4
20100501190000 237 002 210 000 190 009 1836 206 003 184 018 1832 0000 0179 0184 1807 0179 1900 065 064 1830 133 0112 09701 09707 1801 09701 1900 0118 0132 1801 0118 1900 0145 0155 1801 0145 1900 0194 0209 0215 0213 0158 0141 0127 0134 //// 10073 ///// ///// ////
000000000000000000000000000000000000000000000000000000000000000000000000000000000000000000000000000000000000000000000000=
57078 340900 1122800 03365 03340 4
20100501190000 000 000 030 003 014 011 1816 358 001 012 016 1814 0000 0167 0173 1807 0167 1900 079 075 1810 150 0130 09698 09704 1801 09698 1900 0115 0124 1820 0115 1900 0139 0147 1819 0139 1900 0174 0193 0202 0202 0146 0132 0123 0124 //// 10078 ///// ///// ////
000000000000000000000000000000000000000000000000000000000000000000000000000000000000000000000000000000000000000000000000=
57071 344900 1122600 03333 03332 4
20100501190000 157 016 149 016 144 021 1826 153 019 128 032 1825 0000 0192 0202 1819 0191 1856 067 049 1801 149 0129 09696 09698 1807 09695 1840 0119 0130 1826 0110 1807 0147 0152 1824 0147 1858 0180 0192 0196 0194 0176 0138 0120 0123 //// 10073 ///// ///// ////
000000000000000000000000000000000000000000000000000000000000000000000000000000000000000000000000000000000000000000000000=
57066 342300 1114000 03283 03298 4
20100501190000 122 001 167 001 176 002 1851 102 001 271 008 1813 0000 0164 0168 1821 0164 1900 062 055 1818 116 0091 09696 09702 1801 09696 1900 0127 0127 1900 0125 1801 0147 0149 1801 0147 1900 0171 0180 0182 0178 0152 0134 0119 0120 //// 10070 ///// ///// ////
000000000000000000000000000000000000000000000000000000000000000000000000000000000000000000000000000000000000000000000000=
57077 334700 1113900 07424 07388 4
20100501190000 283 022 290 020 276 020 1853 279 025 277 032 1857 0000 0163 0168 1802 0162 1839 070 067 1803 130 0108 09267 09273 1807 09267 1857 0120 0124 1826 0112 1845 0131 0137 1802 0129 1845 0164 0179 0185 0185 0155 0127 0113 0117 //// 10086 ///// ///// ////
000000000000000000000000000000000000000000000000000000000000000000000000000000000000000000000000000000000000000000000000=
57183 334800 1135500 00600 00615 4
20100501190000 238 003 236 002 193 009 1832 220 001 215 013 1823 0000 0148 0158 1829 0145 1848 095 094 1807 160 0140 10010 10015 1804 10010 1900 0125 0129 1852 0124 1811 0137 0141 1801 0137 1900 0180 0191 0197 0198 0178 0145 0127 0125 //// 10082 ///// ///// ////
000000000000000000000000000000000000000000000000000000000000000000000000000000000000000000000000000000000000000000000000=
57186 333600 1140300 00587 00598 4
20100501190000 276 006 271 005 190 012 1801 263 008 182 014 1805 0000 0174 0184 1801 0174 1900 091 086 1801 181 0159 10015 10018 1801 10015 1900 0109 0115 1801 0109 1900 0142 0149 1801 0142 1900 0185 0199 0203 0204 0178 0149 0133 0136 //// 10084 ///// ///// ////
000000000000000000000000000000000000000000000000000000000000000000000000000000000000000000000000000000000000000000000000=
57094 342400 1141300 00674 00685 4
20100501190000 208 009 212 010 179 014 1805 203 009 220 029 1855 0000 0178 0183 1807 0177 1853 093 093 1900 189 0167 09996 10002 1801 09996 1900 0144 0146 1823 0130 1855 0149 0153 1814 0145 1855 0175 0187 0194 0195 0177 0150 0129 0129 //// 10075 ///// ///// ////
000000000000000000000000000000000000000000000000000000000000000000000000000000000000000000000000000000000000000000000000=
57191 342900 1142900 00634 00642 4
20100501190000 172 007 186 010 180 014 1802 116 006 209 022 1818 0000 0187 0192 1801 0187 1900 086 085 1801 185 0163 10006 10011 1801 10006 1900 0160 0164 1847 0156 1825 0165 0169 1801 0165 1900 0190 0200 0205 0204 0165 0139 0124 0127 //// 10080 ///// ///// ////
000000000000000000000000000000000000000000000000000000000000000000000000000000000000000000000000000000000000000000000000=
57096 343200 1144700 00597 00607 4
20100501190000 200 011 200 012 190 016 1837 316 011 192 026 1837 0000 0183 0187 1801 0183 1900 085 084 1801 179 0157 10005 10010 1801 10005 1900 0153 0162 1806 0153 1900 0144 0152 1803 0144 1900 0177 0192 0196 0193 0158 0136 0125 0129 //// 10075 ///// ///// ////
000000000000000000000000000000000000000000000000000000000000000000000000000000000000000000000000000000000000000000000000=
57091 344700 1141800 00737 00748 4
20100501190000 190 035 193 032 204 036 1832 181 041 181 052 1822 0000 0197 0201 1801 0197 1900 080 079 1801 184 0162 09985 09992 1806 09985 1900 0170 0175 1828 0170 1900 0169 0173 1806 0169 1859 0188 0195 0198 0185 0162 0139 0124 0119 //// 10071 ///// ///// ////
000000000000000000000000000000000000000000000000000000000000000000000000000000000000000000000000000000000000000000000000=
53978 350500 1123800 01401 01409 4
20100501190000 000 000 000 000 210 005 1836 158 000 226 010 1831 0000 0143 0150 1801 0143 1900 080 079 1801 130 0109 09907 09910 1802 09907 1856 0116 0117 1801 0115 1835 0136 0140 1801 0136 1900 0170 0185 0190 0192 0140 0128 0124 0130 //// 10070 ///// ///// ////
000000000000000000000000000000000000000000000000000000000000000000000000000000000000000000000000000000000000000000000000=
53984 351400 1132800 00827 00837 4
20100501190000 208 016 207 013 207 013 1900 209 017 209 017 1900 0000 0144 0146 1850 0140 1815 075 072 1835 123 0100 09970 09976 1801 09970 1900 0099 0103 1808 0098 1839 0130 0134 1803 0130 1900 0172 0187 0189 0192 0164 0139 0123 0125 //// 10067 ///// ///// ////
000000000000000000000000000000000000000000000000000000000000000000000000000000000000000000000000000000000000000000000000=
53987 350600 1132500 00910 00918 4
20100501190000 215 017 205 013 205 013 1900 226 013 226 024 1859 0000 0151 0159 1813 0151 1846 089 084 1820 153 0133 09963 09967 1801 09963 1900 0102 0110 1822 0101 1836 0142 0146 1801 0142 1900 0168 0183 0191 0194 0170 0145 0133 0132 //// 10069 ///// ///// ////
000000000000000000000000000000000000000000000000000000000000000000000000000000000000000000000000000000000000000000000000=
57079 345700 1130200 01064 01069 4
20100501190000 258 017 257 017 253 017 1837 254 016 260 019 1832 0000 0158 0159 1814 0155 1828 076 076 1900 136 0116 09944 09948 1801 09944 1900 0118 0122 1802 0118 1856 0136 0140 1801 0136 1900 0177 0186 0191 0190 0175 0145 0127 0126 //// 10067 ///// ///// ////
000000000000000000000000000000000000000000000000000000000000000000000000000000000000000000000000000000000000000000000000=
57072 345500 1124500 01275 01285 4
20100501190000 215 006 220 000 295 008 1841 214 008 274 010 1829 0000 0140 0146 1801 0140 1900 092 090 1803 147 0127 09923 09927 1801 09923 1900 0102 0107 1803 0101 1849 0127 0131 1801 0127 1900 0165 0181 0187 0185 0142 0127 0116 0119 //// 10072 ///// ///// ////
000000000000000000000000000000000000000000000000000000000000000000000000000000000000000000000000000000000000000000000000=
53982 351400 1131600 01120 01135 4
20100501190000 173 000 132 002 286 009 1825 184 000 288 014 1824 0000 0176 0187 1832 0176 1900 063 054 1827 127 0105 09934 09940 1801 09934 1900 0122 0125 1801 0122 1858 0145 0149 1806 0144 1858 0184 0197 0203 0202 0169 0143 0130 0135 //// 10065 ///// ///// ////
000000000000000000000000000000000000000000000000000000000000000000000000000000000000000000000000000000000000000000000000=
53979 350900 1130500 01200 01211 4
20100501190000 238 012 242 013 245 014 1857 253 013 239 017 1856 0000 0170 0171 1801 0161 1824 065 065 1900 126 0104 09931 09935 1801 09930 1840 0119 0120 1857 0110 1839 0127 0129 1801 0125 1839 0177 0195 0205 0205 0150 0139 0128 0133 //// 10071 ///// ///// ////
000000000000000000000000000000000000000000000000000000000000000000000000000000000000000000000000000000000000000000000000=
53992 353900 1143100 00582 00592 4
20100501190000 196 033 196 034 196 042 1825 212 038 193 072 1833 0000 0184 0187 1802 0184 1900 089 088 1801 188 0166 09990 09997 1801 09990 1900 0169 0172 1801 0169 1850 0157 0159 1802 0157 1900 0177 0183 0192 0190 0146 0127 0116 0122 //// 10058 ///// ///// ////
000000000000000000000000000000000000000000000000000000000000000000000000000000000000000000000000000000000000000000000000=
53974 353700 1141100 00723 00739 4
20100501190000 199 030 193 026 198 033 1812 184 031 198 065 1841 0000 0190 0201 1809 0190 1900 079 075 1840 173 0153 09975 09981 1802 09975 1851 0174 0183 1810 0174 1900 0169 0176 1808 0168 1858 0195 0207 0211 0208 0163 0137 0124 0129 //// 10060 ///// ///// ////
000000000000000000000000000000000000000000000000000000000000000000000000000000000000000000000000000000000000000000000000=
53990 354300 1141900 00795 00805 4
20100501190000 175 042 177 042 179 042 1855 172 039 181 053 1850 0000 0172 0177 1801 0170 1837 090 087 1801 177 0155 09964 09970 1801 09964 1900 0163 0168 1801 0160 1834 0150 0153 1801 0148 1834 0191 0205 0206 0206 0179 0140 0118 0116 //// 10057 ///// ///// ////
000000000000000000000000000000000000000000000000000000000000000000000000000000000000000000000000000000000000000000000000=
53991 355600 1142100 00743 00753 4
20100501190000 189 014 163 016 158 023 1802 167 006 201 045 1805 0000 0182 0194 1801 0182 1900 083 078 1801 173 0153 09967 09972 1801 09967 1900 0155 0174 1801 0155 1900 0152 0163 1801 0152 1854 0181 0192 0190 0193 0159 0135 0120 0122 //// 10054 ///// ///// ////
000000000000000000000000000000000000000000000000000000000000000000000000000000000000000000000000000000000000000000000000=
53993 355600 1145500 00516 00524 4
20100501190000 212 022 212 023 204 027 1812 181 017 214 054 1816 0000 0191 0197 1801 0190 1857 083 081 1801 183 0161 09997 10001 1801 09996 1840 0178 0184 1808 0175 1846 0154 0160 1808 0152 1846 0180 0189 0191 0187 0169 0135 0115 0114 //// 10057 ///// ///// ////
000000000000000000000000000000000000000000000000000000000000000000000000000000000000000000000000000000000000000000000000=
53889 360400 1134900 03068 03086 4
20100501190000 355 027 334 026 327 026 1859 028 026 004 042 1857 0000 0212 0229 1852 0212 1900 034 026 1849 086 0047 09701 09705 1801 09701 1900 0173 0176 1850 0126 1829 0162 0163 1858 0146 1803 0175 0184 0191 0197 0149 0122 0121 0107 //// 10048 ///// ///// ////
000000000000000000000000000000000000000000000000000000000000000000000000000000000000000000000000000000000000000000000000=
53995 353300 1143000 00625 00645 4
20100501190000 187 032 188 033 188 034 1857 192 038 187 054 1825 0000 0182 0184 1826 0181 1801 084 084 1830 175 0155 09987 09994 1801 09987 1859 0173 0175 1810 0170 1834 0158 0159 1820 0157 1855 0190 0203 0207 0207 0172 0141 0122 0123 //// 10062 ///// ///// ////
000000000000000000000000000000000000000000000000000000000000000000000000000000000000000000000000000000000000000000000000=
53898 360300 1142400 00629 00638 4
20100501190000 131 006 148 007 183 024 1826 091 008 184 039 1822 0000 0179 0187 1825 0179 1900 087 085 1805 178 0157 09978 09984 1805 09978 1900 0098 0134 1832 0098 1900 0136 0146 1833 0136 1900 0180 0190 0193 0189 0138 0120 0112 0119 //// 10052 ///// ///// ////
000000000000000000000000000000000000000000000000000000000000000000000000000000000000000000000000000000000000000000000000=
NNNN
