57086 342300 1134300 01166 01168 4
20100502060000 190 048 190 047 204 051 0515 195 056 212 074 0509 0000 0301 0305 0550 0295 0501 058 053 0538 247 0209 09917 09925 0502 09917 0600 0358 0372 0518 0357 0536 0483 0489 0550 0479 0510 0327 0264 0224 0199 0169 0139 0123 0124 //// 10051 ///// ///// ////
000000000000000000000000000000000000000000000000000000000000000000000000000000000000000000000000000000000000000000000000
250 000 000 000 //// //////////////////////// /// 0000 6///1 0//// 7//// 1//// 2//// 3//// /// /// /// // 911// 915// 919// 934// 939//=
57085 343200 1132000 02599 02648 4
20100502060000 201 027 224 028 248 034 0510 203 029 218 055 0524 0000 0330 0330 0550 0320 0510 036 033 0542 181 0159 09747 09754 0502 09747 0557 0416 0427 0536 0400 0522 0475 0480 0550 0464 0503 0338 0263 0222 0193 0172 0145 0126 0128 //// 10045 ///// ///// ////
000000000000000000000000000000000000000000000000000000000000000000000000000000000000000000000000000000000000000000000000
180 000 000 000 //// //////////////////////// /// 0000 6///1 0//// 7//// 1//// 2//// 3//// /// /// /// // 911// 915// 919// 934// 939//=
58101 335200 1152900 00413 00428 4
20100502060000 211 027 210 029 205 035 0527 203 040 240 074 0557 0000 0302 0305 0553 0297 0501 057 056 0547 245 0207 10019 10025 0502 10019 0600 0402 0431 0503 0397 0527 0493 0513 0503 0493 0600 0320 0252 0210 0188 0154 0139 0125 0131 //// 10068 ///// ///// ////
000000000000000000000000000000000000000000000000000000000000000000000000000000000000000000000000000000000000000000000000
200 000 000 000 //// //////////////////////// /// 0000 6///1 0//// 7//// 1//// 2//// 3//// /// /// /// // 911// 915// 919// 934// 939//=
57098 340500 1142400 00583 00593 4
20100502060000 213 049 209 053 212 057 0557 215 048 210 081 0539 0000 0303 0303 0600 0292 0501 057 053 0551 246 0208 09989 09997 0502 09989 0600 0378 0393 0533 0371 0510 0366 0371 0533 0365 0557 0312 0263 0220 0197 0164 0141 0125 0130 //// ///// ///// ///// ////
000000000000000000000000000000000000000000000000000000000000000000000000000000000000000000000000000000000000000000000000
160 000 000 000 //// //////////////////////// /// 0000 6///1 0//// 7//// 1//// 2//// 3//// /// /// /// // 911// 915// 919// 934// 939//=
57182 335100 1133000 00805 00814 4
20100502060000 226 033 216 033 204 038 0556 233 035 206 058 0551 0000 0321 0323 0550 0310 0501 048 043 0533 230 0197 09960 09968 0502 09960 0600 0428 0440 0537 0418 0526 0591 0599 0537 0584 0525 0358 0280 0236 0207 0176 0150 0133 0140 //// 10053 ///// ///// ////
000000000000000000000000000000000000000000000000000000000000000000000000000000000000000000000000000000000000000000000000
320 000 000 000 //// //////////////////////// /// 0000 6///1 0//// 7//// 1//// 2//// 3//// /// /// /// // 911// 915// 919// 934// 939//=
57176 332900 1122500 02311 02304 4
20100502060000 166 022 172 024 173 029 0556 136 021 167 047 0547 0000 0329 0329 0559 0309 0501 034 032 0550 170 0150 09797 09805 0502 09797 0559 0433 0448 0547 0405 0501 0536 0543 0546 0523 0501 0359 0298 0256 0226 0183 0161 0139 0137 //// 10058 ///// ///// ////
000000000000000000000000000000000000000000000000000000000000000000000000000000000000000000000000000000000000000000000000
110 000 000 000 //// //////////////////////// /// 0000 6///1 0//// 7//// 1//// 2//// 3//// /// /// /// // 911// 915// 919// 934// 939//=
57186 333600 1140300 00587 00598 4
20100502060000 206 069 213 063 213 063 0600 212 062 214 091 0558 0000 0312 0312 0600 0308 0501 047 045 0547 214 0186 09990 09998 0501 09990 0600 0413 0430 0503 0402 0526 0535 0555 0503 0528 0556 0334 0272 0230 0208 0176 0152 0133 0137 //// 10059 ///// ///// ////
000000000000000000000000000000000000000000000000000000000000000000000000000000000000000000000000000000000000000000000000
220 000 000 000 //// //////////////////////// /// 0000 6///1 0//// 7//// 1//// 2//// 3//// /// /// /// // 911// 915// 919// 934// 939//=
57079 345700 1130200 01064 01069 4
20100502060000 247 041 246 042 243 043 0559 238 047 238 065 0557 0000 0329 0330 0539 0319 0506 031 030 0557 155 0135 09908 09919 0501 09908 0600 0390 0396 0554 0385 0512 0528 0538 0516 0527 0559 0288 0241 0208 0189 0172 0148 0128 0126 //// 10030 ///// ///// ////
000000000000000000000000000000000000000000000000000000000000000000000000000000000000000000000000000000000000000000000000
120 000 000 000 //// //////////////////////// 000 0000 6///1 0//// 7//// 1//// 2//// 3//// /// /// /// // 911// 915// 919// 934// 939//=
53992 353900 1143100 00582 00592 4
20100502060000 202 049 202 042 202 058 0503 190 076 206 089 0536 0000 0306 0306 0600 0295 0501 053 050 0503 233 0199 09961 09969 0501 09961 0600 0383 0388 0559 0356 0537 0480 0482 0559 0462 0537 0311 0260 0225 0199 0148 0129 0116 0122 //// 10029 ///// ///// ////
000000000000000000000000000000000000000000000000000000000000000000000000000000000000000000000000000000000000000000000000
150 000 000 000 //// //////////////////////// /// 0000 6///1 0//// 7//// 1//// 2//// 3//// /// /// /// // 911// 915// 919// 934// 939//=
NNNN
