57188 332200 1140200 00559 00568 4
20100502030000 197 047 194 044 184 049 0239 212 066 189 078 0211 0000 0282 0282 0300 0269 0201 058 058 0251 222 0192 10018 10021 0209 10018 0258 0335 0335 0300 0310 0208 0480 0480 0300 0425 0201 0270 0218 0200 0191 0146 0132 0124 0134 //// 10084 ///// ///// ////
000000000000000000000000000000000000000000000000000000000000000000000000000000000000000000000000000000000000000000000000=
57293 324400 1145900 00380 00391 4
20100502030000 193 035 200 040 201 049 0250 189 033 204 071 0246 0000 0278 0278 0300 0263 0206 067 063 0206 250 0211 10053 10057 0201 10053 0300 0377 0381 0252 0349 0204 0457 0457 0300 0406 0206 0279 0229 0209 0197 0183 0157 0137 0136 //// 10098 ///// ///// ////
000000000000000000000000000000000000000000000000000000000000000000000000000000000000000000000000000000000000000000000000=
57281 324200 1131800 01422 01431 4
20100502030000 256 036 243 034 239 036 0257 248 047 237 065 0221 0000 0287 0287 0300 0275 0201 054 053 0252 213 0185 09930 09933 0210 09930 0252 0399 0410 0248 0375 0207 0442 0442 0300 0392 0206 0274 0224 0202 0193 0161 0139 0129 0134 //// 10095 ///// ///// ////
000000000000000000000000000000000000000000000000000000000000000000000000000000000000000000000000000000000000000000000000=
57196 332800 1145200 00420 00428 4
20100502030000 199 045 197 045 193 054 0239 189 040 200 079 0232 0000 0272 0272 0300 0255 0201 064 062 0215 231 0198 10038 10043 0210 10037 0255 0337 0344 0258 0316 0201 0400 0402 0258 0343 0201 0252 0208 0186 0177 0150 0135 0127 0133 //// 10087 ///// ///// ////
000000000000000000000000000000000000000000000000000000000000000000000000000000000000000000000000000000000000000000000000=
57099 340400 1145100 00526 00536 4
20100502030000 208 032 197 029 197 029 0300 182 024 205 052 0246 0000 0273 0274 0254 0258 0201 060 059 0243 218 0189 10018 10024 0201 10018 0300 0364 0378 0228 0342 0205 0410 0410 0300 0358 0201 0277 0217 0188 0179 0166 0141 0123 0132 //// 10080 ///// ///// ////
000000000000000000000000000000000000000000000000000000000000000000000000000000000000000000000000000000000000000000000000=
57198 333300 1143700 00463 00473 4
20100502030000 203 022 203 029 196 038 0206 206 015 215 059 0205 0000 0280 0280 0300 0264 0201 061 060 0256 231 0198 10031 10035 0202 10030 0239 0408 0408 0300 0361 0204 0449 0449 0300 0383 0201 0276 0221 0196 0188 0157 0143 0131 0139 //// 10086 ///// ///// ////
000000000000000000000000000000000000000000000000000000000000000000000000000000000000000000000000000000000000000000000000=
57192 334400 1145100 00455 00466 4
20100502030000 213 022 206 023 199 034 0222 193 026 156 060 0218 0000 0286 0286 0300 0267 0201 055 055 0300 215 0187 10029 10033 0201 10029 0300 0409 0409 0300 0364 0210 0404 0404 0300 0349 0201 0270 0222 0201 0193 0172 0149 0134 0141 //// 10083 ///// ///// ////
000000000000000000000000000000000000000000000000000000000000000000000000000000000000000000000000000000000000000000000000=
58100 333900 1151000 00414 00424 4
20100502030000 232 023 211 028 204 033 0253 212 027 211 062 0251 0000 0279 0279 0300 0264 0201 057 056 0243 214 0186 10037 10041 0201 10036 0256 0361 0364 0256 0325 0202 0495 0495 0300 0433 0202 0314 0246 0216 0204 0181 0155 0139 0141 //// 10086 ///// ///// ////
000000000000000000000000000000000000000000000000000000000000000000000000000000000000000000000000000000000000000000000000=
57095 340700 1140900 00611 00622 4
20100502030000 208 035 208 031 214 036 0221 209 047 223 065 0226 0000 0276 0276 0300 0262 0202 060 060 0300 222 0191 10003 10008 0201 10003 0300 0435 0437 0251 0402 0222 0459 0459 0300 0403 0201 0283 0212 0199 0189 0161 0141 0126 0129 //// 10075 ///// ///// ////
000000000000000000000000000000000000000000000000000000000000000000000000000000000000000000000000000000000000000000000000=
57089 340200 1135200 00668 00681 4
20100502030000 210 036 216 031 217 040 0218 175 032 209 079 0250 0000 0271 0272 0259 0252 0201 060 060 0251 215 0187 09998 10002 0203 09998 0238 0361 0363 0256 0316 0202 0417 0417 0300 0356 0201 0266 0218 0199 0189 0160 0138 0127 0132 //// 10076 ///// ///// ////
000000000000000000000000000000000000000000000000000000000000000000000000000000000000000000000000000000000000000000000000
110 000 000 000 //// //////////////////////// /// 0000 6///1 0//// 7//// 1//// 2//// 3//// /// /// /// // 911// 915// 919// 934// 939//=
57296 322100 1144400 00489 00501 4
20100502030000 219 036 216 043 216 047 0234 173 036 220 078 0207 0000 0284 0284 0300 0270 0204 055 053 0250 213 0185 10041 10046 0201 10041 0300 0351 0351 0300 0329 0205 0475 0475 0300 0426 0204 0286 0233 0209 0200 0183 0155 0136 0133 //// 10099 ///// ///// ////
000000000000000000000000000000000000000000000000000000000000000000000000000000000000000000000000000000000000000000000000=
57396 313800 1145100 01287 01297 4
20100502030000 208 064 199 073 197 083 0256 231 039 209 123 0255 0000 0282 0282 0300 0272 0201 048 048 0300 184 0162 09959 09965 0201 09959 0300 0354 0362 0247 0328 0210 0448 0449 0259 0405 0201 0286 0232 0208 0196 0186 0156 //// //// //// 10108 ///// ///// ////
000000000000000000000000000000000000000000000000000000000000000000000000000000000000000000000000000000000000000000000000=
58207 321000 1150300 00428 00440 4
20100502030000 219 048 217 048 216 050 0259 198 046 214 088 0259 0000 0296 0296 0300 0281 0201 047 046 0255 195 0171 10047 10052 0201 10047 0300 0389 0396 0254 0362 0208 0269 0269 0300 0236 0201 0451 0217 0197 0188 0158 0144 0133 0139 //// 10098 ///// ///// ////
000000000000000000000000000000000000000000000000000000000000000000000000000000000000000000000000000000000000000000000000=
58205 322800 1152600 00349 00360 4
20100502030000 231 033 223 030 232 043 0229 248 033 279 070 0226 0000 0303 0303 0300 0282 0201 047 047 0300 203 0177 10057 10062 0201 10057 0300 0373 0376 0258 0339 0204 0350 0350 0300 0314 0204 0294 0260 0235 0217 0175 0154 0138 0126 //// 10099 ///// ///// ////
000000000000000000000000000000000000000000000000000000000000000000000000000000000000000000000000000000000000000000000000=
57299 320100 1145400 00494 00506 4
20100502030000 190 063 191 059 188 067 0231 189 056 189 098 0247 0000 0287 0288 0256 0277 0201 049 049 0300 193 0169 10042 10046 0201 10042 0300 0369 0373 0255 0348 0207 0425 0427 0257 0384 0207 0313 0272 0240 0219 0185 0154 0134 0132 //// 10100 ///// ///// ////
000000000000000000000000000000000000000000000000000000000000000000000000000000000000000000000000000000000000000000000000=
53997 350900 1141100 00711 00723 4
20100502030000 194 040 204 037 217 044 0223 186 037 197 066 0217 0000 0274 0274 0300 0255 0201 058 058 0300 212 0184 09977 09981 0201 09976 0257 0346 0350 0255 0292 0201 0427 0427 0300 0367 0208 0258 0216 0189 0183 0152 0135 0121 0125 //// 10060 ///// ///// ////
000000000000000000000000000000000000000000000000000000000000000000000000000000000000000000000000000000000000000000000000=
53994 352300 1140400 00700 00712 4
20100502030000 239 039 233 039 228 042 0231 256 030 251 069 0213 0000 0276 0276 0300 0257 0201 050 049 0259 185 0162 09975 09978 0201 09974 0257 0385 0388 0254 0360 0204 0497 0498 0258 0438 0201 0275 0211 0187 0176 0152 0131 0121 0129 //// 10057 ///// ///// ////
000000000000000000000000000000000000000000000000000000000000000000000000000000000000000000000000000000000000000000000000=
53985 352700 1134900 00964 00979 4
20100502030000 297 017 287 022 276 025 0256 342 017 288 052 0232 0000 0273 0273 0300 0252 0201 050 048 0255 181 0160 09945 09949 0218 09945 0300 0366 0366 0227 0336 0204 0433 0433 0300 0380 0201 0233 0204 0184 0179 0163 0137 0119 0122 //// 10057 ///// ///// ////
000000000000000000000000000000000000000000000000000000000000000000000000000000000000000000000000000000000000000000000000=
53983 350200 1142500 00696 00708 4
20100502030000 202 045 197 048 195 051 0258 214 047 209 076 0204 0000 0271 0271 0300 0256 0201 067 063 0258 240 0204 09980 09985 0201 09980 0300 0362 0362 0300 0329 0206 0450 0450 0300 0393 0201 0287 0224 0196 0184 0140 0127 0117 0125 //// 10062 ///// ///// ////
000000000000000000000000000000000000000000000000000000000000000000000000000000000000000000000000000000000000000000000000=
57171 334600 1130700 01420 01430 4
20100502030000 150 029 146 025 191 061 0216 138 028 197 073 0212 0000 0271 0271 0300 0254 0201 063 063 0300 226 0195 09909 09910 0201 09908 0256 0340 0351 0255 0306 0210 0400 0411 0257 0342 0201 0296 0227 0204 0195 0186 0165 0142 0137 //// 10073 ///// ///// ////
000000000000000000000000000000000000000000000000000000000000000000000000000000000000000000000000000000000000000000000000=
57185 332700 1133500 00911 00921 4
20100502030000 257 017 240 019 216 037 0201 359 009 245 056 0205 0000 0289 0289 0300 0271 0201 052 051 0241 207 0181 09973 09977 0201 09973 0300 0385 0398 0256 0347 0206 0509 0509 0300 0437 0201 0268 0223 0203 0189 0174 0150 0129 0129 //// 10080 ///// ///// ////
000000000000000000000000000000000000000000000000000000000000000000000000000000000000000000000000000000000000000000000000=
53984 351400 1132800 00827 00837 4
20100502030000 220 063 220 062 218 063 0257 232 054 243 095 0219 0000 0274 0275 0242 0260 0201 045 044 0220 164 0144 09959 09964 0201 09959 0300 0348 0356 0240 0321 0203 0439 0439 0300 0390 0201 0247 0204 0183 0179 0162 0141 0124 0125 //// 10056 ///// ///// ////
000000000000000000000000000000000000000000000000000000000000000000000000000000000000000000000000000000000000000000000000=
53972 350700 1125500 01196 01210 4
20100502030000 221 023 225 026 242 028 0227 240 025 240 044 0219 0000 0272 0272 0300 0253 0201 046 045 0252 166 0146 09924 09929 0201 09924 0300 0328 0328 0300 0286 0201 0505 0505 0300 0439 0201 0259 0217 0198 0188 0163 0145 0133 0139 //// 10063 ///// ///// ////
000000000000000000000000000000000000000000000000000000000000000000000000000000000000000000000000000000000000000000000000=
53993 355600 1145500 00516 00524 4
20100502030000 219 043 210 046 215 054 0240 233 029 225 089 0236 0000 0282 0282 0300 0265 0201 046 045 0257 176 0155 09984 09988 0201 09984 0300 0361 0370 0255 0344 0202 0447 0448 0256 0400 0201 0256 0209 0186 0176 0168 0138 0116 0114 //// 10044 ///// ///// ////
000000000000000000000000000000000000000000000000000000000000000000000000000000000000000000000000000000000000000000000000=
NNNN
