57090 344300 1135800 00781 00802 4
20100325100000 126 019 123 020 132 025 0935 122 019 161 047 0927 0000 0110 0120 0910 0110 1000 031 026 0905 041 -055 10174 10176 0916 10174 0956 0103 0163 0902 0103 1000 0127 0197 0902 0127 1000 0164 0155 0137 0123 0100 0093 0087 0119 //// 10274 ///// ///// ////
000000000000000000000000000000000000000000000000000000000000000000000000000000000000000000000000000000000000000000000000=
57083 344300 1133900 01104 01116 4
20100325100000 259 030 250 036 246 039 0958 247 026 245 070 0909 0000 0133 0138 0901 0133 1000 011 011 1000 017 -166 10130 10132 0901 10129 0924 0091 0201 0904 0091 1000 0134 0213 0901 0134 1000 0165 0157 0141 0126 0097 0099 0103 0126 0002 10266 ///// ///// ////
000000000000000000000000000000000000000000000000000000000000000000000000000000000000000000000000000000000000000000000000
150 003 000 /// //// /////////////////////CIE /// //// 6///1 0//// 7//// 1//// 2//// 3//// /// /// /// // 911// 915// 919// 934// 939//=
57086 342300 1134300 01166 01168 4
20100325100000 148 043 149 039 155 043 0952 147 038 170 068 0943 0000 0100 0127 0901 0100 1000 039 026 0901 048 -033 10132 10133 0944 10132 0911 0096 0140 0901 0096 1000 0137 0207 0901 0137 1000 0170 0159 0137 0118 0099 0095 0094 0116 //// 10276 ///// ///// ////
000000000000000000000000000000000000000000000000000000000000000000000000000000000000000000000000000000000000000000000000=
57085 343200 1132000 02599 02648 4
20100325100000 281 043 287 035 274 052 0917 302 034 285 085 0932 0000 0124 0130 0902 0124 1000 014 013 0905 020 -144 09946 09949 0905 09946 0945 0135 0168 0906 0135 0959 0136 0205 0901 0136 1000 0166 0152 0136 0119 0102 0098 0094 0121 //// 10268 ///// ///// ////
000000000000000000000000000000000000000000000000000000000000000000000000000000000000000000000000000000000000000000000000=
57081 344800 1132600 01409 01419 4
20100325100000 251 020 259 018 255 024 0915 282 019 279 070 0919 0000 0127 0138 0901 0127 1000 012 011 0928 018 -160 10092 10095 0902 10092 0942 0105 0189 0901 0105 1000 0144 0222 0901 0144 1000 0170 0161 0144 0119 0089 0094 0096 0117 //// 10266 ///// ///// ////
000000000000000000000000000000000000000000000000000000000000000000000000000000000000000000000000000000000000000000000000=
57080 344400 1125800 01652 01661 4
20100325100000 261 025 265 020 268 036 0925 277 035 277 070 0923 0000 0134 0144 0909 0134 1000 011 011 0933 017 -165 10066 10068 0903 10065 0940 0136 0212 0910 0136 0958 0144 0225 0901 0144 1000 0171 0156 0132 0114 0090 0088 0089 0119 //// 10269 ///// ///// ////
000000000000000000000000000000000000000000000000000000000000000000000000000000000000000000000000000000000000000000000000=
57082 342800 1130100 04271 04284 4
20100325100000 347 026 326 022 333 038 0907 001 018 353 072 0905 0000 0111 0118 0901 0111 1000 012 011 0901 016 -173 09754 09757 0903 09754 0953 0101 0179 0901 0101 1000 0129 0219 0901 0129 1000 0165 0157 0138 0120 0092 0097 0101 //// //// 10272 ///// ///// ////
000000000000000000000000000000000000000000000000000000000000000000000000000000000000000000000000000000000000000000000000=
57295 323700 1142100 00785 00802 4
20100325100000 084 013 076 014 042 026 0916 046 011 043 054 0911 0000 0094 0108 0902 0094 1000 047 039 0905 055 -013 10193 10195 0925 10192 0901 0076 0128 0904 0076 1000 0095 0132 0902 0095 1000 0125 0123 0116 0108 0097 0100 0103 0127 //// 10293 ///// ///// ////
000000000000000000000000000000000000000000000000000000000000000000000000000000000000000000000000000000000000000000000000=
57188 332200 1140200 00559 00568 4
20100325100000 132 016 129 019 081 026 0903 150 022 085 041 0937 0000 0097 0111 0902 0097 1000 048 034 0910 058 -008 10213 10215 0903 10212 0946 0095 0131 0901 0095 1000 0110 0145 0901 0110 1000 0135 0130 0119 0107 0095 0096 0102 0132 //// 10284 ///// ///// ////
000000000000000000000000000000000000000000000000000000000000000000000000000000000000000000000000000000000000000000000000=
57189 330800 1135700 00646 00655 4
20100325100000 133 026 131 025 073 030 0901 133 021 077 046 0918 0000 0093 0104 0915 0093 1000 057 048 0930 067 0012 10206 10207 0901 10205 0923 0099 0133 0931 0099 1000 0107 0133 0923 0107 1000 0120 0121 0116 0109 0093 0096 0099 0122 //// 10288 ///// ///// ////
000000000000000000000000000000000000000000000000000000000000000000000000000000000000000000000000000000000000000000000000=
57194 331700 1141600 00598 00609 4
20100325100000 102 026 094 027 075 037 0925 119 029 077 055 0925 0000 0096 0105 0901 0096 0959 049 038 0907 059 -006 10207 10213 0908 10207 0925 0093 0121 0902 0093 1000 0091 0125 0901 0091 0959 0116 0119 0112 0104 0093 0096 0098 0126 //// 10283 ///// ///// ////
000000000000000000000000000000000000000000000000000000000000000000000000000000000000000000000000000000000000000000000000=
57197 330000 1142000 00489 00545 4
20100325100000 095 030 095 031 092 031 0955 102 027 105 046 0955 0000 0093 0105 0901 0093 1000 053 046 0906 062 0002 10219 10222 0923 10219 0936 0078 0119 0914 0078 1000 0091 0121 0901 0091 1000 0122 0126 0119 0109 0099 0100 0101 0125 //// 10287 ///// ///// ////
000000000000000000000000000000000000000000000000000000000000000000000000000000000000000000000000000000000000000000000000=
57294 325000 1140100 00836 00846 4
20100325100000 108 028 093 030 082 043 0938 108 024 085 054 0943 0000 0088 0102 0910 0088 1000 062 054 0901 070 0019 10182 10185 0906 10180 0946 0088 0126 0907 0088 1000 0095 0137 0906 0095 1000 0118 0118 0109 0101 0096 0105 0102 0118 //// 10288 ///// ///// ////
000000000000000000000000000000000000000000000000000000000000000000000000000000000000000000000000000000000000000000000000=
57195 333700 1143700 00466 00476 4
20100325100000 070 017 071 016 059 023 0901 032 013 111 042 0959 0000 0105 0117 0904 0105 1000 034 029 0901 043 -047 10227 10230 0906 10227 1000 0094 0160 0903 0094 0959 0106 0178 0901 0106 1000 0142 0146 0131 0116 0100 0099 0102 0141 //// 10286 ///// ///// ////
000000000000000000000000000000000000000000000000000000000000000000000000000000000000000000000000000000000000000000000000=
57193 334700 1143100 00526 00541 4
20100325100000 093 012 096 017 072 022 0927 085 015 094 044 0924 0000 0103 0114 0904 0103 0959 034 030 0901 043 -049 10219 10221 0901 10219 0958 0084 0180 0903 0084 1000 0104 0160 0903 0104 1000 0134 0133 0125 0114 0101 0102 0105 0130 //// 10286 ///// ///// ////
000000000000000000000000000000000000000000000000000000000000000000000000000000000000000000000000000000000000000000000000=
57196 332800 1145200 00420 00428 4
20100325100000 033 015 023 014 036 030 0922 043 014 043 045 0920 0000 0095 0103 0901 0095 1000 036 034 0928 043 -048 10236 10237 0901 10235 0911 0094 0126 0911 0094 1000 0083 0123 0904 0083 1000 0117 0117 0106 0098 0097 0100 0105 0131 //// 10290 ///// ///// ////
000000000000000000000000000000000000000000000000000000000000000000000000000000000000000000000000000000000000000000000000=
58101 335200 1152900 00413 00428 4
20100325100000 324 017 353 017 327 028 0913 338 010 322 053 0905 0000 0087 0099 0901 0087 1000 040 034 0901 045 -041 10240 10240 0926 10239 0954 0079 0156 0902 0079 0959 0100 0166 0901 0100 1000 0142 0133 0117 0105 0097 0098 0100 0130 //// 10294 ///// ///// ////
000000000000000000000000000000000000000000000000000000000000000000000000000000000000000000000000000000000000000000000000=
57192 334400 1145100 00455 00466 4
20100325100000 091 018 078 016 078 016 1000 091 024 076 033 0958 0000 0103 0118 0903 0103 1000 035 029 0904 044 -045 10230 10231 0901 10228 0932 0097 0188 0901 0097 1000 0116 0199 0901 0116 1000 0166 0157 0133 0114 0106 0107 0108 0140 //// 10288 ///// ///// ////
000000000000000000000000000000000000000000000000000000000000000000000000000000000000000000000000000000000000000000000000=
57098 340500 1142400 00583 00593 4
20100325100000 124 021 122 018 115 023 0923 136 021 130 034 0923 0000 0096 0114 0901 0096 1000 044 035 0905 053 -020 10210 10210 1000 10208 0904 0096 0166 0901 0096 1000 0102 0151 0901 0102 1000 0127 0136 0126 0116 0100 0097 0098 0128 //// 10284 ///// ///// ////
000000000000000000000000000000000000000000000000000000000000000000000000000000000000000000000000000000000000000000000000=
57190 334500 1142400 00505 00516 4
20100325100000 105 018 107 018 054 024 0918 099 018 048 036 0916 0000 0092 0111 0901 0092 1000 056 032 0910 065 0009 10219 10222 0907 10219 1000 0092 0152 0902 0092 1000 0113 0185 0901 0113 1000 0148 0144 0127 0111 0095 0098 0101 0129 //// 10283 ///// ///// ////
000000000000000000000000000000000000000000000000000000000000000000000000000000000000000000000000000000000000000000000000=
57182 335100 1133000 00805 00814 4
20100325100000 116 026 122 023 144 033 0935 130 027 141 047 0944 0000 0112 0124 0901 0112 1000 044 033 0902 058 -006 10175 10177 0901 10175 1000 0113 0176 0901 0113 1000 0137 0228 0901 0137 1000 0176 0161 0139 0117 0106 0105 0108 0139 //// 10276 ///// ///// ////
000000000000000000000000000000000000000000000000000000000000000000000000000000000000000000000000000000000000000000000000=
57297 320800 1140300 01145 01154 4
20100325100000 080 023 080 032 070 049 0901 074 043 029 074 0914 0000 0101 0108 0905 0101 1000 041 035 0932 051 -025 10151 10152 0956 10147 0912 0097 0123 0905 0093 0944 0098 0155 0905 0097 0948 0117 0124 0119 0110 0107 0112 0116 //// //// 10294 ///// ///// ////
000000000000000000000000000000000000000000000000000000000000000000000000000000000000000000000000000000000000000000000000=
57296 322100 1144400 00489 00501 4
20100325100000 053 033 059 027 041 041 0924 029 026 062 062 0923 0000 0096 0111 0901 0096 1000 043 035 0922 051 -024 10231 10233 0902 10231 1000 0085 0115 0901 0084 0958 0082 0135 0901 0082 1000 0121 0125 0116 0108 0104 0109 0111 0131 //// 10294 ///// ///// ////
000000000000000000000000000000000000000000000000000000000000000000000000000000000000000000000000000000000000000000000000=
57390 314800 1140400 07335 07347 4
20100325100000 042 024 038 026 035 041 0923 051 021 037 093 0908 0000 0054 0072 0901 0054 1000 050 042 0903 045 -042 09413 09413 1000 09411 0901 0058 0114 0901 0058 1000 0081 0139 0901 0081 1000 0116 0109 0095 0083 0070 0087 //// //// //// 10296 ///// ///// ////
000000000000000000000000000000000000000000000000000000000000000000000000000000000000000000000000000000000000000000000000=
58207 321000 1150300 00428 00440 4
20100325100000 023 031 024 033 027 054 0909 023 038 029 077 0908 0000 0093 0107 0901 0093 1000 046 038 0905 054 -017 10241 10242 0935 10239 0924 0083 0145 0901 0083 1000 0128 0144 0901 0128 1000 0088 0128 0117 0108 0101 0110 0113 0137 //// 10296 ///// ///// ////
000000000000000000000000000000000000000000000000000000000000000000000000000000000000000000000000000000000000000000000000=
58205 322800 1152600 00349 00360 4
20100325100000 004 034 008 037 003 051 0912 333 022 010 072 0910 0000 0093 0107 0901 0093 1000 045 040 0904 053 -020 10251 10251 1000 10248 0909 0091 0133 0901 0091 1000 0084 0136 0901 0084 1000 0102 0116 0122 0120 0105 0111 0111 0123 //// 10296 ///// ///// ////
000000000000000000000000000000000000000000000000000000000000000000000000000000000000000000000000000000000000000000000000=
58208 321000 1153700 00429 00439 4
20100325100000 008 024 008 028 357 045 0901 355 023 343 062 0923 0000 0096 0105 0909 0096 1000 044 037 0922 053 -020 10245 10245 1000 10241 0901 0103 0158 0904 0103 1000 0080 0115 0904 0080 1000 0101 0109 0106 0102 0098 0108 0113 0139 //// 10300 ///// ///// ////
000000000000000000000000000000000000000000000000000000000000000000000000000000000000000000000000000000000000000000000000=
57299 320100 1145400 00494 00506 4
20100325100000 023 025 021 031 014 042 0934 054 022 046 076 0905 0000 0100 0111 0904 0100 1000 036 031 0910 044 -044 10229 10231 0942 10228 0904 0084 0160 0904 0084 1000 0083 0130 0904 0083 1000 0100 0116 0122 0120 0099 0106 0108 0126 //// 10292 ///// ///// ////
000000000000000000000000000000000000000000000000000000000000000000000000000000000000000000000000000000000000000000000000=
53989 350300 1135700 00766 00777 4
20100325100000 124 014 114 015 127 023 0922 082 017 144 041 0919 0000 0103 0111 0907 0103 1000 037 033 0920 046 -037 10176 10180 0903 10175 0959 0101 0168 0901 0101 1000 0116 0197 0901 0116 1000 0159 0154 0137 0121 0092 0092 0096 0123 //// 10273 ///// ///// ////
000000000000000000000000000000000000000000000000000000000000000000000000000000000000000000000000000000000000000000000000=
53997 350900 1141100 00711 00723 4
20100325100000 118 022 113 024 125 028 0903 096 014 110 043 0905 0000 0093 0100 0901 0093 1000 039 036 0901 046 -039 10185 10189 0901 10185 1000 0072 0138 0905 0072 1000 0113 0190 0901 0113 1000 0163 0158 0138 0119 0093 0094 0097 0124 //// 10275 ///// ///// ////
000000000000000000000000000000000000000000000000000000000000000000000000000000000000000000000000000000000000000000000000=
53986 351900 1135300 00732 00740 4
20100325100000 120 029 122 026 128 027 0953 108 034 119 055 0947 0000 0096 0106 0903 0096 1000 044 038 0909 053 -020 10180 10184 0904 10180 1000 0099 0153 0901 0099 1000 0117 0191 0901 0117 1000 0150 0143 0128 0115 0094 0095 0099 0127 //// 10272 ///// ///// ////
000000000000000000000000000000000000000000000000000000000000000000000000000000000000000000000000000000000000000000000000=
53994 352300 1140400 00700 00712 4
20100325100000 140 019 144 022 154 030 0902 147 018 178 052 0953 0000 0093 0103 0909 0093 1000 043 037 0934 050 -026 10184 10188 0901 10184 1000 0091 0147 0902 0091 1000 0113 0198 0901 0113 1000 0160 0149 0130 0110 0090 0090 0095 0127 //// 10273 ///// ///// ////
000000000000000000000000000000000000000000000000000000000000000000000000000000000000000000000000000000000000000000000000=
53983 350200 1142500 00696 00708 4
20100325100000 116 039 109 031 124 037 0933 119 040 130 053 0931 0000 0088 0101 0901 0088 1000 046 039 0904 052 -022 10190 10193 0901 10190 1000 0090 0132 0901 0090 1000 0114 0192 0901 0114 1000 0156 0151 0136 0121 0086 0086 0089 0123 //// 10279 ///// ///// ////
000000000000000000000000000000000000000000000000000000000000000000000000000000000000000000000000000000000000000000000000=
53998 351200 1143900 00616 00625 4
20100325100000 128 037 132 030 122 033 0950 153 039 122 051 0945 0000 0088 0099 0901 0088 1000 037 034 0909 042 -051 10202 10204 0902 10201 0955 0087 0166 0901 0087 1000 0112 0182 0901 0112 1000 0156 0147 0127 0111 0097 0096 0096 0128 //// 10280 ///// ///// ////
000000000000000000000000000000000000000000000000000000000000000000000000000000000000000000000000000000000000000000000000=
57051 344800 1111200 04099 04117 4
20100325100000 282 025 278 017 331 022 0903 302 016 232 041 0951 0000 0116 0123 0922 0116 1000 014 013 0929 019 -150 09779 09783 0901 09779 0957 0116 0252 0913 0116 1000 0141 0237 0901 0141 1000 0163 0148 0130 0113 0087 0087 0087 0114 //// 10278 ///// ///// ////
000000000000000000000000000000000000000000000000000000000000000000000000000000000000000000000000000000000000000000000000=
57063 344600 1114600 05236 05236 4
20100325100000 293 037 283 044 277 065 0901 310 030 299 096 0935 0000 0101 0108 0913 0100 0953 014 013 0901 017 -162 09649 09651 0905 09649 0922 0090 0168 0903 0090 1000 0121 0194 0903 0121 1000 0136 0121 0101 0086 0073 0077 0084 0110 //// 10282 ///// ///// ////
000000000000000000000000000000000000000000000000000000000000000000000000000000000000000000000000000000000000000000000000=
57067 340300 1110200 05688 05699 4
20100325100000 049 025 044 023 070 027 0913 057 021 060 051 0913 0000 0091 0102 0901 0091 1000 018 015 0927 021 -140 09591 09594 0902 09591 0959 0112 0156 0911 0112 1000 0118 0170 0901 0118 1000 0136 0121 0090 0104 0083 0094 0096 0122 //// 10287 ///// ///// ////
000000000000000000000000000000000000000000000000000000000000000000000000000000000000000000000000000000000000000000000000=
57056 343200 1105300 03904 03909 4
20100325100000 280 014 275 017 253 030 0930 248 010 268 049 0928 0000 0116 0124 0920 0116 1000 012 012 0946 016 -169 09804 09811 0901 09804 1000 0123 0214 0903 0123 1000 0161 0246 0901 0161 1000 0178 0159 0129 0110 0087 0090 0093 0118 //// 10278 ///// ///// ////
000000000000000000000000000000000000000000000000000000000000000000000000000000000000000000000000000000000000000000000000=
58007 340400 1151800 00472 00532 4
20100325100000 003 009 009 012 022 017 0933 015 009 015 034 0933 0000 0092 0105 0916 0092 1000 035 031 0911 041 -055 10223 10228 0903 10223 0954 0082 0147 0901 0082 1000 0108 0174 0901 0108 1000 0146 0139 0124 0111 0099 0100 0103 0131 //// 10289 ///// ///// ////
000000000000000000000000000000000000000000000000000000000000000000000000000000000000000000000000000000000000000000000000=
58006 342300 1155300 00463 00506 4
20100325100000 025 013 006 014 335 022 0910 040 013 009 051 0901 0000 0086 0096 0906 0086 1000 035 031 0918 039 -060 10234 10235 0953 10232 0901 0081 0162 0901 0081 1000 0110 0177 0901 0110 1000 0149 0149 0133 0117 0094 0093 0098 0126 //// 10297 ///// ///// ////
000000000000000000000000000000000000000000000000000000000000000000000000000000000000000000000000000000000000000000000000=
58111 335800 1162700 00325 00325 4
20100325100000 329 022 324 025 341 041 0907 344 017 358 076 0923 0000 0086 0097 0901 0086 1000 034 030 0903 038 -064 10252 10252 0959 10251 0904 0061 0141 0901 0061 1000 0068 0113 0901 0068 1000 0099 0107 0104 0100 0093 0097 0105 0138 //// 10293 ///// ///// ////
000000000000000000000000000000000000000000000000000000000000000000000000000000000000000000000000000000000000000000000000=
58017 341500 1160800 00410 00420 4
20100325100000 352 010 358 013 317 036 0916 012 008 302 059 0910 0000 0085 0094 0903 0085 1000 038 035 0939 042 -050 10239 10239 1000 10237 0901 0070 0166 0903 0070 1000 0093 0155 0901 0093 1000 0125 0126 0117 0109 0097 0097 0103 0127 //// 10292 ///// ///// ////
000000000000000000000000000000000000000000000000000000000000000000000000000000000000000000000000000000000000000000000000=
58001 342600 1150600 00563 00569 4
20100325100000 095 020 097 021 345 024 0901 097 021 012 032 0902 0000 0084 0098 0901 0084 1000 048 035 0906 053 -020 10214 10219 0901 10214 0959 0081 0142 0901 0081 1000 0091 0154 0901 0091 1000 0117 0117 0109 0099 0089 0089 0094 0126 //// 10285 ///// ///// ////
000000000000000000000000000000000000000000000000000000000000000000000000000000000000000000000000000000000000000000000000=
58005 342700 1154000 00501 00511 4
20100325100000 051 016 044 016 038 029 0901 060 012 004 042 0917 0000 0085 0094 0906 0085 1000 035 034 0910 039 -061 10227 10229 0943 10226 0901 0052 0122 0901 0052 1000 0093 0153 0901 0093 1000 0139 0141 0127 0114 0097 0097 0103 0131 0004 10291 ///// ///// ////
000000000000000000000000000000000000000000000000000000000000000000000000000000000000000000000000000000000000000000000000
160 002 000 /// //// /////////////////////CIE /// //// 6///1 0//// 7//// 1//// 2//// 3//// /// /// /// // 911// 915// 919// 934// 939//=
58008 342800 1152000 00544 00592 4
20100325100000 083 020 079 020 351 024 0901 077 012 021 033 0921 0000 0079 0098 0912 0079 1000 049 034 0909 052 -021 10213 10217 0901 10212 0958 0051 0131 0903 0051 1000 0087 0155 0901 0087 1000 0114 0116 0110 0100 0093 0094 0098 0129 //// 10287 ///// ///// ////
000000000000000000000000000000000000000000000000000000000000000000000000000000000000000000000000000000000000000000000000=
58004 343900 1150900 00606 00616 4
20100325100000 098 016 087 012 008 020 0921 113 020 009 043 0913 0000 0089 0102 0908 0089 1000 039 033 0901 044 -043 10207 10212 0901 10207 1000 0084 0148 0901 0084 1000 0111 0167 0901 0111 1000 0145 0149 0132 0119 0100 0099 0102 0126 //// 10284 ///// ///// ////
000000000000000000000000000000000000000000000000000000000000000000000000000000000000000000000000000000000000000000000000=
54817 355900 1155200 00421 00434 4
20100325100000 054 011 059 008 088 018 0913 063 015 052 031 0931 0000 0079 0091 0901 0079 1000 027 026 0958 029 -099 10225 10230 0901 10225 0956 0071 0135 0901 0071 1000 0091 0157 0901 0091 1000 0125 0120 0106 0090 0080 0078 0087 0117 //// 10280 ///// ///// ////
000000000000000000000000000000000000000000000000000000000000000000000000000000000000000000000000000000000000000000000000=
54902 355400 1150700 00495 00499 4
20100325100000 144 014 146 014 176 026 0925 156 014 139 045 0904 0000 0083 0091 0901 0083 1000 035 031 0902 038 -063 10213 10216 0915 10213 1000 0075 0133 0904 0075 1000 0096 0171 0901 0096 1000 0142 0133 0114 0097 0079 0074 0080 0111 //// 10276 ///// ///// ////
000000000000000000000000000000000000000000000000000000000000000000000000000000000000000000000000000000000000000000000000=
54900 354200 1150100 00537 00541 4
20100325100000 142 018 147 023 130 027 0911 133 019 128 040 0909 0000 0083 0090 0903 0083 1000 041 037 0906 045 -042 10210 10213 0904 10210 0959 0073 0186 0903 0073 1000 0103 0170 0902 0103 1000 0150 0143 0122 0105 0086 0082 0083 0110 //// 10278 ///// ///// ////
000000000000000000000000000000000000000000000000000000000000000000000000000000000000000000000000000000000000000000000000=
54901 360500 1151000 00475 00478 4
20100325100000 140 031 151 033 175 035 0953 144 027 156 057 0915 0000 0081 0091 0903 0081 1000 033 028 0907 036 -072 10216 10218 0906 10216 1000 0085 0140 0902 0085 1000 0099 0162 0901 0099 1000 0135 0129 0111 0096 0082 0080 0077 0105 //// 10276 ///// ///// ////
000000000000000000000000000000000000000000000000000000000000000000000000000000000000000000000000000000000000000000000000=
54903 355100 1152900 00457 00506 4
20100325100000 148 014 180 012 149 016 0914 144 017 173 028 0905 0000 0084 0095 0901 0084 1000 030 026 0901 033 -082 10216 10216 0901 10216 0904 0079 0134 0901 0079 1000 0096 0159 0901 0096 1000 0132 0126 0110 0097 0081 0080 0090 0114 //// 10280 ///// ///// ////
000000000000000000000000000000000000000000000000000000000000000000000000000000000000000000000000000000000000000000000000=
57184 333800 1132200 00834 00847 4
20100325100000 153 023 149 027 147 030 0959 130 023 144 045 0950 0000 0106 0130 0901 0106 1000 048 038 0901 061 0001 10172 10172 1000 10170 0915 0088 0122 0901 0088 1000 0101 0196 0906 0101 1000 0143 0141 0129 0116 0099 0102 0104 0129 //// 10277 ///// ///// ////
000000000000000000000000000000000000000000000000000000000000000000000000000000000000000000000000000000000000000000000000=
57177 332000 1133200 00898 00913 4
20100325100000 122 038 119 037 112 042 0921 107 037 113 054 0920 0000 0094 0103 0914 0094 1000 051 048 0937 060 -002 10169 10171 0901 10169 1000 0093 0137 0912 0093 1000 0092 0129 0911 0092 1000 0104 0127 0112 0113 0100 0103 0105 0121 //// 10283 ///// ///// ////
000000000000000000000000000000000000000000000000000000000000000000000000000000000000000000000000000000000000000000000000=
57075 341000 1125200 02031 02043 4
20100325100000 301 044 303 046 287 066 0920 290 050 307 097 0904 0000 0124 0131 0901 0124 1000 013 012 0903 019 -153 10026 10029 0902 10025 0943 0130 0161 0927 0130 1000 0119 0181 0901 0119 1000 0147 0141 0127 0111 0096 0100 0097 0117 //// 10276 ///// ///// ////
000000000000000000000000000000000000000000000000000000000000000000000000000000000000000000000000000000000000000000000000=
57180 335900 1131200 01175 01186 4
20100325100000 288 028 295 034 300 046 0932 285 029 301 072 0926 0000 0128 0137 0905 0128 1000 016 013 0906 024 -124 10127 10129 0901 10127 1000 0124 0185 0904 0124 1000 0136 0210 0904 0136 1000 0169 0163 0140 0118 0098 0099 0101 0130 //// 10273 ///// ///// ////
000000000000000000000000000000000000000000000000000000000000000000000000000000000000000000000000000000000000000000000000=
57181 335300 1130300 01364 01380 4
20100325100000 357 035 353 037 343 051 0905 347 039 338 089 0905 0000 0118 0131 0901 0118 1000 018 016 0916 025 -118 10107 10110 0913 10107 0959 0105 0155 0902 0105 0958 0126 0205 0902 0126 1000 0161 0151 0131 0113 0096 0100 0102 0129 //// 10277 ///// ///// ////
000000000000000000000000000000000000000000000000000000000000000000000000000000000000000000000000000000000000000000000000=
57171 334600 1130700 01420 01430 4
20100325100000 347 065 351 065 343 082 0908 346 066 352 109 0908 0000 0117 0133 0901 0117 1000 020 015 0902 027 -105 10090 10094 0910 10090 1000 0121 0168 0901 0120 0958 0120 0197 0901 0120 1000 0150 0147 0133 0119 0105 0110 0115 0124 //// 10265 ///// ///// ////
000000000000000000000000000000000000000000000000000000000000000000000000000000000000000000000000000000000000000000000000=
57175 330300 1121400 01914 01922 4
20100325100000 134 030 135 035 134 040 0948 136 033 133 063 0948 0000 0124 0152 0920 0124 1000 035 013 0919 050 -026 10043 10044 0957 10041 0913 0112 0168 0901 0112 1000 0147 0208 0901 0147 1000 0180 0170 0147 0127 0104 0107 0111 0138 //// 10280 ///// ///// ////
000000000000000000000000000000000000000000000000000000000000000000000000000000000000000000000000000000000000000000000000=
57156 331800 1113000 02503 02523 4
20100325100000 253 007 243 008 276 021 0913 254 006 285 032 0909 0000 0142 0148 0904 0142 1000 014 013 0932 023 -129 09965 09966 0947 09964 0931 0109 0127 0905 0109 1000 0134 0185 0901 0134 1000 0144 0135 0122 0111 0101 0109 0117 0142 //// 10273 ///// ///// ////
000000000000000000000000000000000000000000000000000000000000000000000000000000000000000000000000000000000000000000000000=
57271 323300 1122300 00879 00897 4
20100325100000 097 032 101 031 108 035 0931 111 030 105 053 0925 0000 0119 0133 0901 0119 0957 040 034 0915 056 -013 10170 10172 0952 10169 0914 0112 0151 0903 0112 1000 0117 0158 0903 0117 1000 0143 0145 0134 0123 0100 0106 0114 0138 //// 10281 ///// ///// ////
000000000000000000000000000000000000000000000000000000000000000000000000000000000000000000000000000000000000000000000000=
57261 330700 1113100 02330 02345 4
20100325100000 018 012 006 011 320 014 0933 040 014 329 020 0931 0000 0144 0151 0901 0144 1000 015 012 0903 025 -119 09979 09981 0904 09979 1000 0120 0171 0901 0120 1000 0134 0175 0901 0134 1000 0147 0140 0127 0114 0110 0121 0128 //// //// 10266 ///// ///// ////
000000000000000000000000000000000000000000000000000000000000000000000000000000000000000000000000000000000000000000000000=
57285 322300 1132500 01530 01492 4
20100325100000 088 024 059 022 052 036 0944 026 013 068 053 0937 0000 0122 0129 0901 0122 1000 024 017 0918 034 -078 10104 10104 0959 10102 0924 0100 0146 0901 0100 1000 0123 0173 0901 0123 1000 0146 0143 0132 0120 0102 0107 0110 0134 //// ///// ///// ///// ////
////////////////////////////////////////////////////////////////////////////////////////////////////////////////////////=
57273 324100 1125100 01095 01105 4
20100325100000 114 022 112 026 101 033 0924 111 024 077 053 0918 0000 0109 0127 0901 0109 1000 035 029 0901 046 -040 10148 10148 0959 10145 0904 0106 0136 0901 0106 1000 0109 0154 0901 0109 1000 0135 0135 0124 0114 0108 0110 0112 0136 //// 10285 ///// ///// ////
000000000000000000000000000000000000000000000000000000000000000000000000000000000000000000000000000000000000000000000000=
57187 330400 1125600 01180 01193 4
20100325100000 103 022 102 024 107 034 0927 091 020 091 047 0950 0000 0117 0132 0901 0117 1000 031 022 0912 043 -049 10125 10126 0906 10123 0941 0113 0162 0907 0113 1000 0116 0165 0901 0116 1000 0139 0129 0121 0112 0107 0110 0110 0131 //// 10273 ///// ///// ////
000000000000000000000000000000000000000000000000000000000000000000000000000000000000000000000000000000000000000000000000=
57178 330200 1123500 01292 01305 4
20100325100000 120 031 119 031 112 042 0911 110 034 113 059 0901 0000 0121 0134 0901 0121 1000 029 023 0901 041 -054 10120 10121 0957 10118 0904 0112 0168 0901 0112 1000 0107 0159 0901 0107 1000 0134 0135 0125 0114 0106 0108 0110 0132 0002 10281 ///// ///// ////
000000000000000000000000000000000000000000000000000000000000000000000000000000000000000000000000000000000000000000000000
230 10- 000 /// //// /////////////////////CIE /// //// 6///1 0//// 7//// 1//// 2//// 3//// /// /// /// // 911// 915// 919// 934// 939//=
57169 330300 1115200 01591 01600 4
20100325100000 288 028 287 032 280 052 0901 296 026 291 061 0916 0000 0140 0149 0914 0140 0958 022 017 0917 035 -074 10077 10077 1000 10076 0907 0110 0133 0910 0110 1000 0129 0172 0910 0129 1000 0143 0139 0130 0117 0102 0105 0108 0133 //// 10273 ///// ///// ////
000000000000000000000000000000000000000000000000000000000000000000000000000000000000000000000000000000000000000000000000=
57176 332900 1122500 02311 02304 4
20100325100000 161 044 164 049 165 053 0922 158 052 170 089 0901 0000 0122 0146 0901 0122 1000 024 018 0902 034 -078 09995 09995 0959 09992 0917 0120 0168 0901 0120 1000 0106 0153 0901 0106 1000 0138 0140 0132 0121 0108 0112 0113 0130 //// 10277 ///// ///// ////
000000000000000000000000000000000000000000000000000000000000000000000000000000000000000000000000000000000000000000000000=
57179 331700 1130000 01604 01616 4
20100325100000 105 016 103 026 112 035 0946 108 017 113 060 0939 0000 0120 0131 0903 0120 1000 027 018 0910 038 -064 10081 10082 0944 10079 0902 0104 0181 0903 0104 1000 0090 0135 0903 0090 1000 0115 0115 0109 0104 0100 0104 0105 0132 //// 10281 ///// ///// ////
000000000000000000000000000000000000000000000000000000000000000000000000000000000000000000000000000000000000000000000000=
57274 324200 1120700 01076 01088 4
20100325100000 093 015 088 013 325 015 0911 097 018 330 024 0909 0000 0143 0152 0903 0143 1000 029 019 0901 047 -035 10142 10142 0942 10139 0913 0132 0184 0902 0132 1000 0147 0190 0904 0147 1000 0164 0157 0145 0131 0111 0115 0116 0140 //// 10276 ///// ///// ////
000000000000000000000000000000000000000000000000000000000000000000000000000000000000000000000000000000000000000000000000=
57065 343000 1121100 01949 01964 4
20100325100000 284 040 284 049 283 063 0912 265 039 293 107 0929 0000 0132 0141 0903 0132 1000 011 010 0908 017 -166 10035 10037 0905 10034 0952 0093 0148 0901 0093 1000 0129 0218 0901 0129 1000 0162 0154 0136 0119 0097 0103 0110 0138 //// 10275 ///// ///// ////
000000000000000000000000000000000000000000000000000000000000000000000000000000000000000000000000000000000000000000000000=
57074 342500 1122500 01973 01989 4
20100325100000 315 028 301 026 298 036 0901 279 020 285 084 0943 0000 0130 0141 0902 0130 1000 013 012 0912 019 -148 10032 10035 0914 10032 0952 0123 0178 0908 0123 1000 0134 0196 0904 0134 1000 0157 0147 0130 0115 0102 0102 0103 0125 //// 10275 ///// ///// ////
000000000000000000000000000000000000000000000000000000000000000000000000000000000000000000000000000000000000000000000000=
57076 344400 1124700 01895 01901 4
20100325100000 295 036 295 039 268 052 0905 286 029 304 070 0952 0000 0131 0139 0903 0131 1000 011 010 0901 017 -167 10034 10037 0906 10033 0941 0109 0178 0901 0109 1000 0142 0227 0901 0142 1000 0160 0151 0126 0107 0089 0089 0089 0120 //// 10266 ///// ///// ////
000000000000000000000000000000000000000000000000000000000000000000000000000000000000000000000000000000000000000000000000=
57070 344400 1120700 03640 03595 4
20100325100000 270 076 271 080 273 089 0935 279 070 268 126 0931 0000 0114 0126 0901 0114 1000 014 014 0926 019 -152 09836 09836 0951 09834 0929 0122 0171 0902 0122 1000 0128 0199 0901 0128 1000 0148 0135 0116 0101 0088 0091 0095 0122 //// 10273 ///// ///// ////
000000000000000000000000000000000000000000000000000000000000000000000000000000000000000000000000000000000000000000000000=
57162 340900 1120500 03258 03275 4
20100325100000 021 012 015 017 353 023 0911 342 009 024 042 0952 0000 0128 0138 0901 0128 1000 011 010 0905 016 -170 09875 09877 0901 09875 1000 0108 0184 0901 0108 0959 0129 0214 0901 0129 1000 0167 0153 0131 0110 0092 0097 0102 0131 //// 10273 ///// ///// ////
000000000000000000000000000000000000000000000000000000000000000000000000000000000000000000000000000000000000000000000000=
57078 340900 1122800 03365 03340 4
20100325100000 313 030 318 030 313 045 0919 358 025 327 080 0914 0000 0121 0126 0907 0121 1000 012 011 0904 017 -165 09869 09871 0903 09868 0945 0114 0168 0902 0114 1000 0125 0179 0902 0125 1000 0147 0139 0121 0104 0093 0098 0098 0118 //// 10274 ///// ///// ////
000000000000000000000000000000000000000000000000000000000000000000000000000000000000000000000000000000000000000000000000=
57071 344900 1122600 03333 03332 4
20100325100000 228 038 223 040 223 062 0933 232 033 232 106 0928 0000 0117 0128 0901 0117 0951 011 010 0940 015 -178 09868 09869 0905 09867 0912 0127 0179 0905 0126 0957 0135 0207 0901 0135 1000 0159 0146 0127 0109 0087 0088 0092 0119 //// 10273 ///// ///// ////
000000000000000000000000000000000000000000000000000000000000000000000000000000000000000000000000000000000000000000000000=
57066 342300 1114000 03283 03298 4
20100325100000 336 012 328 019 326 020 0958 344 024 330 039 0939 0000 0132 0141 0933 0132 1000 012 012 0953 018 -156 09874 09877 0905 09874 0949 0119 0173 0905 0119 1000 0148 0212 0901 0148 1000 0163 0146 0121 0101 0089 0091 0091 0116 //// 10273 ///// ///// ////
000000000000000000000000000000000000000000000000000000000000000000000000000000000000000000000000000000000000000000000000=
57077 334700 1113900 07424 07388 4
20100325100000 123 007 097 005 231 026 0922 130 008 234 045 0903 0000 0097 0106 0902 0097 1000 013 012 0955 016 -174 09400 09402 0905 09400 0927 0081 0152 0901 0081 1000 0086 0137 0901 0086 1000 0106 0102 0089 0079 0078 0086 0091 0115 //// 10285 ///// ///// ////
000000000000000000000000000000000000000000000000000000000000000000000000000000000000000000000000000000000000000000000000=
57183 334800 1135500 00600 00615 4
20100325100000 139 016 136 014 142 019 0923 142 016 144 029 0920 0000 0103 0120 0901 0103 1000 049 033 0901 061 0001 10202 10204 0901 10202 0948 0104 0179 0904 0104 1000 0134 0184 0901 0134 1000 0150 0142 0127 0115 0100 0099 0098 0122 //// 10278 ///// ///// ////
000000000000000000000000000000000000000000000000000000000000000000000000000000000000000000000000000000000000000000000000=
57186 333600 1140300 00587 00598 4
20100325100000 099 024 095 026 095 026 1000 102 021 105 044 0956 0000 0105 0125 0901 0105 1000 043 027 0902 055 -015 10205 10210 0902 10204 0957 0097 0162 0901 0097 0953 0126 0197 0901 0126 1000 0158 0151 0132 0118 0102 0103 0103 0133 //// 10280 ///// ///// ////
000000000000000000000000000000000000000000000000000000000000000000000000000000000000000000000000000000000000000000000000=
57191 342900 1142900 00634 00642 4
20100325100000 116 021 108 018 106 021 0915 122 023 094 036 0915 0000 0098 0107 0902 0098 1000 036 034 0901 044 -046 10203 10204 0902 10201 0939 0085 0105 0902 0085 0959 0085 0114 0901 0085 1000 0115 0118 0113 0105 0095 0093 0095 0124 //// 10283 ///// ///// ////
000000000000000000000000000000000000000000000000000000000000000000000000000000000000000000000000000000000000000000000000=
57096 343200 1144700 00597 00607 4
20100325100000 116 024 121 024 090 029 0912 113 022 094 044 0911 0000 0093 0102 0901 0093 1000 037 034 0901 043 -046 10202 10205 0901 10202 1000 0087 0131 0904 0087 0958 0101 0175 0905 0101 1000 0158 0153 0130 0114 0101 0100 0101 0128 //// 10278 ///// ///// ////
000000000000000000000000000000000000000000000000000000000000000000000000000000000000000000000000000000000000000000000000=
57091 344700 1141800 00737 00748 4
20100325100000 143 026 134 022 101 030 0939 175 020 110 045 0916 0000 0102 0111 0901 0102 1000 031 028 0901 039 -062 10184 10185 0904 10181 0934 0075 0125 0901 0075 1000 0127 0207 0901 0127 1000 0169 0155 0132 0111 0102 0101 0101 0122 //// 10277 ///// ///// ////
000000000000000000000000000000000000000000000000000000000000000000000000000000000000000000000000000000000000000000000000=
53978 350500 1123800 01401 01409 4
20100325100000 284 050 284 052 279 059 0903 282 043 277 089 0901 0000 0136 0143 0909 0136 0959 014 013 0904 022 -134 10089 10091 0903 10088 0922 0131 0186 0908 0131 1000 0148 0213 0901 0148 1000 0176 0168 0146 0127 0092 0092 0097 0125 //// 10261 ///// ///// ////
000000000000000000000000000000000000000000000000000000000000000000000000000000000000000000000000000000000000000000000000=
53984 351400 1132800 00827 00837 4
20100325100000 115 038 108 032 094 039 0939 121 040 116 052 0909 0000 0099 0113 0901 0099 1000 043 039 0907 052 -021 10165 10166 0901 10164 0917 0094 0145 0901 0094 1000 0117 0199 0901 0117 1000 0156 0148 0128 0116 0095 0095 0095 0120 //// 10268 ///// ///// ////
000000000000000000000000000000000000000000000000000000000000000000000000000000000000000000000000000000000000000000000000=
53987 350600 1132500 00910 00918 4
20100325100000 093 035 092 035 087 049 0919 099 036 113 075 0928 0000 0105 0129 0908 0105 1000 045 026 0906 057 -009 10153 10155 0910 10152 0938 0102 0176 0901 0102 1000 0129 0205 0902 0129 1000 0168 0163 0147 0130 0099 0098 0101 0127 //// 10266 ///// ///// ////
000000000000000000000000000000000000000000000000000000000000000000000000000000000000000000000000000000000000000000000000=
57079 345700 1130200 01064 01069 4
20100325100000 255 045 257 049 259 059 0914 261 051 257 078 0921 0000 0126 0137 0901 0126 1000 016 013 0914 023 -126 10130 10132 0901 10129 0950 0126 0175 0905 0126 1000 0123 0195 0901 0123 1000 0152 0144 0128 0113 0094 0096 0095 0119 //// 10262 ///// ///// ////
000000000000000000000000000000000000000000000000000000000000000000000000000000000000000000000000000000000000000000000000=
53972 350700 1125500 01196 01210 4
20100325100000 299 014 277 017 241 033 0920 299 012 247 064 0920 0000 0139 0148 0901 0139 1000 012 009 0946 019 -150 10114 10117 0901 10114 1000 0089 0192 0901 0089 1000 0136 0219 0901 0136 1000 0176 0168 0151 0129 0096 0098 0109 0136 //// 10262 ///// ///// ////
000000000000000000000000000000000000000000000000000000000000000000000000000000000000000000000000000000000000000000000000=
57072 345500 1124500 01275 01285 4
20100325100000 256 028 257 033 253 051 0909 245 032 216 077 0924 0000 0131 0141 0901 0131 1000 013 010 0901 020 -147 10108 10110 0906 10108 1000 0120 0186 0901 0120 1000 0127 0211 0901 0127 1000 0159 0148 0127 0110 0085 0086 0086 0113 //// 10265 ///// ///// ////
000000000000000000000000000000000000000000000000000000000000000000000000000000000000000000000000000000000000000000000000=
53982 351400 1131600 01120 01135 4
20100325100000 071 025 081 026 086 026 0959 084 020 037 041 0910 0000 0116 0134 0901 0116 1000 037 031 0901 051 -026 10125 10127 0907 10125 1000 0108 0142 0901 0108 1000 0141 0229 0901 0141 1000 0174 0164 0143 0125 0097 0098 0101 0131 //// 10264 ///// ///// ////
000000000000000000000000000000000000000000000000000000000000000000000000000000000000000000000000000000000000000000000000=
53979 350900 1130500 01200 01211 4
20100325100000 286 033 286 031 275 049 0906 301 030 294 080 0918 0000 0140 0149 0901 0140 1000 011 010 0901 018 -160 10115 10117 0905 10114 0925 0147 0193 0909 0143 0955 0147 0232 0901 0147 1000 0179 0164 0142 0122 0097 0099 0104 0131 //// 10263 ///// ///// ////
000000000000000000000000000000000000000000000000000000000000000000000000000000000000000000000000000000000000000000000000=
53974 353700 1141100 00723 00739 4
20100325100000 157 034 156 030 153 034 0924 161 045 156 060 0933 0000 0093 0096 0905 0093 0955 040 038 0902 047 -036 10182 10185 0905 10182 0956 0075 0129 0904 0075 1000 0105 0158 0901 0105 1000 0149 0145 0130 0116 0090 0091 0097 0124 //// 10274 ///// ///// ////
000000000000000000000000000000000000000000000000000000000000000000000000000000000000000000000000000000000000000000000000=
53990 354300 1141900 00795 00805 4
20100325100000 176 036 172 037 158 040 0918 189 035 155 059 0914 0000 0082 0091 0901 0082 1000 048 042 0901 052 -022 10173 10177 0901 10173 1000 0089 0131 0901 0089 1000 0101 0179 0901 0101 1000 0143 0135 0114 0102 0089 0085 0083 0110 //// 10274 ///// ///// ////
000000000000000000000000000000000000000000000000000000000000000000000000000000000000000000000000000000000000000000000000=
53991 355600 1142100 00743 00753 4
20100325100000 156 031 151 030 135 036 0915 192 045 156 064 0913 0000 0086 0092 0901 0086 1000 040 035 0905 045 -042 10178 10182 0901 10178 1000 0088 0126 0904 0088 1000 0100 0161 0901 0100 1000 0145 0142 0121 0109 0086 0084 0087 0118 //// 10272 ///// ///// ////
000000000000000000000000000000000000000000000000000000000000000000000000000000000000000000000000000000000000000000000000=
53993 355600 1145500 00516 00524 4
20100325100000 170 011 169 015 153 028 0901 183 014 158 042 0927 0000 0085 0092 0901 0085 1000 037 033 0902 041 -054 10208 10212 0901 10207 0957 0086 0140 0904 0086 1000 0098 0175 0901 0098 1000 0136 0130 0111 0095 0080 0076 0075 0108 //// 10274 ///// ///// ////
000000000000000000000000000000000000000000000000000000000000000000000000000000000000000000000000000000000000000000000000=
53889 360400 1134900 03068 03086 4
20100325100000 102 029 097 029 104 049 0902 094 030 107 067 0910 0000 0085 0096 0901 0085 1000 037 033 0905 041 -054 09885 09885 1000 09883 0901 0084 0124 0901 0084 1000 0112 0178 0901 0112 1000 0149 0155 0149 0137 0079 0075 0088 0098 //// 10266 ///// ///// ////
000000000000000000000000000000000000000000000000000000000000000000000000000000000000000000000000000000000000000000000000=
53995 353300 1143000 00625 00645 4
20100325100000 145 029 146 032 143 034 0940 142 027 147 053 0940 0000 0085 0094 0901 0085 1000 043 037 0902 048 -034 10195 10198 0903 10195 0951 0086 0140 0901 0086 1000 0115 0188 0901 0115 1000 0161 0160 0141 0123 0090 0087 0087 0116 //// 10276 ///// ///// ////
000000000000000000000000000000000000000000000000000000000000000000000000000000000000000000000000000000000000000000000000=
NNNN
