57090 344300 1135800 00781 00802 4
20100323170000 116 015 119 015 119 015 1700 113 019 113 035 1658 0000 0093 0101 1601 0093 1700 061 056 1601 071 0022 10113 10122 1601 10113 1700 0082 0085 1604 0079 1645 0078 0081 1601 0078 1700 0092 0100 0102 0104 0099 0092 0085 0119 //// 10211 ///// ///// ////
000000000000000000000000000000000000000000000000000000000000000000000000000000000000000000000000000000000000000000000000=
57083 344300 1133900 01104 01116 4
20100323170000 115 019 116 023 116 027 1657 107 023 115 043 1655 0000 0100 0103 1601 0100 1700 054 049 1601 066 0011 10074 10084 1601 10074 1700 0072 0073 1658 0066 1617 0079 0080 1601 0079 1650 0092 0098 0102 0106 0099 0098 0102 0126 0000 10210 ///// ///// ////
000000000000000000000000000000000000000000000000000000000000000000000000000000000000000000000000000000000000000000000000
110 010 000 /// //// /////////////////////ACP /// //// 6///1 0//// 7//// 1//// 2//// 3//// /// /// /// // 911// 915// 919// 934// 939//=
57086 342300 1134300 01166 01168 4
20100323170000 102 014 109 015 116 024 1645 105 019 116 035 1641 0000 0089 0093 1621 0089 1700 058 054 1614 066 0011 10070 10080 1601 10070 1700 0085 0087 1616 0084 1629 0077 0077 1601 0077 1659 0087 0095 0100 0102 0099 0095 0092 0116 //// 10213 ///// ///// ////
000000000000000000000000000000000000000000000000000000000000000000000000000000000000000000000000000000000000000000000000=
57085 343200 1132000 02599 02648 4
20100323170000 200 009 200 011 138 016 1627 198 010 122 026 1622 0000 0085 0094 1601 0085 1700 051 047 1601 057 -011 09891 09901 1601 09891 1659 0080 0089 1607 0080 1700 0074 0076 1626 0074 1700 0089 0098 0103 0104 0103 0097 0092 0121 //// 10212 ///// ///// ////
000000000000000000000000000000000000000000000000000000000000000000000000000000000000000000000000000000000000000000000000=
57081 344800 1132600 01409 01419 4
20100323170000 136 007 138 008 147 015 1644 133 013 147 026 1627 0000 0093 0097 1601 0093 1653 043 037 1609 050 -026 10038 10046 1601 10038 1654 0075 0077 1610 0073 1625 0071 0074 1601 0071 1700 0087 0096 0103 0102 0091 0092 0095 0117 //// 10211 ///// ///// ////
000000000000000000000000000000000000000000000000000000000000000000000000000000000000000000000000000000000000000000000000=
57080 344400 1125800 01652 01661 4
20100323170000 000 000 000 000 124 020 1601 277 000 119 033 1602 0000 0095 0108 1605 0095 1700 038 028 1604 045 -041 10012 10014 1601 10009 1649 0066 0095 1601 0066 1659 0073 0076 1601 0073 1658 0089 0098 0104 0105 0093 0087 0088 0119 //// 10214 ///// ///// ////
000000000000000000000000000000000000000000000000000000000000000000000000000000000000000000000000000000000000000000000000=
57082 342800 1130100 04271 04284 4
20100323170000 237 007 211 008 097 021 1611 254 008 119 038 1621 0000 0078 0086 1607 0078 1700 042 031 1602 044 -043 09699 09706 1601 09699 1653 0070 0078 1611 0070 1700 0058 0060 1602 0058 1700 0073 0085 0093 0098 0098 0099 0099 //// //// 10215 ///// ///// ////
000000000000000000000000000000000000000000000000000000000000000000000000000000000000000000000000000000000000000000000000=
57295 323700 1142100 00785 00802 4
20100323170000 008 004 007 010 006 011 1657 012 001 012 022 1652 0000 0059 0060 1644 0059 1603 084 083 1638 078 0034 10118 10125 1621 10118 1700 0057 0057 1700 0055 1615 0065 0065 1637 0065 1655 0083 0087 0092 0098 0102 0102 0101 0128 //// 10218 ///// ///// ////
000000000000000000000000000000000000000000000000000000000000000000000000000000000000000000000000000000000000000000000000=
57189 330800 1135700 00646 00655 4
20100323170000 199 008 196 009 151 014 1601 170 010 189 018 1657 0000 0067 0068 1635 0067 1700 096 095 1601 094 0061 10143 10148 1626 10141 1607 0064 0066 1601 0064 1700 0073 0076 1614 0073 1700 0087 0093 0098 0101 0098 0097 0097 0122 //// 10224 ///// ///// ////
000000000000000000000000000000000000000000000000000000000000000000000000000000000000000000000000000000000000000000000000=
57194 331700 1141600 00598 00609 4
20100323170000 249 006 276 005 191 017 1617 237 007 187 025 1609 0001 0065 0068 1602 0065 1658 089 088 1632 086 0048 10145 10151 1642 10145 1659 0058 0064 1603 0058 1657 0072 0073 1608 0071 1618 0085 0093 0097 0100 0097 0093 0097 0126 //// 10221 ///// ///// ////
000000000000000000000000000000000000000000000000000000000000000000000000000000000000000000000000000000010000000000000000=
57197 330000 1142000 00489 00545 4
20100323170000 251 004 221 005 127 014 1623 263 005 122 018 1617 0000 0066 0066 1622 0066 1656 090 089 1637 088 0051 10155 10157 1648 10152 1612 0053 0058 1622 0053 1653 0069 0071 1605 0069 1632 0080 0087 0092 0093 0103 0102 0099 0125 //// 10223 ///// ///// ////
000000000000000000000000000000000000000000000000000000000000000000000000000000000000000000000000000000000000000000000000=
57294 325000 1140100 00836 00846 4
20100323170000 300 006 256 006 196 016 1620 279 002 187 024 1617 0000 0064 0064 1658 0062 1601 090 088 1623 086 0049 10118 10120 1649 10116 1609 0058 0064 1619 0058 1700 0065 0067 1601 0065 1638 0077 0086 0094 0098 0102 0108 0102 0118 //// 10223 ///// ///// ////
000000000000000000000000000000000000000000000000000000000000000000000000000000000000000000000000000000000000000000000000=
57292 325800 1143800 00444 00453 4
20100323170000 000 000 000 000 000 000 1700 195 000 195 000 1700 0000 0061 0062 1601 0061 1700 089 088 1601 084 0044 10167 10168 1602 10166 1644 0058 0060 1626 0058 1657 0067 0068 1637 0067 1659 0079 0087 0094 0102 0104 0105 0104 0133 //// 10223 ///// ///// ////
000000000000000000000000000000000000000000000000000000000000000000000000000000000000000000000000000000000000000000000000=
57195 333700 1143700 00466 00476 4
20100323170000 253 011 252 012 248 013 1657 268 010 105 021 1603 0000 0077 0084 1601 0077 1700 087 083 1601 091 0057 10167 10169 1628 10160 1604 0070 0078 1601 0070 1700 0074 0077 1601 0074 1657 0085 0094 0101 0105 0103 0098 0101 0142 //// 10226 ///// ///// ////
000000000000000000000000000000000000000000000000000000000000000000000000000000000000000000000000000000000000000000000000=
57193 334700 1143100 00526 00541 4
20100323170000 221 004 232 004 240 007 1617 226 005 268 011 1613 0000 0084 0085 1627 0084 1700 084 082 1602 093 0059 10159 10164 1626 10157 1601 0071 0075 1629 0071 1700 0079 0082 1602 0079 1700 0094 0099 0104 0107 0105 0101 0104 0131 //// 10226 ///// ///// ////
000000000000000000000000000000000000000000000000000000000000000000000000000000000000000000000000000000000000000000000000=
58101 335200 1152900 00413 00428 4
20100323170000 035 010 010 014 110 023 1631 046 021 113 034 1631 0000 0074 0074 1700 0071 1619 084 084 1700 086 0049 10174 10174 1657 10163 1630 0069 0069 1659 0063 1609 0066 0069 1602 0066 1700 0085 0089 0095 0098 0100 0098 0099 0131 //// 10227 ///// ///// ////
000000000000000000000000000000000000000000000000000000000000000000000000000000000000000000000000000000000000000000000000=
57098 340500 1142400 00583 00593 4
20100323170000 134 025 134 024 131 025 1623 136 022 138 036 1652 0000 0082 0084 1602 0082 1700 088 087 1630 096 0063 10144 10153 1605 10144 1700 0078 0080 1630 0073 1605 0079 0080 1601 0079 1700 0086 0093 0098 0102 0102 0096 0097 0129 //// 10217 ///// ///// ////
000000000000000000000000000000000000000000000000000000000000000000000000000000000000000000000000000000000000000000000000=
57182 335100 1133000 00805 00814 4
20100323170000 167 016 170 010 290 012 1621 158 019 158 019 1700 0000 0088 0091 1603 0088 1700 074 066 1601 084 0044 10113 10124 1608 10113 1700 0076 0083 1633 0074 1658 0078 0080 1608 0078 1700 0093 0103 0110 0111 0108 0104 0106 0139 //// 10213 ///// ///// ////
000000000000000000000000000000000000000000000000000000000000000000000000000000000000000000000000000000000000000000000000=
57297 320800 1140300 01145 01154 4
20100323170000 000 013 016 016 016 023 1628 336 010 026 036 1624 0004 0055 0058 1601 0055 1645 089 086 1603 080 0038 10077 10082 1603 10077 1633 0048 0049 1653 0048 1606 0057 0058 1650 0056 1604 0068 0079 0090 0097 0112 0117 0114 //// //// 10220 ///// ///// ////
000000000000000000000000000000000000010000000000000000000000000000000000000000000000000000000100000000000001000000010000=
57390 314800 1140400 07335 07347 4
20100323170000 031 045 031 043 033 056 1630 009 035 059 124 1629 0005 0012 0013 1601 0011 1654 100 100 1700 067 0012 09328 09331 1603 09327 1613 0013 0016 1616 0012 1654 0017 0021 1622 0017 1654 0031 0042 0055 0066 0086 0094 //// //// //// 10215 ///// ///// ////
000000000000000000000000000000010000000000000000000000000000000001000000000000000000000000000100000000000100000000000100=
58207 321000 1150300 00428 00440 4
20100323170000 017 032 023 036 029 041 1653 009 032 020 058 1648 0000 0060 0061 1601 0060 1700 087 085 1601 081 0040 10156 10160 1619 10155 1659 0055 0058 1614 0055 1700 0067 0067 1601 0067 1654 0056 0078 0085 0093 0110 0114 0112 0138 //// 10211 ///// ///// ////
000000000000000000000000000000000000000000000000000000000000000000000000000000000000000000000000000000000000000000000000=
58208 321000 1153700 00429 00439 4
20100323170000 057 031 055 030 051 032 1647 070 032 053 053 1646 0000 0060 0062 1601 0060 1700 078 077 1601 073 0025 10158 10162 1633 10157 1613 0055 0055 1602 0055 1638 0058 0059 1622 0058 1700 0067 0079 0086 0095 0109 0112 0111 0139 //// 10213 ///// ///// ////
000000000000000000000000000000000000000000000000000000000000000000000000000000000000000000000000000000000000000000000000=
53997 350900 1141100 00711 00723 4
20100323170000 162 019 161 017 160 019 1637 166 022 152 030 1623 0000 0092 0096 1601 0092 1700 057 054 1601 066 0011 10123 10129 1601 10123 1700 0071 0073 1636 0069 1647 0077 0080 1601 0077 1700 0093 0102 0106 0108 0093 0092 0096 0124 //// 10211 ///// ///// ////
000000000000000000000000000000000000000000000000000000000000000000000000000000000000000000000000000000000000000000000000=
53986 351900 1135300 00732 00740 4
20100323170000 122 008 148 004 179 008 1610 122 000 195 026 1635 0000 0101 0104 1601 0101 1700 053 052 1605 065 0010 10120 10130 1608 10120 1659 0087 0090 1606 0082 1635 0077 0077 1639 0076 1619 0093 0100 0104 0107 0097 0093 0097 0127 //// 10210 ///// ///// ////
000000000000000000000000000000000000000000000000000000000000000000000000000000000000000000000000000000000000000000000000=
53994 352300 1140400 00700 00712 4
20100323170000 282 000 281 004 261 009 1627 271 004 197 014 1612 0000 0093 0094 1601 0093 1700 056 053 1601 066 0010 10123 10132 1603 10123 1700 0062 0067 1616 0062 1653 0070 0072 1601 0070 1700 0091 0102 0108 0107 0093 0088 0093 0127 //// 10210 ///// ///// ////
000000000000000000000000000000000000000000000000000000000000000000000000000000000000000000000000000000000000000000000000=
53998 351200 1143900 00616 00625 4
20100323170000 187 018 186 020 155 030 1605 189 014 147 044 1642 0000 0091 0097 1604 0091 1700 057 052 1602 066 0010 10135 10142 1601 10135 1646 0079 0085 1603 0079 1700 0075 0078 1603 0075 1700 0090 0099 0103 0103 0099 0094 0095 0129 //// 10212 ///// ///// ////
000000000000000000000000000000000000000000000000000000000000000000000000000000000000000000000000000000000000000000000000=
57051 344800 1111200 04099 04117 4
20100323170000 000 000 320 002 092 016 1605 330 002 083 025 1603 0000 0085 0089 1637 0085 1700 036 033 1636 040 -057 09725 09728 1628 09722 1601 0062 0074 1630 0062 1700 0073 0076 1601 0073 1700 0091 0100 0105 0106 0091 0086 0085 0114 //// 10219 ///// ///// ////
000000000000000000000000000000000000000000000000000000000000000000000000000000000000000000000000000000000000000000000000=
57063 344600 1114600 05236 05236 4
20100323170000 060 021 061 018 065 019 1606 057 021 046 027 1621 0000 0067 0069 1640 0066 1601 039 037 1638 038 -063 09596 09597 1641 09592 1612 0051 0054 1625 0046 1648 0052 0054 1602 0052 1700 0071 0080 0084 0085 0076 0076 0082 0110 //// 10224 ///// ///// ////
000000000000000000000000000000000000000000000000000000000000000000000000000000000000000000000000000000000000000000000000=
57067 340300 1110200 05688 05699 4
20100323170000 304 005 287 008 321 011 1639 302 006 330 018 1631 0000 0052 0055 1607 0052 1630 063 056 1606 056 -013 09540 09544 1626 09540 1700 0055 0057 1603 0055 1623 0060 0064 1601 0060 1659 0077 0086 0093 0092 0092 0097 0094 0122 //// 10227 ///// ///// ////
000000000000000000000000000000000000000000000000000000000000000000000000000000000000000000000000000000000000000000000000=
57056 343200 1105300 03904 03909 4
20100323170000 144 027 146 022 167 028 1627 147 030 189 050 1625 0000 0095 0096 1629 0094 1655 037 035 1627 044 -045 09749 09750 1642 09747 1601 0082 0084 1629 0079 1614 0080 0081 1603 0080 1700 0091 0100 0104 0104 0091 0089 0092 0118 //// 10218 ///// ///// ////
000000000000000000000000000000000000000000000000000000000000000000000000000000000000000000000000000000000000000000000000=
58007 340400 1151800 00472 00532 4
20100323170000 074 013 068 013 018 020 1633 060 008 015 038 1632 0000 0085 0086 1640 0084 1603 066 066 1659 073 0025 10158 10160 1628 10156 1619 0077 0079 1634 0075 1613 0072 0076 1601 0072 1659 0089 0097 0102 0104 0103 0099 0101 0131 //// 10224 ///// ///// ////
000000000000000000000000000000000000000000000000000000000000000000000000000000000000000000000000000000000000000000000000=
58006 342300 1155300 00463 00506 4
20100323170000 151 006 143 008 125 018 1601 125 006 125 018 1604 0000 0066 0073 1635 0066 1700 067 058 1628 065 0009 10164 10171 1609 10163 1651 0052 0056 1603 0042 1621 0060 0060 1700 0056 1624 0073 0086 0093 0097 0095 0092 0096 0127 //// 10226 ///// ///// ////
000000000000000000000000000000000000000000000000000000000000000000000000000000000000000000000000000000000000000000000000=
58111 335800 1162700 00325 00325 4
20100323170000 084 020 098 018 080 021 1614 049 013 066 036 1601 0000 0069 0071 1601 0069 1657 061 058 1603 061 -001 10174 10185 1611 10174 1657 0056 0057 1621 0055 1654 0057 0058 1653 0057 1700 0071 0081 0087 0093 0096 0097 0104 0138 //// 10214 ///// ///// ////
000000000000000000000000000000000000000000000000000000000000000000000000000000000000000000000000000000000000000000000000=
58017 341500 1160800 00410 00420 4
20100323170000 012 007 359 009 107 020 1615 032 005 116 037 1612 0000 0067 0076 1601 0067 1658 070 062 1603 069 0016 10168 10173 1650 10168 1627 0051 0063 1623 0049 1653 0059 0059 1601 0057 1642 0077 0089 0095 0099 0099 0096 0102 0128 //// 10220 ///// ///// ////
000000000000000000000000000000000000000000000000000000000000000000000000000000000000000000000000000000000000000000000000=
58001 342600 1150600 00563 00569 4
20100323170000 145 015 141 014 142 015 1656 150 016 144 023 1650 0000 0081 0081 1658 0078 1602 072 071 1653 078 0034 10147 10155 1615 10146 1656 0072 0073 1654 0067 1632 0069 0069 1655 0068 1609 0078 0085 0091 0093 0090 0087 0093 0126 //// 10217 ///// ///// ////
000000000000000000000000000000000000000000000000000000000000000000000000000000000000000000000000000000000000000000000000=
58005 342700 1154000 00501 00511 4
20100323170000 143 013 141 014 141 014 1659 133 010 130 020 1657 0000 0073 0078 1601 0073 1700 063 060 1601 064 0007 10155 10165 1601 10155 1700 0057 0057 1700 0032 1612 0062 0062 1656 0056 1610 0079 0091 0095 0098 0098 0095 0102 0132 0000 10218 ///// ///// ////
000000000000000000000000000000000000000000000000000000000000000000000000000000000000000000000000000000000000000000000000
140 010 000 /// //// /////////////////////ASP /// //// 6///1 0//// 7//// 1//// 2//// 3//// /// /// /// // 911// 915// 919// 934// 939//=
58008 342800 1152000 00544 00592 4
20100323170000 116 014 119 011 110 013 1645 147 014 122 021 1657 0000 0076 0077 1609 0074 1644 067 067 1700 070 0019 10144 10153 1601 10144 1658 0058 0058 1650 0046 1601 0066 0068 1624 0065 1602 0075 0084 0089 0093 0094 0093 0097 0129 //// 10217 ///// ///// ////
000000000000000000000000000000000000000000000000000000000000000000000000000000000000000000000000000000000000000000000000=
58004 343900 1150900 00606 00616 4
20100323170000 137 011 142 010 139 011 1635 150 008 147 025 1634 0000 0083 0086 1615 0083 1700 064 062 1612 070 0019 10138 10147 1609 10138 1700 0071 0074 1646 0068 1601 0072 0074 1605 0072 1658 0085 0098 0100 0102 0101 0098 0101 0127 //// 10214 ///// ///// ////
000000000000000000000000000000000000000000000000000000000000000000000000000000000000000000000000000000000000000000000000=
54817 355900 1155200 00421 00434 4
20100323170000 229 006 221 007 184 016 1601 198 003 198 026 1626 0000 0087 0090 1621 0086 1655 047 047 1700 053 -020 10162 10166 1602 10162 1647 0058 0076 1605 0057 1655 0049 0060 1605 0049 1700 0072 0082 0088 0087 0081 0075 0087 0116 //// 10215 ///// ///// ////
000000000000000000000000000000000000000000000000000000000000000000000000000000000000000000000000000000000000000000000000=
54900 354200 1150100 00537 00541 4
20100323170000 189 009 193 010 174 021 1612 187 009 164 030 1606 0000 0086 0092 1601 0086 1700 054 052 1629 060 -002 10145 10149 1627 10145 1659 0044 0073 1604 0042 1647 0058 0069 1601 0058 1700 0086 0096 0099 0099 0088 0079 0082 0110 //// 10211 ///// ///// ////
000000000000000000000000000000000000000000000000000000000000000000000000000000000000000000000000000000000000000000000000=
54901 360500 1151000 00475 00478 4
20100323170000 200 007 185 008 167 017 1629 201 006 167 019 1625 0000 0065 0080 1601 0065 1654 057 052 1614 055 -014 10154 10159 1602 10154 1654 0030 0055 1601 0023 1654 0040 0056 1601 0040 1700 0072 0086 0091 0091 0086 0077 0075 0105 //// 10213 ///// ///// ////
000000000000000000000000000000000000000000000000000000000000000000000000000000000000000000000000000000000000000000000000=
54903 355100 1152900 00457 00506 4
20100323170000 296 003 295 004 200 015 1601 285 001 203 018 1602 0000 0081 0092 1601 0081 1700 057 044 1601 062 0001 10151 10156 1601 10151 1619 0052 0080 1601 0052 1700 0054 0065 1601 0054 1700 0079 0089 0092 0092 0083 0077 0089 0114 //// 10213 ///// ///// ////
000000000000000000000000000000000000000000000000000000000000000000000000000000000000000000000000000000000000000000000000=
57184 333800 1132200 00834 00847 4
20100323170000 120 012 135 014 154 020 1652 102 011 149 030 1649 0000 0084 0086 1601 0084 1700 084 084 1700 093 0059 10107 10120 1610 10107 1700 0082 0086 1638 0080 1603 0082 0085 1601 0082 1654 0096 0106 0110 0113 0101 0101 0102 0129 //// 10211 ///// ///// ////
000000000000000000000000000000000000000000000000000000000000000000000000000000000000000000000000000000000000000000000000=
57177 332000 1133200 00898 00913 4
20100323170000 348 017 091 017 167 020 1654 293 010 161 031 1653 0000 0078 0081 1601 0077 1648 085 081 1601 090 0054 10104 10118 1616 10104 1700 0073 0075 1651 0071 1627 0078 0081 1603 0078 1700 0070 0095 0093 0106 0106 0104 0103 0121 //// 10217 ///// ///// ////
000000000000000000000000000000000000000000000000000000000000000000000000000000000000000000000000000000000000000000000000=
57075 341000 1125200 02031 02043 4
20100323170000 263 008 258 008 282 012 1601 259 009 259 015 1644 0000 0076 0083 1605 0076 1700 079 068 1602 082 0042 09967 09977 1601 09967 1700 0070 0072 1645 0069 1609 0072 0072 1630 0071 1601 0085 0095 0101 0104 0106 0102 0095 0117 //// 10217 ///// ///// ////
000000000000000000000000000000000000000000000000000000000000000000000000000000000000000000000000000000000000000000000000=
57173 334500 1125300 01457 01468 4
20100323170000 242 007 223 008 292 010 1601 254 007 200 013 1651 0000 0082 0083 1611 0082 1700 073 073 1700 079 0037 10034 10047 1601 10034 1700 0073 0076 1616 0073 1648 0076 0076 1645 0076 1601 0091 0100 0106 0107 0105 0102 0103 0133 //// 10214 ///// ///// ////
000000000000000000000000000000000000000000000000000000000000000000000000000000000000000000000000000000000000000000000000=
57180 335900 1131200 01175 01186 4
20100323170000 241 006 244 005 271 012 1611 248 006 279 015 1610 0000 0085 0088 1601 0084 1655 075 070 1605 083 0043 10068 10079 1601 10068 1700 0069 0073 1611 0068 1650 0074 0074 1601 0074 1617 0086 0096 0102 0105 0101 0098 0100 0131 //// 10213 ///// ///// ////
000000000000000000000000000000000000000000000000000000000000000000000000000000000000000000000000000000000000000000000000=
57181 335300 1130300 01364 01380 4
20100323170000 000 000 224 005 317 012 1601 257 000 313 019 1612 0000 0078 0080 1601 0076 1642 078 076 1601 082 0042 10048 10061 1601 10048 1657 0069 0071 1602 0068 1638 0074 0075 1601 0074 1658 0087 0099 0105 0109 0104 0100 0101 0129 //// 10218 ///// ///// ////
000000000000000000000000000000000000000000000000000000000000000000000000000000000000000000000000000000000000000000000000=
57171 334600 1130700 01420 01430 4
20100323170000 278 012 285 012 315 027 1602 259 010 310 032 1601 0000 0090 0092 1643 0088 1601 064 061 1626 073 0026 10035 10049 1601 10035 1700 0084 0085 1640 0081 1649 0078 0078 1657 0076 1602 0089 0099 0105 0110 0112 0114 0113 0124 //// 10210 ///// ///// ////
000000000000000000000000000000000000000000000000000000000000000000000000000000000000000000000000000000000000000000000000=
57175 330300 1121400 01914 01922 4
20100323170000 103 025 122 023 080 028 1625 091 023 088 044 1622 0000 0080 0084 1613 0080 1700 073 067 1610 078 0035 09984 10000 1606 09984 1700 0063 0069 1606 0063 1631 0069 0074 1601 0069 1645 0090 0102 0111 0115 0110 0108 0109 0138 //// 10220 ///// ///// ////
000000000000000000000000000000000000000000000000000000000000000000000000000000000000000000000000000000000000000000000000=
57156 331800 1113000 02503 02523 4
20100323170000 304 012 305 008 296 022 1601 265 008 271 031 1606 0000 0077 0079 1603 0077 1642 074 072 1603 078 0034 09918 09924 1601 09916 1638 0072 0073 1654 0067 1602 0067 0068 1601 0067 1653 0085 0094 0102 0107 0106 0112 0116 0143 //// 10227 ///// ///// ////
000000000000000000000000000000000000000000000000000000000000000000000000000000000000000000000000000000000000000000000000=
57271 323300 1122300 00879 00897 4
20100323170000 006 010 006 011 028 017 1635 068 010 035 032 1632 0000 0082 0085 1608 0082 1647 081 080 1606 088 0051 10112 10118 1609 10110 1634 0072 0075 1606 0070 1647 0076 0078 1601 0076 1700 0089 0099 0107 0113 0107 0108 0112 0139 //// 10223 ///// ///// ////
000000000000000000000000000000000000000000000000000000000000000000000000000000000000000000000000000000000000000000000000=
57261 330700 1113100 02330 02345 4
20100323170000 089 000 100 004 229 015 1620 051 004 214 020 1617 0000 0079 0081 1601 0079 1700 082 081 1641 087 0050 09932 09937 1602 09928 1631 0070 0073 1601 0070 1649 0076 0078 1608 0076 1647 0089 0099 0105 0108 0120 0123 0126 //// //// 10219 ///// ///// ////
000000000000000000000000000000000000000000000000000000000000000000000000000000000000000000000000000000000000000000000000=
57285 322300 1132500 01530 01492 4
20100323170000 064 016 058 017 052 019 1611 066 024 066 027 1611 0001 0062 0065 1601 0062 1700 083 081 1606 079 0035 10034 10046 1601 10034 1700 0054 0060 1601 0053 1636 0065 0068 1601 0065 1700 0081 0090 0097 0104 0108 0109 0108 0135 //// ///// ///// ///// ////
////////////////////////////////////////////////////////////////////////////////////////////////////////////////////////=
57273 324100 1125100 01095 01105 4
20100323170000 060 008 047 009 343 021 1628 066 010 358 035 1620 0000 0071 0077 1601 0071 1659 083 079 1601 084 0044 10083 10093 1609 10081 1655 0065 0069 1627 0065 1700 0075 0078 1601 0074 1657 0090 0100 0106 0112 0114 0112 0111 0136 //// 10220 ///// ///// ////
000000000000000000000000000000000000000000000000000000000000000000000000000000000000000000000000000000000000000000000000=
57187 330400 1125600 01180 01193 4
20100323170000 174 014 191 013 225 018 1607 175 017 231 024 1604 0000 0073 0078 1601 0073 1700 087 083 1601 089 0053 10060 10077 1602 10060 1700 0069 0073 1606 0068 1654 0077 0081 1601 0077 1700 0091 0097 0107 0111 0116 0111 0108 0132 //// 10207 ///// ///// ////
000000000000000000000000000000000000000000000000000000000000000000000000000000000000000000000000000000000000000000000000=
57178 330200 1123500 01292 01305 4
20100323170000 068 011 054 015 337 024 1619 130 009 007 041 1617 0000 0088 0088 1700 0085 1601 061 060 1650 069 0017 10060 10072 1601 10056 1650 0074 0077 1608 0073 1601 0076 0084 1601 0075 1653 0092 0102 0105 0106 0112 0109 0108 0132 0001 10220 ///// ///// ////
000000000000000000000000000000000000000000000000000000000000000000000000000000000000000000000000000000000000000000000000
080 010 000 /// //// /////////////////////ACP /// //// 6///1 0//// 7//// 1//// 2//// 3//// /// /// /// // 911// 915// 919// 934// 939//=
57169 330300 1115200 01591 01600 4
20100323170000 012 015 042 023 036 029 1613 012 012 046 045 1606 0000 0085 0088 1601 0084 1636 074 072 1656 082 0041 10028 10038 1601 10026 1651 0070 0077 1636 0069 1601 0074 0077 1624 0074 1655 0092 0102 0108 0112 0108 0106 0107 0133 //// 10225 ///// ///// ////
000000000000000000000000000000000000000000000000000000000000000000000000000000000000000000000000000000000000000000000000=
57176 332900 1122500 02311 02304 4
20100323170000 130 003 135 009 050 044 1601 125 008 068 063 1601 0000 0090 0094 1613 0090 1700 052 044 1624 060 -003 09938 09952 1601 09937 1656 0077 0086 1613 0077 1700 0074 0074 1601 0072 1613 0092 0103 0109 0114 0114 0113 0111 0130 //// 10219 ///// ///// ////
000000000000000000000000000000000000000000000000000000000000000000000000000000000000000000000000000000000000000000000000=
57179 331700 1130000 01604 01616 4
20100323170000 314 012 226 008 153 016 1639 336 014 170 023 1636 0000 0080 0080 1654 0077 1606 086 086 1658 092 0058 10018 10034 1608 10018 1658 0060 0066 1603 0060 1659 0075 0078 1601 0075 1659 0089 0097 0102 0105 0105 0104 0104 0132 //// 10216 ///// ///// ////
000000000000000000000000000000000000000000000000000000000000000000000000000000000000000000000000000000000000000000000000=
57274 324200 1120700 01076 01088 4
20100323170000 017 007 038 007 024 013 1636 004 005 021 024 1632 0000 0077 0083 1601 0077 1659 083 080 1601 087 0050 10086 10094 1606 10085 1654 0073 0076 1601 0072 1626 0082 0084 1601 0081 1626 0097 0104 0112 0117 0121 0118 0114 0140 //// 10220 ///// ///// ////
000000000000000000000000000000000000000000000000000000000000000000000000000000000000000000000000000000000000000000000000=
57065 343000 1121100 01949 01964 4
20100323170000 289 012 283 008 283 008 1700 288 013 279 018 1658 0000 0088 0091 1606 0088 1657 044 040 1601 050 -028 09981 09981 1700 09976 1623 0072 0073 1602 0072 1700 0073 0075 1601 0073 1658 0092 0102 0107 0110 0102 0103 0109 0138 //// 10220 ///// ///// ////
000000000000000000000000000000000000000000000000000000000000000000000000000000000000000000000000000000000000000000000000=
57074 342500 1122500 01973 01989 4
20100323170000 178 003 167 004 198 011 1616 133 003 209 020 1601 0000 0087 0091 1601 0086 1659 068 067 1604 076 0031 09977 09979 1602 09975 1651 0078 0082 1601 0078 1656 0075 0078 1602 0075 1700 0093 0102 0107 0109 0106 0103 0101 0125 //// 10219 ///// ///// ////
000000000000000000000000000000000000000000000000000000000000000000000000000000000000000000000000000000000000000000000000=
57070 344400 1120700 03640 03595 4
20100323170000 015 018 007 021 000 023 1655 012 019 358 027 1649 0000 0079 0082 1606 0077 1641 043 039 1605 046 -039 09786 09787 1657 09779 1616 0069 0074 1617 0067 1634 0061 0064 1601 0061 1655 0078 0089 0095 0096 0093 0091 0094 0122 //// 10221 ///// ///// ////
000000000000000000000000000000000000000000000000000000000000000000000000000000000000000000000000000000000000000000000000=
57162 340900 1120500 03258 03275 4
20100323170000 225 005 241 006 226 014 1604 232 005 187 024 1602 0000 0078 0079 1601 0078 1700 060 060 1700 063 0005 09820 09827 1601 09820 1700 0065 0070 1601 0063 1628 0064 0065 1626 0064 1605 0079 0089 0096 0100 0097 0097 0100 0132 //// 10217 ///// ///// ////
000000000000000000000000000000000000000000000000000000000000000000000000000000000000000000000000000000000000000000000000=
57078 340900 1122800 03365 03340 4
20100323170000 241 006 229 009 206 012 1601 234 007 246 015 1656 0000 0075 0079 1601 0074 1650 065 063 1601 067 0014 09812 09818 1610 09812 1651 0061 0066 1602 0060 1649 0060 0061 1601 0059 1647 0074 0084 0091 0096 0098 0098 0096 0118 //// 10217 ///// ///// ////
000000000000000000000000000000000000000000000000000000000000000000000000000000000000000000000000000000000000000000000000=
57071 344900 1122600 03333 03332 4
20100323170000 263 010 276 011 046 021 1627 263 013 052 031 1624 0000 0082 0085 1633 0080 1607 039 037 1629 042 -049 09819 09820 1606 09811 1630 0063 0075 1631 0061 1611 0059 0061 1615 0059 1658 0079 0089 0094 0097 0092 0088 0090 0119 //// 10222 ///// ///// ////
000000000000000000000000000000000000000000000000000000000000000000000000000000000000000000000000000000000000000000000000=
57066 342300 1114000 03283 03298 4
20100323170000 322 011 306 011 302 014 1654 336 021 319 025 1648 0000 0085 0085 1700 0083 1608 051 051 1656 057 -011 09819 09822 1646 09818 1605 0067 0068 1657 0064 1608 0064 0065 1601 0064 1700 0080 0089 0095 0097 0094 0091 0089 0116 //// 10218 ///// ///// ////
000000000000000000000000000000000000000000000000000000000000000000000000000000000000000000000000000000000000000000000000=
57077 334700 1113900 07424 07388 4
20100323170000 228 016 243 013 076 013 1610 226 013 229 019 1659 0000 0041 0042 1601 0041 1642 078 076 1601 064 0006 09350 09354 1602 09346 1642 0032 0034 1602 0032 1655 0038 0039 1601 0038 1624 0049 0058 0064 0070 0085 0088 0090 0116 //// 10236 ///// ///// ////
000000000000000000000000000000000000000000000000000000000000000000000000000000000000000000000000000000000000000000000000=
57183 334800 1135500 00600 00615 4
20100323170000 215 020 216 020 189 029 1632 212 019 192 041 1629 0000 0076 0078 1602 0076 1700 089 089 1700 093 0059 10141 10150 1602 10141 1700 0070 0072 1647 0069 1613 0081 0085 1601 0081 1700 0094 0101 0106 0108 0104 0099 0096 0123 //// 10217 ///// ///// ////
000000000000000000000000000000000000000000000000000000000000000000000000000000000000000000000000000000000000000000000000=
57186 333600 1140300 00587 00598 4
20100323170000 167 028 177 023 177 023 1700 161 033 161 033 1700 0000 0078 0083 1604 0076 1644 085 084 1601 090 0054 10144 10154 1601 10144 1700 0070 0075 1603 0068 1628 0081 0083 1601 0081 1630 0094 0102 0106 0109 0106 0102 0101 0134 //// 10218 ///// ///// ////
000000000000000000000000000000000000000000000000000000000000000000000000000000000000000000000000000000000000000000000000=
57096 343200 1144700 00597 00607 4
20100323170000 146 016 146 018 148 026 1649 155 011 138 035 1646 0000 0083 0087 1601 0083 1700 068 065 1601 074 0027 10135 10146 1601 10134 1653 0075 0079 1601 0075 1700 0070 0073 1601 0070 1700 0085 0097 0102 0104 0102 0098 0100 0128 //// 10209 ///// ///// ////
000000000000000000000000000000000000000000000000000000000000000000000000000000000000000000000000000000000000000000000000=
57091 344700 1141800 00737 00748 4
20100323170000 157 024 143 026 142 031 1614 147 021 138 046 1603 0000 0096 0101 1601 0096 1700 053 048 1601 063 0005 10122 10130 1601 10122 1700 0081 0085 1612 0081 1659 0081 0083 1604 0081 1659 0094 0102 0106 0100 0103 0100 0100 0123 //// 10214 ///// ///// ////
000000000000000000000000000000000000000000000000000000000000000000000000000000000000000000000000000000000000000000000000=
53978 350500 1123800 01401 01409 4
20100323170000 315 015 315 015 315 015 1700 313 016 310 021 1657 0000 0096 0096 1700 0085 1601 041 041 1659 049 -030 10047 10049 1603 10040 1628 0069 0069 1659 0060 1610 0074 0077 1602 0074 1700 0092 0102 0105 0109 0094 0091 0095 0125 //// 10219 ///// ///// ////
000000000000000000000000000000000000000000000000000000000000000000000000000000000000000000000000000000000000000000000000=
53984 351400 1132800 00827 00837 4
20100323170000 020 012 042 010 042 010 1700 012 014 012 014 1700 0000 0078 0084 1610 0077 1650 060 053 1620 063 0005 10110 10119 1601 10108 1651 0059 0061 1630 0056 1658 0071 0074 1602 0071 1648 0092 0100 0101 0104 0097 0094 0094 0120 //// 10213 ///// ///// ////
000000000000000000000000000000000000000000000000000000000000000000000000000000000000000000000000000000000000000000000000=
53987 350600 1132500 00910 00918 4
20100323170000 024 006 025 007 084 012 1617 023 006 085 014 1615 0000 0093 0095 1642 0088 1612 053 049 1637 062 0002 10099 10108 1601 10098 1654 0071 0078 1637 0069 1610 0080 0083 1601 0080 1659 0094 0102 0106 0109 0101 0097 0099 0127 //// 10211 ///// ///// ////
000000000000000000000000000000000000000000000000000000000000000000000000000000000000000000000000000000000000000000000000=
57079 345700 1130200 01064 01069 4
20100323170000 002 005 023 005 357 014 1627 004 007 359 017 1625 0000 0083 0092 1633 0083 1700 064 049 1628 070 0019 10082 10084 1601 10077 1641 0067 0075 1636 0067 1700 0071 0074 1604 0071 1644 0089 0095 0100 0102 0099 0095 0094 0120 //// 10213 ///// ///// ////
000000000000000000000000000000000000000000000000000000000000000000000000000000000000000000000000000000000000000000000000=
57072 345500 1124500 01275 01285 4
20100323170000 320 017 316 015 316 015 1700 316 017 327 021 1657 0000 0075 0078 1617 0074 1647 063 062 1613 065 0009 10061 10062 1608 10054 1635 0068 0068 1700 0058 1649 0065 0067 1601 0065 1700 0081 0092 0097 0099 0090 0086 0085 0113 //// 10218 ///// ///// ////
000000000000000000000000000000000000000000000000000000000000000000000000000000000000000000000000000000000000000000000000=
53982 351400 1131600 01120 01135 4
20100323170000 014 000 058 005 085 010 1651 012 004 085 019 1649 0000 0100 0106 1624 0100 1700 042 034 1622 052 -023 10075 10081 1621 10071 1644 0070 0074 1604 0069 1617 0079 0082 1601 0079 1654 0099 0107 0112 0113 0100 0097 0099 0131 //// 10213 ///// ///// ////
000000000000000000000000000000000000000000000000000000000000000000000000000000000000000000000000000000000000000000000000=
53979 350900 1130500 01200 01211 4
20100323170000 327 012 345 011 064 012 1636 332 012 079 015 1634 0000 0095 0096 1601 0093 1616 043 041 1625 051 -024 10071 10074 1615 10063 1641 0074 0084 1637 0069 1603 0065 0067 1636 0065 1650 0092 0102 0109 0110 0098 0098 0103 0132 //// 10219 ///// ///// ////
000000000000000000000000000000000000000000000000000000000000000000000000000000000000000000000000000000000000000000000000=
53974 353700 1141100 00723 00739 4
20100323170000 221 013 228 012 227 013 1649 209 015 229 022 1659 0000 0106 0108 1601 0104 1631 044 041 1602 056 -011 10121 10132 1601 10121 1700 0075 0081 1601 0068 1632 0081 0084 1601 0081 1700 0096 0106 0111 0110 0092 0089 0096 0124 //// 10211 ///// ///// ////
000000000000000000000000000000000000000000000000000000000000000000000000000000000000000000000000000000000000000000000000=
53990 354300 1141900 00795 00805 4
20100323170000 193 025 202 024 202 024 1700 198 026 223 027 1605 0000 0084 0095 1601 0084 1700 059 051 1601 065 0009 10109 10122 1601 10109 1700 0076 0088 1601 0075 1651 0066 0074 1602 0066 1700 0093 0102 0102 0104 0092 0082 0081 0110 //// 10207 ///// ///// ////
000000000000000000000000000000000000000000000000000000000000000000000000000000000000000000000000000000000000000000000000=
53993 355600 1145500 00516 00524 4
20100323170000 219 007 213 007 200 012 1628 225 006 203 020 1624 0000 0082 0094 1601 0082 1700 054 049 1601 059 -005 10148 10154 1607 10148 1700 0052 0078 1601 0052 1700 0050 0062 1601 0050 1700 0077 0090 0093 0091 0085 0073 0073 0108 //// 10212 ///// ///// ////
000000000000000000000000000000000000000000000000000000000000000000000000000000000000000000000000000000000000000000000000=
53889 360400 1134900 03068 03086 4
20100323170000 265 005 239 000 263 008 1601 269 005 190 012 1618 0000 0070 0082 1601 0070 1700 044 040 1601 044 -044 09838 09846 1601 09836 1654 0032 0061 1615 0024 1642 0051 0059 1601 0046 1643 0073 0087 0095 0100 0083 0073 0087 0098 //// 10211 ///// ///// ////
000000000000000000000000000000000000000000000000000000000000000000000000000000000000000000000000000000000000000000000000=
53995 353300 1143000 00625 00645 4
20100323170000 193 013 184 014 172 019 1651 192 011 164 030 1648 0000 0090 0090 1626 0086 1610 055 055 1654 063 0005 10133 10137 1611 10133 1651 0079 0081 1652 0071 1601 0077 0078 1636 0077 1607 0097 0108 0108 0108 0091 0085 0085 0116 //// 10212 ///// ///// ////
000000000000000000000000000000000000000000000000000000000000000000000000000000000000000000000000000000000000000000000000=
NNNN
