57090 344300 1135800 00781 00802 4
20100323140000 068 006 023 010 037 013 1312 097 004 026 020 1310 0000 0106 0107 1332 0103 1347 046 042 1307 059 -005 10130 10130 1400 10127 1301 0077 0082 1333 0067 1307 0081 0082 1303 0080 1347 0098 0108 0109 0109 0100 0092 0085 0119 //// 10228 ///// ///// ////
000000000000000000000000000000000000000000000000000000000000000000000000000000000000000000000000000000000000000000000000=
57083 344300 1133900 01104 01116 4
20100323140000 095 026 089 024 083 027 1351 098 024 090 040 1345 0000 0108 0114 1301 0108 1400 037 032 1301 048 -033 10090 10092 1318 10089 1301 0064 0064 1400 0045 1329 0079 0081 1301 0074 1344 0098 0106 0109 0111 0098 0098 0102 0126 0001 10227 ///// ///// ////
000000000000000000000000000000000000000000000000000000000000000000000000000000000000000000000000000000000000000000000000
120 10- 000 /// //// //////////////////CIEACR /// //// 6///1 0//// 7//// 1//// 2//// 3//// /// /// /// // 911// 915// 919// 934// 939//=
57086 342300 1134300 01166 01168 4
20100323140000 046 022 041 027 040 028 1358 046 021 040 039 1350 0000 0091 0097 1327 0090 1349 044 040 1324 051 -025 10085 10086 1322 10083 1301 0083 0083 1353 0067 1310 0077 0081 1303 0076 1359 0094 0103 0106 0106 0099 0095 0092 0116 //// 10229 ///// ///// ////
000000000000000000000000000000000000000000000000000000000000000000000000000000000000000000000000000000000000000000000000=
57085 343200 1132000 02599 02648 4
20100323140000 063 011 072 014 087 021 1326 074 006 085 039 1324 0000 0095 0098 1336 0094 1359 036 034 1338 043 -048 09903 09906 1346 09903 1400 0086 0092 1323 0086 1345 0073 0078 1301 0073 1339 0096 0106 0110 0108 0103 0097 0092 0121 //// 10224 ///// ///// ////
000000000000000000000000000000000000000000000000000000000000000000000000000000000000000000000000000000000000000000000000=
57081 344800 1132600 01409 01419 4
20100323140000 097 012 093 015 096 017 1356 068 010 111 029 1353 0000 0102 0102 1357 0100 1316 032 031 1353 040 -058 10053 10055 1310 10050 1336 0072 0073 1356 0056 1303 0071 0075 1301 0071 1349 0094 0105 0111 0107 0090 0092 0095 0117 //// 10227 ///// ///// ////
000000000000000000000000000000000000000000000000000000000000000000000000000000000000000000000000000000000000000000000000=
57084 343000 1130300 11784 11790 4
20100323140000 074 070 076 074 078 086 1344 065 073 077 108 1330 0000 0012 0014 1301 0012 1400 058 051 1301 039 -061 08853 08854 1316 08846 1331 0008 0011 1307 0007 1357 0003 0006 1301 0003 1329 0026 0050 0063 0066 0061 //// //// //// //// 10236 ///// ///// ////
000000000000000000000000000000000000000000000000000000000000000000000000000000000000000000000000000000000000000000000000=
57080 344400 1125800 01652 01661 4
20100323140000 035 014 045 010 118 018 1301 029 008 111 031 1314 0000 0104 0109 1301 0104 1400 030 027 1302 038 -064 10028 10028 1359 10020 1329 0085 0093 1301 0083 1356 0077 0080 1301 0077 1335 0098 0109 0112 0109 0093 0087 0087 0119 //// 10231 ///// ///// ////
000000000000000000000000000000000000000000000000000000000000000000000000000000000000000000000000000000000000000000000000=
57082 342800 1130100 04271 04284 4
20100323140000 073 025 091 018 131 019 1339 097 030 066 040 1322 0000 0086 0089 1301 0085 1352 031 028 1302 035 -076 09712 09714 1317 09709 1332 0074 0077 1307 0067 1322 0057 0060 1301 0056 1355 0078 0092 0100 0103 0098 0099 0099 //// //// 10228 ///// ///// ////
000000000000000000000000000000000000000000000000000000000000000000000000000000000000000000000000000000000000000000000000=
57295 323700 1142100 00785 00802 4
20100323140000 073 017 070 020 070 020 1400 077 018 077 033 1354 0000 0059 0061 1345 0059 1400 082 080 1305 076 0031 10124 10132 1325 10122 1352 0052 0057 1331 0052 1400 0066 0069 1301 0066 1358 0087 0092 0096 0101 0103 0103 0101 0128 //// 10224 ///// ///// ////
000000000000000000000000000000000000000000000000000000000000000000000000000000000000000000000000000000000000000000000000=
57189 330800 1135700 00646 00655 4
20100323140000 024 003 046 009 063 013 1356 046 001 057 015 1352 0000 0073 0076 1301 0073 1400 093 091 1311 095 0062 10141 10149 1309 10137 1352 0071 0073 1304 0071 1359 0080 0083 1306 0080 1354 0092 0098 0102 0104 0099 0097 0097 0122 //// 10222 ///// ///// ////
000000000000000000000000000000000000000000000000000000000000000000000000000000000000000000000000000000000000000000000000=
57194 331700 1141600 00598 00609 4
20100323140000 075 010 073 010 073 010 1400 085 008 071 013 1356 0000 0078 0079 1316 0076 1334 088 085 1312 093 0059 10146 10154 1315 10146 1354 0070 0070 1400 0067 1305 0078 0080 1305 0078 1400 0093 0098 0101 0102 0096 0096 0096 0126 //// 10222 ///// ///// ////
000000000000000000000000000000000000000000000000000000000000000000000000000000000000000000000000000000000000000000000000=
57197 330000 1142000 00489 00545 4
20100323140000 127 027 130 024 132 024 1359 142 018 136 035 1356 0000 0067 0069 1301 0067 1357 089 089 1309 087 0050 10153 10164 1312 10152 1357 0060 0060 1352 0058 1332 0071 0074 1315 0071 1400 0086 0093 0097 0097 0104 0102 0099 0125 //// 10221 ///// ///// ////
000000000000000000000000000000000000000000000000000000000000000000000000000000000000000000000000000000000000000000000000=
57294 325000 1140100 00836 00846 4
20100323140000 154 018 139 023 130 030 1351 184 013 142 038 1349 0000 0063 0068 1307 0063 1400 094 092 1320 090 0054 10118 10123 1324 10112 1350 0064 0069 1311 0064 1400 0069 0073 1310 0069 1400 0083 0092 0098 0101 0103 0108 0101 0118 //// 10223 ///// ///// ////
000000000000000000000000000000000000000000000000000000000000000000000000000000000000000000000000000000000000000000000000=
57292 325800 1143800 00444 00453 4
20100323140000 000 000 000 000 057 004 1301 105 000 102 001 1358 0000 0062 0063 1301 0061 1338 086 085 1301 081 0040 10174 10179 1323 10169 1301 0059 0060 1338 0057 1304 0070 0070 1359 0068 1301 0083 0092 0098 0105 0105 0105 0104 0133 //// 10231 ///// ///// ////
000000000000000000000000000000000000000000000000000000000000000000000000000000000000000000000000000000000000000000000000=
57195 333700 1143700 00466 00476 4
20100323140000 242 008 236 007 235 010 1335 220 010 223 016 1332 0000 0086 0089 1301 0086 1400 081 080 1301 090 0055 10169 10173 1340 10168 1305 0081 0084 1323 0078 1348 0080 0083 1301 0080 1400 0091 0101 0107 0108 0103 0098 0101 0142 //// 10228 ///// ///// ////
000000000000000000000000000000000000000000000000000000000000000000000000000000000000000000000000000000000000000000000000=
57193 334700 1143100 00526 00541 4
20100323140000 140 017 159 013 159 013 1400 133 011 164 025 1359 0000 0088 0094 1302 0088 1400 083 077 1307 094 0061 10160 10164 1333 10160 1400 0078 0081 1301 0077 1324 0085 0089 1301 0085 1400 0100 0106 0110 0110 0105 0101 0104 0131 //// 10227 ///// ///// ////
000000000000000000000000000000000000000000000000000000000000000000000000000000000000000000000000000000000000000000000000=
57196 332800 1145200 00420 00428 4
20100323140000 191 015 179 012 159 024 1318 200 017 189 031 1345 0000 0071 0081 1301 0071 1400 086 079 1301 087 0049 10178 10180 1346 10175 1310 0068 0078 1301 0068 1400 0074 0079 1301 0074 1400 0090 0099 0101 0101 0103 0099 0103 0131 //// 10231 ///// ///// ////
000000000000000000000000000000000000000000000000000000000000000000000000000000000000000000000000000000000000000000000000=
57099 340400 1145100 00526 00536 4
20100323140000 115 020 112 015 112 015 1400 130 033 130 033 1400 0000 0095 0098 1301 0095 1400 079 075 1302 094 0060 10164 10166 1342 10163 1301 0083 0085 1349 0071 1313 0082 0083 1336 0080 1317 0095 0102 0102 0102 0100 0094 0097 0131 //// 10230 ///// ///// ////
000000000000000000000000000000000000000000000000000000000000000000000000000000000000000000000000000000000000000000000000=
58101 335200 1152900 00413 00428 4
20100323140000 068 007 068 005 106 007 1303 074 007 066 011 1356 0000 0070 0082 1301 0070 1400 090 084 1332 090 0055 10179 10182 1321 10177 1302 0059 0070 1301 0059 1357 0069 0075 1301 0069 1400 0092 0096 0099 0101 0100 0098 0098 0131 //// 10232 ///// ///// ////
000000000000000000000000000000000000000000000000000000000000000000000000000000000000000000000000000000000000000000000000=
57192 334400 1145100 00455 00466 4
20100323140000 160 013 151 012 137 015 1338 153 015 122 032 1336 0000 0089 0093 1303 0089 1400 077 077 1400 088 0051 10174 10175 1340 10171 1317 0080 0085 1304 0079 1332 0080 0086 1302 0079 1344 0095 0107 0111 0111 0109 0106 0106 0141 //// 10232 ///// ///// ////
000000000000000000000000000000000000000000000000000000000000000000000000000000000000000000000000000000000000000000000000=
57098 340500 1142400 00583 00593 4
20100323140000 135 012 146 011 146 011 1400 133 013 192 016 1323 0000 0092 0095 1340 0092 1400 085 075 1301 099 0068 10151 10155 1345 10151 1400 0081 0083 1335 0080 1311 0087 0090 1301 0087 1400 0095 0101 0104 0106 0102 0096 0096 0129 //// 10224 ///// ///// ////
000000000000000000000000000000000000000000000000000000000000000000000000000000000000000000000000000000000000000000000000=
57190 334500 1142400 00505 00516 4
20100323140000 141 021 147 020 147 020 1400 141 020 132 025 1357 0000 0080 0088 1301 0080 1400 090 088 1303 096 0065 10160 10165 1332 10160 1400 0077 0082 1304 0077 1400 0079 0085 1301 0079 1400 0094 0101 0105 0105 0100 0097 0100 0130 //// 10224 ///// ///// ////
000000000000000000000000000000000000000000000000000000000000000000000000000000000000000000000000000000000000000000000000=
57182 335100 1133000 00805 00814 4
20100323140000 016 010 023 009 063 010 1344 018 009 071 012 1338 0000 0089 0093 1301 0089 1400 072 062 1301 082 0041 10121 10124 1305 10121 1400 0076 0079 1341 0075 1303 0084 0086 1315 0084 1400 0100 0110 0115 0113 0108 0104 0106 0139 //// 10221 ///// ///// ////
000000000000000000000000000000000000000000000000000000000000000000000000000000000000000000000000000000000000000000000000=
57296 322100 1144400 00489 00501 4
20100323140000 085 029 080 030 078 032 1358 020 031 071 059 1353 0000 0063 0063 1400 0061 1301 083 083 1400 079 0036 10159 10165 1315 10159 1400 0055 0055 1354 0054 1332 0059 0060 1319 0058 1336 0076 0090 0100 0106 0113 0111 0109 0131 //// 10222 ///// ///// ////
000000000000000000000000000000000000000000000000000000000000000000000000000000000000000000000000000000000000000000000000=
57390 314800 1140400 07335 07347 4
20100323140000 042 056 044 059 041 092 1307 354 046 059 185 1313 0001 0011 0011 1400 0010 1301 100 100 1400 066 0011 09331 09336 1343 09318 1301 0014 0014 1346 0013 1301 0020 0020 1357 0017 1306 0032 0044 0058 0069 0089 0095 //// //// //// 10219 ///// ///// ////
000001000000000000000000000000000000000000000000000000000000000000000000000000000000000000000000000000000000000000000000=
58207 321000 1150300 00428 00440 4
20100323140000 070 055 072 053 072 054 1356 062 053 062 085 1352 0000 0062 0063 1301 0062 1400 084 083 1301 080 0037 10163 10168 1331 10162 1348 0055 0055 1338 0054 1352 0068 0069 1301 0068 1400 0054 0080 0088 0095 0112 0114 0112 0138 //// 10218 ///// ///// ////
000000000000000000000000000000000000000000000000000000000000000000000000000000000000000000000000000000000000000000000000=
58208 321000 1153700 00429 00439 4
20100323140000 084 029 088 033 091 038 1345 070 046 073 061 1312 0000 0061 0061 1400 0059 1307 077 077 1400 072 0024 10173 10173 1400 10161 1306 0055 0055 1400 0054 1308 0059 0060 1301 0059 1400 0069 0082 0090 0099 0110 0113 0111 0140 //// 10228 ///// ///// ////
000000000000000000000000000000000000000000000000000000000000000000000000000000000000000000000000000000000000000000000000=
53997 350900 1141100 00711 00723 4
20100323140000 107 017 104 017 108 026 1310 104 016 107 040 1307 0000 0104 0109 1301 0104 1400 047 040 1301 059 -004 10139 10142 1324 10137 1301 0075 0084 1307 0073 1354 0086 0089 1302 0086 1400 0104 0112 0113 0112 0093 0092 0096 0124 //// 10228 ///// ///// ////
000000000000000000000000000000000000000000000000000000000000000000000000000000000000000000000000000000000000000000000000=
53986 351900 1135300 00732 00740 4
20100323140000 099 011 090 008 090 008 1400 091 013 097 013 1359 0000 0096 0105 1302 0095 1355 052 044 1323 062 0002 10141 10141 1400 10135 1310 0064 0064 1400 0050 1349 0071 0080 1301 0069 1348 0100 0109 0112 0111 0097 0093 0097 0128 //// 10232 ///// ///// ////
000000000000000000000000000000000000000000000000000000000000000000000000000000000000000000000000000000000000000000000000=
53994 352300 1140400 00700 00712 4
20100323140000 086 007 084 009 073 013 1347 051 005 064 016 1345 0000 0106 0110 1301 0106 1400 043 040 1301 055 -015 10143 10144 1336 10137 1303 0076 0092 1304 0070 1326 0077 0082 1302 0076 1351 0103 0115 0117 0111 0093 0088 0093 0127 //// 10230 ///// ///// ////
000000000000000000000000000000000000000000000000000000000000000000000000000000000000000000000000000000000000000000000000=
53988 351600 1134000 00776 00784 4
20100323140000 315 009 319 009 351 012 1339 324 009 152 016 1302 0000 0095 0104 1301 0094 1345 044 039 1301 052 -021 10133 10133 1400 10124 1305 0051 0054 1311 0040 1341 0075 0083 1301 0071 1341 0106 0118 0118 0115 0092 0090 0098 0126 //// 10229 ///// ///// ////
000000000000000000000000000000000000000000000000000000000000000000000000000000000000000000000000000000000000000000000000=
53983 350200 1142500 00696 00708 4
20100323140000 115 017 104 015 109 016 1344 127 017 110 021 1359 0000 0098 0102 1320 0097 1349 060 057 1321 073 0024 10142 10144 1330 10140 1301 0088 0093 1333 0084 1301 0077 0079 1301 0077 1400 0091 0102 0106 0106 0088 0085 0087 0123 //// 10229 ///// ///// ////
000000000000000000000000000000000000000000000000000000000000000000000000000000000000000000000000000000000000000000000000=
53998 351200 1143900 00616 00625 4
20100323140000 115 018 125 020 132 021 1355 119 022 116 035 1353 0000 0104 0108 1301 0104 1400 052 048 1307 066 0010 10152 10153 1354 10151 1302 0089 0094 1301 0089 1359 0086 0089 1301 0086 1359 0101 0108 0109 0106 0098 0094 0095 0129 //// 10229 ///// ///// ////
000000000000000000000000000000000000000000000000000000000000000000000000000000000000000000000000000000000000000000000000=
57051 344800 1111200 04099 04117 4
20100323140000 109 026 105 025 098 035 1302 119 024 102 056 1302 0000 0095 0095 1301 0094 1343 031 031 1354 037 -068 09738 09739 1358 09725 1301 0080 0085 1307 0080 1400 0082 0086 1301 0082 1400 0100 0108 0111 0109 0092 0086 0085 0114 //// 10234 ///// ///// ////
000000000000000000000000000000000000000000000000000000000000000000000000000000000000000000000000000000000000000000000000=
57063 344600 1114600 05236 05236 4
20100323140000 155 013 137 012 060 014 1330 164 013 052 021 1345 0000 0072 0072 1400 0064 1319 037 037 1400 038 -065 09609 09609 1400 09596 1301 0047 0047 1400 0027 1306 0057 0057 1340 0052 1303 0078 0087 0089 0088 0075 0076 0082 0110 //// 10239 ///// ///// ////
000000000000000000000000000000000000000000000000000000000000000000000000000000000000000000000000000000000000000000000000=
57067 340300 1110200 05688 05699 4
20100323140000 000 000 336 004 274 010 1319 029 000 232 016 1318 0000 0062 0062 1317 0061 1333 071 069 1338 067 0013 09552 09552 1354 09532 1302 0063 0068 1301 0062 1340 0070 0073 1301 0070 1400 0086 0093 0095 0096 0092 0098 0094 0122 //// 10243 ///// ///// ////
000000000000000000000000000000000000000000000000000000000000000000000000000000000000000000000000000000000000000000000000=
57056 343200 1105300 03904 03909 4
20100323140000 154 008 146 012 164 024 1341 147 013 167 039 1324 0000 0100 0102 1343 0100 1400 034 031 1311 042 -051 09761 09762 1351 09746 1301 0081 0086 1341 0080 1315 0086 0090 1301 0086 1400 0101 0109 0109 0107 0090 0089 0092 0118 //// 10232 ///// ///// ////
000000000000000000000000000000000000000000000000000000000000000000000000000000000000000000000000000000000000000000000000=
58007 340400 1151800 00472 00532 4
20100323140000 141 006 118 007 156 009 1316 142 009 150 015 1315 0000 0086 0090 1301 0086 1347 081 080 1346 090 0055 10165 10168 1325 10163 1301 0075 0076 1358 0066 1332 0079 0082 1301 0077 1339 0097 0105 0107 0107 0103 0099 0101 0131 //// 10231 ///// ///// ////
000000000000000000000000000000000000000000000000000000000000000000000000000000000000000000000000000000000000000000000000=
58006 342300 1155300 00463 00506 4
20100323140000 142 014 142 010 142 010 1400 142 019 142 019 1400 0000 0069 0080 1312 0069 1400 072 063 1308 072 0022 10174 10178 1346 10174 1304 0051 0053 1301 0040 1335 0064 0070 1301 0063 1352 0082 0096 0100 0102 0095 0092 0096 0127 //// 10237 ///// ///// ////
000000000000000000000000000000000000000000000000000000000000000000000000000000000000000000000000000000000000000000000000=
58111 335800 1162700 00325 00325 4
20100323140000 099 012 089 009 110 018 1341 128 013 108 041 1337 0000 0078 0084 1307 0078 1400 062 060 1340 066 0010 10196 10196 1400 10192 1349 0046 0064 1302 0045 1358 0060 0069 1303 0060 1400 0080 0089 0094 0097 0097 0097 0103 0138 //// 10236 ///// ///// ////
000000000000000000000000000000000000000000000000000000000000000000000000000000000000000000000000000000000000000000000000=
58017 341500 1160800 00410 00420 4
20100323140000 091 013 092 014 090 020 1346 083 013 091 032 1342 0000 0085 0088 1323 0085 1400 057 057 1400 063 0005 10185 10185 1400 10177 1301 0059 0071 1325 0055 1357 0062 0070 1309 0062 1400 0085 0096 0100 0102 0099 0096 0101 0128 //// 10237 ///// ///// ////
000000000000000000000000000000000000000000000000000000000000000000000000000000000000000000000000000000000000000000000000=
58001 342600 1150600 00563 00569 4
20100323140000 119 022 113 023 113 023 1400 113 021 116 033 1355 0000 0089 0092 1327 0089 1356 064 062 1330 073 0025 10159 10163 1348 10157 1301 0081 0085 1327 0078 1311 0076 0078 1326 0076 1354 0086 0093 0096 0096 0090 0087 0093 0126 //// 10229 ///// ///// ////
000000000000000000000000000000000000000000000000000000000000000000000000000000000000000000000000000000000000000000000000=
58005 342700 1154000 00501 00511 4
20100323140000 119 013 122 011 122 011 1400 121 013 110 014 1358 0000 0078 0083 1301 0076 1340 066 064 1301 070 0019 10167 10170 1318 10167 1400 0049 0049 1400 0034 1312 0068 0068 1357 0064 1312 0087 0099 0101 0102 0098 0095 0102 0132 0000 10230 ///// ///// ////
000000000000000000000000000000000000000000000000000000000000000000000000000000000000000000000000000000000000000000000000
140 010 000 /// //// /////////////////////ASR /// //// 6///1 0//// 7//// 1//// 2//// 3//// /// /// /// // 911// 915// 919// 934// 939//=
58008 342800 1152000 00544 00592 4
20100323140000 103 015 097 009 107 020 1336 111 020 102 030 1324 0000 0085 0085 1301 0081 1317 064 062 1301 071 0021 10158 10160 1354 10155 1301 0064 0068 1349 0046 1307 0072 0074 1335 0069 1308 0082 0090 0095 0096 0094 0092 0097 0129 //// 10231 ///// ///// ////
000000000000000000000000000000000000000000000000000000000000000000000000000000000000000000000000000000000000000000000000=
58004 343900 1150900 00606 00616 4
20100323140000 127 011 128 014 117 018 1343 130 017 130 040 1338 0000 0094 0095 1304 0093 1354 059 056 1301 070 0018 10157 10157 1352 10150 1301 0081 0085 1347 0077 1319 0078 0081 1319 0078 1400 0094 0107 0106 0107 0101 0098 0101 0127 //// 10233 ///// ///// ////
000000000000000000000000000000000000000000000000000000000000000000000000000000000000000000000000000000000000000000000000=
54817 355900 1155200 00421 00434 4
20100323140000 000 000 138 004 051 011 1301 142 000 040 012 1301 0000 0080 0082 1346 0076 1302 061 054 1326 065 0009 10177 10177 1400 10174 1349 0057 0065 1334 0057 1356 0065 0065 1338 0063 1301 0082 0093 0096 0092 0080 0075 0087 0117 //// 10231 ///// ///// ////
000000000000000000000000000000000000000000000000000000000000000000000000000000000000000000000000000000000000000000000000=
54902 355400 1150700 00495 00499 4
20100323140000 122 006 111 005 095 006 1304 113 008 139 011 1356 0000 0088 0092 1301 0087 1348 057 051 1301 065 0008 10167 10167 1357 10163 1305 0064 0064 1400 0056 1347 0074 0079 1301 0074 1359 0098 0105 0105 0101 0081 0071 0079 0111 //// 10229 ///// ///// ////
000000000000000000000000000000000000000000000000000000000000000000000000000000000000000000000000000000000000000000000000=
54900 354200 1150100 00537 00541 4
20100323140000 154 004 143 008 135 014 1313 153 000 133 022 1310 0000 0093 0105 1301 0093 1400 052 044 1301 061 0000 10163 10163 1358 10159 1309 0056 0068 1304 0056 1400 0077 0082 1301 0077 1400 0101 0108 0108 0103 0088 0079 0082 0110 //// 10230 ///// ///// ////
000000000000000000000000000000000000000000000000000000000000000000000000000000000000000000000000000000000000000000000000=
54901 360500 1151000 00475 00478 4
20100323140000 113 018 121 017 125 023 1351 102 018 105 033 1309 0000 0095 0102 1317 0095 1359 039 032 1315 046 -038 10169 10170 1340 10168 1305 0082 0090 1315 0082 1400 0074 0078 1301 0074 1400 0090 0098 0100 0097 0085 0077 0075 0105 //// 10228 ///// ///// ////
000000000000000000000000000000000000000000000000000000000000000000000000000000000000000000000000000000000000000000000000=
54903 355100 1152900 00457 00506 4
20100323140000 134 004 132 004 083 010 1315 060 000 105 018 1311 0000 0101 0106 1317 0101 1400 039 035 1315 048 -032 10167 10167 1400 10165 1317 0087 0094 1314 0083 1356 0073 0076 1314 0073 1358 0090 0099 0100 0096 0082 0077 0089 0114 //// 10229 ///// ///// ////
000000000000000000000000000000000000000000000000000000000000000000000000000000000000000000000000000000000000000000000000=
57184 333800 1132200 00834 00847 4
20100323140000 145 012 148 011 131 015 1342 130 015 133 019 1337 0000 0088 0092 1301 0087 1349 085 082 1301 096 0064 10115 10117 1301 10113 1325 0089 0089 1359 0086 1330 0089 0093 1304 0089 1400 0104 0113 0115 0116 0101 0101 0102 0129 //// 10220 ///// ///// ////
000000000000000000000000000000000000000000000000000000000000000000000000000000000000000000000000000000000000000000000000=
57177 332000 1133200 00898 00913 4
20100323140000 121 016 120 014 111 017 1323 124 015 107 020 1321 0000 0075 0079 1301 0075 1400 089 086 1301 092 0058 10108 10113 1301 10108 1400 0073 0075 1301 0072 1352 0084 0087 1301 0084 1358 0076 0101 0098 0109 0106 0104 0103 0121 //// 10221 ///// ///// ////
000000000000000000000000000000000000000000000000000000000000000000000000000000000000000000000000000000000000000000000000=
57075 341000 1125200 02031 02043 4
20100323140000 053 014 050 015 026 018 1353 051 014 015 022 1337 0000 0079 0086 1307 0079 1400 080 066 1306 085 0047 09977 09980 1301 09976 1315 0069 0078 1307 0069 1359 0072 0079 1301 0072 1359 0093 0104 0108 0108 0105 0102 0094 0117 //// 10227 ///// ///// ////
000000000000000000000000000000000000000000000000000000000000000000000000000000000000000000000000000000000000000000000000=
57173 334500 1125300 01457 01468 4
20100323140000 350 019 351 018 022 019 1333 342 018 347 023 1354 0000 0087 0088 1301 0083 1332 064 064 1400 072 0023 10043 10043 1400 10041 1328 0081 0082 1309 0076 1336 0078 0081 1301 0078 1400 0097 0107 0112 0110 0105 0102 0103 0134 //// 10224 ///// ///// ////
000000000000000000000000000000000000000000000000000000000000000000000000000000000000000000000000000000000000000000000000=
57180 335900 1131200 01175 01186 4
20100323140000 006 010 014 009 016 012 1318 015 010 332 015 1325 0000 0087 0091 1337 0087 1400 074 068 1337 083 0043 10077 10080 1316 10076 1301 0070 0077 1339 0069 1356 0076 0081 1306 0076 1400 0092 0103 0108 0108 0100 0098 0100 0130 //// 10223 ///// ///// ////
000000000000000000000000000000000000000000000000000000000000000000000000000000000000000000000000000000000000000000000000=
57181 335300 1130300 01364 01380 4
20100323140000 000 000 357 006 350 016 1345 347 000 344 021 1345 0000 0088 0092 1328 0087 1301 070 066 1326 079 0036 10057 10059 1350 10057 1301 0074 0078 1321 0074 1354 0080 0084 1303 0080 1357 0095 0107 0111 0112 0103 0100 0101 0129 //// 10227 ///// ///// ////
000000000000000000000000000000000000000000000000000000000000000000000000000000000000000000000000000000000000000000000000=
57171 334600 1130700 01420 01430 4
20100323140000 350 026 347 024 347 024 1400 358 028 358 028 1400 0000 0089 0093 1301 0089 1400 071 068 1301 081 0039 10043 10044 1302 10043 1400 0083 0087 1301 0083 1400 0081 0083 1301 0081 1400 0097 0106 0111 0113 0113 0114 0113 0124 //// 10219 ///// ///// ////
000000000000000000000000000000000000000000000000000000000000000000000000000000000000000000000000000000000000000000000000=
57175 330300 1121400 01914 01922 4
20100323140000 038 005 020 004 314 007 1347 046 004 316 009 1343 0000 0078 0081 1301 0078 1352 092 086 1318 097 0066 09989 09991 1344 09987 1323 0072 0073 1313 0071 1343 0083 0084 1301 0083 1359 0099 0110 0116 0119 0110 0108 0109 0138 //// 10225 ///// ///// ////
000000000000000000000000000000000000000000000000000000000000000000000000000000000000000000000000000000000000000000000000=
57156 331800 1113000 02503 02523 4
20100323140000 260 014 242 014 244 015 1354 240 018 240 023 1350 0000 0081 0082 1301 0081 1353 073 072 1302 079 0036 09920 09920 1400 09912 1301 0070 0072 1302 0070 1359 0073 0074 1302 0073 1400 0092 0099 0106 0109 0106 0112 0116 0142 //// 10230 ///// ///// ////
000000000000000000000000000000000000000000000000000000000000000000000000000000000000000000000000000000000000000000000000=
57271 323300 1122300 00879 00897 4
20100323140000 348 002 327 003 345 018 1319 316 007 347 034 1317 0000 0083 0085 1315 0083 1400 081 080 1311 089 0052 10116 10116 1400 10110 1301 0071 0075 1327 0071 1400 0079 0080 1301 0079 1337 0093 0103 0111 0115 0107 0107 0112 0139 //// 10227 ///// ///// ////
000000000000000000000000000000000000000000000000000000000000000000000000000000000000000000000000000000000000000000000000=
57261 330700 1113100 02330 02345 4
20100323140000 321 002 241 000 332 008 1333 296 003 014 010 1327 0000 0080 0082 1301 0080 1400 086 084 1301 092 0058 09934 09934 1400 09925 1305 0076 0078 1305 0076 1400 0083 0084 1306 0083 1400 0095 0104 0109 0111 0120 0123 0126 //// //// 10222 ///// ///// ////
000000000000000000000000000000000000000000000000000000000000000000000000000000000000000000000000000000000000000000000000=
57285 322300 1132500 01530 01492 4
20100323140000 092 013 094 022 094 025 1357 327 008 046 049 1331 0000 0068 0070 1309 0068 1358 081 081 1301 080 0038 10042 10043 1356 10035 1329 0064 0066 1309 0064 1340 0071 0073 1307 0071 1359 0085 0094 0101 0106 0109 0109 0108 0135 //// ///// ///// ///// ////
////////////////////////////////////////////////////////////////////////////////////////////////////////////////////////=
57273 324100 1125100 01095 01105 4
20100323140000 000 000 030 003 071 021 1301 057 006 032 025 1303 0000 0073 0074 1328 0073 1347 082 082 1329 084 0044 10085 10086 1327 10081 1301 0068 0070 1321 0068 1400 0079 0081 1302 0079 1352 0094 0104 0110 0114 0114 0112 0110 0136 //// 10222 ///// ///// ////
000000000000000000000000000000000000000000000000000000000000000000000000000000000000000000000000000000000000000000000000=
57187 330400 1125600 01180 01193 4
20100323140000 130 015 133 014 133 014 1400 130 016 119 020 1358 0000 0080 0083 1301 0080 1400 085 084 1301 091 0056 10065 10067 1305 10064 1322 0078 0079 1308 0077 1354 0086 0089 1301 0086 1400 0098 0102 0111 0114 0117 0111 0108 0132 //// 10212 ///// ///// ////
000000000000000000000000000000000000000000000000000000000000000000000000000000000000000000000000000000000000000000000000=
57169 330300 1115200 01591 01600 4
20100323140000 213 005 192 005 119 016 1347 215 007 122 020 1346 0000 0081 0086 1301 0081 1349 093 090 1301 100 0070 10027 10028 1337 10024 1304 0088 0088 1359 0085 1327 0085 0088 1301 0085 1352 0101 0109 0114 0115 0108 0106 0107 0133 //// 10224 ///// ///// ////
000000000000000000000000000000000000000000000000000000000000000000000000000000000000000000000000000000000000000000000000=
57176 332900 1122500 02311 02304 4
20100323140000 255 005 265 005 142 012 1315 268 005 113 020 1315 0000 0088 0091 1304 0088 1400 079 076 1315 089 0054 09945 09945 1400 09941 1307 0079 0086 1326 0079 1400 0088 0091 1301 0088 1359 0103 0111 0115 0118 0114 0113 0111 0130 //// 10227 ///// ///// ////
000000000000000000000000000000000000000000000000000000000000000000000000000000000000000000000000000000000000000000000000=
57179 331700 1130000 01604 01616 4
20100323140000 065 016 079 020 088 022 1349 052 014 102 033 1355 0000 0083 0084 1322 0083 1400 082 082 1359 090 0054 10021 10024 1318 10020 1355 0073 0074 1339 0072 1306 0080 0083 1301 0080 1400 0095 0102 0106 0107 0105 0103 0104 0132 //// 10220 ///// ///// ////
000000000000000000000000000000000000000000000000000000000000000000000000000000000000000000000000000000000000000000000000=
57274 324200 1120700 01076 01088 4
20100323140000 172 001 000 000 271 007 1309 175 003 274 010 1305 0000 0082 0082 1357 0081 1325 078 077 1355 085 0046 10090 10091 1354 10087 1341 0076 0078 1326 0076 1359 0088 0089 1302 0088 1359 0102 0109 0116 0121 0121 0118 0114 0141 //// 10224 ///// ///// ////
000000000000000000000000000000000000000000000000000000000000000000000000000000000000000000000000000000000000000000000000=
57065 343000 1121100 01949 01964 4
20100323140000 267 003 273 010 089 012 1307 277 004 277 016 1356 0000 0098 0098 1400 0093 1327 038 037 1339 046 -038 09992 09993 1356 09979 1307 0073 0075 1301 0071 1321 0077 0078 1301 0074 1320 0100 0110 0114 0113 0101 0103 0109 0138 //// 10232 ///// ///// ////
000000000000000000000000000000000000000000000000000000000000000000000000000000000000000000000000000000000000000000000000=
57074 342500 1122500 01973 01989 4
20100323140000 227 003 208 005 216 009 1347 198 005 215 015 1339 0000 0096 0101 1301 0096 1350 064 063 1307 076 0031 09988 09988 1400 09979 1320 0081 0084 1354 0078 1317 0079 0084 1301 0079 1358 0101 0110 0113 0112 0106 0103 0101 0125 //// 10231 ///// ///// ////
000000000000000000000000000000000000000000000000000000000000000000000000000000000000000000000000000000000000000000000000=
57076 344400 1124700 01895 01901 4
20100323140000 052 035 047 036 075 043 1330 057 038 063 056 1314 0000 0100 0101 1306 0100 1400 034 032 1301 042 -051 09997 09999 1355 09988 1322 0092 0093 1331 0088 1301 0074 0074 1356 0070 1301 0085 0096 0101 0100 0092 0088 0088 0120 //// 10229 ///// ///// ////
000000000000000000000000000000000000000000000000000000000000000000000000000000000000000000000000000000000000000000000000=
57070 344400 1120700 03640 03595 4
20100323140000 022 024 022 023 058 025 1312 023 022 068 036 1319 0000 0083 0086 1301 0082 1341 041 038 1305 045 -042 09799 09799 1357 09786 1307 0074 0074 1313 0069 1330 0065 0065 1400 0060 1314 0085 0098 0101 0099 0093 0091 0094 0122 //// 10235 ///// ///// ////
000000000000000000000000000000000000000000000000000000000000000000000000000000000000000000000000000000000000000000000000=
57162 340900 1120500 03258 03275 4
20100323140000 005 005 350 007 344 010 1352 035 005 356 015 1352 0000 0084 0088 1301 0083 1342 055 051 1301 061 -001 09833 09833 1400 09823 1329 0060 0066 1326 0057 1316 0066 0072 1301 0065 1355 0085 0095 0101 0103 0097 0097 0100 0132 //// 10232 ///// ///// ////
000000000000000000000000000000000000000000000000000000000000000000000000000000000000000000000000000000000000000000000000=
57078 340900 1122800 03365 03340 4
20100323140000 360 013 355 013 355 013 1400 001 022 001 022 1400 0000 0076 0087 1301 0076 1359 062 054 1301 065 0008 09821 09821 1400 09816 1328 0058 0062 1301 0056 1339 0059 0065 1301 0059 1400 0081 0092 0097 0099 0098 0098 0096 0118 //// 10228 ///// ///// ////
000000000000000000000000000000000000000000000000000000000000000000000000000000000000000000000000000000000000000000000000=
57071 344900 1122600 03333 03332 4
20100323140000 353 022 350 023 006 027 1328 009 019 026 042 1327 0000 0086 0089 1301 0085 1353 037 035 1301 041 -053 09831 09831 1349 09821 1302 0075 0077 1301 0071 1327 0064 0065 1301 0059 1326 0086 0098 0102 0101 0092 0088 0090 0119 //// 10235 ///// ///// ////
000000000000000000000000000000000000000000000000000000000000000000000000000000000000000000000000000000000000000000000000=
57066 342300 1114000 03283 03298 4
20100323140000 048 006 052 009 046 015 1342 004 006 049 035 1339 0000 0094 0095 1347 0093 1325 043 043 1400 051 -025 09836 09836 1400 09815 1303 0075 0078 1343 0064 1324 0068 0068 1400 0062 1334 0087 0098 0101 0100 0094 0091 0089 0116 //// 10237 ///// ///// ////
000000000000000000000000000000000000000000000000000000000000000000000000000000000000000000000000000000000000000000000000=
57077 334700 1113900 07424 07388 4
20100323140000 240 011 277 009 056 029 1301 232 013 111 039 1322 0000 0049 0053 1311 0049 1400 068 060 1310 059 -005 09355 09355 1358 09346 1341 0028 0035 1324 0028 1400 0036 0040 1315 0036 1400 0053 0063 0067 0071 0085 0088 0090 0116 //// 10243 ///// ///// ////
000000000000000000000000000000000000000000000000000000000000000000000000000000000000000000000000000000000000000000000000=
57183 334800 1135500 00600 00615 4
20100323140000 165 001 000 000 216 015 1309 164 001 220 021 1307 0000 0085 0089 1301 0085 1400 088 086 1306 098 0066 10144 10147 1319 10144 1355 0075 0079 1302 0073 1348 0089 0093 1301 0089 1400 0102 0108 0111 0111 0104 0099 0096 0123 //// 10220 ///// ///// ////
000000000000000000000000000000000000000000000000000000000000000000000000000000000000000000000000000000000000000000000000=
57186 333600 1140300 00587 00598 4
20100323140000 115 009 130 010 190 014 1340 105 012 192 017 1334 0000 0087 0088 1301 0084 1336 083 083 1400 093 0060 10147 10153 1316 10147 1400 0076 0078 1315 0073 1340 0088 0091 1301 0088 1400 0101 0109 0111 0112 0106 0102 0101 0133 //// 10221 ///// ///// ////
000000000000000000000000000000000000000000000000000000000000000000000000000000000000000000000000000000000000000000000000=
57191 342900 1142900 00634 00642 4
20100323140000 098 018 103 016 103 016 1400 071 020 106 025 1359 0000 0099 0103 1301 0099 1400 059 056 1301 072 0023 10150 10154 1342 10147 1301 0090 0093 1325 0089 1337 0078 0081 1301 0078 1334 0091 0095 0098 0098 0096 0092 0094 0124 //// 10229 ///// ///// ////
000000000000000000000000000000000000000000000000000000000000000000000000000000000000000000000000000000000000000000000000=
57096 343200 1144700 00597 00607 4
20100323140000 133 016 131 016 128 022 1323 138 017 138 032 1301 0000 0093 0097 1301 0093 1400 061 058 1301 071 0022 10152 10153 1349 10149 1301 0085 0089 1308 0085 1358 0078 0081 1301 0078 1350 0094 0106 0108 0107 0102 0098 0100 0128 //// 10227 ///// ///// ////
000000000000000000000000000000000000000000000000000000000000000000000000000000000000000000000000000000000000000000000000=
57091 344700 1141800 00737 00748 4
20100323140000 078 020 079 020 096 023 1311 071 024 094 039 1303 0000 0107 0110 1309 0107 1400 047 046 1304 060 -001 10138 10140 1334 10134 1301 0084 0087 1310 0076 1341 0083 0086 1309 0081 1342 0101 0110 0111 0103 0103 0100 0100 0123 //// 10230 ///// ///// ////
000000000000000000000000000000000000000000000000000000000000000000000000000000000000000000000000000000000000000000000000=
53978 350500 1123800 01401 01409 4
20100323140000 115 003 104 003 085 015 1301 105 004 066 026 1306 0000 0100 0104 1324 0100 1400 036 034 1311 044 -044 10057 10058 1346 10049 1301 0068 0083 1324 0068 1400 0083 0083 1329 0081 1303 0101 0112 0113 0114 0093 0091 0095 0125 //// 10229 ///// ///// ////
000000000000000000000000000000000000000000000000000000000000000000000000000000000000000000000000000000000000000000000000=
53987 350600 1132500 00910 00918 4
20100323140000 008 011 008 012 356 015 1350 001 010 358 021 1346 0000 0100 0102 1301 0096 1327 047 045 1340 058 -008 10120 10120 1400 10113 1306 0085 0088 1353 0068 1324 0083 0088 1305 0082 1348 0102 0111 0114 0114 0101 0097 0099 0127 //// 10233 ///// ///// ////
000000000000000000000000000000000000000000000000000000000000000000000000000000000000000000000000000000000000000000000000=
57079 345700 1130200 01064 01069 4
20100323140000 008 016 016 017 034 021 1348 018 016 013 025 1347 0000 0089 0092 1301 0087 1321 052 049 1336 059 -004 10099 10099 1400 10089 1325 0079 0081 1355 0065 1311 0074 0074 1400 0068 1330 0096 0104 0107 0106 0099 0095 0094 0120 //// 10230 ///// ///// ////
000000000000000000000000000000000000000000000000000000000000000000000000000000000000000000000000000000000000000000000000=
53972 350700 1125500 01196 01210 4
20100323140000 098 009 079 007 012 010 1346 099 010 024 017 1303 0000 0102 0107 1315 0102 1400 038 035 1301 047 -035 10083 10084 1347 10077 1311 0061 0070 1346 0060 1301 0085 0087 1314 0085 1301 0105 0115 0120 0119 0098 0097 0108 0136 //// 10231 ///// ///// ////
000000000000000000000000000000000000000000000000000000000000000000000000000000000000000000000000000000000000000000000000=
57072 345500 1124500 01275 01285 4
20100323140000 068 004 014 008 339 016 1345 119 000 338 021 1340 0000 0088 0092 1301 0088 1400 053 043 1307 060 -002 10075 10076 1350 10066 1313 0071 0080 1346 0066 1317 0070 0070 1302 0068 1319 0088 0101 0104 0103 0090 0086 0085 0113 //// 10233 ///// ///// ////
000000000000000000000000000000000000000000000000000000000000000000000000000000000000000000000000000000000000000000000000=
53982 351400 1131600 01120 01135 4
20100323140000 132 006 126 005 100 009 1303 133 008 116 013 1302 0000 0105 0112 1301 0105 1400 036 032 1307 046 -039 10091 10091 1400 10085 1301 0078 0081 1301 0077 1347 0088 0089 1301 0086 1311 0109 0117 0119 0117 0099 0096 0099 0131 //// 10230 ///// ///// ////
000000000000000000000000000000000000000000000000000000000000000000000000000000000000000000000000000000000000000000000000=
53979 350900 1130500 01200 01211 4
20100323140000 068 006 065 008 067 012 1327 068 006 070 014 1325 0000 0105 0106 1339 0101 1307 038 033 1334 048 -032 10085 10085 1400 10079 1312 0081 0088 1328 0072 1314 0073 0073 1345 0069 1301 0101 0111 0116 0113 0098 0098 0103 0132 //// 10233 ///// ///// ////
000000000000000000000000000000000000000000000000000000000000000000000000000000000000000000000000000000000000000000000000=
53974 353700 1141100 00723 00739 4
20100323140000 322 004 014 003 311 010 1339 308 003 313 019 1336 0000 0111 0112 1347 0111 1357 034 033 1332 045 -042 10140 10143 1338 10137 1301 0069 0083 1313 0069 1356 0089 0093 1301 0089 1400 0108 0118 0119 0115 0091 0089 0096 0124 //// 10231 ///// ///// ////
000000000000000000000000000000000000000000000000000000000000000000000000000000000000000000000000000000000000000000000000=
53990 354300 1141900 00795 00805 4
20100323140000 268 008 242 009 109 014 1301 271 007 114 016 1301 0000 0093 0094 1301 0088 1319 047 046 1331 055 -014 10132 10132 1400 10129 1301 0083 0085 1301 0080 1331 0080 0085 1301 0080 1400 0104 0112 0109 0107 0091 0082 0081 0111 //// 10231 ///// ///// ////
000000000000000000000000000000000000000000000000000000000000000000000000000000000000000000000000000000000000000000000000=
53991 355600 1142100 00743 00753 4
20100323140000 166 009 143 008 147 011 1337 209 009 164 018 1326 0000 0105 0108 1301 0105 1400 034 031 1301 043 -047 10139 10139 1400 10134 1323 0090 0096 1301 0086 1358 0083 0088 1301 0083 1400 0103 0112 0108 0107 0087 0081 0086 0118 //// 10232 ///// ///// ////
000000000000000000000000000000000000000000000000000000000000000000000000000000000000000000000000000000000000000000000000=
53993 355600 1145500 00516 00524 4
20100323140000 139 014 137 012 118 015 1301 144 011 116 020 1303 0000 0096 0102 1301 0096 1400 050 040 1304 060 -003 10160 10163 1335 10160 1400 0080 0091 1304 0079 1353 0075 0078 1301 0075 1400 0092 0101 0100 0095 0083 0073 0073 0108 //// 10225 ///// ///// ////
000000000000000000000000000000000000000000000000000000000000000000000000000000000000000000000000000000000000000000000000=
53889 360400 1134900 03068 03086 4
20100323140000 237 009 234 009 221 010 1308 235 009 212 014 1350 0000 0097 0101 1301 0097 1400 034 030 1303 041 -054 09858 09859 1351 09853 1306 0085 0090 1306 0076 1338 0086 0091 1301 0086 1400 0100 0108 0112 0113 0082 0073 0086 0098 //// 10232 ///// ///// ////
000000000000000000000000000000000000000000000000000000000000000000000000000000000000000000000000000000000000000000000000=
53995 353300 1143000 00625 00645 4
20100323140000 128 014 138 011 102 019 1311 128 010 116 026 1306 0000 0101 0108 1307 0101 1400 045 037 1304 056 -013 10147 10152 1350 10145 1306 0090 0100 1327 0086 1355 0090 0094 1301 0090 1400 0112 0120 0118 0114 0091 0085 0085 0116 //// 10226 ///// ///// ////
000000000000000000000000000000000000000000000000000000000000000000000000000000000000000000000000000000000000000000000000=
NNNN
