57090 344300 1135800 00781 00802 4
20100323080000 046 039 036 034 028 042 0733 026 030 057 081 0720 0000 0134 0134 0800 0130 0708 026 022 0745 040 -057 10090 10093 0743 10089 0702 0174 0190 0712 0161 0747 0193 0210 0714 0186 0746 0150 0125 0109 0102 0096 0092 0084 0119 //// 10187 ///// ///// ////
000000000000000000000000000000000000000000000000000000000000000000000000000000000000000000000000000000000000000000000000=
57083 344300 1133900 01104 01116 4
20100323080000 085 045 069 039 059 053 0704 084 041 053 070 0716 0000 0135 0138 0744 0132 0701 022 019 0703 034 -078 10051 10058 0731 10051 0800 0208 0341 0741 0208 0800 0188 0250 0741 0188 0800 0151 0128 0112 0105 0096 0097 0102 0126 0007 10186 ///// ///// ////
000000000000000000000000000000000000000000000000000000000000000000000000000000000000000000000000000000000000000000000000
120 010 000 /// //// /////////////////////ACR /// //// 6///1 0//// 7//// 1//// 2//// 3//// /// /// /// // 911// 915// 919// 934// 939//=
57086 342300 1134300 01166 01168 4
20100323080000 047 021 066 026 059 029 0702 004 029 012 044 0745 0000 0116 0116 0751 0113 0702 041 039 0756 056 -012 10050 10052 0738 10047 0712 0141 0151 0749 0136 0742 0162 0179 0701 0160 0742 0139 0120 0107 0101 0098 0094 0092 0116 //// 10192 ///// ///// ////
000000000000000000000000000000000000000000000000000000000000000000000000000000000000000000000000000000000000000000000000=
57085 343200 1132000 02599 02648 4
20100323080000 072 039 052 034 065 039 0712 060 035 046 065 0733 0000 0123 0126 0703 0120 0747 022 021 0724 031 -088 09866 09874 0726 09866 0758 0156 0171 0702 0145 0726 0203 0232 0701 0194 0735 0153 0125 0110 0101 0100 0098 0091 0121 //// 10185 ///// ///// ////
000000000000000000000000000000000000000000000000000000000000000000000000000000000000000000000000000000000000000000000000=
57081 344800 1132600 01409 01419 4
20100323080000 055 024 061 023 048 031 0710 057 021 054 066 0708 0000 0134 0137 0753 0131 0705 022 019 0741 034 -079 10015 10024 0720 10015 0758 0179 0226 0711 0179 0759 0208 0238 0733 0208 0800 0156 0130 0116 0103 0089 0092 0095 0117 //// 10187 ///// ///// ////
000000000000000000000000000000000000000000000000000000000000000000000000000000000000000000000000000000000000000000000000=
57084 343000 1130300 11784 11790 4
20100323080000 075 040 081 040 079 061 0703 105 041 067 092 0702 0000 0060 0064 0701 0049 0716 040 035 0735 037 -066 08820 08830 0712 08820 0800 0127 0139 0701 0083 0715 0135 0159 0701 0121 0715 0109 0084 0067 0060 0059 //// //// //// //// 10190 ///// ///// ////
000000000000000000000000000000000000000000000000000000000000000000000000000000000000000000000000000000000000000000000000=
57080 344400 1125800 01652 01661 4
20100323080000 084 031 076 033 064 045 0714 119 013 060 077 0746 0000 0134 0134 0709 0130 0743 018 017 0732 028 -104 09982 09995 0702 09982 0755 0201 0218 0709 0169 0733 0229 0261 0709 0213 0743 0166 0132 0109 0100 0091 0087 0087 0119 //// 10182 ///// ///// ////
000000000000000000000000000000000000000000000000000000000000000000000000000000000000000000000000000000000000000000000000=
57082 342800 1130100 04271 04284 4
20100323080000 097 037 107 035 091 043 0750 083 046 088 075 0749 0000 0107 0109 0732 0106 0752 025 024 0744 032 -085 09674 09682 0711 09674 0755 0176 0178 0759 0155 0719 0168 0169 0758 0155 0732 0128 0115 0105 0100 0098 0099 0099 //// //// 10188 ///// ///// ////
000000000000000000000000000000000000000000000000000000000000000000000000000000000000000000000000000000000000000000000000=
57295 323700 1142100 00785 00802 4
20100323080000 104 019 096 021 097 027 0719 125 012 066 056 0719 0000 0078 0087 0710 0078 0800 075 072 0711 079 0037 10090 10090 0800 10079 0728 0100 0192 0706 0099 0754 0108 0144 0706 0108 0800 0117 0102 0099 0101 0104 0103 0101 0128 //// 10189 ///// ///// ////
000000000000000000000000000000000000000000000000000000000000000000000000000000000000000000000000000000000000000000000000=
57189 330800 1135700 00646 00655 4
20100323080000 351 012 006 011 045 016 0736 336 011 046 026 0732 0000 0083 0086 0727 0082 0701 082 079 0732 090 0054 10118 10118 0800 10104 0701 0094 0126 0711 0094 0752 0106 0132 0719 0106 0800 0111 0106 0104 0104 0099 0097 0097 0122 //// 10199 ///// ///// ////
000000000000000000000000000000000000000000000000000000000000000000000000000000000000000000000000000000000000000000000000=
57194 331700 1141600 00598 00609 4
20100323080000 333 012 326 012 326 012 0800 007 016 338 023 0758 0000 0085 0087 0747 0084 0701 081 079 0737 090 0054 10119 10119 0800 10108 0705 0098 0119 0729 0097 0758 0113 0126 0734 0113 0800 0107 0104 0102 0100 0096 0096 0096 0126 //// 10194 ///// ///// ////
000000000000000000000000000000000000000000000000000000000000000000000000000000000000000000000000000000000000000000000000=
57197 330000 1142000 00489 00545 4
20100323080000 095 019 092 021 085 029 0725 094 016 094 045 0716 0000 0084 0089 0701 0084 0800 081 080 0739 089 0053 10124 10125 0745 10113 0721 0093 0153 0701 0093 0800 0107 0136 0701 0107 0800 0113 0106 0099 0096 0104 0102 0099 0125 //// 10191 ///// ///// ////
000000000000000000000000000000000000000000000000000000000000000000000000000000000000000000000000000000000000000000000000=
57294 325000 1140100 00836 00846 4
20100323080000 069 021 064 021 118 036 0705 071 016 130 047 0702 0000 0080 0082 0734 0079 0706 083 082 0739 089 0053 10091 10091 0800 10073 0704 0087 0109 0712 0087 0800 0104 0126 0712 0104 0800 0107 0101 0099 0100 0104 0108 0101 0118 //// 10195 ///// ///// ////
000000000000000000000000000000000000000000000000000000000000000000000000000000000000000000000000000000000000000000000000=
57292 325800 1143800 00444 00453 4
20100323080000 031 024 053 022 061 027 0738 040 018 049 045 0735 0000 0083 0085 0729 0080 0701 081 079 0753 089 0052 10137 10137 0800 10129 0730 0106 0163 0726 0106 0800 0114 0141 0726 0114 0800 0110 0103 0100 0104 0106 0105 0103 0133 //// 10193 ///// ///// ////
000000000000000000000000000000000000000000000000000000000000000000000000000000000000000000000000000000000000000000000000=
57195 333700 1143700 00466 00476 4
20100323080000 284 016 297 016 303 017 0759 279 015 299 037 0755 0000 0101 0101 0800 0093 0701 072 069 0722 089 0053 10137 10137 0800 10127 0720 0134 0158 0722 0132 0754 0144 0157 0724 0138 0701 0130 0114 0107 0106 0103 0098 0101 0142 //// 10195 ///// ///// ////
000000000000000000000000000000000000000000000000000000000000000000000000000000000000000000000000000000000000000000000000=
57193 334700 1143100 00526 00541 4
20100323080000 287 024 291 021 286 022 0742 285 030 288 041 0742 0000 0102 0106 0729 0101 0701 072 069 0717 090 0054 10129 10129 0750 10121 0709 0131 0204 0706 0128 0755 0139 0182 0709 0139 0800 0131 0118 0111 0107 0105 0100 0103 0131 //// 10195 ///// ///// ////
000000000000000000000000000000000000000000000000000000000000000000000000000000000000000000000000000000000000000000000000=
57196 332800 1145200 00420 00428 4
20100323080000 357 015 014 014 038 015 0755 341 024 341 024 0800 0000 0093 0093 0800 0088 0701 074 071 0757 087 0049 10141 10141 0800 10132 0729 0113 0116 0726 0108 0715 0130 0137 0744 0128 0701 0112 0105 0100 0098 0104 0099 0103 0132 //// 10194 ///// ///// ////
000000000000000000000000000000000000000000000000000000000000000000000000000000000000000000000000000000000000000000000000=
57099 340400 1145100 00526 00536 4
20100323080000 288 011 275 014 270 020 0733 276 009 273 031 0732 0000 0111 0111 0800 0107 0701 067 065 0738 088 0052 10126 10128 0755 10121 0714 0131 0147 0730 0126 0720 0145 0162 0730 0145 0800 0130 0114 0102 0099 0100 0094 0097 0132 //// 10192 ///// ///// ////
000000000000000000000000000000000000000000000000000000000000000000000000000000000000000000000000000000000000000000000000=
57198 333300 1143700 00463 00473 4
20100323080000 324 010 324 011 327 011 0758 313 007 296 021 0753 0000 0099 0099 0800 0092 0701 073 072 0743 089 0053 10137 10137 0800 10127 0721 0136 0163 0739 0133 0701 0135 0142 0740 0129 0701 0118 0111 0107 0107 0105 0104 0106 0137 //// 10195 ///// ///// ////
000000000000000000000000000000000000000000000000000000000000000000000000000000000000000000000000000000000000000000000000=
58101 335200 1152900 00413 00428 4
20100323080000 269 014 254 010 264 017 0743 246 019 265 028 0740 0000 0099 0099 0800 0095 0702 079 077 0727 096 0064 10137 10137 0800 10133 0715 0138 0142 0706 0120 0742 0136 0138 0707 0127 0745 0120 0105 0099 0098 0100 0097 0098 0131 //// 10190 ///// ///// ////
000000000000000000000000000000000000000000000000000000000000000000000000000000000000000000000000000000000000000000000000=
57192 334400 1145100 00455 00466 4
20100323080000 305 020 302 016 302 016 0800 324 026 324 026 0800 0000 0107 0108 0734 0098 0701 071 069 0736 091 0057 10137 10137 0800 10129 0721 0161 0210 0726 0140 0701 0155 0184 0727 0141 0701 0129 0113 0109 0108 0110 0105 0106 0141 //// 10194 ///// ///// ////
000000000000000000000000000000000000000000000000000000000000000000000000000000000000000000000000000000000000000000000000=
57098 340500 1142400 00583 00593 4
20100323080000 342 016 359 016 012 022 0746 339 018 046 038 0746 0000 0120 0124 0707 0120 0800 053 049 0749 074 0027 10117 10117 0800 10113 0709 0149 0219 0701 0149 0758 0146 0191 0701 0146 0759 0142 0124 0108 0103 0101 0095 0096 0129 //// 10189 ///// ///// ////
000000000000000000000000000000000000000000000000000000000000000000000000000000000000000000000000000000000000000000000000=
57190 334500 1142400 00505 00516 4
20100323080000 302 018 304 023 310 031 0745 284 019 305 047 0740 0000 0099 0100 0708 0098 0701 076 072 0714 093 0059 10130 10131 0744 10122 0710 0115 0166 0704 0113 0745 0131 0182 0704 0130 0757 0128 0114 0104 0100 0100 0097 0099 0130 //// 10193 ///// ///// ////
000000000000000000000000000000000000000000000000000000000000000000000000000000000000000000000000000000000000000000000000=
58100 333900 1151000 00414 00424 4
20100323080000 299 011 303 010 234 013 0729 263 009 237 025 0728 0000 0098 0098 0800 0094 0701 072 071 0701 087 0050 10137 10138 0717 10135 0701 0125 0135 0756 0108 0730 0152 0154 0757 0134 0732 0126 0114 0109 0108 0109 0106 0108 0136 //// 10189 ///// ///// ////
000000000000000000000000000000000000000000000000000000000000000000000000000000000000000000000000000000000000000000000000=
57088 340900 1133000 01161 01177 4
20100323080000 109 020 100 022 079 031 0702 130 020 110 042 0720 0000 0122 0125 0719 0121 0701 042 039 0712 060 -003 10045 10051 0729 10045 0800 0163 0198 0713 0149 0751 0168 0205 0713 0160 0752 0148 0125 0110 0105 0102 0099 0101 0126 //// 10188 ///// ///// ////
000000000000000000000000000000000000000000000000000000000000000000000000000000000000000000000000000000000000000000000000=
57182 335100 1133000 00805 00814 4
20100323080000 041 019 018 017 009 023 0740 040 018 004 036 0712 0000 0113 0114 0743 0111 0701 063 062 0745 084 0045 10094 10097 0753 10090 0701 0140 0147 0725 0131 0754 0159 0178 0704 0155 0754 0141 0120 0112 0109 0109 0104 0106 0139 //// 10194 ///// ///// ////
000000000000000000000000000000000000000000000000000000000000000000000000000000000000000000000000000000000000000000000000=
57298 321300 1143300 00554 00562 4
20100323080000 091 062 089 053 083 069 0720 088 074 088 108 0719 0004 0066 0067 0749 0062 0701 089 088 0716 087 0049 10112 10123 0701 10112 0800 0066 0070 0739 0060 0701 0054 0059 0742 0046 0701 0092 0071 0094 0104 0112 0108 0101 0135 //// 10182 ///// ///// ////
000000000000000000000001000000000000010000000000000001000000010000000000000000000000000000000000000000000000000000000000=
57390 314800 1140400 07335 07347 4
20100323080000 043 064 043 064 046 072 0722 099 043 040 162 0744 0000 0009 0011 0728 0009 0800 100 100 0800 065 0009 09285 09298 0701 09283 0743 0016 0018 0752 0011 0701 0028 0029 0752 0004 0701 0037 0049 0063 0074 0094 0095 //// //// //// 10167 ///// ///// ////
000000000000000000000000000000000000000000000000000000000000000000000000000000000000000000000000000000000000000000000000=
58207 321000 1150300 00428 00440 4
20100323080000 085 069 085 066 081 076 0709 088 068 062 106 0749 0003 0059 0059 0800 0055 0701 085 084 0750 079 0036 10125 10135 0701 10125 0800 0057 0066 0744 0050 0719 0078 0078 0800 0076 0738 0073 0086 0092 0100 0115 0114 0111 0138 //// 10179 ///// ///// ////
010000000000000000000000000000000000000000000000000000000000000000000000000000000000000000000000000000000001000000000001=
58208 321000 1153700 00429 00439 4
20100323080000 091 038 087 038 054 047 0706 098 040 087 081 0703 0005 0056 0056 0800 0052 0704 081 080 0752 074 0026 10132 10143 0701 10132 0800 0057 0059 0758 0053 0706 0073 0075 0746 0071 0706 0079 0089 0096 0105 0114 0113 0111 0140 //// 10186 ///// ///// ////
000000000100000000000000010000000000000000010000000000000100000000000000000001000000000000000000000000000000000000000000=
53989 350300 1135700 00766 00777 4
20100323080000 063 039 064 037 053 045 0724 069 035 043 070 0701 0000 0136 0141 0745 0131 0729 024 023 0743 037 -066 10094 10100 0727 10093 0756 0212 0239 0743 0191 0728 0228 0249 0745 0218 0728 0168 0137 0116 0105 0093 0090 0094 0123 //// 10189 ///// ///// ////
000000000000000000000000000000000000000000000000000000000000000000000000000000000000000000000000000000000000000000000000=
53997 350900 1141100 00711 00723 4
20100323080000 075 033 061 033 048 041 0734 099 034 037 058 0732 0000 0138 0138 0800 0132 0705 026 026 0800 041 -054 10101 10106 0721 10101 0800 0222 0237 0757 0185 0703 0242 0252 0749 0217 0703 0167 0136 0113 0103 0092 0092 0096 0124 //// 10189 ///// ///// ////
000000000000000000000000000000000000000000000000000000000000000000000000000000000000000000000000000000000000000000000000=
53986 351900 1135300 00732 00740 4
20100323080000 043 056 057 045 055 046 0701 046 056 060 089 0705 0000 0138 0140 0752 0135 0722 025 022 0701 039 -059 10100 10107 0728 10099 0755 0197 0215 0743 0179 0719 0234 0253 0744 0221 0719 0160 0133 0115 0106 0094 0093 0097 0128 //// 10190 ///// ///// ////
000000000000000000000000000000000000000000000000000000000000000000000000000000000000000000000000000000000000000000000000=
53994 352300 1140400 00700 00712 4
20100323080000 054 034 068 035 066 042 0706 052 032 091 074 0754 0000 0142 0142 0800 0137 0732 026 023 0702 042 -050 10102 10108 0729 10102 0800 0224 0234 0701 0184 0731 0264 0291 0702 0230 0732 0175 0138 0116 0101 0090 0088 0093 0127 //// 10189 ///// ///// ////
000000000000000000000000000000000000000000000000000000000000000000000000000000000000000000000000000000000000000000000000=
53988 351600 1134000 00776 00784 4
20100323080000 073 042 072 041 068 052 0725 096 050 077 078 0722 0000 0143 0145 0715 0141 0729 022 019 0704 036 -071 10091 10096 0715 10088 0744 0203 0248 0713 0203 0800 0259 0300 0713 0259 0800 0190 0145 0118 0106 0091 0091 0098 0126 //// 10186 ///// ///// ////
000000000000000000000000000000000000000000000000000000000000000000000000000000000000000000000000000000000000000000000000=
53985 352700 1134900 00964 00979 4
20100323080000 344 013 344 012 351 014 0705 274 016 068 029 0755 0000 0153 0156 0702 0151 0753 020 017 0714 035 -075 10068 10073 0720 10066 0746 0186 0193 0723 0161 0705 0221 0221 0759 0175 0727 0126 0116 0099 0091 0080 0076 0082 0118 //// 10186 ///// ///// ////
000000000000000000000000000000000000000000000000000000000000000000000000000000000000000000000000000000000000000000000000=
53998 351200 1143900 00616 00625 4
20100323080000 047 023 050 024 039 036 0725 023 019 029 063 0746 0000 0134 0135 0754 0129 0730 029 027 0757 045 -043 10115 10116 0734 10112 0718 0190 0214 0703 0169 0727 0211 0237 0704 0198 0730 0157 0127 0107 0098 0095 0094 0094 0129 //// 10191 ///// ///// ////
000000000000000000000000000000000000000000000000000000000000000000000000000000000000000000000000000000000000000000000000=
57051 344800 1111200 04099 04117 4
20100323080000 101 039 099 044 103 050 0715 116 032 119 090 0724 0000 0117 0125 0701 0117 0800 033 033 0706 045 -040 09680 09685 0707 09680 0724 0136 0199 0701 0136 0800 0169 0244 0701 0169 0800 0151 0130 0115 0105 0090 0086 0085 0114 //// 10171 ///// ///// ////
000000000000000000000000000000000000000000000000000000000000000000000000000000000000000000000000000000000000000000000000=
57063 344600 1114600 05236 05236 4
20100323080000 112 035 112 043 104 052 0725 099 049 108 081 0729 0000 0101 0104 0708 0100 0755 028 027 0730 035 -076 09564 09565 0701 09559 0750 0145 0192 0712 0145 0800 0181 0238 0711 0181 0800 0131 0105 0089 0082 0075 0076 0082 0110 //// 10189 ///// ///// ////
000000000000000000000000000000000000000000000000000000000000000000000000000000000000000000000000000000000000000000000000=
57067 340300 1110200 05688 05699 4
20100323080000 199 015 221 016 218 022 0747 187 019 223 034 0740 0000 0074 0075 0724 0073 0701 065 060 0731 067 0013 09504 09510 0704 09504 0759 0111 0125 0721 0111 0756 0125 0142 0701 0125 0800 0118 0102 0088 0092 0092 0098 0093 0122 //// 10193 ///// ///// ////
000000000000000000000000000000000000000000000000000000000000000000000000000000000000000000000000000000000000000000000000=
57056 343200 1105300 03904 03909 4
20100323080000 120 060 125 053 160 057 0701 111 060 136 105 0710 0000 0116 0120 0745 0116 0800 037 032 0703 051 -026 09700 09704 0704 09698 0754 0138 0169 0702 0138 0800 0168 0207 0702 0168 0800 0150 0128 0109 0101 0090 0089 0091 0118 //// 10168 ///// ///// ////
000000000000000000000000000000000000000000000000000000000000000000000000000000000000000000000000000000000000000000000000=
58007 340400 1151800 00472 00532 4
20100323080000 223 009 231 008 178 015 0705 237 017 170 027 0704 0000 0109 0110 0737 0107 0701 070 067 0751 091 0057 10126 10126 0800 10120 0728 0129 0146 0702 0129 0756 0149 0162 0702 0149 0800 0127 0113 0106 0103 0102 0099 0101 0131 //// 10191 ///// ///// ////
000000000000000000000000000000000000000000000000000000000000000000000000000000000000000000000000000000000000000000000000=
58006 342300 1155300 00463 00506 4
20100323080000 094 034 102 037 112 041 0733 099 042 099 068 0726 0000 0114 0119 0723 0114 0757 048 040 0701 065 0008 10134 10134 0800 10128 0707 0137 0147 0715 0132 0755 0149 0156 0717 0146 0754 0129 0118 0107 0101 0094 0092 0096 0127 //// 10196 ///// ///// ////
000000000000000000000000000000000000000000000000000000000000000000000000000000000000000000000000000000000000000000000000=
58111 335800 1162700 00325 00325 4
20100323080000 230 003 142 008 142 015 0746 268 001 195 026 0705 0000 0092 0093 0738 0091 0704 071 070 0739 083 0042 10150 10158 0701 10148 0752 0114 0124 0732 0113 0747 0114 0119 0729 0113 0750 0106 0101 0097 0096 0097 0097 0103 0138 //// 10190 ///// ///// ////
000000000000000000000000000000000000000000000000000000000000000000000000000000000000000000000000000000000000000000000000=
58017 341500 1160800 00410 00420 4
20100323080000 099 034 097 032 097 040 0701 113 031 085 066 0716 0000 0107 0110 0733 0107 0800 055 049 0701 071 0020 10138 10138 0800 10135 0723 0126 0137 0733 0125 0756 0115 0121 0737 0115 0800 0107 0105 0102 0101 0098 0096 0101 0128 //// 10190 ///// ///// ////
000000000000000000000000000000000000000000000000000000000000000000000000000000000000000000000000000000000000000000000000=
58001 342600 1150600 00563 00569 4
20100323080000 070 022 077 025 079 031 0719 063 026 066 052 0734 0000 0123 0123 0728 0121 0701 048 047 0731 069 0016 10122 10122 0759 10114 0704 0141 0156 0731 0141 0800 0147 0160 0731 0147 0800 0125 0110 0100 0094 0089 0086 0092 0126 //// 10192 ///// ///// ////
000000000000000000000000000000000000000000000000000000000000000000000000000000000000000000000000000000000000000000000000=
58005 342700 1154000 00501 00511 4
20100323080000 095 033 091 034 087 039 0704 105 037 082 062 0704 0000 0122 0123 0748 0120 0705 041 039 0701 058 -007 10130 10130 0800 10123 0701 0157 0182 0714 0157 0800 0145 0158 0711 0144 0757 0128 0116 0105 0100 0097 0095 0102 0132 0003 10192 ///// ///// ////
000000000000000000000000000000000000000000000000000000000000000000000000000000000000000000000000000000000000000000000000
140 010 000 /// //// /////////////////////CSI /// //// 6///1 0//// 7//// 1//// 2//// 3//// /// /// /// // 911// 915// 919// 934// 939//=
58008 342800 1152000 00544 00592 4
20100323080000 047 024 056 026 068 036 0715 043 019 066 054 0717 0000 0121 0121 0734 0120 0752 048 046 0747 068 0014 10119 10120 0759 10111 0714 0185 0197 0705 0165 0745 0154 0159 0706 0144 0745 0125 0109 0100 0094 0093 0092 0097 0129 //// 10191 ///// ///// ////
000000000000000000000000000000000000000000000000000000000000000000000000000000000000000000000000000000000000000000000000=
58004 343900 1150900 00606 00616 4
20100323080000 082 028 073 021 082 030 0710 066 024 043 057 0720 0000 0127 0128 0753 0124 0736 045 042 0701 066 0011 10116 10116 0800 10107 0714 0155 0166 0742 0142 0735 0161 0165 0749 0149 0734 0135 0124 0109 0103 0100 0097 0100 0127 //// 10191 ///// ///// ////
000000000000000000000000000000000000000000000000000000000000000000000000000000000000000000000000000000000000000000000000=
54817 355900 1155200 00421 00434 4
20100323080000 169 021 108 016 025 022 0744 195 012 040 038 0721 0000 0135 0136 0758 0130 0711 031 031 0728 048 -033 10141 10142 0746 10137 0716 0173 0195 0748 0164 0708 0188 0197 0703 0186 0736 0152 0124 0103 0085 0078 0075 0086 0117 //// 10194 ///// ///// ////
000000000000000000000000000000000000000000000000000000000000000000000000000000000000000000000000000000000000000000000000=
54900 354200 1150100 00537 00541 4
20100323080000 036 022 043 027 037 030 0756 038 014 038 052 0752 0000 0136 0139 0713 0136 0757 031 028 0724 048 -032 10124 10126 0749 10123 0701 0252 0311 0711 0227 0754 0223 0255 0716 0220 0743 0171 0135 0108 0093 0084 0079 0082 0110 //// 10190 ///// ///// ////
000000000000000000000000000000000000000000000000000000000000000000000000000000000000000000000000000000000000000000000000=
54901 360500 1151000 00475 00478 4
20100323080000 079 037 069 043 075 045 0757 071 034 063 066 0753 0000 0138 0140 0741 0136 0730 020 018 0745 032 -088 10135 10137 0745 10133 0755 0195 0220 0747 0186 0727 0225 0252 0713 0225 0758 0166 0130 0104 0089 0080 0077 0075 0105 //// 10194 ///// ///// ////
000000000000000000000000000000000000000000000000000000000000000000000000000000000000000000000000000000000000000000000000=
54903 355100 1152900 00457 00506 4
20100323080000 048 022 041 015 065 019 0701 060 023 063 044 0708 0000 0136 0138 0735 0134 0717 028 024 0701 044 -046 10132 10132 0800 10126 0709 0182 0207 0732 0171 0712 0202 0225 0730 0200 0714 0154 0125 0102 0089 0079 0077 0089 0114 //// 10194 ///// ///// ////
000000000000000000000000000000000000000000000000000000000000000000000000000000000000000000000000000000000000000000000000=
57184 333800 1132200 00834 00847 4
20100323080000 302 006 279 009 343 018 0716 212 004 330 027 0715 0000 0109 0109 0800 0103 0705 072 068 0704 094 0061 10088 10090 0738 10085 0701 0137 0137 0757 0119 0732 0168 0181 0722 0163 0731 0143 0123 0114 0111 0101 0101 0102 0129 //// 10192 ///// ///// ////
000000000000000000000000000000000000000000000000000000000000000000000000000000000000000000000000000000000000000000000000=
57177 332000 1133200 00898 00913 4
20100323080000 337 015 320 013 320 013 0800 344 016 290 020 0752 0000 0094 0094 0800 0087 0701 071 068 0754 084 0044 10086 10086 0800 10074 0702 0140 0151 0740 0128 0712 0147 0150 0749 0140 0707 0109 0111 0096 0106 0107 0104 0103 0121 //// 10198 ///// ///// ////
000000000000000000000000000000000000000000000000000000000000000000000000000000000000000000000000000000000000000000000000=
57075 341000 1125200 02031 02043 4
20100323080000 250 017 238 016 268 025 0723 245 013 271 035 0718 0000 0113 0117 0701 0110 0730 047 043 0707 063 0004 09940 09952 0716 09940 0800 0142 0163 0705 0125 0722 0163 0194 0701 0153 0723 0141 0124 0111 0103 0104 0102 0094 0117 //// 10188 ///// ///// ////
000000000000000000000000000000000000000000000000000000000000000000000000000000000000000000000000000000000000000000000000=
57173 334500 1125300 01457 01468 4
20100323080000 043 038 052 035 022 042 0742 031 049 020 058 0736 0000 0118 0120 0709 0114 0740 056 052 0753 077 0033 10008 10016 0725 10007 0755 0155 0186 0705 0142 0725 0172 0197 0704 0161 0742 0142 0124 0112 0106 0105 0102 0103 0134 //// 10187 ///// ///// ////
000000000000000000000000000000000000000000000000000000000000000000000000000000000000000000000000000000000000000000000000=
57180 335900 1131200 01175 01186 4
20100323080000 069 027 065 029 031 036 0710 088 027 021 048 0701 0000 0112 0116 0701 0112 0800 050 047 0739 066 0012 10043 10052 0736 10043 0800 0143 0174 0702 0135 0741 0141 0174 0702 0141 0747 0137 0125 0112 0105 0100 0098 0100 0131 //// 10188 ///// ///// ////
000000000000000000000000000000000000000000000000000000000000000000000000000000000000000000000000000000000000000000000000=
57181 335300 1130300 01364 01380 4
20100323080000 062 032 057 034 037 036 0728 060 035 066 052 0722 0000 0112 0118 0710 0110 0748 059 054 0732 078 0035 10024 10032 0732 10024 0757 0137 0183 0702 0127 0735 0157 0210 0702 0156 0745 0149 0133 0114 0108 0102 0100 0100 0129 //// 10192 ///// ///// ////
000000000000000000000000000000000000000000000000000000000000000000000000000000000000000000000000000000000000000000000000=
57171 334600 1130700 01420 01430 4
20100323080000 093 013 072 016 002 023 0734 144 014 355 030 0733 0000 0112 0112 0800 0106 0701 075 069 0731 100 0069 10012 10019 0733 10012 0800 0145 0156 0704 0132 0738 0182 0193 0704 0160 0738 0143 0125 0113 0109 0111 0115 0112 0124 //// 10187 ///// ///// ////
000000000000000000000000000000000000000000000000000000000000000000000000000000000000000000000000000000000000000000000000=
57175 330300 1121400 01914 01922 4
20100323080000 289 005 294 008 279 016 0738 268 003 271 027 0732 0000 0094 0095 0754 0090 0702 073 072 0757 086 0048 09963 09963 0743 09960 0701 0142 0170 0722 0141 0758 0156 0173 0720 0156 0758 0137 0120 0114 0115 0111 0108 0109 0138 //// 10198 ///// ///// ////
000000000000000000000000000000000000000000000000000000000000000000000000000000000000000000000000000000000000000000000000=
57156 331800 1113000 02503 02523 4
20100323080000 258 008 283 008 297 031 0702 251 009 310 044 0705 0000 0095 0095 0739 0093 0701 061 057 0742 072 0024 09886 09888 0717 09884 0755 0081 0082 0701 0078 0721 0119 0132 0701 0116 0745 0115 0108 0104 0104 0106 0112 0115 0142 //// 10195 ///// ///// ////
000000000000000000000000000000000000000000000000000000000000000000000000000000000000000000000000000000000000000000000000=
57271 323300 1122300 00879 00897 4
20100323080000 335 024 315 031 311 032 0758 344 032 308 053 0757 0000 0085 0085 0756 0082 0702 081 081 0800 090 0054 10088 10090 0751 10080 0701 0104 0112 0734 0103 0704 0116 0120 0733 0113 0704 0111 0110 0112 0116 0109 0107 0112 0139 //// 10198 ///// ///// ////
000000000000000000000000000000000000000000000000000000000000000000000000000000000000000000000000000000000000000000000000=
57261 330700 1113100 02330 02345 4
20100323080000 045 034 037 037 037 037 0800 037 033 028 054 0751 0000 0089 0092 0749 0085 0701 073 072 0729 083 0043 09901 09906 0738 09900 0759 0110 0130 0709 0110 0800 0121 0140 0701 0121 0800 0120 0115 0110 0109 0122 0124 0126 //// //// 10188 ///// ///// ////
000000000000000000000000000000000000000000000000000000000000000000000000000000000000000000000000000000000000000000000000=
57285 322300 1132500 01530 01492 4
20100323080000 056 026 057 026 055 038 0734 071 018 012 068 0736 0000 0079 0080 0748 0077 0733 073 072 0751 078 0034 10013 10017 0746 09996 0706 0079 0106 0711 0079 0800 0096 0119 0712 0096 0800 0106 0105 0105 0108 0111 0109 0108 0135 //// ///// ///// ///// ////
////////////////////////////////////////////////////////////////////////////////////////////////////////////////////////=
57273 324100 1125100 01095 01105 4
20100323080000 048 014 044 015 059 024 0701 091 007 054 042 0715 0000 0085 0085 0800 0082 0702 072 071 0708 080 0037 10058 10061 0731 10052 0702 0096 0096 0800 0092 0703 0114 0116 0710 0111 0734 0110 0111 0112 0115 0115 0112 0110 0136 //// 10194 ///// ///// ////
000000000000000000000000000000000000000000000000000000000000000000000000000000000000000000000000000000000000000000000000=
57187 330400 1125600 01180 01193 4
20100323080000 043 016 048 017 051 018 0759 060 016 040 026 0757 0000 0091 0091 0800 0086 0701 072 071 0739 083 0043 10039 10042 0727 10035 0701 0126 0126 0800 0108 0711 0138 0138 0800 0126 0703 0119 0107 0110 0112 0118 0111 0107 0132 //// 10185 ///// ///// ////
000000000000000000000000000000000000000000000000000000000000000000000000000000000000000000000000000000000000000000000000=
57178 330200 1123500 01292 01305 4
20100323080000 296 010 339 008 033 013 0750 279 009 018 025 0749 0000 0095 0095 0800 0091 0701 071 070 0714 084 0045 10036 10037 0719 10035 0701 0145 0145 0800 0132 0734 0138 0138 0800 0132 0704 0118 0111 0108 0107 0114 0109 0108 0133 0001 10196 ///// ///// ////
000000000000000000000000000000000000000000000000000000000000000000000000000000000000000000000000000000000000000000000000
130 010 000 /// //// /////////////////////ACP /// //// 6///1 0//// 7//// 1//// 2//// 3//// /// /// /// // 911// 915// 919// 934// 939//=
57169 330300 1115200 01591 01600 4
20100323080000 229 024 224 020 212 022 0738 229 022 232 039 0758 0000 0103 0104 0748 0100 0701 074 072 0751 093 0059 10002 10002 0758 09997 0744 0100 0110 0702 0100 0800 0132 0167 0701 0132 0800 0134 0119 0112 0110 0108 0106 0106 0133 //// 10198 ///// ///// ////
000000000000000000000000000000000000000000000000000000000000000000000000000000000000000000000000000000000000000000000000=
57176 332900 1122500 02311 02304 4
20100323080000 166 016 187 018 188 023 0719 170 012 212 033 0710 0000 0112 0114 0757 0104 0721 061 060 0747 081 0040 09909 09915 0714 09909 0800 0176 0197 0735 0151 0718 0183 0199 0735 0171 0718 0148 0127 0115 0111 0113 0114 0111 0130 //// 10189 ///// ///// ////
000000000000000000000000000000000000000000000000000000000000000000000000000000000000000000000000000000000000000000000000=
57179 331700 1130000 01604 01616 4
20100323080000 088 011 051 012 076 020 0704 066 010 091 025 0742 0000 0100 0100 0800 0088 0707 072 072 0756 088 0052 09996 09999 0734 09992 0705 0173 0182 0750 0125 0712 0157 0160 0750 0130 0712 0120 0107 0104 0104 0105 0103 0104 0132 //// 10194 ///// ///// ////
000000000000000000000000000000000000000000000000000000000000000000000000000000000000000000000000000000000000000000000000=
57274 324200 1120700 01076 01088 4
20100323080000 329 019 317 019 329 025 0728 310 015 322 048 0734 0000 0090 0092 0754 0084 0702 069 069 0800 079 0036 10069 10069 0800 10059 0702 0124 0139 0704 0124 0800 0133 0144 0749 0133 0800 0126 0118 0118 0120 0123 0118 0113 0140 //// 10203 ///// ///// ////
000000000000000000000000000000000000000000000000000000000000000000000000000000000000000000000000000000000000000000000000=
57065 343000 1121100 01949 01964 4
20100323080000 053 033 054 032 057 033 0758 052 024 066 054 0749 0000 0122 0126 0737 0120 0701 037 034 0727 053 -021 09949 09957 0707 09948 0758 0147 0177 0721 0147 0800 0191 0230 0729 0191 0800 0159 0131 0114 0107 0100 0103 0109 0138 //// 10187 ///// ///// ////
000000000000000000000000000000000000000000000000000000000000000000000000000000000000000000000000000000000000000000000000=
57074 342500 1122500 01973 01989 4
20100323080000 135 010 131 008 068 017 0711 144 010 099 029 0707 0000 0124 0124 0757 0118 0711 046 046 0759 066 0011 09947 09957 0701 09947 0752 0166 0181 0749 0155 0705 0181 0187 0722 0174 0735 0147 0127 0112 0105 0103 0103 0101 0125 //// 10188 ///// ///// ////
000000000000000000000000000000000000000000000000000000000000000000000000000000000000000000000000000000000000000000000000=
57076 344400 1124700 01895 01901 4
20100323080000 090 045 097 051 076 056 0745 065 055 085 078 0724 0000 0128 0129 0739 0125 0701 024 023 0744 035 -073 09951 09965 0701 09950 0754 0155 0178 0713 0152 0758 0193 0222 0713 0191 0759 0146 0120 0100 0094 0092 0089 0088 0120 //// 10181 ///// ///// ////
000000000000000000000000000000000000000000000000000000000000000000000000000000000000000000000000000000000000000000000000=
57070 344400 1120700 03640 03595 4
20100323080000 094 034 089 037 108 053 0702 099 035 102 089 0702 0000 0108 0114 0712 0108 0759 032 029 0705 041 -052 09754 09760 0701 09753 0742 0134 0175 0702 0133 0757 0174 0231 0702 0174 0800 0144 0115 0099 0092 0091 0091 0093 0122 //// 10186 ///// ///// ////
000000000000000000000000000000000000000000000000000000000000000000000000000000000000000000000000000000000000000000000000=
57162 340900 1120500 03258 03275 4
20100323080000 110 007 114 008 101 018 0712 167 005 127 034 0701 0000 0098 0100 0736 0096 0706 050 050 0800 061 -001 09793 09801 0701 09792 0758 0110 0125 0721 0108 0755 0120 0133 0709 0120 0755 0119 0108 0102 0099 0097 0097 0100 0132 //// 10190 ///// ///// ////
000000000000000000000000000000000000000000000000000000000000000000000000000000000000000000000000000000000000000000000000=
57078 340900 1122800 03365 03340 4
20100323080000 096 015 091 010 112 021 0729 088 017 122 034 0725 0000 0104 0104 0800 0098 0713 036 034 0757 045 -040 09786 09797 0701 09785 0757 0163 0163 0800 0133 0714 0144 0145 0759 0130 0715 0121 0107 0098 0094 0098 0097 0095 0118 //// 10190 ///// ///// ////
000000000000000000000000000000000000000000000000000000000000000000000000000000000000000000000000000000000000000000000000=
57071 344900 1122600 03333 03332 4
20100323080000 015 029 022 035 030 041 0731 032 028 032 081 0726 0000 0114 0115 0723 0108 0702 026 025 0757 035 -074 09788 09797 0706 09787 0744 0164 0182 0723 0147 0749 0195 0216 0723 0184 0752 0143 0116 0101 0094 0091 0088 0090 0119 //// 10189 ///// ///// ////
000000000000000000000000000000000000000000000000000000000000000000000000000000000000000000000000000000000000000000000000=
57066 342300 1114000 03283 03298 4
20100323080000 091 024 091 020 059 029 0714 094 018 038 064 0713 0000 0120 0123 0738 0120 0800 028 027 0756 039 -059 09781 09788 0713 09780 0732 0143 0174 0706 0142 0758 0167 0201 0707 0167 0758 0143 0118 0101 0093 0092 0092 0089 0116 //// 10179 ///// ///// ////
000000000000000000000000000000000000000000000000000000000000000000000000000000000000000000000000000000000000000000000000=
57077 334700 1113900 07424 07388 4
20100323080000 141 008 159 012 203 020 0734 164 005 198 025 0726 0000 0062 0065 0724 0061 0735 064 059 0721 061 -001 09318 09323 0701 09317 0741 0082 0102 0723 0082 0800 0091 0103 0701 0091 0800 0077 0064 0059 0063 0088 0088 0090 0116 //// 10203 ///// ///// ////
000000000000000000000000000000000000000000000000000000000000000000000000000000000000000000000000000000000000000000000000=
57185 332700 1133500 00911 00921 4
20100323080000 260 011 289 010 343 016 0729 279 011 304 023 0736 0000 0096 0096 0800 0093 0701 073 069 0728 087 0050 10083 10085 0747 10073 0701 0142 0149 0707 0135 0733 0148 0150 0718 0146 0738 0122 0108 0103 0096 0108 0104 0099 0124 //// 10196 ///// ///// ////
000000000000000000000000000000000000000000000000000000000000000000000000000000000000000000000000000000000000000000000000=
57183 334800 1135500 00600 00615 4
20100323080000 277 016 292 010 324 024 0708 299 016 344 040 0727 0000 0109 0109 0800 0104 0709 072 070 0736 094 0061 10116 10116 0758 10107 0701 0149 0164 0701 0139 0734 0156 0176 0701 0153 0734 0134 0118 0110 0107 0104 0098 0095 0123 //// 10191 ///// ///// ////
000000000000000000000000000000000000000000000000000000000000000000000000000000000000000000000000000000000000000000000000=
57186 333600 1140300 00587 00598 4
20100323080000 317 018 304 021 313 026 0748 344 018 310 039 0745 0000 0101 0105 0717 0100 0728 073 068 0714 090 0055 10120 10121 0740 10111 0701 0138 0176 0713 0132 0748 0155 0184 0714 0153 0748 0137 0119 0108 0107 0106 0102 0100 0133 //// 10194 ///// ///// ////
000000000000000000000000000000000000000000000000000000000000000000000000000000000000000000000000000000000000000000000000=
57191 342900 1142900 00634 00642 4
20100323080000 042 016 029 020 026 023 0723 074 008 054 044 0757 0000 0126 0128 0710 0126 0800 044 041 0703 064 0007 10112 10114 0734 10108 0708 0145 0166 0709 0144 0758 0145 0163 0711 0145 0757 0119 0106 0099 0096 0095 0092 0093 0125 //// 10190 ///// ///// ////
000000000000000000000000000000000000000000000000000000000000000000000000000000000000000000000000000000000000000000000000=
57096 343200 1144700 00597 00607 4
20100323080000 081 040 076 039 074 039 0759 096 039 079 065 0757 0000 0129 0135 0725 0129 0800 040 038 0758 059 -004 10111 10114 0744 10105 0701 0148 0187 0705 0148 0800 0170 0198 0705 0170 0800 0142 0120 0107 0103 0101 0098 0100 0128 //// 10185 ///// ///// ////
000000000000000000000000000000000000000000000000000000000000000000000000000000000000000000000000000000000000000000000000=
57091 344700 1141800 00737 00748 4
20100323080000 082 033 072 035 041 045 0716 074 033 026 063 0712 0000 0132 0133 0745 0128 0714 026 025 0750 039 -059 10100 10101 0759 10096 0701 0160 0188 0704 0160 0800 0192 0233 0704 0192 0800 0154 0125 0109 0097 0102 0100 0100 0123 //// 10191 ///// ///// ////
000000000000000000000000000000000000000000000000000000000000000000000000000000000000000000000000000000000000000000000000=
53978 350500 1123800 01401 01409 4
20100323080000 120 036 128 038 132 047 0748 130 029 130 079 0709 0000 0127 0136 0739 0127 0759 029 027 0729 043 -049 10014 10024 0701 10014 0745 0159 0206 0713 0159 0759 0197 0252 0707 0197 0800 0175 0144 0119 0107 0092 0090 0095 0125 //// 10185 ///// ///// ////
000000000000000000000000000000000000000000000000000000000000000000000000000000000000000000000000000000000000000000000000=
53984 351400 1132800 00827 00837 4
20100323080000 115 051 110 051 095 057 0719 130 047 096 084 0714 0000 0136 0143 0714 0136 0800 025 020 0719 039 -060 10087 10092 0705 10083 0742 0205 0238 0714 0194 0756 0230 0272 0714 0223 0756 0156 0126 0106 0100 0095 0094 0094 0120 //// 10189 ///// ///// ////
000000000000000000000000000000000000000000000000000000000000000000000000000000000000000000000000000000000000000000000000=
53987 350600 1132500 00910 00918 4
20100323080000 091 052 087 053 094 055 0714 077 040 083 088 0713 0000 0138 0143 0708 0137 0729 022 022 0724 035 -075 10079 10085 0719 10075 0743 0181 0216 0706 0170 0738 0212 0252 0706 0203 0738 0168 0141 0121 0109 0098 0097 0099 0127 //// 10191 ///// ///// ////
000000000000000000000000000000000000000000000000000000000000000000000000000000000000000000000000000000000000000000000000=
57079 345700 1130200 01064 01069 4
20100323080000 102 069 100 061 100 061 0800 099 069 105 087 0759 0000 0130 0139 0717 0130 0800 028 026 0737 042 -051 10051 10064 0704 10051 0800 0149 0211 0702 0149 0800 0183 0261 0703 0183 0800 0153 0125 0107 0099 0097 0095 0093 0120 //// 10181 ///// ///// ////
000000000000000000000000000000000000000000000000000000000000000000000000000000000000000000000000000000000000000000000000=
53972 350700 1125500 01196 01210 4
20100323080000 069 028 089 032 110 044 0733 102 033 130 076 0733 0000 0139 0140 0709 0137 0703 021 018 0746 033 -081 10039 10050 0701 10038 0753 0194 0213 0719 0188 0730 0223 0239 0701 0220 0731 0171 0143 0124 0111 0097 0097 0107 0136 //// 10186 ///// ///// ////
000000000000000000000000000000000000000000000000000000000000000000000000000000000000000000000000000000000000000000000000=
57072 345500 1124500 01275 01285 4
20100323080000 097 033 102 039 109 046 0725 098 032 130 068 0730 0000 0133 0138 0733 0131 0702 024 022 0718 037 -068 10029 10040 0701 10028 0752 0167 0200 0730 0163 0742 0182 0209 0730 0180 0759 0149 0124 0106 0098 0088 0085 0084 0113 //// 10185 ///// ///// ////
000000000000000000000000000000000000000000000000000000000000000000000000000000000000000000000000000000000000000000000000=
53982 351400 1131600 01120 01135 4
20100323080000 114 030 113 029 094 038 0745 091 020 085 062 0742 0000 0146 0152 0704 0146 0800 019 019 0800 032 -088 10048 10055 0704 10046 0738 0168 0194 0703 0168 0800 0238 0283 0701 0238 0800 0178 0145 0120 0109 0097 0096 0099 0131 //// 10185 ///// ///// ////
000000000000000000000000000000000000000000000000000000000000000000000000000000000000000000000000000000000000000000000000=
53979 350900 1130500 01200 01211 4
20100323080000 109 050 109 051 109 052 0758 132 042 125 075 0757 0000 0135 0143 0702 0135 0800 021 019 0743 032 -084 10040 10051 0704 10040 0800 0172 0212 0701 0167 0751 0224 0303 0701 0222 0758 0174 0136 0115 0105 0097 0097 0102 0132 //// 10187 ///// ///// ////
000000000000000000000000000000000000000000000000000000000000000000000000000000000000000000000000000000000000000000000000=
53992 353900 1143100 00582 00592 4
20100323080000 067 032 053 034 051 040 0718 063 033 032 058 0715 0000 0143 0145 0738 0139 0709 026 022 0723 042 -049 10117 10120 0726 10116 0749 0199 0222 0737 0192 0709 0200 0214 0734 0194 0702 0151 0123 0106 0093 0081 0080 0086 0122 //// 10189 ///// ///// ////
000000000000000000000000000000000000000000000000000000000000000000000000000000000000000000000000000000000000000000000000=
53974 353700 1141100 00723 00739 4
20100323080000 056 024 066 026 040 035 0705 083 023 032 066 0703 0000 0148 0150 0756 0143 0705 018 018 0758 030 -093 10101 10105 0718 10101 0756 0198 0220 0710 0197 0759 0235 0258 0722 0233 0759 0176 0142 0118 0104 0089 0089 0096 0124 //// 10191 ///// ///// ////
000000000000000000000000000000000000000000000000000000000000000000000000000000000000000000000000000000000000000000000000=
53990 354300 1141900 00795 00805 4
20100323080000 045 042 045 038 055 052 0712 042 041 040 075 0729 0000 0137 0143 0726 0136 0751 023 021 0751 036 -070 10094 10098 0718 10092 0741 0167 0210 0718 0166 0752 0222 0297 0707 0222 0800 0167 0134 0106 0096 0087 0082 0081 0111 //// 10192 ///// ///// ////
000000000000000000000000000000000000000000000000000000000000000000000000000000000000000000000000000000000000000000000000=
53991 355600 1142100 00743 00753 4
20100323080000 037 031 054 025 039 027 0739 054 030 042 064 0717 0000 0143 0145 0716 0140 0701 018 018 0800 029 -097 10103 10107 0717 10101 0744 0206 0230 0711 0180 0749 0255 0283 0709 0236 0749 0185 0143 0109 0097 0084 0081 0086 0118 //// 10195 ///// ///// ////
000000000000000000000000000000000000000000000000000000000000000000000000000000000000000000000000000000000000000000000000=
53993 355600 1145500 00516 00524 4
20100323080000 045 043 058 035 093 037 0717 043 053 102 058 0712 0000 0139 0141 0709 0136 0721 024 023 0711 038 -063 10125 10130 0739 10125 0800 0184 0224 0701 0180 0716 0222 0264 0701 0222 0800 0168 0129 0101 0087 0079 0073 0073 0108 //// 10189 ///// ///// ////
000000000000000000000000000000000000000000000000000000000000000000000000000000000000000000000000000000000000000000000000=
53889 360400 1134900 03068 03086 4
20100323080000 074 019 071 017 091 032 0731 074 017 092 054 0728 0000 0124 0128 0735 0122 0701 019 018 0736 027 -106 09823 09828 0701 09820 0729 0147 0210 0713 0147 0800 0228 0294 0714 0228 0800 0203 0179 0155 0133 0076 0072 0086 0098 //// 10194 ///// ///// ////
000000000000000000000000000000000000000000000000000000000000000000000000000000000000000000000000000000000000000000000000=
53995 353300 1143000 00625 00645 4
20100323080000 086 039 076 032 076 032 0800 108 045 083 061 0757 0000 0139 0142 0738 0137 0705 022 020 0748 035 -075 10111 10113 0741 10110 0753 0197 0214 0734 0187 0704 0247 0264 0729 0240 0747 0187 0151 0122 0104 0087 0084 0085 0116 //// 10190 ///// ///// ////
000000000000000000000000000000000000000000000000000000000000000000000000000000000000000000000000000000000000000000000000=
NNNN
