57090 344300 1135800 00781 00802 4
20100503130000 161 014 165 013 137 022 1214 187 013 102 039 1216 0000 0261 0268 1201 0261 1258 070 068 1201 237 0202 09946 09946 1300 09937 1205 0222 0242 1215 0221 1250 0240 0249 1203 0240 1300 0259 0261 0254 0245 0206 0164 0132 0132 //// 10037 ///// ///// ////
000000000000000000000000000000000000000000000000000000000000000000000000000000000000000000000000000000000000000000000000=
57083 344300 1133900 01104 01116 4
20100503130000 153 036 154 035 152 037 1252 169 035 158 059 1247 0000 0273 0275 1201 0269 1233 062 061 1252 225 0194 09906 09907 1255 09896 1201 0225 0225 1300 0215 1235 0241 0246 1213 0241 1257 0253 0253 0247 0238 0174 0145 0129 0131 0000 10032 ///// ///// ////
000000000000000000000000000000000000000000000000000000000000000000000000000000000000000000000000000000000000000000000000
120 10- 000 /// //// //////////////////CIEACR /// //// 6///1 0//// 7//// 1//// 2//// 3//// /// /// /// // 911// 915// 919// 934// 939//=
57086 342300 1134300 01166 01168 4
20100503130000 176 009 186 010 096 022 1205 167 008 119 036 1204 0000 0252 0256 1201 0248 1231 068 068 1202 218 0189 09907 09907 1300 09896 1203 0222 0248 1204 0221 1258 0235 0246 1201 0235 1300 0251 0251 0242 0229 0189 0146 0124 0124 //// 10041 ///// ///// ////
000000000000000000000000000000000000000000000000000000000000000000000000000000000000000000000000000000000000000000000000=
57085 343200 1132000 02599 02648 4
20100503130000 207 028 210 025 202 026 1239 198 030 203 049 1246 0000 0265 0274 1201 0265 1300 057 053 1201 197 0173 09738 09738 1300 09729 1201 0254 0262 1201 0254 1259 0234 0244 1201 0234 1300 0246 0247 0241 0228 0195 0155 0127 0129 //// 10036 ///// ///// ////
000000000000000000000000000000000000000000000000000000000000000000000000000000000000000000000000000000000000000000000000=
57081 344800 1132600 01409 01419 4
20100503130000 139 026 145 028 147 029 1259 125 019 144 072 1220 0000 0285 0285 1255 0280 1233 047 047 1256 183 0161 09870 09870 1300 09862 1201 0247 0248 1254 0222 1209 0247 0249 1224 0247 1249 0255 0256 0251 0234 0170 0146 0127 0122 //// 10030 ///// ///// ////
000000000000000000000000000000000000000000000000000000000000000000000000000000000000000000000000000000000000000000000000=
57084 343000 1130300 11784 11790 4
20100503130000 256 088 253 086 247 090 1224 248 101 258 118 1217 0000 0190 0194 1201 0190 1300 080 077 1201 176 0155 08766 08767 1253 08759 1202 0172 0177 1201 0171 1233 0184 0193 1201 0184 1250 0209 0218 0215 0204 0144 //// //// //// //// 10042 ///// ///// ////
000000000000000000000000000000000000000000000000000000000000000000000000000000000000000000000000000000000000000000000000=
57080 344400 1125800 01652 01661 4
20100503130000 193 053 201 035 187 047 1221 234 035 173 093 1230 0000 0288 0291 1201 0288 1259 042 039 1201 166 0146 09842 09843 1256 09831 1210 0231 0240 1234 0230 1259 0251 0258 1201 0251 1259 0259 0260 0251 0237 0172 0138 0121 0124 //// 10029 ///// ///// ////
000000000000000000000000000000000000000000000000000000000000000000000000000000000000000000000000000000000000000000000000=
57082 342800 1130100 04271 04284 4
20100503130000 209 009 234 008 221 028 1217 206 009 243 049 1209 0000 0255 0263 1201 0255 1258 055 052 1201 179 0158 09564 09564 1256 09555 1203 0236 0251 1216 0232 1258 0240 0251 1201 0239 1257 0258 0264 0260 0249 0183 0151 0128 //// //// 10044 ///// ///// ////
000000000000000000000000000000000000000000000000000000000000000000000000000000000000000000000000000000000000000000000000=
57295 323700 1142100 00785 00802 4
20100503130000 164 024 165 026 165 028 1233 167 018 122 055 1236 0000 0267 0274 1201 0267 1257 056 056 1201 196 0172 09956 09956 1300 09952 1202 0221 0221 1300 0214 1224 0252 0261 1201 0252 1300 0273 0265 0255 0240 0177 0152 0131 0132 //// 10047 ///// ///// ////
000000000000000000000000000000000000000000000000000000000000000000000000000000000000000000000000000000000000000000000000=
57189 330800 1135700 00646 00655 4
20100503130000 123 007 129 009 157 027 1201 125 006 167 040 1204 0000 0245 0261 1201 0245 1300 075 067 1201 231 0198 09969 09969 1300 09960 1201 0195 0219 1201 0195 1300 0236 0248 1201 0236 1300 0255 0257 0253 0243 0168 0142 0126 0128 //// 10044 ///// ///// ////
000000000000000000000000000000000000000000000000000000000000000000000000000000000000000000000000000000000000000000000000=
57194 331700 1141600 00598 00609 4
20100503130000 142 008 121 008 152 013 1202 350 001 170 031 1203 0000 0250 0265 1201 0249 1257 070 066 1201 222 0191 09974 09974 1300 09968 1201 0218 0233 1203 0212 1243 0230 0241 1202 0229 1253 0247 0250 0244 0232 0168 0141 0125 0128 //// 10044 ///// ///// ////
000000000000000000000000000000000000000000000000000000000000000000000000000000000000000000000000000000000000000000000000=
57197 330000 1142000 00489 00545 4
20100503130000 150 024 154 022 148 028 1237 150 019 147 043 1229 0000 0246 0255 1201 0246 1300 074 070 1201 229 0197 09982 09982 1300 09977 1201 0195 0201 1202 0193 1248 0231 0241 1202 0231 1300 0254 0255 0246 0232 0180 0151 0130 0129 //// 10044 ///// ///// ////
000000000000000000000000000000000000000000000000000000000000000000000000000000000000000000000000000000000000000000000000=
57294 325000 1140100 00836 00846 4
20100503130000 158 025 158 026 179 031 1203 173 028 175 050 1228 0000 0257 0270 1251 0257 1300 067 062 1251 221 0191 09946 09946 1300 09939 1202 0236 0247 1249 0236 1300 0244 0254 1201 0244 1300 0253 0251 0240 0224 0173 0150 0128 0127 //// 10042 ///// ///// ////
000000000000000000000000000000000000000000000000000000000000000000000000000000000000000000000000000000000000000000000000=
57292 325800 1143800 00444 00453 4
20100503130000 147 014 154 016 152 016 1257 167 000 164 038 1252 0000 0264 0268 1201 0262 1251 064 064 1300 220 0190 09997 09997 1300 09994 1212 0223 0226 1201 0222 1228 0244 0254 1201 0244 1300 0257 0257 0248 0238 0194 0157 0134 0135 //// 10049 ///// ///// ////
000000000000000000000000000000000000000000000000000000000000000000000000000000000000000000000000000000000000000000000000=
57195 333700 1143700 00466 00476 4
20100503130000 164 012 171 011 141 015 1215 226 017 189 033 1209 0000 0267 0276 1201 0267 1300 060 059 1209 210 0183 09992 09992 1300 09985 1201 0228 0241 1220 0226 1247 0243 0261 1201 0243 1300 0266 0273 0267 0254 0183 0149 0130 0141 //// 10046 ///// ///// ////
000000000000000000000000000000000000000000000000000000000000000000000000000000000000000000000000000000000000000000000000=
57193 334700 1143100 00526 00541 4
20100503130000 169 013 165 012 172 013 1233 164 015 150 035 1208 0000 0262 0270 1201 0262 1300 063 062 1201 214 0186 09985 09985 1300 09981 1201 0223 0232 1202 0223 1259 0237 0249 1202 0237 1300 0254 0257 0253 0243 0183 0149 0132 0132 //// 10047 ///// ///// ////
000000000000000000000000000000000000000000000000000000000000000000000000000000000000000000000000000000000000000000000000=
57196 332800 1145200 00420 00428 4
20100503130000 153 021 154 021 160 023 1201 155 016 175 033 1231 0000 0255 0266 1201 0255 1300 066 064 1201 215 0187 10000 10000 1300 09994 1211 0219 0236 1225 0214 1250 0226 0242 1201 0226 1259 0252 0255 0245 0228 0160 0139 0128 0133 //// 10049 ///// ///// ////
000000000000000000000000000000000000000000000000000000000000000000000000000000000000000000000000000000000000000000000000=
58101 335200 1152900 00413 00428 4
20100503130000 147 015 149 017 154 021 1247 128 015 161 036 1244 0000 0258 0263 1201 0258 1300 066 066 1251 219 0190 10007 10007 1259 10001 1201 0227 0231 1202 0225 1237 0234 0245 1201 0234 1300 0257 0252 0241 0226 0171 0144 0126 0131 //// 10056 ///// ///// ////
000000000000000000000000000000000000000000000000000000000000000000000000000000000000000000000000000000000000000000000000=
57098 340500 1142400 00583 00593 4
20100503130000 150 010 150 012 146 020 1201 144 010 133 034 1240 0000 0251 0257 1201 0251 1300 070 069 1201 223 0192 09974 09974 1300 09967 1201 0227 0241 1204 0227 1300 0222 0230 1201 0222 1300 0233 0238 0234 0227 0181 0147 0126 0130 //// 10042 ///// ///// ////
000000000000000000000000000000000000000000000000000000000000000000000000000000000000000000000000000000000000000000000000=
57088 340900 1133000 01161 01177 4
20100503130000 194 024 196 023 189 029 1241 195 027 195 046 1240 0000 0264 0265 1201 0264 1300 070 070 1300 241 0205 09904 09904 1300 09892 1201 0231 0237 1204 0229 1222 0241 0253 1201 0241 1300 0261 0263 0255 0241 0165 0139 0128 0131 //// 10038 ///// ///// ////
000000000000000000000000000000000000000000000000000000000000000000000000000000000000000000000000000000000000000000000000=
57182 335100 1133000 00805 00814 4
20100503130000 198 038 199 031 199 031 1300 195 055 195 055 1300 0000 0263 0265 1201 0258 1233 064 064 1300 219 0189 09945 09945 1300 09936 1201 0247 0247 1204 0234 1231 0247 0262 1201 0247 1259 0271 0272 0262 0242 0189 0155 0134 0139 //// 10038 ///// ///// ////
000000000000000000000000000000000000000000000000000000000000000000000000000000000000000000000000000000000000000000000000=
57087 341200 1134800 00877 00885 4
20100503130000 183 032 184 028 176 031 1217 189 023 164 057 1214 0000 0270 0277 1209 0270 1300 059 057 1210 210 0183 09938 09938 1300 09927 1202 0246 0256 1201 0241 1248 0242 0252 1201 0242 1259 0255 0257 0250 0236 0168 0141 0125 0128 //// 10039 ///// ///// ////
000000000000000000000000000000000000000000000000000000000000000000000000000000000000000000000000000000000000000000000000=
58301 314900 1152300 00916 00929 4
20100503130000 290 007 271 011 203 015 1234 322 007 215 021 1232 0000 0238 0259 1201 0238 1300 066 052 1201 195 0171 09951 09952 1225 09950 1205 0188 0200 1201 0188 1300 0228 0246 1201 0228 1300 0262 0268 0266 0256 0216 0173 0141 0134 //// 10057 ///// ///// ////
000000000000000000000000000000000000000000000000000000000000000000000000000000000000000000000000000000000000000000000000=
57298 321300 1143300 00554 00562 4
20100503130000 170 015 176 015 182 017 1257 161 018 181 024 1256 0000 0259 0263 1201 0258 1249 059 059 1300 197 0173 09985 09985 1300 09982 1201 0205 0214 1201 0205 1250 0235 0248 1201 0235 1300 0254 0255 0247 0232 0176 0149 0128 0138 //// 10049 ///// ///// ////
000000000000000000000000000000000000000000000000000000000000000000000000000000000000000000000000000000000000000000000000=
57390 314800 1140400 07335 07347 4
20100503130000 214 042 214 041 212 047 1254 138 035 189 118 1230 0000 0235 0236 1254 0230 1201 050 050 1300 145 0125 09243 09243 1300 09241 1201 0229 0230 1254 0223 1201 0208 0214 1205 0208 1300 0225 0227 0224 0212 0170 0138 //// //// //// 10055 ///// ///// ////
000000000000000000000000000000000000000000000000000000000000000000000000000000000000000000000000000000000000000000000000=
58208 321000 1153700 00429 00439 4
20100503130000 117 014 125 014 117 020 1202 123 016 109 026 1254 0000 0247 0254 1201 0243 1238 060 060 1300 187 0164 10005 10006 1253 10002 1201 0209 0222 1202 0206 1236 0241 0251 1201 0241 1300 0271 0284 0279 0268 0191 0164 0142 0142 //// 10055 ///// ///// ////
000000000000000000000000000000000000000000000000000000000000000000000000000000000000000000000000000000000000000000000000=
53989 350300 1135700 00766 00777 4
20100503130000 139 000 153 001 129 008 1206 130 000 196 020 1223 0000 0252 0263 1201 0252 1300 072 065 1201 231 0198 09950 09950 1300 09939 1201 0210 0225 1213 0210 1300 0226 0237 1202 0226 1300 0248 0253 0248 0237 0177 0144 0124 0126 //// 10039 ///// ///// ////
000000000000000000000000000000000000000000000000000000000000000000000000000000000000000000000000000000000000000000000000=
53997 350900 1141100 00711 00723 4
20100503130000 153 010 152 009 113 013 1230 118 010 127 020 1230 0000 0259 0264 1201 0259 1300 064 061 1201 214 0186 09956 09956 1300 09948 1203 0214 0217 1201 0213 1231 0235 0239 1201 0235 1257 0251 0253 0241 0232 0166 0142 0122 0126 //// 10039 ///// ///// ////
000000000000000000000000000000000000000000000000000000000000000000000000000000000000000000000000000000000000000000000000=
53986 351900 1135300 00732 00740 4
20100503130000 156 011 152 010 144 015 1220 102 003 144 042 1216 0000 0269 0273 1217 0269 1300 070 068 1219 248 0210 09955 09955 1300 09947 1204 0247 0251 1218 0239 1228 0236 0242 1201 0236 1300 0243 0241 0234 0225 0181 0148 0126 0131 //// 10039 ///// ///// ////
000000000000000000000000000000000000000000000000000000000000000000000000000000000000000000000000000000000000000000000000=
53988 351600 1134000 00776 00784 4
20100503130000 131 015 131 015 126 016 1254 130 016 127 024 1250 0000 0262 0262 1300 0254 1235 068 068 1300 231 0198 09943 09943 1300 09934 1201 0234 0234 1257 0218 1234 0238 0244 1201 0236 1235 0249 0249 0239 0227 0160 0137 0123 0128 //// 10032 ///// ///// ////
000000000000000000000000000000000000000000000000000000000000000000000000000000000000000000000000000000000000000000000000=
53998 351200 1143900 00616 00625 4
20100503130000 151 030 151 028 155 034 1247 142 032 173 058 1201 0000 0269 0275 1201 0269 1300 059 058 1247 209 0182 09969 09969 1300 09962 1202 0234 0245 1203 0234 1300 0244 0255 1201 0244 1300 0255 0254 0243 0228 0192 0152 0125 0130 //// 10040 ///// ///// ////
000000000000000000000000000000000000000000000000000000000000000000000000000000000000000000000000000000000000000000000000=
57051 344800 1111200 04099 04117 4
20100503130000 097 019 104 016 100 023 1201 111 023 119 038 1211 0000 0257 0261 1201 0257 1256 064 063 1241 211 0184 09558 09558 1300 09549 1201 0227 0238 1201 0226 1252 0234 0244 1201 0234 1300 0239 0238 0233 0223 0184 0139 0120 0121 //// 10018 ///// ///// ////
000000000000000000000000000000000000000000000000000000000000000000000000000000000000000000000000000000000000000000000000=
57063 344600 1114600 05236 05236 4
20100503130000 098 032 097 029 080 037 1207 113 037 091 053 1206 0000 0235 0238 1201 0233 1250 070 070 1201 203 0177 09441 09442 1259 09436 1220 0203 0210 1201 0201 1248 0218 0226 1201 0217 1250 0223 0221 0210 0197 0130 0115 0104 0111 //// 10025 ///// ///// ////
000000000000000000000000000000000000000000000000000000000000000000000000000000000000000000000000000000000000000000000000=
57067 340300 1110200 05688 05699 4
20100503130000 254 017 245 017 241 032 1215 248 009 263 057 1214 0000 0231 0235 1212 0230 1253 060 057 1210 170 0149 09393 09395 1252 09391 1205 0217 0226 1217 0217 1256 0234 0240 1201 0234 1300 0243 0242 0220 0234 0182 0156 0125 0125 //// 10030 ///// ///// ////
000000000000000000000000000000000000000000000000000000000000000000000000000000000000000000000000000000000000000000000000=
57056 343200 1105300 03904 03909 4
20100503130000 224 029 216 031 187 044 1212 203 021 181 080 1202 0000 0280 0288 1201 0280 1300 038 034 1201 144 0124 09580 09580 1300 09569 1201 0242 0260 1214 0238 1252 0250 0263 1201 0250 1300 0258 0259 0248 0235 0160 0135 0119 0121 //// 10014 ///// ///// ////
000000000000000000000000000000000000000000000000000000000000000000000000000000000000000000000000000000000000000000000000=
58007 340400 1151800 00472 00532 4
20100503130000 151 018 152 018 147 022 1232 144 020 139 039 1226 0000 0259 0264 1201 0259 1300 066 065 1201 220 0191 09992 09992 1300 09986 1201 0225 0227 1251 0223 1210 0239 0247 1201 0239 1300 0254 0253 0244 0230 0167 0142 0127 0132 //// 10053 ///// ///// ////
000000000000000000000000000000000000000000000000000000000000000000000000000000000000000000000000000000000000000000000000=
58006 342300 1155300 00463 00506 4
20100503130000 144 017 136 016 131 019 1242 142 010 097 035 1221 0000 0255 0261 1208 0255 1300 067 066 1209 219 0189 10003 10003 1300 10000 1218 0222 0228 1209 0220 1255 0231 0242 1201 0231 1300 0250 0257 0250 0237 0178 0145 0124 0128 //// 10061 ///// ///// ////
000000000000000000000000000000000000000000000000000000000000000000000000000000000000000000000000000000000000000000000000=
58111 335800 1162700 00325 00325 4
20100503130000 136 024 136 019 137 030 1237 133 020 139 056 1230 0000 0260 0267 1201 0260 1300 053 053 1300 178 0157 10028 10028 1259 10024 1201 0203 0209 1202 0203 1300 0228 0240 1201 0228 1300 0242 0247 0242 0231 0174 0145 0130 0138 //// 10065 ///// ///// ////
000000000000000000000000000000000000000000000000000000000000000000000000000000000000000000000000000000000000000000000000=
58017 341500 1160800 00410 00420 4
20100503130000 114 016 116 024 116 025 1258 105 019 119 047 1251 0000 0266 0275 1204 0266 1300 061 058 1203 212 0185 10011 10011 1300 10008 1202 0204 0212 1201 0204 1300 0230 0239 1201 0230 1300 0243 0244 0237 0226 0165 0145 0127 0130 //// 10059 ///// ///// ////
000000000000000000000000000000000000000000000000000000000000000000000000000000000000000000000000000000000000000000000000=
58001 342600 1150600 00563 00569 4
20100503130000 155 028 152 024 146 030 1246 153 026 144 045 1242 0000 0257 0264 1206 0257 1300 065 060 1213 215 0186 09984 09984 1300 09976 1202 0233 0243 1201 0233 1259 0226 0233 1201 0226 1300 0240 0242 0236 0223 0166 0136 0119 0126 //// 10049 ///// ///// ////
000000000000000000000000000000000000000000000000000000000000000000000000000000000000000000000000000000000000000000000000=
58005 342700 1154000 00501 00511 4
20100503130000 148 034 153 027 153 027 1300 159 029 152 048 1259 0000 0265 0268 1201 0265 1300 061 061 1300 211 0184 09997 09997 1300 09992 1201 0222 0226 1214 0219 1239 0235 0242 1202 0235 1259 0251 0254 0244 0230 0172 0138 0127 0133 0000 10055 ///// ///// ////
000000000000000000000000000000000000000000000000000000000000000000000000000000000000000000000000000000000000000000000000
160 010 000 /// //// //////////////////ACRASP /// //// 6///1 0//// 7//// 1//// 2//// 3//// /// /// /// // 911// 915// 919// 934// 939//=
58008 342800 1152000 00544 00592 4
20100503130000 118 019 123 019 120 027 1223 091 016 102 050 1222 0000 0261 0264 1235 0261 1300 064 062 1203 216 0188 09982 09982 1300 09977 1204 0234 0242 1236 0226 1206 0234 0239 1201 0234 1259 0244 0246 0242 0229 0163 0141 0123 0130 //// 10050 ///// ///// ////
000000000000000000000000000000000000000000000000000000000000000000000000000000000000000000000000000000000000000000000000=
58004 343900 1150900 00606 00616 4
20100503130000 138 019 148 019 141 022 1231 232 015 173 051 1258 0000 0263 0264 1208 0262 1255 063 060 1219 216 0187 09977 09977 1259 09969 1201 0246 0249 1204 0243 1254 0240 0247 1201 0240 1259 0257 0266 0256 0244 0178 0144 0127 0129 //// 10047 ///// ///// ////
000000000000000000000000000000000000000000000000000000000000000000000000000000000000000000000000000000000000000000000000=
54817 355900 1155200 00421 00434 4
20100503130000 152 020 149 018 166 023 1202 153 024 173 043 1215 0000 0260 0270 1201 0260 1259 063 057 1201 212 0184 09998 09998 1259 09992 1201 0209 0214 1201 0209 1246 0237 0244 1201 0237 1258 0250 0250 0241 0223 0158 0125 0112 0112 //// 10048 ///// ///// ////
000000000000000000000000000000000000000000000000000000000000000000000000000000000000000000000000000000000000000000000000=
54902 355400 1150700 00495 00499 4
20100503130000 161 022 160 020 161 020 1201 158 018 156 033 1257 0000 0252 0259 1201 0252 1300 072 071 1202 231 0198 09984 09984 1300 09977 1202 0235 0242 1201 0232 1249 0231 0244 1201 0231 1300 0249 0248 0238 0222 0164 0125 0111 0115 //// 10041 ///// ///// ////
000000000000000000000000000000000000000000000000000000000000000000000000000000000000000000000000000000000000000000000000=
54900 354200 1150100 00537 00541 4
20100503130000 148 013 145 013 150 015 1241 147 012 150 027 1227 0000 0253 0264 1201 0253 1300 072 069 1201 232 0199 09980 09980 1300 09973 1201 0203 0222 1201 0203 1259 0229 0246 1201 0229 1300 0255 0254 0243 0226 0185 0139 0115 0115 //// 10042 ///// ///// ////
000000000000000000000000000000000000000000000000000000000000000000000000000000000000000000000000000000000000000000000000=
54901 360500 1151000 00475 00478 4
20100503130000 144 025 144 025 146 030 1231 139 024 142 044 1242 0000 0249 0253 1201 0249 1300 073 071 1201 230 0197 09989 09989 1300 09981 1201 0222 0229 1201 0222 1300 0234 0242 1201 0234 1300 0244 0242 0234 0220 0181 0144 0117 0115 //// 10044 ///// ///// ////
000000000000000000000000000000000000000000000000000000000000000000000000000000000000000000000000000000000000000000000000=
54903 355100 1152900 00457 00506 4
20100503130000 166 015 169 017 162 019 1237 198 021 181 031 1228 0000 0262 0269 1201 0262 1300 059 058 1201 201 0176 09986 09986 1300 09980 1201 0248 0254 1201 0246 1252 0238 0246 1201 0238 1300 0245 0247 0237 0223 0176 0137 0118 0116 //// 10044 ///// ///// ////
000000000000000000000000000000000000000000000000000000000000000000000000000000000000000000000000000000000000000000000000=
57184 333800 1132200 00834 00847 4
20100503130000 149 015 160 016 161 021 1201 172 016 198 034 1247 0000 0265 0276 1201 0265 1300 059 055 1201 204 0178 09940 09940 1300 09931 1201 0224 0240 1201 0223 1254 0241 0254 1201 0240 1254 0132 0271 0264 0251 0153 0137 0127 0133 //// 10036 ///// ///// ////
000000000000000000000000000000000000000000000000000000000000000000000000000000000000000000000000000000000000000000000000=
57177 332000 1133200 00898 00913 4
20100503130000 219 020 207 018 170 020 1214 200 022 175 031 1206 0000 0272 0275 1201 0268 1253 050 050 1300 180 0159 09933 09933 1300 09925 1201 0229 0244 1213 0212 1252 0240 0249 1201 0238 1254 0232 0261 0244 0244 0182 0151 0132 0126 //// 10037 ///// ///// ////
000000000000000000000000000000000000000000000000000000000000000000000000000000000000000000000000000000000000000000000000=
57075 341000 1125200 02031 02043 4
20100503130000 155 023 150 022 173 034 1231 158 023 166 044 1225 0000 0246 0248 1220 0243 1208 068 067 1221 210 0183 09808 09808 1300 09799 1218 0222 0224 1250 0213 1213 0221 0227 1201 0221 1300 0239 0248 0246 0237 0214 0171 0134 0126 //// 10040 ///// ///// ////
000000000000000000000000000000000000000000000000000000000000000000000000000000000000000000000000000000000000000000000000=
57173 334500 1125300 01457 01468 4
20100503130000 166 010 181 012 196 019 1217 147 012 204 032 1203 0000 0255 0269 1207 0255 1300 065 059 1202 212 0184 09869 09869 1300 09860 1201 0213 0231 1209 0211 1246 0236 0253 1203 0236 1300 0263 0267 0260 0245 0182 0151 0131 0135 //// 10036 ///// ///// ////
000000000000000000000000000000000000000000000000000000000000000000000000000000000000000000000000000000000000000000000000=
57180 335900 1131200 01175 01186 4
20100503130000 196 022 196 022 187 025 1207 217 021 175 053 1213 0000 0260 0268 1201 0260 1300 066 063 1214 222 0192 09903 09903 1300 09893 1201 0232 0241 1201 0230 1258 0241 0251 1201 0241 1258 0261 0265 0257 0240 0174 0148 0130 0134 //// 10038 ///// ///// ////
000000000000000000000000000000000000000000000000000000000000000000000000000000000000000000000000000000000000000000000000=
57181 335300 1130300 01364 01380 4
20100503130000 181 010 197 011 172 018 1201 164 010 192 023 1249 0000 0236 0243 1201 0236 1241 076 073 1201 221 0191 09885 09885 1259 09877 1201 0200 0208 1201 0198 1249 0232 0243 1201 0232 1300 0257 0267 0255 0246 0187 0152 0131 0133 //// 10042 ///// ///// ////
000000000000000000000000000000000000000000000000000000000000000000000000000000000000000000000000000000000000000000000000=
57175 330300 1121400 01914 01922 4
20100503130000 113 017 091 014 098 020 1239 133 023 133 043 1230 0000 0246 0247 1242 0234 1201 076 076 1251 235 0201 09821 09821 1227 09818 1209 0208 0209 1252 0205 1231 0242 0248 1201 0242 1300 0260 0262 0253 0239 0174 0150 0134 0139 //// 10040 ///// ///// ////
000000000000000000000000000000000000000000000000000000000000000000000000000000000000000000000000000000000000000000000000=
57156 331800 1113000 02503 02523 4
20100503130000 081 026 085 028 080 038 1207 088 019 068 057 1205 0000 0256 0257 1212 0256 1259 064 063 1228 210 0183 09751 09752 1257 09744 1214 0223 0224 1251 0223 1223 0246 0248 1201 0246 1300 0249 0247 0242 0231 0194 0164 0140 0143 //// 10037 ///// ///// ////
000000000000000000000000000000000000000000000000000000000000000000000000000000000000000000000000000000000000000000000000=
57271 323300 1122300 00879 00897 4
20100503130000 145 017 146 016 183 027 1214 150 016 175 043 1212 0000 0246 0261 1202 0246 1300 074 067 1201 229 0197 09933 09933 1225 09931 1201 0229 0244 1215 0229 1255 0240 0250 1201 0240 1300 0256 0257 0251 0241 0179 0148 0136 0139 //// 10036 ///// ///// ////
000000000000000000000000000000000000000000000000000000000000000000000000000000000000000000000000000000000000000000000000=
57261 330700 1113100 02330 02345 4
20100503130000 257 036 255 037 244 046 1205 250 038 278 067 1233 0000 0258 0262 1201 0258 1300 067 065 1234 223 0192 09761 09761 1300 09754 1201 0241 0247 1201 0241 1250 0246 0253 1201 0246 1300 0256 0259 0254 0245 0208 0173 0149 //// //// 10026 ///// ///// ////
000000000000000000000000000000000000000000000000000000000000000000000000000000000000000000000000000000000000000000000000=
57285 322300 1132500 01530 01492 4
20100503130000 084 030 108 026 113 027 1259 102 043 108 049 1250 0000 0276 0278 1221 0274 1249 053 052 1220 196 0172 09874 09875 1257 09869 1212 0219 0223 1221 0214 1201 0247 0253 1201 0247 1300 0265 0270 0266 0256 0173 0146 0131 0135 //// ///// ///// ///// ////
////////////////////////////////////////////////////////////////////////////////////////////////////////////////////////=
57273 324100 1125100 01095 01105 4
20100503130000 165 027 167 026 175 033 1223 178 030 167 054 1214 0000 0262 0272 1204 0262 1300 058 054 1201 197 0173 09913 09913 1300 09907 1201 0248 0254 1201 0248 1300 0250 0258 1201 0250 1300 0265 0267 0259 0245 0184 0156 0136 0138 //// 10038 ///// ///// ////
000000000000000000000000000000000000000000000000000000000000000000000000000000000000000000000000000000000000000000000000=
57187 330400 1125600 01180 01193 4
20100503130000 169 011 171 014 162 027 1220 155 010 147 047 1213 0000 0259 0264 1201 0259 1300 065 064 1201 217 0188 09897 09897 1300 09887 1201 0223 0246 1245 0223 1300 0243 0250 1201 0243 1300 0262 0254 0255 0242 0195 0161 0140 0137 //// 10033 ///// ///// ////
000000000000000000000000000000000000000000000000000000000000000000000000000000000000000000000000000000000000000000000000=
57178 330200 1123500 01292 01305 4
20100503130000 106 016 112 014 112 014 1300 110 019 110 019 1300 0000 0254 0262 1211 0254 1300 070 066 1201 227 0195 09888 09890 1225 09884 1201 0217 0230 1208 0217 1300 0241 0247 1208 0241 1300 0256 0258 0249 0238 0179 0150 0134 0134 0001 10036 ///// ///// ////
000000000000000000000000000000000000000000000000000000000000000000000000000000000000000000000000000000000000000000000000
180 010 000 /// //// /////////////////////ACP /// //// 6///1 0//// 7//// 1//// 2//// 3//// /// /// /// // 911// 915// 919// 934// 939//=
57169 330300 1115200 01591 01600 4
20100503130000 095 017 091 018 067 024 1224 083 020 074 033 1221 0000 0244 0250 1202 0244 1259 078 076 1201 238 0203 09855 09855 1300 09850 1221 0221 0227 1201 0221 1300 0232 0239 1201 0232 1300 0247 0249 0244 0233 0196 0157 0135 0135 //// 10037 ///// ///// ////
000000000000000000000000000000000000000000000000000000000000000000000000000000000000000000000000000000000000000000000000=
57176 332900 1122500 02311 02304 4
20100503130000 331 002 031 007 299 016 1247 302 001 201 028 1223 0000 0252 0258 1236 0251 1254 065 062 1235 208 0182 09783 09785 1246 09780 1231 0233 0239 1232 0224 1219 0246 0251 1201 0246 1300 0263 0266 0262 0252 0199 0167 0141 0137 //// 10044 ///// ///// ////
000000000000000000000000000000000000000000000000000000000000000000000000000000000000000000000000000000000000000000000000=
57179 331700 1130000 01604 01616 4
20100503130000 262 016 237 018 172 023 1206 263 014 203 042 1214 0000 0256 0267 1201 0256 1300 068 063 1201 223 0193 09859 09859 1259 09850 1202 0218 0231 1206 0218 1258 0243 0253 1201 0243 1300 0259 0260 0252 0241 0186 0151 0131 0134 //// 10043 ///// ///// ////
000000000000000000000000000000000000000000000000000000000000000000000000000000000000000000000000000000000000000000000000=
57274 324200 1120700 01076 01088 4
20100503130000 155 043 153 044 142 052 1230 164 032 158 082 1252 0000 0258 0260 1201 0258 1222 066 063 1201 219 0190 09905 09905 1300 09898 1223 0247 0248 1249 0246 1212 0246 0250 1201 0246 1300 0257 0257 0255 0246 0214 0186 0151 0145 //// 10029 ///// ///// ////
000000000000000000000000000000000000000000000000000000000000000000000000000000000000000000000000000000000000000000000000=
57065 343000 1121100 01949 01964 4
20100503130000 137 019 150 022 146 039 1203 139 017 133 065 1201 0000 0276 0283 1202 0276 1300 046 043 1204 170 0149 09801 09801 1300 09794 1201 0215 0218 1218 0215 1300 0247 0255 1202 0247 1259 0259 0262 0257 0245 0180 0150 0135 0139 //// 10023 ///// ///// ////
000000000000000000000000000000000000000000000000000000000000000000000000000000000000000000000000000000000000000000000000=
57074 342500 1122500 01973 01989 4
20100503130000 134 012 153 012 148 015 1208 128 019 128 049 1241 0000 0264 0270 1201 0263 1250 058 058 1300 200 0175 09803 09804 1258 09795 1202 0234 0246 1201 0232 1254 0247 0257 1201 0246 1259 0260 0262 0254 0240 0176 0148 0129 0130 //// 10028 ///// ///// ////
000000000000000000000000000000000000000000000000000000000000000000000000000000000000000000000000000000000000000000000000=
57076 344400 1124700 01895 01901 4
20100503130000 166 035 172 035 178 038 1257 170 040 181 068 1248 0000 0281 0281 1300 0276 1241 047 047 1300 179 0157 09811 09812 1243 09800 1202 0258 0258 1258 0239 1245 0241 0244 1201 0237 1244 0243 0245 0234 0220 0170 0141 0122 0125 //// 10025 ///// ///// ////
000000000000000000000000000000000000000000000000000000000000000000000000000000000000000000000000000000000000000000000000=
57070 344400 1120700 03640 03595 4
20100503130000 053 015 057 017 071 023 1240 066 015 077 033 1235 0000 0248 0254 1207 0248 1300 065 063 1208 203 0178 09621 09621 1258 09615 1201 0231 0236 1205 0231 1300 0230 0234 1201 0230 1300 0238 0235 0226 0214 0184 0146 0123 0125 //// 10025 ///// ///// ////
000000000000000000000000000000000000000000000000000000000000000000000000000000000000000000000000000000000000000000000000=
57162 340900 1120500 03258 03275 4
20100503130000 216 008 236 008 227 012 1204 116 007 294 019 1209 0000 0263 0270 1201 0263 1300 050 048 1201 171 0151 09655 09655 1300 09651 1201 0211 0226 1206 0209 1257 0244 0253 1201 0244 1300 0260 0260 0253 0241 0170 0147 0129 0135 //// 10023 ///// ///// ////
000000000000000000000000000000000000000000000000000000000000000000000000000000000000000000000000000000000000000000000000=
57078 340900 1122800 03365 03340 4
20100503130000 121 006 160 012 142 029 1213 099 004 170 054 1203 0000 0266 0271 1201 0266 1300 049 049 1217 171 0150 09654 09654 1259 09647 1201 0211 0226 1204 0211 1300 0234 0244 1201 0234 1300 0247 0252 0247 0234 0159 0137 0125 0124 //// 10030 ///// ///// ////
000000000000000000000000000000000000000000000000000000000000000000000000000000000000000000000000000000000000000000000000=
57071 344900 1122600 03333 03332 4
20100503130000 055 024 059 020 059 020 1300 032 018 074 040 1259 0000 0255 0255 1256 0252 1223 061 061 1259 199 0174 09654 09655 1255 09648 1201 0215 0215 1300 0196 1224 0228 0232 1201 0228 1254 0243 0244 0237 0225 0195 0149 0122 0123 //// 10029 ///// ///// ////
000000000000000000000000000000000000000000000000000000000000000000000000000000000000000000000000000000000000000000000000=
57066 342300 1114000 03283 03298 4
20100503130000 000 000 272 003 272 003 1300 277 002 257 007 1255 0000 0243 0252 1201 0243 1300 077 070 1201 234 0200 09649 09649 1259 09641 1201 0206 0211 1201 0206 1259 0227 0236 1201 0227 1300 0226 0217 0206 0194 0163 0141 0122 0121 //// 10023 ///// ///// ////
000000000000000000000000000000000000000000000000000000000000000000000000000000000000000000000000000000000000000000000000=
57077 334700 1113900 07424 07388 4
20100503130000 050 019 057 017 171 033 1201 144 018 083 039 1259 0000 0234 0240 1201 0234 1300 053 052 1253 152 0133 09217 09217 1237 09215 1207 0203 0224 1201 0198 1256 0219 0232 1201 0218 1256 0228 0231 0224 0214 0169 0134 0114 0117 //// 10033 ///// ///// ////
000000000000000000000000000000000000000000000000000000000000000000000000000000000000000000000000000000000000000000000000=
57183 334800 1135500 00600 00615 4
20100503130000 181 034 182 033 184 039 1217 187 033 173 071 1210 0000 0254 0257 1215 0254 1257 068 066 1214 221 0191 09970 09970 1300 09960 1201 0235 0238 1244 0235 1226 0234 0239 1201 0234 1300 0252 0253 0247 0235 0195 0155 0129 0126 //// 10041 ///// ///// ////
000000000000000000000000000000000000000000000000000000000000000000000000000000000000000000000000000000000000000000000000=
57186 333600 1140300 00587 00598 4
20100503130000 178 033 168 025 160 040 1204 144 039 160 066 1203 0000 0265 0277 1201 0265 1300 064 058 1201 222 0191 09972 09973 1258 09964 1203 0231 0246 1204 0230 1258 0243 0251 1203 0243 1258 0260 0261 0251 0240 0194 0158 0135 0137 //// 10040 ///// ///// ////
000000000000000000000000000000000000000000000000000000000000000000000000000000000000000000000000000000000000000000000000=
57191 342900 1142900 00634 00642 4
20100503130000 156 018 148 022 156 025 1203 150 020 190 046 1202 0000 0261 0268 1201 0261 1300 066 062 1201 223 0193 09968 09968 1300 09961 1201 0237 0243 1201 0237 1253 0242 0248 1201 0242 1300 0255 0257 0252 0241 0181 0147 0126 0127 //// 10041 ///// ///// ////
000000000000000000000000000000000000000000000000000000000000000000000000000000000000000000000000000000000000000000000000=
57096 343200 1144700 00597 00607 4
20100503130000 154 028 155 027 162 032 1201 159 033 164 049 1222 0000 0257 0263 1201 0257 1300 062 061 1201 205 0179 09971 09971 1300 09963 1203 0230 0239 1201 0230 1258 0233 0244 1201 0233 1300 0253 0257 0245 0229 0172 0143 0126 0130 //// 10040 ///// ///// ////
000000000000000000000000000000000000000000000000000000000000000000000000000000000000000000000000000000000000000000000000=
57091 344700 1141800 00737 00748 4
20100503130000 158 026 163 027 184 034 1230 136 031 181 070 1230 0000 0272 0277 1201 0272 1300 056 055 1201 202 0177 09952 09952 1300 09943 1207 0240 0245 1207 0239 1258 0243 0249 1201 0243 1300 0253 0251 0243 0219 0179 0149 0126 0120 //// 10037 ///// ///// ////
000000000000000000000000000000000000000000000000000000000000000000000000000000000000000000000000000000000000000000000000=
53978 350500 1123800 01401 01409 4
20100503130000 083 022 083 021 084 021 1259 063 017 105 034 1218 0000 0250 0260 1201 0250 1300 068 064 1201 215 0187 09868 09868 1254 09860 1201 0222 0238 1201 0222 1255 0222 0233 1201 0222 1259 0236 0238 0230 0221 0156 0134 0125 0130 //// 10029 ///// ///// ////
000000000000000000000000000000000000000000000000000000000000000000000000000000000000000000000000000000000000000000000000=
53984 351400 1132800 00827 00837 4
20100503130000 086 014 076 014 072 018 1230 082 014 082 024 1228 0000 0243 0247 1218 0243 1300 077 075 1201 234 0200 09936 09936 1300 09929 1201 0210 0211 1252 0208 1211 0232 0237 1201 0232 1300 0243 0242 0230 0222 0179 0148 0125 0125 //// 10032 ///// ///// ////
000000000000000000000000000000000000000000000000000000000000000000000000000000000000000000000000000000000000000000000000=
53987 350600 1132500 00910 00918 4
20100503130000 102 018 100 019 104 020 1253 097 016 083 031 1222 0000 0252 0259 1237 0252 1300 079 077 1238 253 0213 09928 09928 1300 09920 1202 0230 0238 1235 0227 1201 0239 0246 1201 0239 1300 0251 0252 0246 0236 0186 0154 0135 0132 //// 10033 ///// ///// ////
000000000000000000000000000000000000000000000000000000000000000000000000000000000000000000000000000000000000000000000000=
57079 345700 1130200 01064 01069 4
20100503130000 100 006 301 011 003 022 1234 240 003 043 029 1226 0000 0243 0257 1201 0243 1300 075 070 1201 228 0196 09905 09906 1256 09895 1201 0222 0236 1226 0222 1245 0226 0238 1201 0226 1300 0240 0239 0231 0219 0189 0155 0129 0126 //// 10027 ///// ///// ////
000000000000000000000000000000000000000000000000000000000000000000000000000000000000000000000000000000000000000000000000=
57072 345500 1124500 01275 01285 4
20100503130000 323 016 317 014 308 018 1236 327 019 307 030 1234 0000 0229 0242 1201 0229 1300 084 079 1201 234 0201 09881 09881 1300 09873 1201 0199 0209 1204 0195 1257 0213 0224 1201 0213 1259 0235 0237 0228 0215 0157 0135 0118 0119 //// 10028 ///// ///// ////
000000000000000000000000000000000000000000000000000000000000000000000000000000000000000000000000000000000000000000000000=
53982 351400 1131600 01120 01135 4
20100503130000 054 011 052 014 038 023 1223 026 009 054 039 1217 0000 0270 0275 1201 0270 1300 062 059 1201 221 0191 09899 09899 1300 09893 1201 0243 0246 1232 0243 1217 0249 0256 1203 0249 1300 0254 0252 0243 0232 0186 0153 0132 0135 //// 10028 ///// ///// ////
000000000000000000000000000000000000000000000000000000000000000000000000000000000000000000000000000000000000000000000000=
53979 350900 1130500 01200 01211 4
20100503130000 075 012 101 013 056 025 1204 062 014 037 036 1203 0000 0263 0269 1215 0262 1248 064 061 1214 219 0189 09895 09895 1300 09884 1201 0226 0249 1213 0226 1300 0235 0249 1213 0235 1300 0254 0253 0247 0234 0164 0146 0129 0133 //// 10033 ///// ///// ////
000000000000000000000000000000000000000000000000000000000000000000000000000000000000000000000000000000000000000000000000=
53992 353900 1143100 00582 00592 4
20100503130000 141 022 144 019 155 021 1212 125 027 173 042 1210 0000 0261 0266 1201 0261 1300 070 070 1300 237 0202 09968 09968 1300 09962 1201 0227 0237 1213 0227 1300 0232 0242 1201 0232 1300 0247 0246 0244 0231 0163 0136 0117 0122 //// 10036 ///// ///// ////
000000000000000000000000000000000000000000000000000000000000000000000000000000000000000000000000000000000000000000000000=
53974 353700 1141100 00723 00739 4
20100503130000 215 009 219 013 205 020 1215 254 010 192 036 1230 0000 0267 0271 1201 0267 1300 069 068 1246 242 0205 09954 09954 1300 09948 1205 0239 0244 1219 0239 1300 0251 0259 1201 0251 1300 0262 0262 0255 0242 0181 0146 0125 0129 //// 10038 ///// ///// ////
000000000000000000000000000000000000000000000000000000000000000000000000000000000000000000000000000000000000000000000000=
53990 354300 1141900 00795 00805 4
20100503130000 160 025 160 025 178 028 1208 167 024 164 037 1257 0000 0247 0249 1216 0243 1235 078 078 1300 243 0206 09944 09944 1300 09939 1201 0240 0244 1201 0235 1252 0236 0244 1201 0235 1253 0257 0258 0247 0236 0196 0150 0120 0116 //// 10036 ///// ///// ////
000000000000000000000000000000000000000000000000000000000000000000000000000000000000000000000000000000000000000000000000=
53991 355600 1142100 00743 00753 4
20100503130000 163 011 161 009 157 018 1208 196 013 111 031 1206 0000 0252 0259 1201 0252 1300 074 074 1300 237 0202 09952 09952 1300 09945 1201 0229 0243 1205 0227 1253 0237 0248 1201 0237 1300 0249 0249 0236 0228 0175 0143 0121 0123 //// 10038 ///// ///// ////
000000000000000000000000000000000000000000000000000000000000000000000000000000000000000000000000000000000000000000000000=
53889 360400 1134900 03068 03086 4
20100503130000 321 011 320 011 309 013 1205 343 013 300 017 1202 0000 0252 0255 1201 0252 1300 064 061 1201 205 0179 09690 09690 1300 09682 1202 0215 0221 1203 0207 1249 0238 0241 1201 0235 1250 0245 0247 0246 0244 0167 0132 0122 0108 //// 10038 ///// ///// ////
000000000000000000000000000000000000000000000000000000000000000000000000000000000000000000000000000000000000000000000000=
53995 353300 1143000 00625 00645 4
20100503130000 167 029 168 028 169 031 1241 164 026 156 049 1234 0000 0253 0256 1237 0249 1201 071 070 1244 229 0197 09964 09964 1300 09958 1201 0246 0251 1230 0241 1201 0245 0253 1201 0245 1300 0269 0272 0264 0251 0192 0152 0125 0123 //// 10038 ///// ///// ////
000000000000000000000000000000000000000000000000000000000000000000000000000000000000000000000000000000000000000000000000=
NNNN
