57090 344300 1135800 00781 00802 4
20100325080000 116 009 052 019 354 025 0707 164 008 018 049 0732 0000 0118 0119 0746 0112 0713 029 027 0759 040 -056 10180 10187 0703 10180 0800 0188 0220 0710 0188 0800 0257 0298 0704 0257 0800 0197 0157 0130 0113 0097 0094 0087 0119 //// 10279 ///// ///// ////
000000000000000000000000000000000000000000000000000000000000000000000000000000000000000000000000000000000000000000000000=
57083 344300 1133900 01104 01116 4
20100325080000 093 027 127 020 357 027 0701 096 029 335 035 0756 0000 0132 0137 0751 0122 0702 026 018 0745 039 -059 10137 10143 0701 10137 0800 0317 0424 0703 0317 0800 0290 0324 0707 0290 0800 0191 0159 0134 0117 0095 0099 0103 0125 0004 10273 ///// ///// ////
000000000000000000000000000000000000000000000000000000000000000000000000000000000000000000000000000000000000000000000000
120 006 000 /// //// /////////////////////CIE /// //// 6///1 0//// 7//// 1//// 2//// 3//// /// /// /// // 911// 915// 919// 934// 939//=
57086 342300 1134300 01166 01168 4
20100325080000 313 008 278 014 092 021 0724 327 007 102 036 0720 0000 0126 0127 0756 0116 0701 024 024 0758 035 -074 10137 10141 0712 10137 0755 0185 0206 0714 0163 0727 0274 0310 0703 0274 0800 0203 0158 0127 0109 0097 0095 0094 0116 //// 10280 ///// ///// ////
000000000000000000000000000000000000000000000000000000000000000000000000000000000000000000000000000000000000000000000000=
57085 343200 1132000 02599 02648 4
20100325080000 271 061 280 055 267 062 0704 279 080 265 108 0759 0000 0127 0127 0756 0121 0705 014 014 0759 021 -141 09953 09957 0717 09953 0755 0168 0185 0712 0164 0704 0253 0295 0701 0251 0758 0198 0156 0130 0111 0100 0098 0094 0121 //// 10275 ///// ///// ////
000000000000000000000000000000000000000000000000000000000000000000000000000000000000000000000000000000000000000000000000=
57081 344800 1132600 01409 01419 4
20100325080000 248 021 257 022 260 024 0727 167 008 246 080 0735 0000 0136 0142 0745 0132 0701 012 012 0800 019 -153 10101 10104 0710 10101 0748 0181 0270 0715 0181 0800 0252 0330 0705 0252 0800 0203 0166 0137 0109 0088 0094 0096 0117 //// 10274 ///// ///// ////
000000000000000000000000000000000000000000000000000000000000000000000000000000000000000000000000000000000000000000000000=
57084 343000 1130300 11784 11790 4
20100325080000 276 059 276 061 261 065 0744 234 030 265 103 0712 0000 0057 0062 0717 0053 0755 015 015 0800 014 -189 08898 08902 0727 08897 0741 0137 0173 0701 0115 0754 0187 0235 0701 0183 0756 0162 0126 0090 0067 0052 //// //// //// //// 10277 ///// ///// ////
000000000000000000000000000000000000000000000000000000000000000000000000000000000000000000000000000000000000000000000000=
57080 344400 1125800 01652 01661 4
20100325080000 286 016 276 024 259 036 0709 254 031 285 070 0753 0000 0138 0141 0727 0134 0711 012 011 0737 019 -151 10073 10080 0703 10073 0759 0202 0268 0716 0198 0758 0265 0338 0701 0265 0800 0199 0155 0122 0104 0088 0088 0089 0119 //// 10276 ///// ///// ////
000000000000000000000000000000000000000000000000000000000000000000000000000000000000000000000000000000000000000000000000=
57082 342800 1130100 04271 04284 4
20100325080000 356 058 353 034 320 051 0709 007 058 316 118 0701 0000 0117 0118 0758 0111 0704 011 011 0747 015 -178 09760 09766 0707 09760 0755 0199 0226 0726 0191 0743 0272 0321 0701 0272 0800 0197 0161 0129 0109 0091 0097 0101 //// //// 10277 ///// ///// ////
000000000000000000000000000000000000000000000000000000000000000000000000000000000000000000000000000000000000000000000000=
57295 323700 1142100 00785 00802 4
20100325080000 017 030 019 028 007 046 0704 021 042 043 079 0707 0000 0114 0119 0705 0110 0721 036 034 0713 048 -031 10195 10196 0750 10193 0727 0169 0239 0702 0169 0800 0149 0186 0702 0149 0800 0152 0129 0114 0104 0097 0100 0103 0127 //// 10295 ///// ///// ////
000000000000000000000000000000000000000000000000000000000000000000000000000000000000000000000000000000000000000000000000=
57189 330800 1135700 00646 00655 4
20100325080000 036 036 054 034 054 034 0800 035 034 043 054 0711 0000 0111 0112 0757 0106 0715 044 042 0746 058 -007 10212 10216 0701 10212 0757 0158 0180 0703 0143 0746 0164 0183 0706 0153 0749 0142 0128 0116 0105 0093 0096 0099 0122 //// 10294 ///// ///// ////
000000000000000000000000000000000000000000000000000000000000000000000000000000000000000000000000000000000000000000000000=
57194 331700 1141600 00598 00609 4
20100325080000 015 022 026 023 029 031 0731 026 019 026 057 0726 0000 0108 0112 0736 0107 0718 042 038 0737 054 -016 10216 10220 0704 10216 0730 0146 0198 0734 0146 0758 0158 0197 0701 0157 0759 0139 0125 0110 0100 0093 0095 0098 0126 //// 10292 ///// ///// ////
000000000000000000000000000000000000000000000000000000000000000000000000000000000000000000000000000000000000000000000000=
57197 330000 1142000 00489 00545 4
20100325080000 008 036 011 024 015 035 0723 001 020 004 069 0720 0000 0110 0115 0725 0109 0751 041 040 0706 054 -017 10226 10229 0704 10223 0728 0158 0233 0715 0144 0753 0147 0190 0716 0142 0753 0148 0139 0119 0104 0097 0100 0101 0125 //// 10294 ///// ///// ////
000000000000000000000000000000000000000000000000000000000000000000000000000000000000000000000000000000000000000000000000=
57294 325000 1140100 00836 00846 4
20100325080000 064 041 057 042 041 057 0722 083 041 049 089 0713 0000 0109 0114 0732 0108 0710 053 046 0706 069 0017 10184 10186 0702 10183 0717 0149 0179 0733 0138 0752 0166 0197 0735 0160 0758 0141 0121 0105 0096 0095 0105 0102 0118 //// 10289 ///// ///// ////
000000000000000000000000000000000000000000000000000000000000000000000000000000000000000000000000000000000000000000000000=
57292 325800 1143800 00444 00453 4
20100325080000 010 048 011 045 005 056 0703 007 036 338 083 0702 0000 0099 0106 0725 0099 0800 043 043 0800 052 -021 10242 10244 0704 10238 0737 0133 0200 0723 0133 0800 0126 0163 0724 0126 0800 0129 0118 0106 0101 0097 0103 0105 0133 //// 10299 ///// ///// ////
000000000000000000000000000000000000000000000000000000000000000000000000000000000000000000000000000000000000000000000000=
57195 333700 1143700 00466 00476 4
20100325080000 003 021 000 021 048 028 0710 344 031 060 069 0720 0000 0120 0123 0751 0113 0701 030 029 0737 042 -050 10234 10238 0701 10233 0743 0198 0225 0714 0182 0701 0235 0261 0714 0226 0701 0188 0153 0123 0107 0099 0099 0102 0141 //// 10293 ///// ///// ////
000000000000000000000000000000000000000000000000000000000000000000000000000000000000000000000000000000000000000000000000=
57193 334700 1143100 00526 00541 4
20100325080000 332 030 346 027 318 038 0720 308 011 341 066 0706 0000 0119 0119 0800 0113 0705 030 029 0753 042 -051 10226 10230 0705 10224 0747 0170 0255 0705 0160 0749 0195 0248 0710 0193 0757 0161 0138 0120 0107 0101 0102 0105 0130 //// 10293 ///// ///// ////
000000000000000000000000000000000000000000000000000000000000000000000000000000000000000000000000000000000000000000000000=
57099 340400 1145100 00526 00536 4
20100325080000 103 020 355 020 014 035 0716 042 027 324 057 0717 0000 0113 0115 0741 0109 0715 032 030 0701 043 -048 10228 10229 0701 10226 0717 0181 0199 0702 0172 0726 0242 0280 0701 0240 0756 0182 0144 0114 0099 0098 0096 0098 0131 //// 10295 ///// ///// ////
000000000000000000000000000000000000000000000000000000000000000000000000000000000000000000000000000000000000000000000000=
58101 335200 1152900 00413 00428 4
20100325080000 311 040 337 035 351 049 0707 310 046 018 089 0707 0000 0104 0104 0756 0101 0713 036 035 0751 045 -040 10240 10240 0756 10237 0730 0191 0222 0704 0190 0742 0220 0251 0702 0220 0800 0176 0136 0110 0098 0097 0098 0100 0130 //// 10293 ///// ///// ////
000000000000000000000000000000000000000000000000000000000000000000000000000000000000000000000000000000000000000000000000=
57098 340500 1142400 00583 00593 4
20100325080000 352 013 009 018 349 037 0718 020 010 347 068 0717 0000 0117 0121 0706 0113 0753 032 029 0723 044 -044 10216 10219 0701 10216 0800 0217 0244 0710 0200 0754 0189 0219 0704 0188 0758 0175 0150 0123 0109 0099 0097 0098 0129 //// 10290 ///// ///// ////
000000000000000000000000000000000000000000000000000000000000000000000000000000000000000000000000000000000000000000000000=
57190 334500 1142400 00505 00516 4
20100325080000 018 036 009 031 005 050 0708 009 036 318 076 0721 0000 0117 0119 0733 0113 0709 031 030 0722 043 -049 10227 10230 0701 10226 0743 0187 0204 0701 0179 0754 0230 0256 0701 0230 0800 0182 0148 0119 0102 0095 0098 0101 0130 //// 10291 ///// ///// ////
000000000000000000000000000000000000000000000000000000000000000000000000000000000000000000000000000000000000000000000000=
57088 340900 1133000 01161 01177 4
20100325080000 284 035 292 037 326 040 0725 285 047 333 073 0720 0000 0145 0145 0800 0137 0703 013 012 0702 021 -136 10135 10139 0701 10135 0800 0245 0273 0718 0238 0748 0307 0349 0718 0306 0758 0224 0172 0130 0109 0097 0100 0103 0126 //// 10279 ///// ///// ////
000000000000000000000000000000000000000000000000000000000000000000000000000000000000000000000000000000000000000000000000=
57182 335100 1133000 00805 00814 4
20100325080000 110 028 114 022 093 025 0702 094 030 074 041 0718 0000 0127 0130 0715 0126 0701 031 029 0718 045 -040 10183 10189 0702 10183 0800 0201 0235 0714 0201 0800 0305 0354 0713 0305 0800 0213 0159 0127 0109 0106 0105 0108 0139 //// 10283 ///// ///// ////
000000000000000000000000000000000000000000000000000000000000000000000000000000000000000000000000000000000000000000000000=
57390 314800 1140400 07335 07347 4
20100325080000 011 043 009 043 001 053 0704 034 033 318 125 0705 0000 0086 0093 0719 0086 0800 032 024 0706 036 -072 09411 09411 0800 09405 0717 0147 0185 0716 0144 0726 0185 0213 0716 0185 0800 0147 0111 0088 0074 0069 0087 //// //// //// 10290 ///// ///// ////
000000000000000000000000000000000000000000000000000000000000000000000000000000000000000000000000000000000000000000000000=
58207 321000 1150300 00428 00440 4
20100325080000 003 063 004 061 004 061 0800 009 058 007 092 0745 0000 0112 0115 0701 0111 0750 036 033 0736 048 -033 10237 10239 0715 10236 0743 0170 0205 0722 0169 0759 0157 0158 0732 0154 0701 0199 0131 0112 0101 0101 0111 0113 0137 //// 10292 ///// ///// ////
000000000000000000000000000000000000000000000000000000000000000000000000000000000000000000000000000000000000000000000000=
58208 321000 1153700 00429 00439 4
20100325080000 351 046 356 049 345 067 0701 334 043 343 088 0730 0000 0108 0113 0721 0108 0800 039 034 0714 050 -026 10238 10239 0701 10237 0747 0146 0216 0717 0146 0800 0127 0165 0720 0127 0800 0126 0116 0105 0098 0098 0108 0113 0139 //// 10293 ///// ///// ////
000000000000000000000000000000000000000000000000000000000000000000000000000000000000000000000000000000000000000000000000=
53989 350300 1135700 00766 00777 4
20100325080000 158 016 139 016 135 023 0718 147 015 156 043 0713 0000 0112 0115 0711 0110 0704 033 030 0741 044 -045 10184 10194 0701 10184 0800 0205 0228 0736 0192 0746 0265 0317 0701 0265 0800 0194 0158 0128 0110 0091 0092 0096 0123 //// 10280 ///// ///// ////
000000000000000000000000000000000000000000000000000000000000000000000000000000000000000000000000000000000000000000000000=
53997 350900 1141100 00711 00723 4
20100325080000 182 018 176 019 120 028 0724 198 022 132 045 0722 0000 0104 0109 0707 0103 0728 036 032 0708 045 -040 10194 10202 0701 10194 0800 0208 0277 0707 0181 0756 0261 0319 0706 0257 0757 0200 0163 0128 0109 0093 0094 0097 0124 //// 10284 ///// ///// ////
000000000000000000000000000000000000000000000000000000000000000000000000000000000000000000000000000000000000000000000000=
53986 351900 1135300 00732 00740 4
20100325080000 192 014 130 025 113 027 0754 229 015 113 056 0751 0000 0108 0111 0702 0105 0729 038 036 0703 049 -029 10189 10196 0701 10188 0755 0178 0225 0701 0166 0753 0247 0305 0701 0247 0800 0180 0147 0121 0106 0092 0095 0098 0127 //// 10281 ///// ///// ////
000000000000000000000000000000000000000000000000000000000000000000000000000000000000000000000000000000000000000000000000=
53994 352300 1140400 00700 00712 4
20100325080000 177 007 171 014 088 024 0714 194 005 088 043 0701 0000 0105 0107 0701 0104 0714 037 036 0701 047 -036 10192 10200 0701 10192 0800 0214 0227 0707 0197 0738 0289 0328 0706 0288 0759 0193 0148 0121 0102 0089 0090 0095 0127 //// 10281 ///// ///// ////
000000000000000000000000000000000000000000000000000000000000000000000000000000000000000000000000000000000000000000000000=
53983 350200 1142500 00696 00708 4
20100325080000 166 013 185 016 005 026 0704 175 014 353 044 0703 0000 0107 0109 0739 0104 0704 039 034 0740 050 -027 10199 10205 0701 10198 0755 0193 0224 0723 0187 0732 0256 0301 0701 0256 0800 0197 0154 0127 0111 0085 0087 0089 0123 //// 10287 ///// ///// ////
000000000000000000000000000000000000000000000000000000000000000000000000000000000000000000000000000000000000000000000000=
53998 351200 1143900 00616 00625 4
20100325080000 114 015 103 017 036 028 0721 113 008 023 048 0707 0000 0100 0104 0705 0096 0712 034 033 0707 042 -051 10209 10213 0708 10208 0759 0196 0226 0704 0152 0712 0240 0289 0704 0236 0713 0185 0148 0118 0102 0095 0095 0096 0128 //// 10287 ///// ///// ////
000000000000000000000000000000000000000000000000000000000000000000000000000000000000000000000000000000000000000000000000=
57051 344800 1111200 04099 04117 4
20100325080000 269 017 246 020 327 039 0701 128 001 293 076 0710 0000 0127 0127 0800 0117 0702 015 013 0701 022 -133 09791 09799 0701 09791 0759 0272 0289 0701 0217 0719 0310 0333 0701 0284 0719 0192 0148 0122 0104 0084 0087 0087 0114 //// 10288 ///// ///// ////
000000000000000000000000000000000000000000000000000000000000000000000000000000000000000000000000000000000000000000000000=
57063 344600 1114600 05236 05236 4
20100325080000 294 073 307 059 285 076 0745 296 056 299 132 0743 0000 0113 0115 0753 0106 0733 014 013 0727 019 -152 09655 09662 0701 09654 0758 0225 0237 0707 0176 0733 0270 0306 0705 0243 0733 0158 0120 0093 0080 0073 0077 0083 0110 //// 10286 ///// ///// ////
000000000000000000000000000000000000000000000000000000000000000000000000000000000000000000000000000000000000000000000000=
57067 340300 1110200 05688 05699 4
20100325080000 069 021 060 026 070 035 0708 046 022 068 067 0723 0000 0106 0109 0719 0106 0726 016 015 0758 020 -142 09597 09603 0701 09597 0800 0177 0203 0707 0176 0746 0212 0257 0701 0212 0800 0160 0117 0081 0092 0083 0094 0096 0122 //// 10290 ///// ///// ////
000000000000000000000000000000000000000000000000000000000000000000000000000000000000000000000000000000000000000000000000=
57056 343200 1105300 03904 03909 4
20100325080000 272 022 272 022 271 036 0704 268 029 268 068 0701 0000 0121 0122 0751 0114 0735 012 012 0758 017 -165 09819 09829 0703 09819 0800 0280 0281 0759 0217 0733 0315 0327 0709 0292 0734 0204 0156 0117 0100 0087 0090 0093 0118 //// 10293 ///// ///// ////
000000000000000000000000000000000000000000000000000000000000000000000000000000000000000000000000000000000000000000000000=
58007 340400 1151800 00472 00532 4
20100325080000 285 026 327 027 327 032 0712 299 026 355 071 0715 0000 0105 0105 0726 0101 0701 033 031 0755 042 -051 10226 10227 0707 10224 0740 0161 0196 0715 0161 0800 0235 0272 0715 0235 0800 0175 0140 0116 0104 0098 0100 0103 0131 //// 10292 ///// ///// ////
000000000000000000000000000000000000000000000000000000000000000000000000000000000000000000000000000000000000000000000000=
58006 342300 1155300 00463 00506 4
20100325080000 317 036 358 035 359 047 0707 322 069 038 079 0702 0000 0097 0098 0729 0094 0712 035 035 0748 042 -050 10232 10233 0708 10231 0716 0174 0204 0715 0174 0753 0216 0257 0707 0216 0800 0187 0156 0127 0108 0093 0093 0098 0126 //// 10295 ///// ///// ////
000000000000000000000000000000000000000000000000000000000000000000000000000000000000000000000000000000000000000000000000=
58111 335800 1162700 00325 00325 4
20100325080000 346 047 349 042 339 068 0701 344 039 015 110 0704 0000 0100 0106 0723 0096 0744 035 032 0709 043 -047 10247 10247 0800 10243 0704 0184 0200 0708 0161 0742 0155 0188 0709 0152 0738 0124 0115 0103 0096 0092 0097 0105 0138 //// 10288 ///// ///// ////
000000000000000000000000000000000000000000000000000000000000000000000000000000000000000000000000000000000000000000000000=
58017 341500 1160800 00410 00420 4
20100325080000 342 043 334 040 318 065 0730 327 044 313 105 0726 0000 0097 0097 0800 0093 0751 040 038 0741 048 -032 10235 10237 0704 10232 0728 0214 0246 0739 0212 0716 0202 0227 0706 0202 0750 0148 0128 0112 0103 0097 0097 0103 0128 //// 10287 ///// ///// ////
000000000000000000000000000000000000000000000000000000000000000000000000000000000000000000000000000000000000000000000000=
58001 342600 1150600 00563 00569 4
20100325080000 342 042 004 025 029 043 0727 322 035 052 082 0722 0000 0099 0100 0745 0091 0710 037 037 0702 045 -041 10218 10220 0708 10218 0738 0164 0180 0703 0153 0726 0184 0195 0704 0176 0726 0140 0120 0104 0094 0089 0088 0094 0126 //// 10289 ///// ///// ////
000000000000000000000000000000000000000000000000000000000000000000000000000000000000000000000000000000000000000000000000=
58005 342700 1154000 00501 00511 4
20100325080000 003 039 012 040 026 054 0705 337 040 023 081 0716 0000 0095 0099 0742 0092 0709 034 033 0729 040 -056 10228 10229 0706 10226 0715 0196 0255 0701 0161 0708 0212 0260 0701 0194 0708 0172 0147 0123 0107 0096 0097 0103 0132 0005 10292 ///// ///// ////
000000000000000000000000000000000000000000000000000000000000000000000000000000000000000000000000000000000000000000000000
160 000 000 /// //// /////////////////////CUU /// //// 6///1 0//// 7//// 1//// 2//// 3//// /// /// /// // 911// 915// 919// 934// 939//=
58008 342800 1152000 00544 00592 4
20100325080000 358 021 017 031 027 045 0733 144 005 009 085 0715 0000 0097 0101 0750 0095 0734 036 035 0733 043 -046 10216 10218 0702 10215 0747 0243 0295 0705 0234 0736 0186 0201 0704 0174 0755 0141 0121 0106 0094 0093 0094 0098 0129 //// 10290 ///// ///// ////
000000000000000000000000000000000000000000000000000000000000000000000000000000000000000000000000000000000000000000000000=
58004 343900 1150900 00606 00616 4
20100325080000 080 030 345 027 011 039 0730 085 029 353 078 0722 0000 0102 0104 0745 0099 0724 034 033 0751 042 -050 10211 10213 0701 10210 0735 0181 0211 0738 0180 0749 0212 0247 0701 0212 0800 0177 0154 0125 0111 0099 0099 0102 0126 //// 10288 ///// ///// ////
000000000000000000000000000000000000000000000000000000000000000000000000000000000000000000000000000000000000000000000000=
54817 355900 1155200 00421 00434 4
20100325080000 358 023 015 027 001 036 0717 049 023 015 072 0713 0000 0093 0095 0707 0089 0720 029 028 0748 034 -078 10231 10236 0703 10230 0748 0168 0179 0701 0151 0756 0208 0237 0704 0206 0757 0158 0121 0098 0082 0080 0078 0087 0116 //// 10286 ///// ///// ////
000000000000000000000000000000000000000000000000000000000000000000000000000000000000000000000000000000000000000000000000=
54902 355400 1150700 00495 00499 4
20100325080000 043 016 046 016 033 027 0721 057 014 018 049 0705 0000 0096 0099 0754 0088 0701 030 030 0800 036 -071 10219 10225 0701 10219 0751 0167 0189 0712 0124 0723 0239 0278 0711 0221 0723 0169 0132 0104 0089 0079 0074 0080 0111 //// 10282 ///// ///// ////
000000000000000000000000000000000000000000000000000000000000000000000000000000000000000000000000000000000000000000000000=
54900 354200 1150100 00537 00541 4
20100325080000 090 023 069 022 052 035 0730 052 013 038 065 0726 0000 0091 0093 0701 0088 0718 037 035 0752 043 -048 10216 10221 0701 10215 0739 0239 0262 0706 0214 0710 0233 0283 0701 0232 0753 0184 0145 0112 0095 0085 0082 0083 0110 //// 10284 ///// ///// ////
000000000000000000000000000000000000000000000000000000000000000000000000000000000000000000000000000000000000000000000000=
54901 360500 1151000 00475 00478 4
20100325080000 232 010 281 015 031 038 0703 184 010 097 059 0729 0000 0099 0101 0754 0090 0703 025 024 0759 030 -092 10221 10227 0706 10221 0758 0176 0205 0715 0172 0731 0230 0264 0713 0230 0800 0169 0130 0102 0087 0080 0080 0077 0105 //// 10281 ///// ///// ////
000000000000000000000000000000000000000000000000000000000000000000000000000000000000000000000000000000000000000000000000=
54903 355100 1152900 00457 00506 4
20100325080000 074 014 068 017 028 025 0716 085 008 007 063 0709 0000 0095 0103 0728 0094 0757 027 025 0757 032 -086 10221 10225 0713 10221 0800 0166 0184 0704 0159 0743 0213 0248 0708 0210 0757 0161 0127 0102 0089 0080 0080 0090 0114 //// 10285 ///// ///// ////
000000000000000000000000000000000000000000000000000000000000000000000000000000000000000000000000000000000000000000000000=
57184 333800 1132200 00834 00847 4
20100325080000 130 044 111 040 111 040 0800 127 044 350 075 0732 0000 0134 0141 0706 0134 0800 040 019 0728 061 0001 10176 10182 0701 10176 0800 0143 0168 0701 0143 0758 0230 0276 0709 0226 0758 0177 0143 0122 0108 0099 0102 0104 0129 //// 10280 ///// ///// ////
000000000000000000000000000000000000000000000000000000000000000000000000000000000000000000000000000000000000000000000000=
57177 332000 1133200 00898 00913 4
20100325080000 089 037 093 036 087 048 0736 085 034 093 068 0734 0000 0110 0118 0728 0108 0739 050 038 0718 066 0010 10174 10178 0701 10174 0800 0154 0234 0708 0146 0736 0154 0208 0708 0154 0800 0139 0139 0110 0107 0100 0103 0105 0121 //// 10287 ///// ///// ////
000000000000000000000000000000000000000000000000000000000000000000000000000000000000000000000000000000000000000000000000=
57075 341000 1125200 02031 02043 4
20100325080000 304 040 303 052 304 073 0721 304 034 296 114 0729 0000 0133 0136 0741 0129 0701 015 012 0716 023 -128 10033 10037 0701 10032 0755 0190 0213 0738 0178 0757 0245 0279 0726 0240 0758 0185 0147 0121 0103 0095 0101 0097 0117 //// 10283 ///// ///// ////
000000000000000000000000000000000000000000000000000000000000000000000000000000000000000000000000000000000000000000000000=
57173 334500 1125300 01457 01468 4
20100325080000 325 057 328 057 326 066 0752 310 040 324 104 0727 0000 0145 0147 0726 0142 0701 013 011 0722 021 -136 10095 10102 0701 10094 0745 0209 0234 0702 0197 0751 0251 0296 0702 0247 0752 0186 0145 0117 0101 0099 0103 0104 0133 //// 10276 ///// ///// ////
000000000000000000000000000000000000000000000000000000000000000000000000000000000000000000000000000000000000000000000000=
57180 335900 1131200 01175 01186 4
20100325080000 282 038 285 047 278 062 0720 274 022 265 096 0717 0000 0139 0139 0800 0135 0701 014 014 0800 022 -132 10134 10140 0701 10134 0800 0213 0241 0702 0197 0718 0280 0334 0702 0275 0754 0214 0169 0130 0107 0098 0099 0101 0130 //// 10280 ///// ///// ////
000000000000000000000000000000000000000000000000000000000000000000000000000000000000000000000000000000000000000000000000=
57181 335300 1130300 01364 01380 4
20100325080000 317 071 334 063 334 063 0800 341 057 319 108 0758 0000 0135 0138 0756 0135 0702 017 016 0726 026 -111 10115 10122 0702 10115 0759 0189 0222 0705 0189 0800 0263 0312 0705 0263 0800 0204 0155 0118 0102 0095 0100 0102 0129 //// 10285 ///// ///// ////
000000000000000000000000000000000000000000000000000000000000000000000000000000000000000000000000000000000000000000000000=
57171 334600 1130700 01420 01430 4
20100325080000 326 070 331 079 331 093 0744 332 054 350 129 0737 0000 0136 0136 0800 0130 0701 014 013 0741 022 -134 10101 10108 0701 10100 0740 0189 0204 0714 0182 0743 0248 0282 0713 0246 0758 0185 0153 0127 0111 0104 0110 0115 0125 //// 10276 ///// ///// ////
000000000000000000000000000000000000000000000000000000000000000000000000000000000000000000000000000000000000000000000000=
57175 330300 1121400 01914 01922 4
20100325080000 303 028 286 031 288 043 0718 271 030 271 065 0714 0000 0153 0156 0741 0149 0731 018 015 0703 031 -089 10045 10048 0703 10045 0800 0213 0237 0712 0206 0732 0259 0281 0712 0255 0731 0210 0171 0136 0116 0104 0107 0111 0138 //// 10280 ///// ///// ////
000000000000000000000000000000000000000000000000000000000000000000000000000000000000000000000000000000000000000000000000=
57156 331800 1113000 02503 02523 4
20100325080000 247 018 252 016 294 031 0704 240 012 327 055 0711 0000 0150 0152 0753 0142 0703 014 012 0704 024 -123 09971 09977 0701 09971 0800 0143 0153 0726 0133 0705 0223 0255 0724 0204 0702 0159 0133 0115 0104 0101 0110 0117 0142 //// 10278 ///// ///// ////
000000000000000000000000000000000000000000000000000000000000000000000000000000000000000000000000000000000000000000000000=
57271 323300 1122300 00879 00897 4
20100325080000 081 043 094 037 080 040 0740 071 032 066 058 0738 0000 0144 0155 0708 0144 0755 030 017 0715 049 -029 10173 10176 0726 10173 0800 0201 0250 0703 0193 0722 0205 0236 0703 0202 0725 0172 0151 0130 0116 0100 0106 0114 0138 //// 10283 ///// ///// ////
000000000000000000000000000000000000000000000000000000000000000000000000000000000000000000000000000000000000000000000000=
57261 330700 1113100 02330 02345 4
20100325080000 132 023 109 025 093 036 0748 132 016 138 053 0715 0000 0153 0154 0727 0147 0706 014 012 0702 024 -120 09985 09990 0701 09984 0756 0194 0236 0722 0188 0744 0203 0236 0723 0202 0754 0163 0139 0120 0107 0109 0121 0128 //// //// 10271 ///// ///// ////
000000000000000000000000000000000000000000000000000000000000000000000000000000000000000000000000000000000000000000000000=
57285 322300 1132500 01530 01492 4
20100325080000 021 023 358 024 345 051 0734 035 018 007 090 0729 0000 0138 0141 0717 0136 0752 017 015 0752 027 -108 10102 10105 0745 10102 0800 0209 0253 0707 0177 0753 0219 0255 0706 0205 0754 0171 0145 0125 0112 0101 0107 0110 0134 //// ///// ///// ///// ////
////////////////////////////////////////////////////////////////////////////////////////////////////////////////////////=
57273 324100 1125100 01095 01105 4
20100325080000 069 030 070 037 071 039 0708 066 031 080 063 0704 0000 0135 0142 0701 0133 0732 027 021 0729 042 -051 10148 10151 0701 10148 0757 0164 0196 0703 0159 0731 0198 0239 0704 0183 0731 0155 0138 0120 0109 0107 0111 0112 0136 //// 10284 ///// ///// ////
000000000000000000000000000000000000000000000000000000000000000000000000000000000000000000000000000000000000000000000000=
57187 330400 1125600 01180 01193 4
20100325080000 074 027 079 032 060 041 0703 063 028 063 062 0702 0000 0137 0140 0729 0129 0712 021 018 0748 033 -082 10127 10129 0706 10127 0800 0191 0228 0728 0155 0708 0206 0225 0728 0178 0710 0159 0128 0115 0106 0107 0111 0110 0132 //// 10275 ///// ///// ////
000000000000000000000000000000000000000000000000000000000000000000000000000000000000000000000000000000000000000000000000=
57178 330200 1123500 01292 01305 4
20100325080000 117 030 104 031 113 037 0747 127 024 127 056 0736 0000 0145 0147 0758 0141 0739 019 016 0715 031 -088 10121 10125 0701 10121 0800 0209 0250 0720 0196 0703 0194 0220 0721 0191 0743 0160 0139 0120 0107 0105 0108 0110 0132 0002 10282 ///// ///// ////
000000000000000000000000000000000000000000000000000000000000000000000000000000000000000000000000000000000000000000000000
230 10- 000 /// //// /////////////////////CIE /// //// 6///1 0//// 7//// 1//// 2//// 3//// /// /// /// // 911// 915// 919// 934// 939//=
57169 330300 1115200 01591 01600 4
20100325080000 275 057 281 057 289 064 0742 285 058 310 097 0741 0000 0150 0157 0734 0150 0800 020 016 0739 034 -078 10081 10085 0701 10081 0751 0145 0166 0734 0145 0800 0184 0240 0733 0183 0759 0164 0142 0125 0111 0101 0105 0108 0133 //// 10277 ///// ///// ////
000000000000000000000000000000000000000000000000000000000000000000000000000000000000000000000000000000000000000000000000=
57176 332900 1122500 02311 02304 4
20100325080000 204 029 236 015 333 034 0713 223 035 347 058 0711 0000 0159 0162 0732 0155 0702 013 012 0723 023 -125 09992 09996 0705 09992 0759 0228 0296 0711 0228 0800 0206 0236 0733 0206 0755 0176 0149 0127 0112 0106 0112 0113 0130 //// 10272 ///// ///// ////
000000000000000000000000000000000000000000000000000000000000000000000000000000000000000000000000000000000000000000000000=
57179 331700 1130000 01604 01616 4
20100325080000 067 040 072 034 044 049 0703 088 043 046 084 0701 0000 0131 0138 0709 0131 0758 019 015 0716 029 -100 10082 10085 0701 10082 0752 0174 0263 0701 0162 0758 0144 0194 0701 0138 0758 0134 0119 0107 0099 0099 0104 0105 0132 //// 10281 ///// ///// ////
000000000000000000000000000000000000000000000000000000000000000000000000000000000000000000000000000000000000000000000000=
57274 324200 1120700 01076 01088 4
20100325080000 323 030 324 024 308 033 0704 330 030 313 067 0709 0000 0162 0164 0752 0155 0712 016 014 0707 029 -096 10144 10148 0703 10144 0755 0247 0272 0732 0229 0711 0246 0269 0731 0233 0711 0190 0160 0138 0122 0110 0115 0116 0140 //// 10277 ///// ///// ////
000000000000000000000000000000000000000000000000000000000000000000000000000000000000000000000000000000000000000000000000=
57065 343000 1121100 01949 01964 4
20100325080000 268 066 273 062 272 070 0712 282 071 268 127 0724 0000 0142 0144 0749 0139 0711 010 010 0754 016 -170 10040 10046 0706 10040 0752 0175 0205 0703 0175 0800 0259 0316 0703 0259 0800 0194 0157 0128 0111 0097 0103 0110 0138 //// 10279 ///// ///// ////
000000000000000000000000000000000000000000000000000000000000000000000000000000000000000000000000000000000000000000000000=
57074 342500 1122500 01973 01989 4
20100325080000 287 036 289 035 288 042 0719 293 043 263 096 0717 0000 0142 0148 0710 0140 0738 012 012 0752 019 -148 10039 10045 0702 10039 0758 0191 0245 0708 0187 0755 0256 0315 0708 0254 0753 0183 0147 0121 0107 0100 0102 0103 0125 //// 10281 ///// ///// ////
000000000000000000000000000000000000000000000000000000000000000000000000000000000000000000000000000000000000000000000000=
57070 344400 1120700 03640 03595 4
20100325080000 268 076 279 074 270 090 0746 257 069 268 128 0726 0000 0130 0133 0720 0123 0746 015 015 0746 022 -130 09840 09845 0704 09839 0754 0195 0211 0718 0160 0742 0250 0294 0704 0230 0743 0173 0135 0107 0094 0087 0092 0095 0122 //// 10274 ///// ///// ////
000000000000000000000000000000000000000000000000000000000000000000000000000000000000000000000000000000000000000000000000=
57162 340900 1120500 03258 03275 4
20100325080000 281 016 307 015 353 027 0722 328 009 011 058 0721 0000 0144 0144 0800 0138 0731 010 009 0721 016 -168 09882 09888 0701 09882 0800 0245 0292 0717 0218 0739 0285 0337 0701 0285 0800 0201 0151 0118 0098 0093 0097 0102 0132 //// 10279 ///// ///// ////
000000000000000000000000000000000000000000000000000000000000000000000000000000000000000000000000000000000000000000000000=
57078 340900 1122800 03365 03340 4
20100325080000 278 044 294 049 301 072 0741 260 046 293 123 0731 0000 0129 0129 0758 0124 0706 010 010 0742 015 -180 09877 09882 0703 09876 0755 0216 0263 0701 0202 0747 0229 0277 0701 0225 0747 0177 0142 0112 0094 0093 0098 0097 0118 //// 10280 ///// ///// ////
000000000000000000000000000000000000000000000000000000000000000000000000000000000000000000000000000000000000000000000000=
57071 344900 1122600 03333 03332 4
20100325080000 215 038 222 052 217 058 0736 212 051 237 098 0734 0000 0125 0127 0756 0121 0742 011 011 0724 016 -172 09872 09879 0701 09872 0756 0203 0224 0719 0162 0741 0261 0308 0702 0234 0742 0184 0147 0117 0099 0085 0088 0092 0119 //// 10275 ///// ///// ////
000000000000000000000000000000000000000000000000000000000000000000000000000000000000000000000000000000000000000000000000=
57066 342300 1114000 03283 03298 4
20100325080000 031 008 359 021 333 031 0748 060 008 032 069 0745 0000 0137 0141 0724 0136 0754 012 011 0719 019 -152 09881 09889 0707 09881 0759 0202 0257 0702 0196 0755 0281 0332 0702 0281 0800 0192 0143 0109 0092 0088 0091 0091 0116 //// 10279 ///// ///// ////
000000000000000000000000000000000000000000000000000000000000000000000000000000000000000000000000000000000000000000000000=
57077 334700 1113900 07424 07388 4
20100325080000 266 034 260 037 258 058 0726 229 023 277 089 0733 0000 0105 0106 0734 0102 0703 014 013 0751 018 -159 09404 09410 0703 09404 0800 0187 0210 0717 0172 0752 0174 0196 0705 0165 0752 0126 0102 0081 0071 0079 0086 0091 0116 //// 10289 ///// ///// ////
000000000000000000000000000000000000000000000000000000000000000000000000000000000000000000000000000000000000000000000000=
57183 334800 1135500 00600 00615 4
20100325080000 060 023 074 017 046 028 0702 049 025 032 050 0711 0000 0124 0126 0736 0119 0704 036 031 0745 052 -022 10210 10213 0713 10210 0758 0208 0238 0723 0188 0748 0231 0260 0701 0231 0800 0175 0142 0120 0107 0099 0099 0098 0122 //// 10286 ///// ///// ////
000000000000000000000000000000000000000000000000000000000000000000000000000000000000000000000000000000000000000000000000=
57186 333600 1140300 00587 00598 4
20100325080000 004 022 002 024 341 038 0701 319 017 327 058 0715 0000 0129 0133 0755 0123 0701 028 027 0758 042 -052 10216 10219 0701 10215 0743 0213 0249 0722 0211 0759 0253 0279 0706 0250 0759 0193 0151 0122 0109 0101 0103 0103 0133 //// 10290 ///// ///// ////
000000000000000000000000000000000000000000000000000000000000000000000000000000000000000000000000000000000000000000000000=
57094 342400 1141300 00674 00685 4
20100325080000 109 013 083 017 066 030 0742 144 013 017 045 0703 0000 0112 0114 0729 0109 0703 032 031 0711 043 -049 10196 10202 0701 10196 0800 0241 0264 0708 0227 0742 0244 0293 0701 0243 0757 0188 0155 0130 0111 0096 0096 0091 0117 //// 10281 ///// ///// ////
000000000000000000000000000000000000000000000000000000000000000000000000000000000000000000000000000000000000000000000000=
57191 342900 1142900 00634 00642 4
20100325080000 082 017 053 015 014 023 0732 088 006 345 050 0727 0000 0113 0115 0755 0106 0716 032 030 0729 043 -048 10209 10213 0701 10209 0800 0117 0191 0725 0117 0800 0167 0226 0730 0167 0800 0150 0126 0110 0099 0095 0093 0095 0124 //// 10288 ///// ///// ////
000000000000000000000000000000000000000000000000000000000000000000000000000000000000000000000000000000000000000000000000=
57096 343200 1144700 00597 00607 4
20100325080000 351 030 003 029 058 034 0738 359 015 040 061 0729 0000 0109 0114 0714 0103 0738 032 030 0719 042 -051 10210 10212 0702 10209 0755 0187 0210 0712 0184 0738 0257 0296 0711 0257 0800 0199 0157 0121 0106 0101 0100 0101 0128 //// 10285 ///// ///// ////
000000000000000000000000000000000000000000000000000000000000000000000000000000000000000000000000000000000000000000000000=
57091 344700 1141800 00737 00748 4
20100325080000 005 013 353 015 351 023 0701 015 011 043 042 0721 0000 0113 0118 0719 0111 0703 026 026 0800 035 -075 10192 10198 0701 10191 0748 0189 0262 0710 0189 0800 0284 0333 0710 0284 0800 0203 0156 0123 0103 0102 0101 0102 0123 //// 10285 ///// ///// ////
000000000000000000000000000000000000000000000000000000000000000000000000000000000000000000000000000000000000000000000000=
53978 350500 1123800 01401 01409 4
20100325080000 284 049 276 046 291 050 0738 291 050 257 079 0704 0000 0146 0150 0754 0142 0725 013 013 0746 022 -135 10094 10101 0709 10094 0800 0220 0259 0701 0220 0725 0280 0337 0701 0280 0800 0215 0176 0140 0118 0090 0092 0097 0125 //// 10265 ///// ///// ////
000000000000000000000000000000000000000000000000000000000000000000000000000000000000000000000000000000000000000000000000=
53984 351400 1132800 00827 00837 4
20100325080000 117 030 122 036 126 045 0750 152 020 107 063 0748 0000 0115 0120 0727 0114 0753 040 034 0703 054 -016 10171 10178 0701 10170 0759 0221 0252 0721 0210 0758 0272 0322 0701 0270 0758 0182 0148 0119 0107 0094 0095 0095 0120 //// 10274 ///// ///// ////
000000000000000000000000000000000000000000000000000000000000000000000000000000000000000000000000000000000000000000000000=
53987 350600 1132500 00910 00918 4
20100325080000 126 043 126 037 124 040 0756 128 032 128 056 0749 0000 0123 0124 0707 0116 0731 034 032 0701 049 -031 10159 10166 0703 10159 0758 0195 0223 0703 0189 0755 0252 0300 0701 0252 0800 0207 0171 0143 0121 0097 0098 0100 0127 //// 10272 ///// ///// ////
000000000000000000000000000000000000000000000000000000000000000000000000000000000000000000000000000000000000000000000000=
57079 345700 1130200 01064 01069 4
20100325080000 265 065 269 058 271 076 0743 274 074 274 104 0727 0000 0142 0142 0800 0134 0710 015 014 0741 024 -121 10138 10143 0701 10138 0800 0197 0232 0715 0188 0738 0259 0310 0719 0259 0800 0177 0148 0122 0105 0093 0096 0095 0120 //// 10269 ///// ///// ////
000000000000000000000000000000000000000000000000000000000000000000000000000000000000000000000000000000000000000000000000=
53972 350700 1125500 01196 01210 4
20100325080000 297 030 277 032 301 038 0705 313 024 314 068 0703 0000 0148 0149 0722 0145 0711 012 011 0701 020 -143 10120 10126 0701 10120 0800 0238 0256 0716 0229 0742 0297 0351 0702 0297 0800 0208 0172 0143 0119 0095 0098 0109 0136 //// 10267 ///// ///// ////
000000000000000000000000000000000000000000000000000000000000000000000000000000000000000000000000000000000000000000000000=
57072 345500 1124500 01275 01285 4
20100325080000 252 046 248 051 245 056 0754 231 053 249 094 0739 0000 0141 0142 0751 0138 0706 010 009 0752 016 -171 10115 10122 0701 10114 0754 0206 0229 0705 0199 0745 0278 0332 0706 0278 0800 0192 0152 0119 0101 0084 0087 0087 0113 //// 10272 ///// ///// ////
000000000000000000000000000000000000000000000000000000000000000000000000000000000000000000000000000000000000000000000000=
53982 351400 1131600 01120 01135 4
20100325080000 077 013 126 018 143 030 0706 299 005 113 043 0731 0000 0135 0141 0750 0123 0706 026 025 0758 040 -056 10130 10137 0701 10130 0800 0169 0179 0702 0168 0743 0298 0331 0719 0298 0800 0205 0167 0135 0117 0096 0098 0101 0131 //// 10268 ///// ///// ////
000000000000000000000000000000000000000000000000000000000000000000000000000000000000000000000000000000000000000000000000=
53979 350900 1130500 01200 01211 4
20100325080000 271 043 277 049 286 060 0750 265 035 284 092 0749 0000 0148 0150 0742 0136 0701 011 010 0726 019 -154 10120 10127 0701 10120 0800 0224 0245 0713 0208 0750 0297 0365 0713 0284 0750 0214 0167 0133 0112 0097 0099 0104 0132 //// 10267 ///// ///// ////
000000000000000000000000000000000000000000000000000000000000000000000000000000000000000000000000000000000000000000000000=
53974 353700 1141100 00723 00739 4
20100325080000 192 020 199 027 087 032 0701 209 019 173 051 0731 0000 0095 0100 0710 0095 0800 037 033 0712 044 -045 10193 10197 0702 10193 0759 0173 0182 0719 0138 0701 0206 0227 0717 0202 0701 0175 0148 0122 0106 0090 0091 0097 0124 //// 10285 ///// ///// ////
000000000000000000000000000000000000000000000000000000000000000000000000000000000000000000000000000000000000000000000000=
53990 354300 1141900 00795 00805 4
20100325080000 160 048 159 043 161 047 0747 155 045 150 065 0738 0000 0097 0103 0708 0091 0749 042 034 0709 051 -026 10182 10187 0701 10182 0800 0160 0183 0725 0135 0743 0249 0305 0705 0226 0747 0170 0134 0105 0094 0089 0084 0083 0110 //// 10283 ///// ///// ////
000000000000000000000000000000000000000000000000000000000000000000000000000000000000000000000000000000000000000000000000=
53991 355600 1142100 00743 00753 4
20100325080000 166 031 167 024 167 024 0800 266 029 160 046 0753 0000 0100 0102 0748 0097 0704 032 031 0730 039 -059 10186 10191 0701 10186 0800 0127 0183 0710 0127 0800 0203 0292 0705 0203 0800 0188 0150 0114 0100 0085 0084 0087 0118 //// 10280 ///// ///// ////
000000000000000000000000000000000000000000000000000000000000000000000000000000000000000000000000000000000000000000000000=
53993 355600 1145500 00516 00524 4
20100325080000 141 015 104 019 086 034 0722 144 014 094 058 0718 0000 0097 0099 0740 0094 0701 030 030 0800 036 -070 10215 10222 0701 10213 0737 0163 0204 0704 0163 0800 0241 0287 0710 0241 0800 0175 0134 0103 0087 0080 0076 0076 0108 //// 10281 ///// ///// ////
000000000000000000000000000000000000000000000000000000000000000000000000000000000000000000000000000000000000000000000000=
53889 360400 1134900 03068 03086 4
20100325080000 173 014 180 015 119 027 0709 176 008 113 042 0716 0000 0118 0118 0800 0106 0707 018 017 0744 025 -118 09886 09893 0701 09886 0800 0197 0199 0758 0175 0751 0273 0298 0710 0271 0757 0206 0181 0155 0132 0076 0075 0088 0098 //// 10264 ///// ///// ////
000000000000000000000000000000000000000000000000000000000000000000000000000000000000000000000000000000000000000000000000=
53995 353300 1143000 00625 00645 4
20100325080000 098 022 136 024 160 030 0735 116 026 153 051 0730 0000 0092 0100 0706 0091 0757 038 032 0708 044 -044 10204 10207 0701 10203 0719 0143 0192 0704 0139 0753 0221 0287 0705 0221 0800 0202 0169 0135 0112 0088 0087 0087 0116 //// 10285 ///// ///// ////
000000000000000000000000000000000000000000000000000000000000000000000000000000000000000000000000000000000000000000000000=
NNNN
