57290 330000 1140100 00827 00838 4
20100502130000 221 023 054 017 054 017 1300 094 017 220 051 1234 0000 0272 0284 1201 0272 1257 057 057 1203 206 0179 09965 09965 1300 09959 1206 0218 0222 1211 0216 1247 0244 0261 1201 0244 1300 0264 0266 0255 0241 0175 0148 0131 0135 //// 10061 ///// ///// ////
000000000000000000000000000000000000000000000000000000000000000000000000000000000000000000000000000000000000000000000000=
57188 332200 1140200 00559 00568 4
20100502130000 174 023 158 023 158 026 1240 187 023 150 042 1232 0000 0249 0261 1201 0249 1259 065 064 1227 205 0179 09991 09991 1300 09984 1201 0203 0211 1201 0203 1300 0226 0242 1201 0226 1300 0261 0258 0250 0230 0152 0133 0125 0134 //// 10056 ///// ///// ////
000000000000000000000000000000000000000000000000000000000000000000000000000000000000000000000000000000000000000000000000=
57293 324400 1145900 00380 00391 4
20100502130000 189 020 189 019 189 020 1237 223 020 172 027 1256 0000 0216 0235 1201 0216 1300 074 072 1201 191 0168 10026 10026 1300 10020 1201 0188 0202 1201 0187 1258 0217 0235 1201 0217 1300 0258 0264 0256 0236 0188 0159 0137 0136 //// 10071 ///// ///// ////
000000000000000000000000000000000000000000000000000000000000000000000000000000000000000000000000000000000000000000000000=
57281 324200 1131800 01422 01431 4
20100502130000 101 007 081 004 098 015 1214 091 008 099 025 1210 0000 0221 0245 1201 0221 1300 073 060 1214 194 0170 09901 09901 1300 09894 1201 0176 0196 1212 0176 1300 0209 0225 1202 0209 1300 0249 0256 0250 0237 0171 0141 0129 0134 //// 10066 ///// ///// ////
000000000000000000000000000000000000000000000000000000000000000000000000000000000000000000000000000000000000000000000000=
57196 332800 1145200 00420 00428 4
20100502130000 192 035 190 032 190 032 1300 195 041 192 048 1255 0000 0254 0259 1201 0252 1246 067 067 1300 217 0188 10010 10010 1300 10004 1204 0227 0228 1253 0217 1203 0220 0232 1201 0220 1300 0246 0248 0236 0218 0153 0136 0127 0132 //// 10059 ///// ///// ////
000000000000000000000000000000000000000000000000000000000000000000000000000000000000000000000000000000000000000000000000=
57099 340400 1145100 00526 00536 4
20100502130000 197 015 191 014 181 019 1206 224 018 158 035 1210 0000 0252 0265 1201 0252 1300 076 070 1201 244 0207 09992 09992 1300 09986 1201 0213 0227 1206 0209 1253 0224 0235 1201 0224 1259 0246 0251 0239 0223 0172 0143 0123 0132 //// 10054 ///// ///// ////
000000000000000000000000000000000000000000000000000000000000000000000000000000000000000000000000000000000000000000000000=
57198 333300 1143700 00463 00473 4
20100502130000 211 019 203 019 194 023 1247 249 018 192 037 1247 0000 0258 0261 1217 0258 1300 070 070 1300 232 0199 10004 10004 1300 09998 1201 0208 0212 1247 0195 1204 0237 0246 1201 0237 1300 0255 0258 0249 0234 0162 0144 0131 0139 //// 10058 ///// ///// ////
000000000000000000000000000000000000000000000000000000000000000000000000000000000000000000000000000000000000000000000000=
57192 334400 1145100 00455 00466 4
20100502130000 214 017 195 018 181 022 1203 271 013 164 038 1202 0000 0266 0274 1201 0266 1300 065 065 1300 226 0195 10003 10003 1300 09997 1201 0227 0238 1201 0222 1248 0243 0257 1201 0243 1300 0268 0271 0258 0236 0176 0150 0134 0140 //// 10056 ///// ///// ////
000000000000000000000000000000000000000000000000000000000000000000000000000000000000000000000000000000000000000000000000=
58100 333900 1151000 00414 00424 4
20100502130000 212 014 209 016 174 025 1208 257 010 157 046 1206 0000 0263 0270 1201 0263 1300 064 064 1300 219 0189 10010 10010 1300 10003 1201 0253 0264 1201 0251 1258 0241 0260 1201 0241 1300 0273 0280 0272 0254 0186 0156 0139 0141 //// 10059 ///// ///// ////
000000000000000000000000000000000000000000000000000000000000000000000000000000000000000000000000000000000000000000000000=
57095 340700 1140900 00611 00622 4
20100502130000 196 019 188 022 188 022 1300 240 020 175 045 1254 0000 0249 0253 1201 0248 1247 072 068 1232 227 0195 09974 09974 1300 09970 1201 0192 0192 1300 0178 1201 0214 0221 1201 0213 1245 0243 0239 0246 0234 0168 0142 0126 0129 //// 10046 ///// ///// ////
000000000000000000000000000000000000000000000000000000000000000000000000000000000000000000000000000000000000000000000000=
57297 320800 1140300 01145 01154 4
20100502130000 201 042 201 037 192 047 1229 203 061 189 077 1223 0000 0271 0276 1224 0271 1300 058 054 1201 208 0181 09940 09940 1300 09935 1205 0235 0243 1232 0234 1250 0242 0251 1202 0242 1300 0267 0273 0270 0256 0193 0162 0141 //// //// 10072 ///// ///// ////
000000000000000000000000000000000000000000000000000000000000000000000000000000000000000000000000000000000000000000000000=
57296 322100 1144400 00489 00501 4
20100502130000 189 011 188 014 213 021 1201 159 012 153 038 1211 0000 0265 0275 1201 0265 1300 052 047 1206 180 0159 10014 10014 1300 10009 1203 0217 0245 1205 0216 1258 0214 0233 1201 0214 1300 0251 0259 0250 0234 0188 0157 0137 0133 //// 10071 ///// ///// ////
000000000000000000000000000000000000000000000000000000000000000000000000000000000000000000000000000000000000000000000000=
57396 313800 1145100 01287 01297 4
20100502130000 164 037 170 039 174 040 1257 164 038 149 068 1224 0000 0251 0262 1201 0250 1254 057 053 1201 182 0160 09934 09934 1300 09930 1201 0232 0241 1217 0231 1236 0221 0233 1201 0221 1259 0249 0256 0250 0233 0200 0158 //// //// //// 10082 ///// ///// ////
000000000000000000000000000000000000000000000000000000000000000000000000000000000000000000000000000000000000000000000000=
58207 321000 1150300 00428 00440 4
20100502130000 176 031 181 030 193 040 1224 192 036 209 065 1223 0000 0270 0282 1201 0270 1300 051 043 1201 182 0160 10023 10023 1300 10019 1201 0236 0248 1217 0232 1244 0243 0257 1201 0243 1300 0221 0245 0236 0222 0163 0145 0133 0139 //// 10073 ///// ///// ////
000000000000000000000000000000000000000000000000000000000000000000000000000000000000000000000000000000000000000000000000=
58205 322800 1152600 00349 00360 4
20100502130000 174 013 175 012 183 014 1244 114 015 217 027 1241 0000 0244 0252 1201 0244 1300 071 069 1201 217 0188 10032 10032 1300 10027 1201 0215 0232 1221 0215 1300 0227 0242 1201 0227 1300 0243 0250 0255 0252 0177 0155 0138 0126 //// 10073 ///// ///// ////
000000000000000000000000000000000000000000000000000000000000000000000000000000000000000000000000000000000000000000000000=
57299 320100 1145400 00494 00506 4
20100502130000 148 010 160 014 168 019 1256 164 012 166 031 1248 0000 0252 0263 1201 0246 1240 056 051 1202 179 0158 10017 10017 1300 10012 1201 0168 0177 1256 0165 1242 0208 0225 1201 0208 1300 0236 0249 0256 0256 0196 0155 0135 0132 //// 10075 ///// ///// ////
000000000000000000000000000000000000000000000000000000000000000000000000000000000000000000000000000000000000000000000000=
53997 350900 1141100 00711 00723 4
20100502130000 188 045 190 041 183 044 1210 189 056 203 065 1209 0000 0258 0266 1201 0258 1300 062 061 1201 206 0180 09949 09949 1300 09942 1201 0217 0224 1201 0217 1246 0223 0234 1201 0223 1300 0247 0249 0235 0223 0156 0137 0121 0125 //// 10032 ///// ///// ////
000000000000000000000000000000000000000000000000000000000000000000000000000000000000000000000000000000000000000000000000=
53994 352300 1140400 00700 00712 4
20100502130000 259 006 263 007 264 016 1220 268 007 248 025 1215 0000 0248 0268 1201 0248 1300 078 069 1201 244 0207 09952 09952 1300 09942 1201 0185 0237 1201 0185 1300 0209 0238 1201 0209 1300 0251 0254 0243 0221 0158 0133 0121 0129 //// 10034 ///// ///// ////
000000000000000000000000000000000000000000000000000000000000000000000000000000000000000000000000000000000000000000000000=
53988 351600 1134000 00776 00784 4
20100502130000 200 010 204 008 094 009 1201 220 008 223 018 1259 0000 0246 0265 1201 0246 1300 075 070 1201 232 0199 09938 09938 1300 09930 1201 0185 0209 1209 0185 1259 0213 0236 1201 0213 1300 0254 0256 0244 0228 0152 0134 0123 0128 //// 10028 ///// ///// ////
000000000000000000000000000000000000000000000000000000000000000000000000000000000000000000000000000000000000000000000000=
53985 352700 1134900 00964 00979 4
20100502130000 143 008 145 007 156 007 1202 195 009 147 015 1257 0000 0266 0281 1201 0266 1300 069 062 1201 240 0204 09919 09919 1300 09911 1201 0215 0230 1203 0213 1255 0226 0239 1203 0225 1259 0240 0240 0226 0211 0168 0138 0119 0122 //// 10031 ///// ///// ////
000000000000000000000000000000000000000000000000000000000000000000000000000000000000000000000000000000000000000000000000=
53983 350200 1142500 00696 00708 4
20100502130000 182 035 184 033 189 046 1209 186 031 181 064 1209 0000 0253 0269 1201 0253 1300 072 061 1201 232 0199 09954 09954 1300 09948 1216 0222 0243 1208 0222 1259 0220 0235 1201 0220 1259 0247 0252 0247 0236 0146 0128 0117 0126 //// 10035 ///// ///// ////
000000000000000000000000000000000000000000000000000000000000000000000000000000000000000000000000000000000000000000000000=
57171 334600 1130700 01420 01430 4
20100502130000 190 036 185 035 178 036 1256 186 041 184 047 1255 0000 0252 0266 1201 0252 1300 067 056 1209 215 0186 09884 09884 1300 09878 1202 0239 0256 1209 0239 1300 0231 0245 1209 0231 1300 0238 0246 0242 0231 0200 0168 0142 0137 //// 10047 ///// ///// ////
000000000000000000000000000000000000000000000000000000000000000000000000000000000000000000000000000000000000000000000000=
57185 332700 1133500 00911 00921 4
20100502130000 198 010 191 013 191 026 1209 184 009 194 033 1201 0000 0216 0259 1201 0216 1300 069 053 1201 178 0157 09948 09948 1300 09940 1201 0174 0196 1201 0174 1259 0201 0221 1201 0201 1300 0252 0256 0250 0230 0182 0151 0130 0129 //// 10054 ///// ///// ////
000000000000000000000000000000000000000000000000000000000000000000000000000000000000000000000000000000000000000000000000=
53984 351400 1132800 00827 00837 4
20100502130000 234 000 248 001 118 017 1234 249 000 119 027 1231 0000 0225 0262 1201 0225 1300 070 055 1201 191 0168 09932 09932 1300 09925 1201 0174 0192 1202 0174 1300 0211 0233 1201 0211 1300 0249 0251 0236 0223 0170 0142 0124 0125 //// 10028 ///// ///// ////
000000000000000000000000000000000000000000000000000000000000000000000000000000000000000000000000000000000000000000000000=
53972 350700 1125500 01196 01210 4
20100502130000 280 008 298 008 317 014 1224 263 005 311 023 1222 0000 0268 0278 1201 0268 1300 055 052 1201 194 0170 09889 09889 1300 09882 1201 0171 0179 1201 0171 1300 0208 0221 1201 0208 1300 0243 0248 0242 0225 0168 0146 0133 0138 //// 10027 ///// ///// ////
000000000000000000000000000000000000000000000000000000000000000000000000000000000000000000000000000000000000000000000000=
53898 360300 1142400 00629 00638 4
20100502130000 173 042 178 042 177 047 1248 198 059 170 088 1203 0000 0258 0270 1201 0258 1300 074 069 1201 246 0208 09942 09942 1256 09938 1201 0229 0242 1202 0227 1258 0240 0254 1201 0240 1300 0255 0251 0237 0216 0144 0123 0112 0119 //// 10015 ///// ///// ////
000000000000000000000000000000000000000000000000000000000000000000000000000000000000000000000000000000000000000000000000=
NNNN
