57290 330000 1140100 00827 00838 4
20100501160000 255 016 251 011 236 025 1543 243 010 229 038 1538 0000 0237 0242 1545 0237 1600 063 061 1544 185 0162 10008 10010 1508 10008 1550 0169 0178 1506 0169 1600 0196 0205 1501 0196 1559 0216 0224 0222 0218 0169 0145 0130 0135 //// 10104 ///// ///// ////
000000000000000000000000000000000000000000000000000000000000000000000000000000000000000000000000000000000000000000000000=
57188 332200 1140200 00559 00568 4
20100501160000 195 017 194 016 194 016 1559 195 018 198 021 1559 0000 0188 0196 1501 0188 1558 085 081 1503 184 0162 10035 10038 1501 10035 1553 0133 0140 1501 0133 1600 0161 0171 1501 0161 1600 0210 0217 0222 0213 0145 0131 0124 0134 //// 10101 ///// ///// ////
000000000000000000000000000000000000000000000000000000000000000000000000000000000000000000000000000000000000000000000000=
57293 324400 1145900 00380 00391 4
20100501160000 193 011 185 011 176 011 1507 189 013 184 018 1506 0000 0184 0188 1501 0184 1600 090 087 1501 190 0167 10062 10065 1506 10062 1600 0161 0167 1510 0159 1557 0183 0190 1501 0183 1600 0214 0224 0224 0216 0180 0155 0136 0136 //// 10108 ///// ///// ////
000000000000000000000000000000000000000000000000000000000000000000000000000000000000000000000000000000000000000000000000=
57281 324200 1131800 01422 01431 4
20100501160000 090 007 110 008 107 019 1516 091 005 102 026 1515 0000 0182 0189 1501 0182 1600 086 085 1501 180 0158 09945 09945 1526 09944 1539 0143 0167 1519 0142 1554 0167 0177 1501 0167 1600 0206 0217 0220 0215 0162 0136 0129 0134 //// 10111 ///// ///// ////
000000000000000000000000000000000000000000000000000000000000000000000000000000000000000000000000000000000000000000000000=
57196 332800 1145200 00420 00428 4
20100501160000 160 017 163 016 155 027 1516 234 018 144 041 1525 0000 0190 0212 1501 0188 1552 085 077 1501 187 0164 10053 10056 1501 10053 1600 0153 0190 1527 0152 1555 0166 0177 1510 0166 1600 0195 0205 0204 0197 0147 0134 0127 0132 //// 10103 ///// ///// ////
000000000000000000000000000000000000000000000000000000000000000000000000000000000000000000000000000000000000000000000000=
57099 340400 1145100 00526 00536 4
20100501160000 180 005 171 007 176 008 1558 172 003 164 019 1551 0000 0193 0198 1501 0192 1547 083 080 1506 186 0163 10040 10041 1501 10039 1552 0150 0153 1523 0132 1501 0163 0165 1501 0162 1556 0188 0203 0204 0200 0165 0140 0123 0132 //// 10102 ///// ///// ////
000000000000000000000000000000000000000000000000000000000000000000000000000000000000000000000000000000000000000000000000=
57198 333300 1143700 00463 00473 4
20100501160000 058 000 097 002 096 006 1542 046 000 102 012 1539 0000 0186 0194 1501 0185 1557 089 086 1501 191 0168 10047 10050 1509 10046 1553 0126 0129 1545 0125 1538 0168 0173 1501 0168 1559 0199 0213 0215 0211 0156 0142 0131 0139 //// 10102 ///// ///// ////
000000000000000000000000000000000000000000000000000000000000000000000000000000000000000000000000000000000000000000000000=
57192 334400 1145100 00455 00466 4
20100501160000 148 012 157 011 170 013 1523 116 007 167 027 1544 0000 0211 0214 1501 0211 1600 075 075 1600 188 0165 10048 10051 1504 10048 1600 0169 0175 1511 0164 1533 0183 0189 1501 0183 1600 0210 0224 0224 0215 0169 0147 0133 0140 //// 10102 ///// ///// ////
000000000000000000000000000000000000000000000000000000000000000000000000000000000000000000000000000000000000000000000000=
58100 333900 1151000 00414 00424 4
20100501160000 158 017 159 014 158 021 1538 178 017 164 030 1535 0000 0208 0214 1501 0208 1600 075 074 1501 184 0162 10053 10057 1515 10053 1600 0199 0202 1539 0194 1552 0183 0188 1501 0182 1555 0214 0229 0234 0228 0178 0152 0138 0141 //// 10102 ///// ///// ////
000000000000000000000000000000000000000000000000000000000000000000000000000000000000000000000000000000000000000000000000=
57089 340200 1135200 00668 00681 4
20100501160000 243 018 236 016 208 021 1546 251 016 232 044 1550 0000 0211 0218 1501 0211 1600 073 072 1516 183 0161 10018 10020 1501 10018 1541 0186 0189 1511 0185 1528 0181 0186 1501 0181 1600 0198 0207 0210 0205 0158 0136 0127 0132 //// 10097 ///// ///// ////
000000000000000000000000000000000000000000000000000000000000000000000000000000000000000000000000000000000000000000000000=
57087 341200 1134800 00877 00885 4
20100501160000 218 019 214 019 218 021 1524 245 017 217 030 1523 0000 0202 0210 1501 0202 1600 081 077 1501 192 0168 09994 09997 1501 09994 1600 0171 0180 1526 0157 1549 0167 0173 1501 0165 1550 0197 0209 0211 0205 0153 0135 0124 0128 //// 10096 ///// ///// ////
000000000000000000000000000000000000000000000000000000000000000000000000000000000000000000000000000000000000000000000000=
57296 322100 1144400 00489 00501 4
20100501160000 218 013 226 015 232 019 1501 186 009 206 028 1504 0000 0218 0225 1501 0218 1600 071 068 1501 185 0163 10053 10054 1518 10052 1501 0194 0199 1507 0188 1548 0184 0190 1502 0184 1558 0213 0224 0223 0216 0180 0153 0136 0133 //// 10111 ///// ///// ////
000000000000000000000000000000000000000000000000000000000000000000000000000000000000000000000000000000000000000000000000=
57396 313800 1145100 01287 01297 4
20100501160000 203 042 200 040 198 041 1558 192 045 195 053 //// 0000 0212 0215 1508 0210 1529 070 069 1503 176 0155 09967 09968 1533 09966 1502 0197 0200 1512 0193 1530 0186 0192 1501 0186 1600 0212 0223 0225 0216 0192 0153 //// //// //// 10116 ///// ///// ////
000000000000000000000000000000000000000000000000000000000000000000000000000000000000000000000000000000000000000000000000=
58207 321000 1150300 00428 00440 4
20100501160000 224 024 222 024 221 025 1559 228 021 189 041 1539 0000 0225 0230 1501 0225 1600 066 062 1501 180 0158 10060 10062 1524 10060 1600 0183 0183 1600 0158 1515 0201 0208 1501 0201 1600 0179 0209 0206 0201 0155 0143 0133 0139 //// 10111 ///// ///// ////
000000000000000000000000000000000000000000000000000000000000000000000000000000000000000000000000000000000000000000000000=
58205 322800 1152600 00349 00360 4
20100501160000 229 011 228 011 228 012 1557 223 010 209 017 1555 0000 0207 0208 1505 0205 1552 080 079 1506 195 0171 10067 10070 1525 10066 1557 0182 0191 1504 0175 1542 0187 0196 1501 0187 1600 0199 0207 0214 0214 0170 0152 0137 0126 //// 10109 ///// ///// ////
000000000000000000000000000000000000000000000000000000000000000000000000000000000000000000000000000000000000000000000000=
57299 320100 1145400 00494 00506 4
20100501160000 190 018 187 019 179 024 1535 181 016 186 035 1525 0000 0217 0217 1600 0200 1513 071 071 1600 184 0162 10054 10055 1501 10054 1600 0159 0170 1530 0145 1510 0180 0183 1533 0179 1518 0199 0210 0219 0222 0188 0152 0134 0131 //// 10112 ///// ///// ////
000000000000000000000000000000000000000000000000000000000000000000000000000000000000000000000000000000000000000000000000=
53997 350900 1141100 00711 00723 4
20100501160000 192 015 189 014 173 019 1517 194 017 189 026 1513 0000 0192 0202 1517 0192 1600 081 076 1505 180 0159 10002 10005 1501 10002 1600 0132 0159 1533 0132 1600 0157 0172 1506 0157 1600 0198 0208 0204 0202 0149 0133 0120 0125 //// 10086 ///// ///// ////
000000000000000000000000000000000000000000000000000000000000000000000000000000000000000000000000000000000000000000000000=
53994 352300 1140400 00700 00712 4
20100501160000 233 009 242 010 257 014 1548 203 011 259 018 1539 0000 0192 0199 1504 0191 1539 083 080 1510 185 0162 10001 10006 1502 10001 1600 0118 0139 1504 0118 1600 0139 0152 1504 0139 1600 0190 0207 0210 0201 0151 0130 0121 0128 //// 10084 ///// ///// ////
000000000000000000000000000000000000000000000000000000000000000000000000000000000000000000000000000000000000000000000000=
53985 352700 1134900 00964 00979 4
20100501160000 029 005 276 005 130 005 1525 054 004 175 013 1543 0000 0209 0213 1501 0209 1600 074 070 1501 183 0161 09970 09974 1501 09969 1558 0160 0164 1501 0160 1552 0168 0176 1501 0168 1600 0197 0204 0201 0194 0160 0134 0118 0122 //// 10083 ///// ///// ////
000000000000000000000000000000000000000000000000000000000000000000000000000000000000000000000000000000000000000000000000=
53983 350200 1142500 00696 00708 4
20100501160000 160 020 165 021 173 025 1505 155 018 170 032 1541 0000 0185 0194 1501 0184 1543 091 087 1501 194 0170 10005 10008 1501 10005 1600 0141 0163 1501 0140 1559 0153 0165 1501 0153 1559 0190 0206 0209 0207 0139 0126 0117 0125 //// 10087 ///// ///// ////
000000000000000000000000000000000000000000000000000000000000000000000000000000000000000000000000000000000000000000000000=
57171 334600 1130700 01420 01430 4
20100501160000 152 029 147 027 150 037 1536 155 028 166 043 1527 0000 0213 0218 1501 0212 1513 077 076 1501 195 0171 09929 09930 1501 09928 1526 0204 0210 1505 0204 1600 0193 0198 1506 0193 1559 0198 0209 0211 0207 0189 0160 0141 0137 //// 10094 ///// ///// ////
000000000000000000000000000000000000000000000000000000000000000000000000000000000000000000000000000000000000000000000000=
57185 332700 1133500 00911 00921 4
20100501160000 215 016 204 017 195 017 1552 220 015 189 022 1549 0000 0169 0169 1600 0163 1519 085 082 1501 164 0144 09992 09995 1501 09992 1600 0140 0143 1502 0139 1557 0160 0165 1501 0160 1557 0208 0217 0221 0210 0176 0148 0129 0128 //// 10099 ///// ///// ////
000000000000000000000000000000000000000000000000000000000000000000000000000000000000000000000000000000000000000000000000=
57094 342400 1141300 00674 00685 4
20100501160000 194 014 195 013 195 014 1559 195 018 155 022 1558 0000 0188 0192 1501 0185 1545 093 090 1501 202 0176 10012 10015 1511 10011 1551 0151 0154 1559 0124 1544 0160 0163 1501 0155 1545 0191 0205 0210 0207 0176 0150 0129 0130 //// 10092 ///// ///// ////
000000000000000000000000000000000000000000000000000000000000000000000000000000000000000000000000000000000000000000000000=
57093 345100 1144900 00733 00740 4
20100501160000 173 020 174 019 176 020 1534 181 017 194 031 1545 0000 0198 0205 1501 0198 1600 081 079 1501 187 0164 10005 10008 1501 10005 1600 0180 0193 1507 0179 1558 0163 0172 1506 0162 1559 0193 0202 0202 0194 0164 0135 0122 0124 //// 10091 ///// ///// ////
000000000000000000000000000000000000000000000000000000000000000000000000000000000000000000000000000000000000000000000000=
53984 351400 1132800 00827 00837 4
20100501160000 100 004 106 004 028 011 1507 113 005 043 013 1507 0000 0169 0176 1520 0168 1552 066 059 1534 127 0105 09987 09990 1501 09987 1600 0111 0120 1501 0111 1600 0150 0158 1501 0150 1600 0194 0207 0204 0201 0164 0139 0123 0125 //// 10084 ///// ///// ////
000000000000000000000000000000000000000000000000000000000000000000000000000000000000000000000000000000000000000000000000=
53972 350700 1125500 01196 01210 4
20100501160000 348 006 005 007 292 011 1523 285 004 232 017 1522 0000 0203 0213 1501 0203 1600 056 049 1501 133 0112 09943 09947 1501 09943 1600 0123 0128 1508 0123 1600 0154 0162 1501 0154 1600 0198 0209 0212 0206 0162 0143 0133 0138 //// 10083 ///// ///// ////
000000000000000000000000000000000000000000000000000000000000000000000000000000000000000000000000000000000000000000000000=
53993 355600 1145500 00516 00524 4
20100501160000 191 026 194 024 193 025 1554 197 030 192 048 1520 0000 0203 0206 1501 0202 1546 077 072 1501 183 0161 10014 10018 1501 10014 1600 0190 0193 1501 0184 1547 0166 0170 1520 0165 1547 0193 0202 0201 0194 0167 0134 0115 0114 //// 10075 ///// ///// ////
000000000000000000000000000000000000000000000000000000000000000000000000000000000000000000000000000000000000000000000000=
53898 360300 1142400 00629 00638 4
20100501160000 194 016 182 024 177 029 1553 251 011 167 055 1547 0000 0198 0201 1522 0197 1545 077 071 1501 178 0157 09996 09998 1501 09995 1558 0136 0148 1530 0136 1600 0164 0170 1504 0164 1600 0199 0206 0205 0195 0136 0120 0112 0119 //// 10070 ///// ///// ////
000000000000000000000000000000000000000000000000000000000000000000000000000000000000000000000000000000000000000000000000=
NNNN
