57090 344300 1135800 00781 00802 4
20100323200000 000 000 000 000 123 006 1923 097 000 130 010 1916 0000 0084 0086 1904 0084 2000 070 066 1902 077 0033 10106 10113 1901 10104 1955 0064 0068 1921 0063 1946 0073 0075 1903 0073 1953 0086 0095 0098 0101 0098 0092 0085 0119 //// 10204 ///// ///// ////
000000000000000000000000000000000000000000000000000000000000000000000000000000000000000000000000000000000000000000000000=
57083 344300 1133900 01104 01116 4
20100323200000 PPC 002 025 004 092 010 1945 PPC 000 098 012 1941 0000 0088 0090 1901 0088 2000 060 059 1946 068 0015 10070 10075 1901 10066 1944 0055 0058 1901 0055 2000 0071 0074 1901 0071 2000 0087 0093 0098 0102 0098 0098 0102 0126 0000 10206 ///// ///// ////
000000000000000000000000000000000000000000000000000000000000000000000000000000000000000000000000000000000000000000000000
110 10- 000 /// //// /////////////////////ACR /// //// 6///1 0//// 7//// 1//// 2//// 3//// /// /// /// // 911// 915// 919// 934// 939//=
57086 342300 1134300 01166 01168 4
20100323200000 227 003 178 002 085 009 1948 226 006 083 011 1943 0000 0077 0080 1901 0077 1955 072 069 1913 076 0030 10066 10069 1902 10060 1950 0065 0070 1901 0065 1953 0072 0073 1902 0072 1959 0083 0091 0096 0099 0098 0095 0093 0116 //// 10209 ///// ///// ////
000000000000000000000000000000000000000000000000000000000000000000000000000000000000000000000000000000000000000000000000=
57085 343200 1132000 02599 02648 4
20100323200000 014 007 010 009 023 010 1931 015 005 060 015 1931 0000 0084 0084 2000 0082 1921 055 054 1903 061 -001 09887 09890 1912 09881 1936 0075 0078 1905 0072 1951 0068 0070 1901 0068 1957 0083 0092 0098 0100 0102 0097 0092 0121 //// 10207 ///// ///// ////
000000000000000000000000000000000000000000000000000000000000000000000000000000000000000000000000000000000000000000000000=
57081 344800 1132600 01409 01419 4
20100323200000 138 005 126 001 325 004 1930 133 004 021 009 1930 0000 0081 0084 1901 0081 1950 051 049 1933 055 -014 10035 10038 1914 10030 1937 0053 0060 1937 0053 1955 0067 0069 1903 0067 1954 0082 0090 0098 0099 0091 0092 0095 0117 //// 10208 ///// ///// ////
000000000000000000000000000000000000000000000000000000000000000000000000000000000000000000000000000000000000000000000000=
57080 344400 1125800 01652 01661 4
20100323200000 229 011 207 007 093 009 1930 229 012 226 014 1959 0000 0082 0088 1901 0082 1958 046 039 1920 050 -027 10013 10013 2000 10003 1927 0060 0063 1901 0043 1945 0062 0068 1901 0060 1944 0082 0092 0098 0101 0092 0087 0088 0119 //// 10215 ///// ///// ////
000000000000000000000000000000000000000000000000000000000000000000000000000000000000000000000000000000000000000000000000=
57082 342800 1130100 04271 04284 4
20100323200000 309 036 315 029 346 035 1912 313 039 344 063 1904 0000 0075 0078 1914 0075 1939 039 036 1920 040 -056 09696 09697 1901 09689 1926 0071 0073 1921 0069 1940 0053 0056 1901 0053 1959 0068 0080 0088 0094 0097 0099 0099 //// //// 10210 ///// ///// ////
000000000000000000000000000000000000000000000000000000000000000000000000000000000000000000000000000000000000000000000000=
57295 323700 1142100 00785 00802 4
20100323200000 345 017 348 015 342 023 1903 305 013 338 047 1903 0000 0057 0057 1903 0057 1920 088 088 1901 081 0039 10104 10109 1937 10104 1901 0056 0057 1901 0055 1943 0063 0063 1958 0063 1938 0080 0084 0089 0095 0101 0102 0101 0128 //// 10203 ///// ///// ////
000000000000000000000000000000000000000000000000000000000000000000000000000000000000000000000000000000000000000000000000=
57189 330800 1135700 00646 00655 4
20100323200000 265 004 300 002 161 014 1936 268 004 156 019 1936 0000 0062 0063 1933 0062 1901 097 097 1901 092 0058 10121 10124 1947 10120 1953 0060 0061 1908 0060 1901 0070 0071 1908 0070 1951 0082 0089 0094 0098 0098 0097 0097 0122 //// 10202 ///// ///// ////
000000000000000000000000000000000000000000000000000000000000000000000000000000000000000000000000000000000000000000000000=
57194 331700 1141600 00598 00609 4
20100323200000 340 007 336 010 194 018 1901 358 011 350 022 1948 0000 0064 0065 1956 0063 1959 093 092 1903 089 0054 10126 10128 1956 10123 1924 0058 0059 1950 0058 1934 0069 0070 1934 0069 2000 0081 0090 0094 0098 0097 0093 0097 0125 //// 10201 ///// ///// ////
000000000000000000000000000000000000000000000000000000000000000000000000000000000000000000000000000000000000000000000000=
57197 330000 1142000 00489 00545 4
20100323200000 170 009 158 008 158 008 2000 173 008 173 011 1958 0000 0062 0062 1958 0061 1903 096 094 1907 091 0056 10133 10137 1927 10132 1951 0052 0052 1947 0051 1941 0066 0067 1936 0066 1905 0077 0083 0088 0090 0102 0102 0100 0125 //// 10200 ///// ///// ////
000000000000000000000000000000000000000000000000000000000000000000000000000000000000000000000000000000000000000000000000=
57294 325000 1140100 00836 00846 4
20100323200000 304 008 325 006 358 019 1906 308 008 344 027 1902 0000 0061 0061 1958 0060 1903 095 095 1932 089 0054 10098 10101 1924 10095 1940 0060 0060 1919 0058 1943 0064 0064 1954 0063 1914 0074 0083 0091 0096 0101 0108 0102 0118 //// 10203 ///// ///// ////
000000000000000000000000000000000000000000000000000000000000000000000000000000000000000000000000000000000000000000000000=
57195 333700 1143700 00466 00476 4
20100323200000 010 000 354 004 301 008 1948 110 003 313 017 1944 0000 0073 0073 2000 0071 1903 089 089 2000 091 0056 10145 10148 1905 10144 1921 0066 0067 1955 0064 1922 0070 0070 1901 0070 1948 0079 0089 0097 0102 0103 0098 0101 0142 //// 10204 ///// ///// ////
000000000000000000000000000000000000000000000000000000000000000000000000000000000000000000000000000000000000000000000000=
57193 334700 1143100 00526 00541 4
20100323200000 296 011 290 008 306 010 1943 302 010 322 016 1934 0000 0075 0076 1901 0075 1927 089 089 1901 092 0058 10141 10143 1945 10140 1911 0068 0069 1901 0068 1958 0074 0075 1902 0074 2000 0088 0094 0100 0104 0105 0101 0104 0131 //// 10208 ///// ///// ////
000000000000000000000000000000000000000000000000000000000000000000000000000000000000000000000000000000000000000000000000=
58101 335200 1152900 00413 00428 4
20100323200000 106 017 098 013 115 018 1938 102 014 167 031 1918 0000 0063 0069 1923 0063 2000 076 072 1921 073 0024 10152 10158 1902 10150 1929 0057 0063 1923 0057 1906 0057 0059 1903 0057 1946 0077 0084 0091 0095 0100 0098 0099 0130 //// 10205 ///// ///// ////
000000000000000000000000000000000000000000000000000000000000000000000000000000000000000000000000000000000000000000000000=
57192 334400 1145100 00455 00466 4
20100323200000 343 010 300 012 300 012 2000 293 006 299 019 1957 0000 0076 0077 1901 0076 2000 086 086 2000 090 0054 10149 10154 1901 10147 1910 0071 0071 1957 0068 1935 0070 0070 1901 0070 2000 0081 0093 0102 0106 0109 0106 0106 0141 //// 10206 ///// ///// ////
000000000000000000000000000000000000000000000000000000000000000000000000000000000000000000000000000000000000000000000000=
57098 340500 1142400 00583 00593 4
20100323200000 225 005 242 007 182 013 1907 223 004 192 017 1905 0000 0076 0079 1901 0076 2000 088 087 1901 092 0057 10131 10138 1918 10131 2000 0067 0072 1906 0066 1952 0074 0076 1901 0074 2000 0081 0088 0093 0098 0102 0096 0097 0129 //// 10204 ///// ///// ////
000000000000000000000000000000000000000000000000000000000000000000000000000000000000000000000000000000000000000000000000=
57182 335100 1133000 00805 00814 4
20100323200000 054 005 034 004 111 010 1947 062 005 214 013 1914 0000 0078 0082 1901 0078 2000 085 080 1906 090 0054 10109 10109 2000 10100 1945 0069 0076 1909 0069 1958 0074 0075 1901 0074 2000 0088 0098 0106 0108 0108 0104 0106 0139 //// 10209 ///// ///// ////
000000000000000000000000000000000000000000000000000000000000000000000000000000000000000000000000000000000000000000000000=
58207 321000 1150300 00428 00440 4
20100323200000 023 026 020 028 048 045 1901 015 025 072 057 1917 0001 0059 0059 2000 0056 1904 089 088 1938 083 0042 10150 10151 1949 10134 1905 0053 0053 1958 0051 1918 0065 0065 1948 0065 1952 0055 0076 0083 0091 0109 0114 0112 0138 //// 10205 ///// ///// ////
000000010000000000000000000000000000000000000000000000000000000000000000000000000000000000000000000000000000000000000000=
58205 322800 1152600 00349 00360 4
20100323200000 340 021 343 021 002 025 1946 343 023 024 040 1935 0001 0060 0060 2000 0058 1915 092 091 1901 086 0048 10158 10158 2000 10143 1918 0057 0057 1959 0055 1923 0060 0061 1959 0059 1922 0064 0068 0074 0077 0113 0111 0109 0123 //// 10203 ///// ///// ////
000000000000000000000000000000000000000000000000000100000000000000000000000000000000000000000000000000000000000000000000=
53986 351900 1135300 00732 00740 4
20100323200000 180 004 177 008 189 013 1953 201 011 195 020 1950 0000 0096 0099 1901 0096 2000 059 057 1901 070 0020 10115 10120 1911 10114 1955 0084 0085 1954 0076 1912 0072 0073 1944 0071 1912 0088 0095 0099 0103 0097 0093 0097 0127 //// 10205 ///// ///// ////
000000000000000000000000000000000000000000000000000000000000000000000000000000000000000000000000000000000000000000000000=
53994 352300 1140400 00700 00712 4
20100323200000 198 011 207 010 190 016 1947 189 016 189 023 1938 0000 0084 0088 1901 0084 2000 062 058 1901 068 0015 10117 10123 1901 10117 2000 0065 0073 1941 0047 1901 0063 0063 1945 0058 1901 0082 0094 0101 0103 0093 0088 0093 0127 //// 10204 ///// ///// ////
000000000000000000000000000000000000000000000000000000000000000000000000000000000000000000000000000000000000000000000000=
53988 351600 1134000 00776 00784 4
20100323200000 162 016 160 016 158 019 1939 175 014 172 026 1932 0000 0088 0090 1924 0087 1901 056 051 1918 063 0005 10106 10110 1901 10104 1949 0056 0058 1944 0052 1901 0067 0067 1939 0066 1917 0086 0097 0103 0106 0093 0091 0098 0126 //// 10202 ///// ///// ////
000000000000000000000000000000000000000000000000000000000000000000000000000000000000000000000000000000000000000000000000=
57051 344800 1111200 04099 04117 4
20100323200000 000 000 000 000 131 005 1903 105 002 167 013 1901 0000 0078 0081 1908 0078 1959 041 040 1902 043 -046 09723 09723 2000 09715 1906 0050 0063 1909 0050 2000 0065 0068 1914 0065 2000 0084 0094 0100 0102 0090 0086 0085 0114 //// 10217 ///// ///// ////
000000000000000000000000000000000000000000000000000000000000000000000000000000000000000000000000000000000000000000000000=
57063 344600 1114600 05236 05236 4
20100323200000 229 017 252 016 270 017 1954 223 014 265 024 1948 0000 0062 0063 1901 0058 1937 047 043 1901 045 -043 09591 09592 1959 09583 1910 0041 0044 1913 0033 1940 0045 0047 1901 0045 2000 0065 0074 0080 0083 0076 0077 0083 0110 //// 10218 ///// ///// ////
000000000000000000000000000000000000000000000000000000000000000000000000000000000000000000000000000000000000000000000000=
57067 340300 1110200 05688 05699 4
20100323200000 231 015 228 013 207 021 1919 251 015 212 032 1913 0000 0045 0047 1938 0045 1903 078 076 1938 066 0010 09539 09540 1915 09533 1945 0050 0054 1934 0049 1957 0057 0057 1901 0056 1938 0071 0081 0091 0088 0092 0097 0094 0122 //// 10225 ///// ///// ////
000000000000000000000000000000000000000000000000000000000000000000000000000000000000000000000000000000000000000000000000=
57056 343200 1105300 03904 03909 4
20100323200000 025 006 355 008 106 013 1910 032 008 113 019 1909 0000 0076 0083 1901 0076 2000 049 043 1901 051 -024 09751 09752 1959 09739 1905 0055 0062 1901 0054 1948 0068 0071 1901 0068 2000 0084 0094 0099 0101 0091 0089 0092 0118 //// 10221 ///// ///// ////
000000000000000000000000000000000000000000000000000000000000000000000000000000000000000000000000000000000000000000000000=
58007 340400 1151800 00472 00532 4
20100323200000 295 005 299 002 145 007 1942 288 006 150 013 1938 0000 0072 0073 1901 0072 1934 068 068 1959 069 0017 10141 10145 1921 10139 1936 0064 0064 1909 0059 1938 0067 0068 1930 0067 1945 0083 0092 0098 0101 0102 0099 0102 0131 //// 10207 ///// ///// ////
000000000000000000000000000000000000000000000000000000000000000000000000000000000000000000000000000000000000000000000000=
58006 342300 1155300 00463 00506 4
20100323200000 022 009 027 010 029 010 1959 035 010 355 014 1927 0000 0064 0067 1933 0064 2000 064 062 1932 061 0001 10152 10154 1917 10150 1905 0053 0054 1934 0047 1910 0055 0057 1905 0055 2000 0068 0080 0087 0092 0094 0092 0097 0127 //// 10214 ///// ///// ////
000000000000000000000000000000000000000000000000000000000000000000000000000000000000000000000000000000000000000000000000=
58111 335800 1162700 00325 00325 4
20100323200000 126 011 132 009 133 015 1901 139 010 130 021 1902 0000 0063 0064 1912 0062 1939 072 067 1908 069 0016 10166 10173 1914 10166 2000 0050 0053 1922 0050 1949 0056 0056 1959 0054 1901 0067 0076 0083 0089 0095 0097 0104 0138 //// 10206 ///// ///// ////
000000000000000000000000000000000000000000000000000000000000000000000000000000000000000000000000000000000000000000000000=
58017 341500 1160800 00410 00420 4
20100323200000 004 007 036 007 102 018 1915 355 008 091 026 1913 0000 0066 0068 1918 0066 2000 070 066 1927 068 0015 10155 10157 1902 10152 1910 0050 0056 1915 0049 1953 0056 0057 1905 0056 1947 0074 0084 0091 0095 0098 0096 0102 0128 //// 10207 ///// ///// ////
000000000000000000000000000000000000000000000000000000000000000000000000000000000000000000000000000000000000000000000000=
58001 342600 1150600 00563 00569 4
20100323200000 000 000 225 001 149 009 1917 164 000 164 014 1911 0000 0073 0075 1902 0073 1941 068 067 1901 069 0018 10139 10142 1906 10137 1918 0060 0066 1901 0059 1957 0063 0064 1903 0063 1956 0073 0080 0086 0089 0090 0087 0093 0126 //// 10209 ///// ///// ////
000000000000000000000000000000000000000000000000000000000000000000000000000000000000000000000000000000000000000000000000=
58005 342700 1154000 00501 00511 4
20100323200000 104 008 108 008 116 014 1929 105 008 147 021 1902 0000 0069 0072 1902 0069 2000 058 055 1902 058 -008 10146 10149 1901 10142 1928 0045 0058 1904 0045 2000 0058 0058 1919 0057 1939 0074 0085 0089 0094 0097 0096 0102 0132 0001 10209 ///// ///// ////
000000000000000000000000000000000000000000000000000000000000000000000000000000000000000000000000000000000000000000000000
140 010 000 /// //// /////////////////////ASR /// //// 6///1 0//// 7//// 1//// 2//// 3//// /// /// /// // 911// 915// 919// 934// 939//=
58008 342800 1152000 00544 00592 4
20100323200000 000 000 000 000 183 010 1905 350 000 158 021 1904 0000 0073 0076 1904 0073 2000 063 060 1929 064 0007 10137 10139 1912 10133 1923 0052 0058 1906 0052 1959 0060 0063 1907 0060 2000 0069 0078 0084 0089 0094 0093 0097 0129 //// 10210 ///// ///// ////
000000000000000000000000000000000000000000000000000000000000000000000000000000000000000000000000000000000000000000000000=
58004 343900 1150900 00606 00616 4
20100323200000 000 000 213 003 194 015 1905 232 002 195 022 1902 0000 0076 0079 1902 0076 2000 066 064 1929 069 0017 10134 10135 1902 10132 1924 0059 0070 1904 0058 1952 0066 0066 1903 0065 1926 0079 0092 0095 0098 0101 0098 0101 0127 //// 10210 ///// ///// ////
000000000000000000000000000000000000000000000000000000000000000000000000000000000000000000000000000000000000000000000000=
54817 355900 1155200 00421 00434 4
20100323200000 153 007 153 006 130 008 1942 153 009 150 011 1949 0000 0051 0060 1917 0051 2000 072 067 1928 063 0005 10153 10158 1907 10152 1949 0016 0042 1916 0013 1956 0026 0039 1901 0026 2000 0055 0071 0080 0082 0082 0075 0087 0117 //// 10206 ///// ///// ////
000000000000000000000000000000000000000000000000000000000000000000000000000000000000000000000000000000000000000000000000=
54900 354200 1150100 00537 00541 4
20100323200000 232 015 234 012 224 018 1901 229 015 232 024 1905 0000 0070 0083 1901 0070 2000 064 058 1901 064 0007 10138 10141 1903 10135 1949 -005 0064 1901 -006 1959 0030 0054 1901 0030 2000 0071 0085 0091 0094 0087 0079 0082 0110 //// 10204 ///// ///// ////
000000000000000000000000000000000000000000000000000000000000000000000000000000000000000000000000000000000000000000000000=
54901 360500 1151000 00475 00478 4
20100323200000 192 022 193 021 193 021 2000 195 022 223 026 1931 0000 0059 0060 1948 0052 1901 061 061 1950 057 -010 10142 10148 1914 10141 1942 0033 0035 1932 0026 1905 0029 0030 1901 0026 1946 0054 0071 0081 0085 0085 0077 0075 0105 //// 10201 ///// ///// ////
000000000000000000000000000000000000000000000000000000000000000000000000000000000000000000000000000000000000000000000000=
54903 355100 1152900 00457 00506 4
20100323200000 170 013 169 013 169 013 2000 195 012 187 021 1959 0000 0060 0062 1920 0059 1944 060 060 1950 056 -012 10141 10147 1902 10141 1944 0038 0040 1901 0021 1934 0026 0045 1901 0026 2000 0063 0078 0085 0088 0083 0077 0089 0114 //// 10203 ///// ///// ////
000000000000000000000000000000000000000000000000000000000000000000000000000000000000000000000000000000000000000000000000=
57184 333800 1132200 00834 00847 4
20100323200000 164 015 146 013 146 013 2000 152 014 133 021 1953 0000 0080 0083 1924 0080 2000 088 086 1927 094 0061 10106 10107 1959 10091 1940 0081 0081 1917 0078 1952 0079 0080 1919 0079 2000 0091 0101 0105 0109 0101 0101 0102 0129 //// 10210 ///// ///// ////
000000000000000000000000000000000000000000000000000000000000000000000000000000000000000000000000000000000000000000000000=
57177 332000 1133200 00898 00913 4
20100323200000 300 015 303 013 303 013 2000 298 016 282 019 1958 0000 0076 0080 1927 0076 2000 088 080 1916 092 0057 10101 10101 2000 10089 1948 0070 0072 1916 0069 1953 0076 0077 1905 0076 2000 0066 0091 0089 0104 0106 0104 0104 0121 //// 10213 ///// ///// ////
000000000000000000000000000000000000000000000000000000000000000000000000000000000000000000000000000000000000000000000000=
57075 341000 1125200 02031 02043 4
20100323200000 291 016 286 015 328 020 1903 290 015 327 023 1901 0000 0076 0079 1901 0073 1951 066 066 2000 069 0017 09966 09966 2000 09956 1926 0072 0072 2000 0064 1950 0065 0065 1901 0065 2000 0079 0090 0097 0100 0105 0102 0095 0117 //// 10215 ///// ///// ////
000000000000000000000000000000000000000000000000000000000000000000000000000000000000000000000000000000000000000000000000=
57173 334500 1125300 01457 01468 4
20100323200000 296 014 304 015 332 018 1918 282 013 359 024 1917 0000 0078 0081 1926 0077 1905 076 068 1923 080 0038 10028 10030 1946 10022 1918 0070 0075 1919 0069 1944 0070 0072 1901 0070 2000 0086 0096 0102 0104 0105 0102 0103 0133 //// 10207 ///// ///// ////
000000000000000000000000000000000000000000000000000000000000000000000000000000000000000000000000000000000000000000000000=
57180 335900 1131200 01175 01186 4
20100323200000 305 009 314 009 307 020 1911 310 010 307 026 1905 0000 0083 0083 2000 0079 1901 071 068 1953 078 0034 10063 10064 1901 10056 1934 0069 0071 1920 0066 1938 0069 0071 1901 0069 2000 0081 0092 0098 0102 0101 0098 0100 0130 //// 10208 ///// ///// ////
000000000000000000000000000000000000000000000000000000000000000000000000000000000000000000000000000000000000000000000000=
57181 335300 1130300 01364 01380 4
20100323200000 340 014 341 017 341 017 1959 353 015 338 025 1954 0000 0074 0075 1914 0071 1926 082 082 1914 084 0045 10044 10046 1952 10037 1925 0067 0069 1914 0065 1941 0069 0072 1901 0069 2000 0082 0090 0100 0105 0103 0100 0101 0129 //// 10213 ///// ///// ////
000000000000000000000000000000000000000000000000000000000000000000000000000000000000000000000000000000000000000000000000=
57171 334600 1130700 01420 01430 4
20100323200000 346 014 338 015 170 021 1901 352 012 172 022 1901 0000 0080 0085 1901 0080 2000 081 074 1925 087 0049 10031 10033 1951 10024 1932 0075 0081 1902 0075 2000 0074 0075 1926 0074 2000 0086 0094 0101 0106 0111 0113 0113 0124 //// 10206 ///// ///// ////
000000000000000000000000000000000000000000000000000000000000000000000000000000000000000000000000000000000000000000000000=
57175 330300 1121400 01914 01922 4
20100323200000 280 025 288 021 286 021 1919 313 025 271 035 1959 0000 0074 0076 1928 0070 1902 080 077 1927 082 0042 09986 09986 2000 09973 1901 0061 0063 1901 0061 1925 0068 0070 1901 0068 2000 0084 0096 0106 0112 0109 0108 0109 0138 //// 10221 ///// ///// ////
000000000000000000000000000000000000000000000000000000000000000000000000000000000000000000000000000000000000000000000000=
57156 331800 1113000 02503 02523 4
20100323200000 281 021 290 018 303 021 1946 282 038 282 038 2000 0000 0075 0075 1948 0073 1910 077 077 2000 080 0037 09912 09915 1916 09910 1954 0066 0068 1912 0066 1943 0064 0065 1901 0064 1957 0081 0090 0099 0104 0105 0112 0116 0142 //// 10219 ///// ///// ////
000000000000000000000000000000000000000000000000000000000000000000000000000000000000000000000000000000000000000000000000=
57271 323300 1122300 00879 00897 4
20100323200000 267 013 248 010 248 010 2000 268 016 268 016 2000 0000 0079 0080 1901 0077 1925 085 082 1901 091 0055 10105 10107 1933 10101 1914 0065 0067 1902 0063 1944 0075 0075 1949 0074 1918 0086 0096 0104 0110 0106 0107 0112 0139 //// 10216 ///// ///// ////
000000000000000000000000000000000000000000000000000000000000000000000000000000000000000000000000000000000000000000000000=
57261 330700 1113100 02330 02345 4
20100323200000 091 011 086 012 084 015 1947 091 011 073 017 1946 0000 0075 0076 1928 0074 1901 088 088 2000 091 0056 09923 09927 1939 09923 2000 0069 0071 1917 0069 1956 0074 0076 1905 0073 1956 0086 0096 0102 0106 0119 0123 0126 //// //// 10209 ///// ///// ////
000000000000000000000000000000000000000000000000000000000000000000000000000000000000000000000000000000000000000000000000=
57285 322300 1132500 01530 01492 4
20100323200000 274 006 258 010 278 014 1917 274 009 277 023 1916 0000 0063 0063 2000 0061 1901 085 085 1930 081 0040 10027 10032 1951 10024 1928 0058 0059 1953 0055 1901 0064 0065 1903 0064 1954 0077 0086 0093 0101 0107 0109 0109 0135 //// ///// ///// ///// ////
////////////////////////////////////////////////////////////////////////////////////////////////////////////////////////=
57273 324100 1125100 01095 01105 4
20100323200000 289 009 289 010 323 015 1918 282 004 327 027 1915 0000 0076 0076 1955 0073 1901 077 076 1951 080 0038 10079 10079 2000 10070 1926 0065 0066 1917 0064 1901 0073 0074 1936 0073 1915 0086 0096 0103 0109 0113 0112 0111 0136 //// 10215 ///// ///// ////
000000000000000000000000000000000000000000000000000000000000000000000000000000000000000000000000000000000000000000000000=
57187 330400 1125600 01180 01193 4
20100323200000 225 011 227 011 229 016 1944 206 009 200 020 1935 0000 0073 0074 1949 0070 1901 083 083 2000 085 0046 10058 10058 2000 10050 1929 0068 0069 1943 0066 1901 0075 0076 1904 0075 1946 0086 0092 0103 0108 0115 0111 0108 0132 //// 10205 ///// ///// ////
000000000000000000000000000000000000000000000000000000000000000000000000000000000000000000000000000000000000000000000000=
57169 330300 1115200 01591 01600 4
20100323200000 291 016 293 016 290 021 1936 296 014 293 030 1932 0000 0083 0084 1952 0074 1901 078 076 1940 085 0047 10025 10026 1955 10020 1920 0069 0081 1915 0069 2000 0072 0074 1912 0071 1935 0087 0096 0104 0109 0107 0106 0107 0133 //// 10221 ///// ///// ////
000000000000000000000000000000000000000000000000000000000000000000000000000000000000000000000000000000000000000000000000=
57176 332900 1122500 02311 02304 4
20100323200000 355 002 340 004 262 011 1917 350 001 305 017 1933 0000 0080 0080 1911 0079 1923 058 055 1948 062 0002 09933 09934 1937 09927 1901 0067 0068 1910 0065 1952 0071 0072 1906 0070 1938 0086 0096 0103 0109 0114 0113 0111 0130 //// 10213 ///// ///// ////
000000000000000000000000000000000000000000000000000000000000000000000000000000000000000000000000000000000000000000000000=
57179 331700 1130000 01604 01616 4
20100323200000 271 005 262 009 332 017 1909 271 003 007 026 1906 0000 0075 0075 2000 0074 1901 091 089 1901 094 0061 10013 10014 1956 10005 1931 0064 0066 1914 0063 1953 0074 0074 1951 0074 1914 0085 0093 0098 0102 0105 0104 0104 0132 //// 10211 ///// ///// ////
000000000000000000000000000000000000000000000000000000000000000000000000000000000000000000000000000000000000000000000000=
57274 324200 1120700 01076 01088 4
20100323200000 297 017 297 015 297 015 2000 308 016 293 022 1956 0000 0079 0080 1942 0078 1901 079 076 1941 084 0045 10086 10086 1954 10075 1932 0072 0072 2000 0071 1902 0079 0080 1902 0079 2000 0093 0100 0108 0114 0120 0118 0114 0140 //// 10220 ///// ///// ////
000000000000000000000000000000000000000000000000000000000000000000000000000000000000000000000000000000000000000000000000=
57065 343000 1121100 01949 01964 4
20100323200000 277 009 279 011 259 023 1939 288 010 277 030 1914 0000 0087 0087 1955 0086 1908 043 042 1957 048 -032 09977 09978 1948 09969 1925 0064 0066 1902 0063 1949 0067 0068 1901 0067 2000 0086 0096 0102 0106 0102 0103 0109 0138 //// 10216 ///// ///// ////
000000000000000000000000000000000000000000000000000000000000000000000000000000000000000000000000000000000000000000000000=
57074 342500 1122500 01973 01989 4
20100323200000 000 000 274 002 060 012 1910 330 001 046 020 1904 0000 0082 0086 1901 0082 1956 069 069 2000 075 0029 09974 09974 1952 09965 1908 0069 0073 1901 0068 1956 0070 0072 1901 0070 1912 0086 0096 0102 0106 0105 0103 0101 0125 //// 10216 ///// ///// ////
000000000000000000000000000000000000000000000000000000000000000000000000000000000000000000000000000000000000000000000000=
57070 344400 1120700 03640 03595 4
20100323200000 346 020 350 024 004 039 1912 347 023 009 052 1911 0000 0081 0081 1944 0078 1926 039 039 1959 042 -050 09782 09782 2000 09772 1915 0071 0073 1909 0070 1926 0058 0059 1910 0058 1959 0072 0084 0090 0093 0093 0091 0094 0122 //// 10215 ///// ///// ////
000000000000000000000000000000000000000000000000000000000000000000000000000000000000000000000000000000000000000000000000=
57162 340900 1120500 03258 03275 4
20100323200000 102 002 194 004 187 012 1903 307 000 184 015 1902 0000 0074 0075 1901 0074 2000 065 064 1909 067 0013 09817 09819 1936 09809 1907 0058 0064 1941 0058 1956 0061 0061 1912 0060 1940 0075 0085 0092 0097 0097 0097 0100 0132 //// 10214 ///// ///// ////
000000000000000000000000000000000000000000000000000000000000000000000000000000000000000000000000000000000000000000000000=
57078 340900 1122800 03365 03340 4
20100323200000 209 012 188 006 264 012 1941 203 016 203 016 2000 0000 0072 0076 1903 0072 1958 066 063 1901 067 0013 09808 09809 1948 09801 1918 0058 0061 1902 0055 1929 0055 0057 1902 0055 2000 0069 0079 0087 0093 0098 0098 0096 0118 //// 10212 ///// ///// ////
000000000000000000000000000000000000000000000000000000000000000000000000000000000000000000000000000000000000000000000000=
57071 344900 1122600 03333 03332 4
20100323200000 294 012 296 013 302 024 1943 299 014 302 036 1938 0000 0081 0081 1952 0078 1902 036 035 1959 039 -061 09811 09813 1951 09806 1921 0061 0068 1946 0060 1906 0053 0055 1901 0053 1958 0072 0082 0089 0093 0091 0088 0090 0119 //// 10213 ///// ///// ////
000000000000000000000000000000000000000000000000000000000000000000000000000000000000000000000000000000000000000000000000=
57066 342300 1114000 03283 03298 4
20100323200000 026 004 342 003 298 006 1929 018 003 296 013 1920 0000 0080 0080 1936 0077 1908 054 054 1957 058 -007 09815 09819 1935 09811 1910 0058 0059 1958 0055 1903 0058 0059 1905 0058 1959 0074 0083 0090 0094 0094 0091 0089 0115 //// 10212 ///// ///// ////
000000000000000000000000000000000000000000000000000000000000000000000000000000000000000000000000000000000000000000000000=
57077 334700 1113900 07424 07388 4
20100323200000 219 026 228 026 283 026 1943 229 021 251 035 1911 0000 0043 0044 1945 0042 1901 078 077 1922 065 0008 09338 09344 1915 09338 1959 0034 0036 1942 0033 1909 0035 0036 1901 0035 2000 0046 0056 0062 0068 0084 0088 0090 0116 //// 10219 ///// ///// ////
000000000000000000000000000000000000000000000000000000000000000000000000000000000000000000000000000000000000000000000000=
57183 334800 1135500 00600 00615 4
20100323200000 000 000 000 000 246 014 1905 108 000 237 019 1905 0000 0071 0072 1920 0071 1943 090 090 2000 091 0056 10122 10132 1919 10122 2000 0064 0065 1922 0064 1950 0076 0078 1921 0076 2000 0088 0096 0102 0105 0104 0099 0096 0123 //// 10198 ///// ///// ////
000000000000000000000000000000000000000000000000000000000000000000000000000000000000000000000000000000000000000000000000=
57186 333600 1140300 00587 00598 4
20100323200000 106 007 109 007 161 016 1901 102 008 114 024 1919 0000 0078 0079 1902 0078 2000 079 079 2000 084 0044 10127 10133 1901 10127 2000 0068 0069 1901 0067 1949 0076 0077 1902 0076 1953 0088 0097 0101 0106 0106 0102 0101 0133 //// 10201 ///// ///// ////
000000000000000000000000000000000000000000000000000000000000000000000000000000000000000000000000000000000000000000000000=
57191 342900 1142900 00634 00642 4
20100323200000 131 012 142 013 148 013 1958 133 014 141 024 1953 0000 0084 0085 1901 0084 2000 069 069 2000 076 0030 10126 10133 1915 10126 2000 0076 0078 1937 0073 1917 0069 0071 1901 0069 2000 0081 0086 0090 0093 0096 0092 0094 0124 //// 10205 ///// ///// ////
000000000000000000000000000000000000000000000000000000000000000000000000000000000000000000000000000000000000000000000000=
57091 344700 1141800 00737 00748 4
20100323200000 155 017 176 023 180 030 1916 169 015 169 043 1909 0000 0089 0090 1901 0089 2000 058 056 1951 066 0011 10113 10122 1903 10113 2000 0073 0077 1916 0073 1934 0075 0077 1901 0075 2000 0089 0097 0102 0097 0102 0100 0100 0123 //// 10204 ///// ///// ////
000000000000000000000000000000000000000000000000000000000000000000000000000000000000000000000000000000000000000000000000=
53978 350500 1123800 01401 01409 4
20100323200000 225 010 224 007 220 010 1946 218 008 220 014 1943 0000 0082 0090 1901 0081 1944 057 049 1904 062 0002 10038 10038 2000 10033 1932 0059 0059 2000 0054 1935 0068 0070 1901 0068 1939 0085 0095 0100 0105 0093 0091 0096 0125 //// 10210 ///// ///// ////
000000000000000000000000000000000000000000000000000000000000000000000000000000000000000000000000000000000000000000000000=
53987 350600 1132500 00910 00918 4
20100323200000 140 007 134 007 112 008 1945 150 006 111 010 1940 0000 0080 0088 1901 0080 2000 065 055 1916 070 0018 10094 10098 1928 10092 1941 0066 0069 1901 0065 1926 0076 0077 1901 0075 1952 0088 0096 0101 0105 0100 0097 0099 0127 //// 10206 ///// ///// ////
000000000000000000000000000000000000000000000000000000000000000000000000000000000000000000000000000000000000000000000000=
57079 345700 1130200 01064 01069 4
20100323200000 251 008 292 007 044 007 1904 246 009 060 010 1925 0000 0079 0080 1901 0078 1919 063 059 1901 067 0013 10077 10077 2000 10071 1928 0064 0064 1913 0061 1951 0065 0068 1902 0065 2000 0083 0089 0095 0098 0099 0095 0094 0120 //// 10208 ///// ///// ////
000000000000000000000000000000000000000000000000000000000000000000000000000000000000000000000000000000000000000000000000=
57072 345500 1124500 01275 01285 4
20100323200000 220 009 210 009 308 014 1905 214 010 310 017 1903 0000 0074 0075 1954 0071 1923 060 057 1933 062 0002 10056 10056 2000 10049 1925 0056 0060 1901 0054 1950 0059 0061 1901 0059 1951 0075 0086 0092 0095 0090 0086 0085 0113 //// 10213 ///// ///// ////
000000000000000000000000000000000000000000000000000000000000000000000000000000000000000000000000000000000000000000000000=
53982 351400 1131600 01120 01135 4
20100323200000 236 007 224 008 280 009 1920 198 005 266 014 1907 0000 0093 0097 1921 0091 1907 044 039 1933 052 -023 10064 10069 1902 10063 1944 0065 0068 1901 0065 2000 0072 0075 1901 0072 2000 0091 0100 0106 0109 0100 0097 0099 0131 //// 10202 ///// ///// ////
000000000000000000000000000000000000000000000000000000000000000000000000000000000000000000000000000000000000000000000000=
53979 350900 1130500 01200 01211 4
20100323200000 292 009 294 009 348 013 1908 295 009 009 016 1904 0000 0090 0090 2000 0087 1914 046 044 1927 053 -020 10059 10064 1901 10058 1936 0065 0071 1914 0063 1942 0057 0061 1901 0057 1959 0085 0095 0103 0106 0098 0098 0103 0132 //// 10206 ///// ///// ////
000000000000000000000000000000000000000000000000000000000000000000000000000000000000000000000000000000000000000000000000=
53974 353700 1141100 00723 00739 4
20100323200000 206 025 202 024 202 024 2000 212 030 201 045 1958 0000 0092 0097 1901 0092 2000 055 051 1901 064 0006 10116 10119 1907 10113 1933 0077 0077 2000 0069 1920 0074 0074 2000 0071 1919 0087 0098 0103 0105 0092 0089 0096 0124 //// 10206 ///// ///// ////
000000000000000000000000000000000000000000000000000000000000000000000000000000000000000000000000000000000000000000000000=
53990 354300 1141900 00795 00805 4
20100323200000 198 032 195 032 189 036 1953 203 032 184 045 1950 0000 0079 0079 2000 0076 1917 064 062 1901 068 0015 10108 10110 1901 10103 1936 0076 0076 2000 0069 1915 0063 0063 1959 0056 1918 0083 0094 0096 0100 0093 0082 0082 0110 //// 10206 ///// ///// ////
000000000000000000000000000000000000000000000000000000000000000000000000000000000000000000000000000000000000000000000000=
53991 355600 1142100 00743 00753 4
20100323200000 200 014 202 014 164 016 1927 232 007 161 035 1925 0000 0080 0083 1901 0080 2000 057 054 1901 061 0000 10111 10114 1901 10106 1924 0068 0073 1927 0065 1937 0059 0059 2000 0056 1910 0076 0088 0090 0097 0089 0082 0086 0118 //// 10203 ///// ///// ////
000000000000000000000000000000000000000000000000000000000000000000000000000000000000000000000000000000000000000000000000=
53993 355600 1145500 00516 00524 4
20100323200000 223 012 224 013 196 016 1949 214 014 178 024 1944 0000 0069 0077 1901 0064 1946 062 055 1901 062 0001 10136 10144 1901 10134 1947 0055 0058 1912 0039 1939 0041 0041 2000 0035 1940 0062 0078 0085 0086 0085 0073 0074 0108 //// 10200 ///// ///// ////
000000000000000000000000000000000000000000000000000000000000000000000000000000000000000000000000000000000000000000000000=
53889 360400 1134900 03068 03086 4
20100323200000 171 000 189 005 283 007 1934 167 000 258 010 1929 0000 0067 0067 2000 0065 1937 049 047 1950 048 -033 09830 09830 2000 09825 1916 0051 0051 2000 0033 1917 0054 0054 1959 0047 1922 0067 0076 0083 0089 0082 0073 0087 0098 //// 10203 ///// ///// ////
000000000000000000000000000000000000000000000000000000000000000000000000000000000000000000000000000000000000000000000000=
53995 353300 1143000 00625 00645 4
20100323200000 216 014 211 015 207 016 1955 209 010 195 027 1934 0000 0074 0080 1901 0074 1951 064 061 1910 066 0010 10128 10130 1905 10124 1935 0060 0060 2000 0050 1930 0058 0061 1901 0054 1931 0083 0097 0100 0101 0091 0085 0086 0116 //// 10207 ///// ///// ////
000000000000000000000000000000000000000000000000000000000000000000000000000000000000000000000000000000000000000000000000=
NNNN
