57090 344300 1135800 00781 00802 4
20100503100000 148 021 145 025 154 033 0935 150 022 156 062 0922 0000 0291 0299 0901 0291 1000 057 055 0905 230 0197 09932 09935 0917 09932 0941 0276 0298 0901 0276 1000 0304 0343 0901 0304 1000 0296 0283 0264 0247 0203 0163 0131 0132 //// 10024 ///// ///// ////
000000000000000000000000000000000000000000000000000000000000000000000000000000000000000000000000000000000000000000000000=
57083 344300 1133900 01104 01116 4
20100503100000 121 028 133 031 131 042 0901 135 024 143 060 0944 0000 0295 0304 0901 0295 1000 056 053 0944 231 0198 09893 09893 1000 09891 0920 0283 0318 0901 0283 0956 0294 0323 0901 0294 1000 0287 0276 0258 0240 0171 0145 0129 0131 0001 10020 ///// ///// ////
000000000000000000000000000000000000000000000000000000000000000000000000000000000000000000000000000000000000000000000000
120 10- 000 /// //// //////////////////ACRCIE /// //// 6///1 0//// 7//// 1//// 2//// 3//// /// /// /// // 911// 915// 919// 934// 939//=
57086 342300 1134300 01166 01168 4
20100503100000 152 018 148 018 147 033 0931 167 013 153 061 0922 0000 0275 0291 0901 0275 1000 066 057 0901 242 0206 09894 09895 0901 09893 0933 0274 0290 0901 0274 1000 0296 0330 0901 0296 1000 0289 0274 0251 0229 0185 0146 0124 0124 //// 10028 ///// ///// ////
000000000000000000000000000000000000000000000000000000000000000000000000000000000000000000000000000000000000000000000000=
57085 343200 1132000 02599 02648 4
20100503100000 186 035 180 030 181 038 0940 198 036 195 069 0940 0000 0283 0287 0901 0283 1000 053 052 0902 204 0178 09727 09728 0959 09725 0901 0284 0296 0901 0284 1000 0281 0307 0901 0281 1000 0285 0270 0251 0228 0192 0154 0127 0129 //// 10026 ///// ///// ////
000000000000000000000000000000000000000000000000000000000000000000000000000000000000000000000000000000000000000000000000=
57081 344800 1132600 01409 01419 4
20100503100000 134 022 124 018 135 040 0914 170 033 122 077 0911 0000 0297 0302 0901 0297 1000 048 043 0902 200 0175 09858 09858 0902 09855 0911 0281 0300 0903 0281 1000 0297 0320 0901 0297 1000 0291 0279 0263 0235 0168 0146 0127 0122 //// 10019 ///// ///// ////
000000000000000000000000000000000000000000000000000000000000000000000000000000000000000000000000000000000000000000000000=
57084 343000 1130300 11784 11790 4
20100503100000 252 073 246 076 244 080 0958 237 073 245 118 0956 0000 0203 0207 0901 0203 1000 074 072 0955 176 0155 08756 08760 0906 08755 0953 0192 0202 0901 0192 1000 0228 0263 0901 0227 0959 0250 0248 0231 0208 0141 //// //// //// //// 10029 ///// ///// ////
000000000000000000000000000000000000000000000000000000000000000000000000000000000000000000000000000000000000000000000000=
57080 344400 1125800 01652 01661 4
20100503100000 202 010 225 008 163 021 0948 192 015 144 051 0943 0000 0299 0306 0901 0299 1000 039 036 0901 165 0145 09825 09826 0909 09824 0946 0257 0274 0924 0256 0954 0306 0333 0901 0306 1000 0298 0283 0259 0236 0169 0137 0121 0124 //// 10014 ///// ///// ////
000000000000000000000000000000000000000000000000000000000000000000000000000000000000000000000000000000000000000000000000=
57082 342800 1130100 04271 04284 4
20100503100000 190 031 190 024 164 025 0901 167 025 203 052 0907 0000 0275 0277 0901 0274 0959 049 049 0959 180 0158 09552 09552 0959 09550 0902 0272 0279 0901 0272 1000 0293 0316 0904 0293 1000 0293 0287 0271 0251 0181 0150 0128 //// //// 10034 ///// ///// ////
000000000000000000000000000000000000000000000000000000000000000000000000000000000000000000000000000000000000000000000000=
57295 323700 1142100 00785 00802 4
20100503100000 196 021 194 029 183 031 0922 201 019 192 058 0938 0000 0296 0305 0901 0296 1000 050 048 0941 207 0181 09952 09952 1000 09949 0909 0277 0321 0901 0277 1000 0318 0357 0901 0318 1000 0311 0285 0262 0239 0175 0151 0131 0132 //// 10044 ///// ///// ////
000000000000000000000000000000000000000000000000000000000000000000000000000000000000000000000000000000000000000000000000=
57189 330800 1135700 00646 00655 4
20100503100000 162 027 162 025 161 026 0956 133 030 156 049 0929 0000 0281 0289 0901 0281 1000 064 064 0902 243 0207 09962 09962 0959 09958 0901 0246 0256 0901 0246 1000 0306 0331 0901 0306 1000 0294 0280 0264 0245 0165 0141 0126 0128 //// 10037 ///// ///// ////
000000000000000000000000000000000000000000000000000000000000000000000000000000000000000000000000000000000000000000000000=
57194 331700 1141600 00598 00609 4
20100503100000 189 029 189 028 184 039 0934 184 026 175 064 0927 0000 0286 0295 0901 0286 1000 056 052 0914 219 0190 09969 09969 1000 09966 0904 0290 0296 0901 0278 0941 0316 0336 0901 0302 0942 0282 0271 0252 0232 0165 0140 0124 0128 //// 10039 ///// ///// ////
000000000000000000000000000000000000000000000000000000000000000000000000000000000000000000000000000000000000000000000000=
57197 330000 1142000 00489 00545 4
20100503100000 172 021 172 022 177 023 0916 158 022 164 038 0902 0000 0285 0289 0901 0285 1000 066 063 0904 257 0215 09977 09977 0953 09974 0922 0275 0290 0903 0275 1000 0315 0339 0901 0315 1000 0286 0274 0252 0231 0177 0150 0129 0129 //// 10040 ///// ///// ////
000000000000000000000000000000000000000000000000000000000000000000000000000000000000000000000000000000000000000000000000=
57294 325000 1140100 00836 00846 4
20100503100000 209 037 204 044 205 050 0950 218 026 209 083 0923 0000 0292 0301 0901 0292 1000 056 052 0906 227 0195 09940 09940 1000 09936 0914 0285 0308 0903 0285 1000 0308 0350 0902 0308 1000 0287 0269 0245 0222 0170 0150 0128 0127 //// 10036 ///// ///// ////
000000000000000000000000000000000000000000000000000000000000000000000000000000000000000000000000000000000000000000000000=
57195 333700 1143700 00466 00476 4
20100503100000 124 014 117 014 174 017 0920 164 013 094 037 0955 0000 0296 0306 0901 0296 1000 053 049 0901 220 0190 09983 09984 0901 09982 0911 0273 0306 0901 0273 1000 0312 0361 0901 0312 1000 0315 0304 0281 0256 0180 0149 0129 0141 //// 10038 ///// ///// ////
000000000000000000000000000000000000000000000000000000000000000000000000000000000000000000000000000000000000000000000000=
57193 334700 1143100 00526 00541 4
20100503100000 162 019 161 019 160 025 0917 181 014 161 053 0918 0000 0284 0294 0901 0284 1000 060 057 0906 232 0199 09977 09978 0923 09975 0913 0257 0282 0901 0257 1000 0284 0315 0901 0284 1000 0290 0281 0265 0245 0180 0149 0132 0132 //// 10039 ///// ///// ////
000000000000000000000000000000000000000000000000000000000000000000000000000000000000000000000000000000000000000000000000=
57099 340400 1145100 00526 00536 4
20100503100000 125 011 140 012 175 015 0914 071 005 149 033 0948 0000 0284 0294 0901 0284 1000 057 051 0916 220 0191 09977 09978 0901 09977 1000 0253 0279 0901 0253 1000 0287 0320 0901 0287 1000 0299 0287 0260 0233 0180 0146 0124 0132 //// 10039 ///// ///// ////
000000000000000000000000000000000000000000000000000000000000000000000000000000000000000000000000000000000000000000000000=
58104 332400 1150400 00412 00425 4
20100503100000 147 023 154 021 169 028 0917 155 019 167 045 0914 0000 0281 0292 0904 0281 1000 060 055 0915 228 0196 09995 09996 0923 09994 0901 0283 0329 0907 0283 1000 0307 0363 0901 0307 1000 0315 0302 0274 0245 0194 0152 0128 0135 //// 10044 ///// ///// ////
000000000000000000000000000000000000000000000000000000000000000000000000000000000000000000000000000000000000000000000000=
57198 333300 1143700 00463 00473 4
20100503100000 141 010 146 009 164 015 0906 201 009 172 030 0904 0000 0286 0300 0901 0286 1000 059 056 0906 231 0198 09983 09985 0901 09983 1000 0266 0310 0904 0266 1000 0317 0363 0901 0317 1000 0311 0295 0270 0245 0169 0148 0132 0139 //// 10038 ///// ///// ////
000000000000000000000000000000000000000000000000000000000000000000000000000000000000000000000000000000000000000000000000=
58101 335200 1152900 00413 00428 4
20100503100000 141 008 147 010 169 021 0901 125 008 139 035 0922 0000 0281 0298 0901 0281 1000 064 053 0901 243 0207 10000 10000 1000 09998 0919 0254 0299 0902 0254 1000 0295 0352 0901 0295 1000 0300 0277 0249 0224 0169 0143 0126 0131 //// 10049 ///// ///// ////
000000000000000000000000000000000000000000000000000000000000000000000000000000000000000000000000000000000000000000000000=
57098 340500 1142400 00583 00593 4
20100503100000 143 018 139 019 154 028 0908 143 019 159 045 0903 0000 0276 0286 0901 0276 1000 065 061 0903 240 0204 09964 09965 0904 09963 0957 0271 0296 0901 0271 0959 0262 0287 0901 0262 0959 0270 0266 0249 0231 0178 0146 0126 0130 //// 10032 ///// ///// ////
000000000000000000000000000000000000000000000000000000000000000000000000000000000000000000000000000000000000000000000000=
57190 334500 1142400 00505 00516 4
20100503100000 155 034 156 035 156 039 0923 155 030 141 053 0920 0000 0271 0282 0901 0271 1000 070 068 0901 251 0212 09975 09975 1000 09974 0902 0268 0293 0901 0268 1000 0291 0340 0901 0291 1000 0296 0283 0259 0233 0189 0151 0129 0132 //// 10035 ///// ///// ////
000000000000000000000000000000000000000000000000000000000000000000000000000000000000000000000000000000000000000000000000=
57088 340900 1133000 01161 01177 4
20100503100000 193 020 190 022 190 035 0901 181 016 205 049 0926 0000 0295 0305 0901 0295 1000 056 051 0901 231 0198 09888 09889 0903 09887 0944 0273 0293 0901 0273 1000 0306 0344 0901 0306 1000 0304 0290 0265 0242 0162 0139 0128 0131 //// 10023 ///// ///// ////
000000000000000000000000000000000000000000000000000000000000000000000000000000000000000000000000000000000000000000000000=
57182 335100 1133000 00805 00814 4
20100503100000 146 013 143 012 190 025 0902 155 013 211 036 0921 0000 0288 0303 0901 0288 1000 070 052 0901 277 0228 09930 09932 0910 09929 0945 0299 0313 0901 0299 1000 0341 0362 0901 0341 1000 0313 0293 0269 0239 0187 0154 0134 0139 //// 10023 ///// ///// ////
000000000000000000000000000000000000000000000000000000000000000000000000000000000000000000000000000000000000000000000000=
57087 341200 1134800 00877 00885 4
20100503100000 142 018 148 017 146 028 0904 141 017 145 041 0902 0000 0285 0294 0901 0285 1000 062 059 0901 241 0205 09925 09926 0901 09924 0924 0275 0302 0901 0275 1000 0300 0338 0901 0300 1000 0292 0281 0260 0237 0166 0141 0125 0128 //// 10027 ///// ///// ////
000000000000000000000000000000000000000000000000000000000000000000000000000000000000000000000000000000000000000000000000=
58301 314900 1152300 00916 00929 4
20100503100000 220 014 220 015 231 035 0904 217 013 232 052 0903 0000 0300 0315 0901 0300 1000 037 030 0901 157 0137 09947 09947 1000 09943 0905 0271 0305 0901 0271 1000 0304 0344 0901 0304 1000 0309 0298 0281 0259 0211 0172 0140 0134 //// 10053 ///// ///// ////
000000000000000000000000000000000000000000000000000000000000000000000000000000000000000000000000000000000000000000000000=
57298 321300 1143300 00554 00562 4
20100503100000 164 013 162 014 201 033 0911 172 013 195 051 0909 0000 0291 0305 0901 0291 1000 054 046 0906 218 0188 09982 09982 1000 09979 0920 0242 0259 0910 0242 1000 0305 0340 0901 0305 1000 0291 0274 0252 0230 0174 0149 0128 0138 //// 10046 ///// ///// ////
000000000000000000000000000000000000000000000000000000000000000000000000000000000000000000000000000000000000000000000000=
57390 314800 1140400 07335 07347 4
20100503100000 202 053 203 053 207 061 0933 222 032 222 132 0930 0000 0238 0246 0901 0238 1000 063 059 0901 186 0163 09242 09242 1000 09240 0902 0238 0253 0904 0238 0959 0250 0284 0901 0250 0959 0266 0256 0237 0214 0167 0136 //// //// //// 10055 ///// ///// ////
000000000000000000000000000000000000000000000000000000000000000000000000000000000000000000000000000000000000000000000000=
58208 321000 1153700 00429 00439 4
20100503100000 209 009 239 011 222 015 0901 157 007 233 016 0942 0000 0293 0328 0901 0293 1000 053 035 0903 216 0187 10001 10001 1000 09996 0902 0276 0362 0901 0276 1000 0314 0383 0901 0314 1000 0323 0313 0291 0267 0189 0164 0142 0142 //// 10052 ///// ///// ////
000000000000000000000000000000000000000000000000000000000000000000000000000000000000000000000000000000000000000000000000=
53989 350300 1135700 00766 00777 4
20100503100000 154 013 145 012 145 012 1000 156 014 185 031 0911 0000 0284 0292 0901 0284 1000 064 061 0901 248 0209 09934 09937 0901 09933 0949 0272 0290 0901 0272 1000 0294 0327 0901 0294 1000 0287 0277 0259 0239 0175 0144 0124 0126 //// 10023 ///// ///// ////
000000000000000000000000000000000000000000000000000000000000000000000000000000000000000000000000000000000000000000000000=
53997 350900 1141100 00711 00723 4
20100503100000 166 024 160 022 164 024 0936 150 025 197 050 0951 0000 0283 0288 0901 0283 1000 058 058 1000 223 0192 09943 09944 0902 09941 0951 0261 0286 0901 0261 1000 0285 0317 0901 0285 1000 0286 0275 0250 0232 0164 0141 0122 0125 //// 10026 ///// ///// ////
000000000000000000000000000000000000000000000000000000000000000000000000000000000000000000000000000000000000000000000000=
53986 351900 1135300 00732 00740 4
20100503100000 135 008 134 015 163 024 0924 161 005 184 050 0924 0000 0290 0300 0901 0290 1000 067 059 0901 268 0223 09941 09943 0916 09941 0957 0283 0308 0901 0283 1000 0286 0318 0901 0286 1000 0270 0257 0240 0225 0179 0148 0126 0130 //// 10026 ///// ///// ////
000000000000000000000000000000000000000000000000000000000000000000000000000000000000000000000000000000000000000000000000=
53985 352700 1134900 00964 00979 4
20100503100000 102 004 190 004 215 004 0939 035 003 311 010 0909 0000 0281 0285 0901 0281 1000 064 061 0917 243 0207 09912 09914 0905 09911 0943 0259 0275 0908 0259 1000 0277 0299 0901 0277 1000 0259 0251 0231 0214 0176 0143 0120 0122 //// 10024 ///// ///// ////
000000000000000000000000000000000000000000000000000000000000000000000000000000000000000000000000000000000000000000000000=
53998 351200 1143900 00616 00625 4
20100503100000 155 031 163 026 166 033 0913 167 028 175 050 0904 0000 0288 0295 0902 0288 0959 059 057 0909 234 0200 09959 09961 0904 09959 0918 0272 0299 0902 0272 1000 0296 0334 0901 0296 1000 0291 0275 0250 0227 0189 0151 0125 0130 //// 10031 ///// ///// ////
000000000000000000000000000000000000000000000000000000000000000000000000000000000000000000000000000000000000000000000000=
57051 344800 1111200 04099 04117 4
20100503100000 095 032 097 032 097 033 0959 085 020 108 065 0958 0000 0276 0279 0901 0275 0950 056 054 0901 207 0180 09541 09543 0904 09539 0936 0276 0308 0928 0276 1000 0291 0320 0932 0291 1000 0262 0249 0237 0223 0181 0138 0120 0121 //// 10003 ///// ///// ////
000000000000000000000000000000000000000000000000000000000000000000000000000000000000000000000000000000000000000000000000=
57063 344600 1114600 05236 05236 4
20100503100000 091 036 094 035 097 042 0950 085 041 094 071 0947 0000 0255 0258 0933 0255 0950 066 064 0901 215 0187 09429 09432 0904 09428 0922 0256 0265 0930 0248 0911 0275 0286 0930 0273 0913 0248 0235 0215 0196 0129 0115 0104 0111 //// 10020 ///// ///// ////
000000000000000000000000000000000000000000000000000000000000000000000000000000000000000000000000000000000000000000000000=
57067 340300 1110200 05688 05699 4
20100503100000 192 033 207 027 205 041 0936 218 029 175 069 0929 0000 0257 0266 0901 0257 1000 043 038 0901 142 0122 09379 09379 0951 09375 0902 0259 0278 0901 0259 1000 0285 0314 0901 0285 1000 0275 0258 0217 0238 0180 0156 0124 0125 //// 10019 ///// ///// ////
000000000000000000000000000000000000000000000000000000000000000000000000000000000000000000000000000000000000000000000000=
57056 343200 1105300 03904 03909 4
20100503100000 127 024 130 026 138 031 0915 113 026 170 061 0938 0000 0300 0317 0901 0300 1000 034 026 0943 144 0124 09555 09558 0946 09555 1000 0282 0366 0901 0282 1000 0318 0399 0901 0318 1000 0303 0285 0256 0235 0158 0134 0119 0121 //// 09988 ///// ///// ////
000000000000000000000000000000000000000000000000000000000000000000000000000000000000000000000000000000000000000000000000=
58007 340400 1151800 00472 00532 4
20100503100000 150 015 151 016 163 027 0909 139 019 142 045 0906 0000 0282 0293 0901 0282 1000 059 056 0906 226 0194 09985 09985 0959 09983 0918 0254 0290 0901 0254 1000 0291 0338 0901 0291 1000 0291 0274 0250 0227 0165 0142 0127 0132 //// 10046 ///// ///// ////
000000000000000000000000000000000000000000000000000000000000000000000000000000000000000000000000000000000000000000000000=
58006 342300 1155300 00463 00506 4
20100503100000 151 024 153 019 162 026 0920 142 016 136 044 0914 0000 0279 0295 0901 0279 0959 059 055 0901 222 0191 09996 09996 0956 09992 0905 0268 0313 0901 0268 1000 0294 0344 0901 0294 1000 0303 0293 0268 0240 0175 0145 0124 0128 //// 10054 ///// ///// ////
000000000000000000000000000000000000000000000000000000000000000000000000000000000000000000000000000000000000000000000000=
58111 335800 1162700 00325 00325 4
20100503100000 143 018 143 020 141 035 0942 142 016 142 065 0937 0000 0287 0303 0901 0287 1000 055 055 0956 216 0188 10020 10020 0946 10018 0912 0234 0251 0901 0234 1000 0285 0333 0901 0285 1000 0288 0278 0257 0234 0171 0145 0130 0138 //// 10057 ///// ///// ////
000000000000000000000000000000000000000000000000000000000000000000000000000000000000000000000000000000000000000000000000=
58017 341500 1160800 00410 00420 4
20100503100000 134 018 126 017 155 028 0902 153 023 153 056 0908 0000 0294 0306 0901 0294 0958 056 048 0903 230 0197 10003 10003 1000 10001 0906 0239 0256 0901 0239 1000 0281 0321 0901 0281 1000 0278 0266 0246 0226 0163 0144 0127 0129 //// 10051 ///// ///// ////
000000000000000000000000000000000000000000000000000000000000000000000000000000000000000000000000000000000000000000000000=
58001 342600 1150600 00563 00569 4
20100503100000 180 018 176 019 186 030 0916 187 020 218 055 0913 0000 0269 0281 0902 0269 1000 062 058 0925 220 0190 09974 09976 0928 09974 0905 0250 0278 0901 0250 0959 0269 0306 0901 0269 1000 0280 0269 0249 0225 0164 0135 0119 0126 //// 10040 ///// ///// ////
000000000000000000000000000000000000000000000000000000000000000000000000000000000000000000000000000000000000000000000000=
58005 342700 1154000 00501 00511 4
20100503100000 169 027 172 028 185 037 0927 178 027 166 064 0903 0000 0294 0305 0901 0294 1000 050 045 0902 205 0179 09988 09989 0919 09987 0901 0266 0302 0901 0266 1000 0290 0346 0901 0290 1000 0290 0279 0255 0230 0169 0137 0127 0133 0003 10047 ///// ///// ////
000000000000000000000000000000000000000000000000000000000000000000000000000000000000000000000000000000000000000000000000
160 010 000 /// //// //////////////////ACRCSI /// //// 6///1 0//// 7//// 1//// 2//// 3//// /// /// /// // 911// 915// 919// 934// 939//=
58008 342800 1152000 00544 00592 4
20100503100000 166 025 163 027 163 030 0955 170 035 167 053 0959 0000 0285 0296 0901 0285 1000 055 053 0901 214 0186 09974 09975 0932 09973 0919 0275 0302 0901 0275 1000 0282 0319 0901 0282 1000 0286 0275 0257 0231 0160 0140 0123 0130 //// 10042 ///// ///// ////
000000000000000000000000000000000000000000000000000000000000000000000000000000000000000000000000000000000000000000000000=
58004 343900 1150900 00606 00616 4
20100503100000 184 014 178 015 179 024 0916 203 013 164 061 0904 0000 0281 0293 0901 0281 1000 054 053 0941 205 0179 09967 09968 0921 09967 0939 0272 0301 0901 0271 0959 0291 0329 0901 0291 1000 0299 0295 0269 0247 0175 0143 0127 0129 //// 10038 ///// ///// ////
000000000000000000000000000000000000000000000000000000000000000000000000000000000000000000000000000000000000000000000000=
54817 355900 1155200 00421 00434 4
20100503100000 175 023 176 026 179 029 0905 187 021 184 050 0919 0000 0289 0298 0901 0289 1000 058 056 0903 231 0198 09986 09987 0942 09984 0901 0249 0275 0906 0249 1000 0306 0360 0901 0306 1000 0294 0275 0251 0223 0155 0124 0112 0113 //// 10036 ///// ///// ////
000000000000000000000000000000000000000000000000000000000000000000000000000000000000000000000000000000000000000000000000=
54902 355400 1150700 00495 00499 4
20100503100000 173 029 177 031 180 037 0937 161 019 181 059 0932 0000 0284 0289 0901 0283 0959 062 059 0933 240 0204 09971 09974 0911 09971 0929 0277 0300 0901 0277 1000 0296 0342 0901 0296 1000 0287 0271 0247 0222 0161 0125 0111 0115 //// 10028 ///// ///// ////
000000000000000000000000000000000000000000000000000000000000000000000000000000000000000000000000000000000000000000000000=
54900 354200 1150100 00537 00541 4
20100503100000 163 016 166 015 177 024 0901 142 017 181 037 0920 0000 0281 0295 0901 0281 1000 069 063 0902 262 0219 09970 09971 0902 09969 0925 0262 0287 0901 0262 1000 0300 0343 0901 0300 1000 0294 0277 0251 0225 0182 0138 0115 0115 //// 10032 ///// ///// ////
000000000000000000000000000000000000000000000000000000000000000000000000000000000000000000000000000000000000000000000000=
54901 360500 1151000 00475 00478 4
20100503100000 177 025 177 027 176 029 0914 167 024 175 040 0910 0000 0274 0282 0901 0274 1000 069 065 0908 252 0212 09975 09977 0914 09975 0925 0267 0284 0904 0267 1000 0291 0326 0901 0291 1000 0282 0265 0243 0220 0177 0143 0116 0115 //// 10030 ///// ///// ////
000000000000000000000000000000000000000000000000000000000000000000000000000000000000000000000000000000000000000000000000=
54903 355100 1152900 00457 00506 4
20100503100000 195 021 197 028 199 031 0935 201 020 187 056 0931 0000 0288 0296 0901 0288 1000 056 054 0902 222 0192 09975 09976 0950 09974 0901 0287 0309 0901 0287 1000 0298 0334 0901 0298 1000 0284 0269 0245 0223 0173 0137 0118 0116 //// 10033 ///// ///// ////
000000000000000000000000000000000000000000000000000000000000000000000000000000000000000000000000000000000000000000000000=
57184 333800 1132200 00834 00847 4
20100503100000 130 011 144 012 179 024 0919 114 010 201 045 0917 0000 0294 0300 0927 0294 1000 058 052 0901 238 0203 09925 09926 0901 09924 0939 0258 0274 0927 0258 1000 0318 0379 0925 0318 1000 0193 0295 0275 0251 0152 0136 0127 0133 //// 10022 ///// ///// ////
000000000000000000000000000000000000000000000000000000000000000000000000000000000000000000000000000000000000000000000000=
57177 332000 1133200 00898 00913 4
20100503100000 194 032 186 032 187 041 0934 209 027 192 068 0932 0000 0304 0310 0916 0304 1000 044 042 0932 191 0168 09923 09923 1000 09921 0901 0297 0327 0935 0297 1000 0313 0345 0918 0313 1000 0279 0287 0255 0245 0179 0151 0132 0126 //// 10027 ///// ///// ////
000000000000000000000000000000000000000000000000000000000000000000000000000000000000000000000000000000000000000000000000=
57075 341000 1125200 02031 02043 4
20100503100000 132 018 135 023 176 053 0901 158 015 172 071 0917 0000 0269 0276 0916 0269 1000 065 057 0915 230 0198 09794 09795 0915 09793 0926 0271 0278 0914 0270 0953 0287 0301 0915 0286 0956 0281 0274 0260 0242 0210 0170 0134 0126 //// 10027 ///// ///// ////
000000000000000000000000000000000000000000000000000000000000000000000000000000000000000000000000000000000000000000000000=
57173 334500 1125300 01457 01468 4
20100503100000 190 024 188 024 189 033 0940 215 019 161 051 0939 0000 0288 0293 0901 0288 1000 053 052 0901 210 0183 09855 09855 1000 09853 0902 0273 0309 0907 0273 1000 0313 0367 0909 0313 1000 0300 0287 0268 0244 0180 0151 0131 0135 //// 10022 ///// ///// ////
000000000000000000000000000000000000000000000000000000000000000000000000000000000000000000000000000000000000000000000000=
57180 335900 1131200 01175 01186 4
20100503100000       1600     1600    1600  1600   1600 000 -800 ///// ///// //// 0//// ////   1600  1600   1600  1600          /////   1600
000000000000000000000000000000000000000000000000000000000000000000000000000000000000000000000000000000000000000000000000=
57181 335300 1130300 01364 01380 4
20100503100000 179 027 178 032 183 037 0926 184 027 187 057 0925 0000 0274 0283 0902 0273 0957 063 060 0901 230 0197 09871 09872 0959 09870 0925 0251 0269 0901 0251 1000 0309 0341 0901 0309 1000 0300 0287 0266 0246 0184 0151 0130 0133 //// 10028 ///// ///// ////
000000000000000000000000000000000000000000000000000000000000000000000000000000000000000000000000000000000000000000000000=
57175 330300 1121400 01914 01922 4
20100503100000 129 022 126 025 123 027 0955 136 009 136 051 0924 0000 0268 0278 0904 0268 1000 071 067 0903 250 0211 09811 09811 0924 09809 0907 0257 0274 0903 0257 1000 0302 0330 0901 0302 1000 0294 0281 0260 0238 0172 0150 0134 0139 //// 10031 ///// ///// ////
000000000000000000000000000000000000000000000000000000000000000000000000000000000000000000000000000000000000000000000000=
57156 331800 1113000 02503 02523 4
20100503100000 098 024 104 019 091 030 0942 094 025 088 049 0929 0000 0269 0277 0901 0269 1000 060 058 0906 213 0185 09740 09741 0957 09737 0946 0251 0275 0901 0251 1000 0283 0318 0901 0283 1000 0276 0263 0247 0231 0192 0164 0139 0143 //// 10027 ///// ///// ////
000000000000000000000000000000000000000000000000000000000000000000000000000000000000000000000000000000000000000000000000=
57271 323300 1122300 00879 00897 4
20100503100000 159 024 160 030 149 035 0904 181 022 150 066 0903 0000 0278 0285 0901 0278 0958 064 064 0959 239 0204 09923 09923 1000 09920 0910 0274 0300 0901 0274 1000 0294 0335 0901 0294 1000 0287 0274 0258 0241 0177 0148 0136 0139 //// 10026 ///// ///// ////
000000000000000000000000000000000000000000000000000000000000000000000000000000000000000000000000000000000000000000000000=
57261 330700 1113100 02330 02345 4
20100503100000 249 029 251 037 245 048 0944 256 030 245 072 0936 0000 0270 0274 0901 0270 1000 064 062 0922 228 0196 09749 09751 0910 09744 0935 0270 0309 0901 0270 1000 0283 0325 0901 0283 1000 0282 0275 0262 0246 0206 0173 0149 //// //// 10016 ///// ///// ////
000000000000000000000000000000000000000000000000000000000000000000000000000000000000000000000000000000000000000000000000=
57285 322300 1132500 01530 01492 4
20100503100000 153 022 143 021 161 036 0901 173 027 153 074 0942 0000 0288 0293 0901 0288 1000 052 049 0901 206 0180 09869 09871 0950 09868 0901 0248 0262 0901 0248 1000 0297 0322 0904 0297 1000 0303 0297 0281 0260 0172 0145 0131 0135 //// ///// ///// ///// ////
////////////////////////////////////////////////////////////////////////////////////////////////////////////////////////=
57273 324100 1125100 01095 01105 4
20100503100000 162 038 157 033 163 040 0943 181 032 147 067 0919 0000 0283 0289 0902 0282 0952 053 051 0901 204 0178 09902 09902 0902 09901 0938 0278 0296 0901 0278 1000 0299 0338 0901 0299 1000 0297 0287 0266 0245 0182 0156 0136 0138 //// 10029 ///// ///// ////
000000000000000000000000000000000000000000000000000000000000000000000000000000000000000000000000000000000000000000000000=
57187 330400 1125600 01180 01193 4
20100503100000 159 029 165 032 177 055 0902 142 027 176 078 0917 0000 0284 0297 0901 0284 1000 059 051 0901 228 0196 09883 09884 0959 09880 0901 0277 0331 0901 0277 0959 0304 0375 0901 0304 1000 0297 0273 0262 0243 0193 0161 0140 0137 //// 10020 ///// ///// ////
000000000000000000000000000000000000000000000000000000000000000000000000000000000000000000000000000000000000000000000000=
57178 330200 1123500 01292 01305 4
20100503100000 166 031 169 028 155 040 0901 178 034 161 060 0922 0000 0283 0287 0901 0283 1000 055 054 0933 212 0184 09877 09878 0924 09875 0901 0277 0294 0913 0276 0959 0297 0322 0901 0297 1000 0285 0276 0258 0240 0178 0150 0134 0135 0002 10026 ///// ///// ////
000000000000000000000000000000000000000000000000000000000000000000000000000000000000000000000000000000000000000000000000
200 10- 000 /// //// //////////////////CIEACR /// //// 6///1 0//// 7//// 1//// 2//// 3//// /// /// /// // 911// 915// 919// 934// 939//=
57169 330300 1115200 01591 01600 4
20100503100000 085 027 085 023 072 027 0903 094 025 094 040 0930 0000 0265 0278 0901 0265 1000 076 074 0901 263 0219 09843 09844 0952 09841 0926 0249 0264 0903 0249 1000 0285 0335 0903 0285 1000 0281 0267 0252 0234 0195 0157 0135 0135 //// 10027 ///// ///// ////
000000000000000000000000000000000000000000000000000000000000000000000000000000000000000000000000000000000000000000000000=
57176 332900 1122500 02311 02304 4
20100503100000 205 048 203 045 203 045 1000 212 048 192 075 0954 0000 0283 0292 0901 0283 1000 053 052 0907 204 0178 09773 09773 1000 09769 0904 0285 0319 0904 0285 1000 0304 0350 0901 0304 1000 0302 0290 0273 0254 0196 0167 0141 0137 //// 10036 ///// ///// ////
000000000000000000000000000000000000000000000000000000000000000000000000000000000000000000000000000000000000000000000000=
57179 331700 1130000 01604 01616 4
20100503100000 187 023 185 027 177 049 0904 195 011 203 097 0904 0000 0287 0296 0901 0287 1000 060 054 0904 236 0202 09845 09845 0959 09842 0920 0282 0323 0901 0282 1000 0311 0359 0901 0311 1000 0296 0279 0258 0240 0183 0151 0130 0134 //// 10030 ///// ///// ////
000000000000000000000000000000000000000000000000000000000000000000000000000000000000000000000000000000000000000000000000=
57274 324200 1120700 01076 01088 4
20100503100000 147 038 140 029 147 044 0915 142 026 164 077 0908 0000 0272 0281 0901 0272 1000 064 061 0909 231 0198 09896 09896 1000 09893 0903 0273 0302 0901 0273 1000 0287 0330 0901 0287 1000 0288 0277 0265 0248 0212 0186 0151 0145 //// 10021 ///// ///// ////
000000000000000000000000000000000000000000000000000000000000000000000000000000000000000000000000000000000000000000000000=
57065 343000 1121100 01949 01964 4
20100503100000 144 039 155 029 155 029 1000 133 049 156 066 0953 0000 0296 0296 0959 0283 0922 040 040 1000 166 0146 09785 09785 0959 09783 0933 0238 0244 0908 0236 0938 0314 0322 0953 0301 0933 0291 0282 0267 0247 0178 0150 0134 0139 //// 10009 ///// ///// ////
000000000000000000000000000000000000000000000000000000000000000000000000000000000000000000000000000000000000000000000000=
57074 342500 1122500 01973 01989 4
20100503100000 145 022 147 016 154 020 0934 201 024 139 076 0941 0000 0288 0292 0901 0287 0952 053 052 0907 210 0183 09786 09786 0934 09783 0912 0280 0284 0921 0274 0940 0308 0322 0919 0302 0945 0294 0284 0263 0241 0175 0148 0129 0130 //// 10011 ///// ///// ////
000000000000000000000000000000000000000000000000000000000000000000000000000000000000000000000000000000000000000000000000=
57076 344400 1124700 01895 01901 4
20100503100000 158 043 147 031 152 039 0905 155 062 155 062 1000 0000 0291 0296 0901 0291 1000 045 044 0902 181 0160 09793 09796 0905 09793 1000 0271 0285 0903 0267 0948 0289 0317 0901 0289 1000 0277 0266 0242 0220 0168 0140 0122 0125 //// 10008 ///// ///// ////
000000000000000000000000000000000000000000000000000000000000000000000000000000000000000000000000000000000000000000000000=
57070 344400 1120700 03640 03595 4
20100503100000 030 036 035 036 043 041 0945 046 042 046 068 0938 0000 0264 0269 0901 0264 1000 068 067 0901 234 0200 09609 09610 0921 09606 0947 0271 0277 0901 0270 0932 0288 0301 0901 0286 0939 0265 0249 0231 0213 0181 0145 0123 0125 //// 10015 ///// ///// ////
000000000000000000000000000000000000000000000000000000000000000000000000000000000000000000000000000000000000000000000000=
57162 340900 1120500 03258 03275 4
20100503100000 177 011 189 010 179 016 0919 150 010 186 028 0919 0000 0288 0293 0901 0288 1000 041 040 0938 162 0142 09640 09640 1000 09637 0901 0247 0277 0901 0247 1000 0302 0342 0901 0302 1000 0295 0279 0260 0239 0168 0146 0129 0134 //// 10009 ///// ///// ////
000000000000000000000000000000000000000000000000000000000000000000000000000000000000000000000000000000000000000000000000=
57078 340900 1122800 03365 03340 4
20100503100000 152 021 147 026 144 039 0911 212 008 156 072 0905 0000 0282 0288 0901 0282 0959 045 044 0947 172 0151 09642 09642 0959 09639 0908 0284 0302 0917 0283 0956 0299 0317 0901 0298 0956 0285 0276 0258 0235 0158 0136 0125 0124 //// 10020 ///// ///// ////
000000000000000000000000000000000000000000000000000000000000000000000000000000000000000000000000000000000000000000000000=
57071 344900 1122600 03333 03332 4
20100503100000 355 031 353 032 352 037 0955 018 026 015 058 0906 0000 0260 0264 0901 0260 1000 067 065 0901 225 0194 09641 09644 0901 09641 0947 0257 0271 0901 0257 1000 0282 0305 0901 0282 1000 0274 0261 0244 0225 0192 0148 0122 0123 //// 10018 ///// ///// ////
000000000000000000000000000000000000000000000000000000000000000000000000000000000000000000000000000000000000000000000000=
57066 342300 1114000 03283 03298 4
20100503100000 212 002 202 001 155 006 0910 195 004 023 020 0907 0000 0270 0279 0914 0270 1000 063 059 0940 225 0194 09631 09633 0916 09631 0946 0250 0281 0910 0250 1000 0279 0313 0909 0279 1000 0247 0224 0206 0191 0161 0141 0121 0121 //// 10004 ///// ///// ////
000000000000000000000000000000000000000000000000000000000000000000000000000000000000000000000000000000000000000000000000=
57077 334700 1113900 07424 07388 4
20100503100000 096 042 117 040 150 041 0933 116 040 108 075 0926 0000 0253 0263 0918 0253 1000 045 037 0910 145 0125 09207 09210 0917 09207 0952 0244 0261 0910 0244 1000 0275 0311 0907 0275 1000 0264 0252 0232 0214 0167 0133 0114 0117 //// 10028 ///// ///// ////
000000000000000000000000000000000000000000000000000000000000000000000000000000000000000000000000000000000000000000000000=
57185 332700 1133500 00911 00921 4
20100503100000 171 028 172 030 171 034 0941 172 027 197 050 0915 0000 0294 0301 0933 0294 1000 049 047 0937 201 0176 09923 09923 1000 09920 0903 0285 0324 0931 0285 1000 0317 0361 0932 0317 1000 0296 0280 0260 0235 0186 0155 0131 0129 //// 10029 ///// ///// ////
000000000000000000000000000000000000000000000000000000000000000000000000000000000000000000000000000000000000000000000000=
57183 334800 1135500 00600 00615 4
20100503100000 166 037 168 035 168 035 1000 147 036 173 052 0934 0000 0273 0280 0901 0273 0943 066 066 0949 239 0204 09957 09958 0908 09956 0936 0272 0298 0901 0272 1000 0292 0335 0901 0292 1000 0287 0275 0255 0236 0191 0154 0129 0126 //// 10028 ///// ///// ////
000000000000000000000000000000000000000000000000000000000000000000000000000000000000000000000000000000000000000000000000=
57186 333600 1140300 00587 00598 4
20100503100000 168 048 169 043 169 045 0939 182 050 173 077 0935 0000 0293 0299 0901 0293 1000 052 052 1000 212 0184 09962 09962 1000 09960 0905 0285 0291 0906 0276 0941 0317 0339 0901 0311 0949 0298 0284 0261 0240 0191 0158 0134 0137 //// 10031 ///// ///// ////
000000000000000000000000000000000000000000000000000000000000000000000000000000000000000000000000000000000000000000000000=
57094 342400 1141300 00674 00685 4
20100503100000 167 017 171 016 179 024 0902 136 015 178 041 0901 0000 0278 0288 0901 0278 1000 065 057 0902 243 0206 09946 09949 0902 09946 1000 0276 0314 0901 0276 1000 0297 0342 0901 0297 1000 0299 0289 0271 0249 0189 0160 0131 0130 //// 10025 ///// ///// ////
000000000000000000000000000000000000000000000000000000000000000000000000000000000000000000000000000000000000000000000000=
57191 342900 1142900 00634 00642 4
20100503100000 146 026 148 021 157 025 0926 111 025 179 044 0959 0000 0287 0298 0901 0287 1000 059 052 0901 232 0199 09959 09960 0906 09958 0946 0269 0288 0901 0269 1000 0289 0318 0901 0289 1000 0288 0280 0264 0244 0179 0147 0126 0127 //// 10033 ///// ///// ////
000000000000000000000000000000000000000000000000000000000000000000000000000000000000000000000000000000000000000000000000=
57096 343200 1144700 00597 00607 4
20100503100000 165 025 166 026 172 035 0904 153 023 164 065 0901 0000 0278 0291 0901 0278 1000 060 055 0901 224 0193 09962 09964 0918 09962 1000 0267 0288 0901 0267 1000 0293 0333 0901 0293 1000 0299 0284 0254 0227 0170 0142 0126 0129 //// 10032 ///// ///// ////
000000000000000000000000000000000000000000000000000000000000000000000000000000000000000000000000000000000000000000000000=
57093 345100 1144900 00733 00740 4
20100503100000 165 020 162 024 175 036 0903 170 018 166 052 0912 0000 0285 0298 0901 0285 1000 060 054 0901 233 0200 09948 09950 0901 09948 1000 0282 0311 0901 0282 1000 0295 0341 0901 0295 1000 0295 0278 0254 0227 0180 0144 0123 0125 //// 10033 ///// ///// ////
000000000000000000000000000000000000000000000000000000000000000000000000000000000000000000000000000000000000000000000000=
57091 344700 1141800 00737 00748 4
20100503100000 185 034 179 035 193 054 0901 192 040 189 062 0922 0000 0294 0301 0901 0294 1000 047 044 0901 193 0169 09939 09942 0920 09938 0957 0272 0288 0901 0271 0957 0291 0320 0901 0291 1000 0290 0274 0252 0219 0177 0148 0125 0120 //// 10024 ///// ///// ////
000000000000000000000000000000000000000000000000000000000000000000000000000000000000000000000000000000000000000000000000=
53978 350500 1123800 01401 01409 4
20100503100000 120 022 109 025 110 038 0947 128 029 099 060 0931 0000 0274 0278 0904 0274 0959 062 060 0903 226 0195 09854 09854 1000 09852 0919 0268 0275 0902 0268 1000 0279 0301 0901 0279 1000 0266 0255 0237 0221 0154 0134 0125 0130 //// 10016 ///// ///// ////
000000000000000000000000000000000000000000000000000000000000000000000000000000000000000000000000000000000000000000000000=
53987 350600 1132500 00910 00918 4
20100503100000 070 012 082 013 155 023 0901 060 013 156 040 0904 0000 0285 0290 0901 0285 0946 062 055 0901 241 0205 09918 09918 0959 09916 0939 0287 0301 0927 0287 1000 0292 0310 0901 0292 1000 0286 0274 0257 0238 0183 0154 0135 0132 //// 10023 ///// ///// ////
000000000000000000000000000000000000000000000000000000000000000000000000000000000000000000000000000000000000000000000000=
57079 345700 1130200 01064 01069 4
20100503100000 034 017 034 018 069 022 0901 038 018 029 027 0941 0000 0282 0286 0936 0280 0901 062 059 0932 237 0202 09888 09888 1000 09887 0901 0281 0294 0924 0281 1000 0293 0316 0909 0293 1000 0265 0252 0235 0218 0186 0154 0128 0126 //// 10011 ///// ///// ////
000000000000000000000000000000000000000000000000000000000000000000000000000000000000000000000000000000000000000000000000=
57072 345500 1124500 01275 01285 4
20100503100000 029 008 017 010 064 021 0902 035 008 046 032 0901 0000 0273 0277 0901 0273 1000 068 063 0901 247 0209 09866 09867 0901 09864 0926 0265 0289 0912 0265 0959 0289 0317 0911 0289 1000 0270 0255 0234 0215 0155 0134 0117 0119 //// 10014 ///// ///// ////
000000000000000000000000000000000000000000000000000000000000000000000000000000000000000000000000000000000000000000000000=
53982 351400 1131600 01120 01135 4
20100503100000 046 019 054 020 044 028 0901 071 011 012 048 0905 0000 0289 0290 0901 0289 1000 053 051 0928 211 0184 09890 09891 0954 09888 0913 0265 0273 0905 0265 1000 0299 0321 0901 0299 1000 0281 0268 0249 0232 0183 0152 0132 0136 //// 10019 ///// ///// ////
000000000000000000000000000000000000000000000000000000000000000000000000000000000000000000000000000000000000000000000000=
53979 350900 1130500 01200 01211 4
20100503100000 064 024 069 028 059 036 0927 068 022 070 056 0917 0000 0281 0283 0936 0281 1000 057 056 0933 217 0188 09881 09881 1000 09879 0912 0277 0294 0901 0277 1000 0295 0331 0901 0295 1000 0286 0271 0254 0234 0163 0145 0129 0133 //// 10020 ///// ///// ////
000000000000000000000000000000000000000000000000000000000000000000000000000000000000000000000000000000000000000000000000=
53992 353900 1143100 00582 00592 4
20100503100000 157 024 156 027 157 028 0958 159 024 147 045 0924 0000 0279 0287 0901 0279 1000 067 063 0901 252 0212 09955 09958 0901 09955 1000 0260 0277 0901 0260 1000 0279 0315 0901 0279 1000 0282 0269 0254 0233 0161 0135 0117 0122 //// 10023 ///// ///// ////
000000000000000000000000000000000000000000000000000000000000000000000000000000000000000000000000000000000000000000000000=
53974 353700 1141100 00723 00739 4
20100503100000 166 016 151 017 147 020 0923 184 013 150 033 0920 0000 0287 0292 0902 0287 1000 062 058 0901 244 0207 09942 09945 0902 09941 0958 0277 0289 0903 0277 1000 0300 0326 0901 0300 1000 0294 0282 0262 0242 0179 0146 0125 0129 //// 10027 ///// ///// ////
000000000000000000000000000000000000000000000000000000000000000000000000000000000000000000000000000000000000000000000000=
53990 354300 1141900 00795 00805 4
20100503100000 158 020 158 019 153 029 0906 159 021 147 037 0905 0000 0265 0273 0901 0265 1000 078 073 0901 270 0224 09932 09935 0901 09932 1000 0272 0291 0901 0272 1000 0294 0326 0901 0294 1000 0289 0276 0251 0233 0192 0150 0119 0116 //// 10025 ///// ///// ////
000000000000000000000000000000000000000000000000000000000000000000000000000000000000000000000000000000000000000000000000=
53991 355600 1142100 00743 00753 4
20100503100000 154 025 153 023 153 023 1000 150 018 156 036 0953 0000 0278 0282 0901 0278 1000 065 062 0901 243 0206 09940 09944 0913 09940 1000 0271 0288 0901 0271 1000 0289 0323 0901 0289 1000 0281 0268 0243 0227 0173 0142 0121 0123 //// 10026 ///// ///// ////
000000000000000000000000000000000000000000000000000000000000000000000000000000000000000000000000000000000000000000000000=
53889 360400 1134900 03068 03086 4
20100503100000 236 011 227 015 214 024 0947 230 009 199 041 0925 0000 0270 0274 0901 0270 1000 057 055 0925 203 0178 09677 09677 1000 09674 0914 0261 0270 0901 0260 0958 0279 0303 0901 0279 1000 0279 0274 0268 0258 0164 0131 0122 0108 //// 10027 ///// ///// ////
000000000000000000000000000000000000000000000000000000000000000000000000000000000000000000000000000000000000000000000000=
53995 353300 1143000 00625 00645 4
20100503100000 147 025 149 021 159 033 0907 147 018 164 049 0903 0000 0270 0279 0901 0270 0958 070 066 0906 250 0211 09952 09955 0929 09952 0958 0275 0294 0901 0275 1000 0302 0339 0901 0302 1000 0311 0301 0279 0255 0189 0151 0124 0123 //// 10026 ///// ///// ////
000000000000000000000000000000000000000000000000000000000000000000000000000000000000000000000000000000000000000000000000=
NNNN
