57193 334700 1143100 1
20100502000000 00 00 00 00 00 00 04 10 10 10 10 10 10 10 10 10 09 00 00 00 00 00 00 00 103=
58100 333900 1151000 1
20100502000000 00 00 00 00 00 00 04 10 10 10 10 10 10 10 10 10 10 08 00 00 00 00 00 00 112=
57088 340900 1133000 1
20100502000000 00 00 00 00 00 00 00 09 10 10 10 10 10 10 10 10 10 07 00 00 00 00 00 00 106=
57095 340700 1140900 1
20100502000000 00 00 00 00 00 00 04 10 10 10 10 10 10 10 10 10 10 09 00 00 00 00 00 00 113=
53994 352300 1140400 1
20100502000000 00 00 00 00 00 00 08 10 10 10 10 10 10 10 10 10 10 02 00 00 00 00 00 00 110=
54817 355900 1155200 1
20100502000000 00 00 00 00 00 00 06 10 10 10 10 10 10 10 10 10 10 07 00 00 00 00 00 00 113=
54900 354200 1150100 1
20100502000000 00 00 00 00 00 00 03 10 10 10 10 10 10 10 10 10 10 09 00 00 00 00 00 00 112=
57075 341000 1125200 1
20100502000000 00 00 00 00 00 00 00 00 06 10 10 10 10 10 10 10 10 05 00 00 00 00 00 00 091=
57071 344900 1122600 1
20100502000000 00 00 00 00 00 00 03 10 10 10 10 10 10 10 10 10 10 09 00 00 00 00 00 00 112=
53978 350500 1123800 1
20100502000000 00 00 00 00 00 00 10 10 10 10 10 10 10 10 10 10 10 04 00 00 00 00 00 00 114=
57079 345700 1130200 1
20100502000000 00 00 00 00 00 00 08 10 10 10 10 10 10 10 10 10 06 00 00 00 00 00 00 00 104=
53972 350700 1125500 1
20100502000000 00 00 00 00 00 00 07 10 10 10 10 10 10 10 10 10 04 00 00 00 00 00 00 00 101=
53993 355600 1145500 1
20100502000000 00 00 00 00 00 00 05 10 10 10 10 10 10 10 10 10 10 03 00 00 00 00 00 00 108=
NNNN
