57290 330000 1140100 00827 00838 4
20100501220000 214 006 198 006 237 007 2101 220 003 181 018 2154 0000 0175 0190 2101 0173 2144 087 080 2101 174 0153 09991 09991 2200 09986 2118 0129 0129 2200 0122 2117 0157 0157 2200 0153 2136 0177 0192 0198 0202 0170 0146 0131 0135 //// 10088 ///// ///// ////
000000000000000000000000000000000000000000000000000000000000000000000000000000000000000000000000000000000000000000000000=
57188 332200 1140200 00559 00568 4
20100501220000 156 014 157 011 152 019 2121 161 019 128 030 2120 0000 0166 0170 2128 0162 2101 083 082 2142 157 0137 10018 10018 2200 10013 2105 0127 0127 2200 0115 2101 0146 0146 2200 0135 2101 0177 0186 0198 0197 0146 0132 0124 0134 //// 10084 ///// ///// ////
000000000000000000000000000000000000000000000000000000000000000000000000000000000000000000000000000000000000000000000000=
57293 324400 1145900 00380 00391 4
20100501220000 188 020 191 018 191 018 2145 200 020 217 029 2143 0000 0156 0156 2200 0153 2108 095 095 2200 168 0148 10050 10050 2200 10047 2101 0142 0142 2200 0127 2117 0153 0153 2200 0148 2128 0177 0192 0200 0201 0183 0156 0136 0136 //// 10096 ///// ///// ////
000000000000000000000000000000000000000000000000000000000000000000000000000000000000000000000000000000000000000000000000=
57281 324200 1131800 01422 01431 4
20100501220000 240 002 268 002 108 015 2105 167 008 113 019 2105 0000 0157 0164 2120 0157 2154 090 089 2146 160 0141 09928 09929 2158 09924 2102 0137 0144 2121 0133 2111 0150 0150 2200 0149 2113 0174 0186 0194 0196 0162 0138 0129 0134 //// 10094 ///// ///// ////
000000000000000000000000000000000000000000000000000000000000000000000000000000000000000000000000000000000000000000000000=
57192 334400 1145100 00455 00466 4
20100501220000 233 010 209 013 204 016 2108 262 008 217 031 2104 0000 0189 0189 2200 0188 2119 084 083 2109 183 0161 10032 10032 2200 10028 2101 0162 0163 2159 0154 2136 0162 0162 2200 0159 2136 0177 0192 0200 0199 0171 0148 0134 0140 //// 10086 ///// ///// ////
000000000000000000000000000000000000000000000000000000000000000000000000000000000000000000000000000000000000000000000000=
58100 333900 1151000 00414 00424 4
20100501220000 222 013 221 014 231 021 2144 192 021 260 033 2124 0000 0189 0194 2101 0189 2200 085 082 2101 186 0163 10038 10038 2200 10034 2101 0186 0186 2157 0178 2128 0164 0164 2200 0155 2128 0181 0195 0205 0209 0181 0153 0138 0141 //// 10087 ///// ///// ////
000000000000000000000000000000000000000000000000000000000000000000000000000000000000000000000000000000000000000000000000=
57095 340700 1140900 00611 00622 4
20100501220000 163 016 177 016 214 017 2101 175 014 184 028 2156 0000 0178 0184 2101 0177 2126 088 085 2101 179 0158 10004 10004 2200 10002 2103 0142 0142 2200 0127 2127 0152 0152 2200 0146 2129 0167 0168 0187 0190 0162 0140 0126 0129 //// 10076 ///// ///// ////
000000000000000000000000000000000000000000000000000000000000000000000000000000000000000000000000000000000000000000000000=
57089 340200 1135200 00668 00681 4
20100501220000 211 026 206 023 206 023 2200 218 018 220 041 2159 0000 0195 0195 2200 0192 2135 078 077 2101 177 0156 09998 09998 2159 09995 2101 0177 0178 2157 0165 2105 0169 0169 2200 0163 2131 0175 0183 0189 0189 0160 0137 0127 0132 //// 10077 ///// ///// ////
000000000000000000000000000000000000000000000000000000000000000000000000000000000000000000000000000000000000000000000000=
57297 320800 1140300 01145 01154 4
20100501220000 204 075 200 067 200 072 2152 184 074 212 123 2157 0000 0233 0233 2200 0230 2107 067 066 2137 192 0168 09961 09961 2200 09956 2105 0218 0218 2200 0207 2107 0204 0204 2200 0196 2127 0205 0210 0214 0213 0184 0159 0141 //// //// 10093 ///// ///// ////
000000000000000000000000000000000000000000000000000000000000000000000000000000000000000000000000000000000000000000000000=
57296 322100 1144400 00489 00501 4
20100501220000 214 026 212 028 215 032 2141 211 040 211 049 2155 0000 0198 0199 2145 0193 2101 082 082 2200 189 0166 10040 10040 2200 10036 2101 0184 0184 2200 0173 2110 0172 0172 2159 0161 2107 0186 0198 0204 0204 0183 0154 0136 0133 //// 10098 ///// ///// ////
000000000000000000000000000000000000000000000000000000000000000000000000000000000000000000000000000000000000000000000000=
57396 313800 1145100 01287 01297 4
20100501220000 209 042 207 040 204 044 2132 200 041 203 055 2132 0000 0199 0203 2101 0198 2152 075 074 2101 174 0153 09960 09960 2200 09957 2101 0192 0192 2200 0184 2118 0172 0172 2200 0167 2121 0183 0194 0201 0200 0189 0155 //// //// //// 10110 ///// ///// ////
000000000000000000000000000000000000000000000000000000000000000000000000000000000000000000000000000000000000000000000000=
57390 314800 1140400 07335 07347 4
20100501220000 210 084 214 084 214 084 2200 209 057 211 162 2154 0000 0178 0183 2117 0176 2151 087 082 2115 177 0156 09283 09284 2152 09281 2103 0174 0174 2157 0168 2106 0155 0155 2157 0149 2121 0165 0169 0175 0176 0157 0129 //// //// //// 10107 ///// ///// ////
000000000000000000000000000000000000000000000000000000000000000000000000000000000000000000000000000000000000000000000000=
58207 321000 1150300 00428 00440 4
20100501220000 205 024 200 023 200 024 2144 194 026 195 041 2140 0000 0202 0202 2200 0193 2115 078 077 2101 185 0162 10049 10049 2200 10044 2106 0172 0172 2200 0147 2116 0179 0183 2101 0179 2159 0164 0188 0190 0189 0158 0143 0133 0139 //// 10100 ///// ///// ////
000000000000000000000000000000000000000000000000000000000000000000000000000000000000000000000000000000000000000000000000=
58205 322800 1152600 00349 00360 4
20100501220000 222 016 226 016 224 019 2145 231 012 240 033 2140 0000 0213 0213 2200 0208 2119 074 073 2156 187 0165 10056 10056 2200 10053 2101 0207 0207 2158 0194 2135 0173 0173 2200 0168 2135 0177 0181 0187 0189 0173 0153 0137 0126 //// 10098 ///// ///// ////
000000000000000000000000000000000000000000000000000000000000000000000000000000000000000000000000000000000000000000000000=
57299 320100 1145400 00494 00506 4
20100501220000 174 020 183 018 185 021 2137 164 018 169 032 2134 0000 0199 0199 2200 0191 2101 081 081 2200 188 0165 10040 10041 2146 10037 2101 0163 0164 2158 0136 2108 0163 0163 2200 0151 2111 0171 0179 0187 0192 0188 0153 0134 0132 //// 10099 ///// ///// ////
000000000000000000000000000000000000000000000000000000000000000000000000000000000000000000000000000000000000000000000000=
53997 350900 1141100 00711 00723 4
20100501220000 195 031 199 026 199 026 2200 194 041 194 041 2200 0000 0176 0179 2101 0174 2155 088 085 2101 177 0156 09980 09981 2150 09976 2131 0149 0149 2102 0145 2127 0155 0155 2200 0149 2125 0169 0179 0180 0186 0152 0134 0121 0125 //// 10064 ///// ///// ////
000000000000000000000000000000000000000000000000000000000000000000000000000000000000000000000000000000000000000000000000=
53994 352300 1140400 00700 00712 4
20100501220000 254 010 253 012 251 014 2148 271 012 237 022 2109 0000 0163 0167 2116 0163 2200 092 092 2200 170 0150 09979 09979 2200 09976 2137 0133 0136 2158 0108 2135 0127 0127 2200 0113 2134 0151 0169 0180 0182 0153 0131 0121 0129 //// 10061 ///// ///// ////
000000000000000000000000000000000000000000000000000000000000000000000000000000000000000000000000000000000000000000000000=
53985 352700 1134900 00964 00979 4
20100501220000 287 007 288 007 287 008 2143 305 011 299 019 2142 0000 0178 0178 2200 0171 2131 085 085 2200 173 0152 09950 09950 2200 09948 2126 0149 0150 2159 0135 2114 0152 0152 2200 0143 2137 0170 0180 0184 0183 0163 0135 0118 0122 //// 10063 ///// ///// ////
000000000000000000000000000000000000000000000000000000000000000000000000000000000000000000000000000000000000000000000000=
53983 350200 1142500 00696 00708 4
20100501220000 200 025 202 026 192 027 2141 203 021 172 038 2140 0000 0175 0175 2200 0160 2121 094 094 2200 188 0165 09983 09985 2101 09981 2136 0161 0161 2200 0113 2109 0150 0150 2200 0125 2108 0155 0169 0177 0182 0141 0127 0117 0126 //// 10065 ///// ///// ////
000000000000000000000000000000000000000000000000000000000000000000000000000000000000000000000000000000000000000000000000=
57171 334600 1130700 01420 01430 4
20100501220000 172 029 173 029 178 033 2143 172 030 200 039 2108 0000 0208 0212 2101 0208 2200 082 079 2101 201 0176 09906 09906 2200 09904 2101 0199 0202 2111 0198 2108 0189 0191 2152 0187 2108 0183 0191 0194 0194 0189 0163 0141 0137 //// 10070 ///// ///// ////
000000000000000000000000000000000000000000000000000000000000000000000000000000000000000000000000000000000000000000000000=
57185 332700 1133500 00911 00921 4
20100501220000 011 009 356 009 209 027 2113 015 009 214 046 2113 0000 0148 0182 2125 0148 2200 080 076 2145 135 0114 09972 09972 2200 09968 2101 0140 0148 2121 0131 2104 0146 0148 2137 0141 2101 0179 0188 0197 0192 0176 0149 0129 0128 //// 10079 ///// ///// ////
000000000000000000000000000000000000000000000000000000000000000000000000000000000000000000000000000000000000000000000000=
53972 350700 1125500 01196 01210 4
20100501220000 308 000 286 005 288 011 2124 310 004 313 017 2120 0000 0172 0175 2124 0172 2200 067 067 2200 131 0110 09927 09928 2122 09926 2101 0118 0118 2200 0112 2111 0139 0139 2200 0134 2113 0169 0181 0190 0192 0164 0144 0133 0138 //// 10066 ///// ///// ////
000000000000000000000000000000000000000000000000000000000000000000000000000000000000000000000000000000000000000000000000=
53898 360300 1142400 00629 00638 4
20100501220000 155 009 159 010 182 014 2101 175 010 167 025 2101 0000 0162 0164 2105 0160 2140 095 093 2101 175 0154 09970 09971 2119 09969 2131 0120 0120 2200 0097 2131 0135 0135 2200 0128 2131 0166 0177 0182 0182 0138 0121 0112 0119 //// 10044 ///// ///// ////
000000000000000000000000000000000000000000000000000000000000000000000000000000000000000000000000000000000000000000000000=
NNNN
