57090 344300 1135800 00781 00802 4
20100326000000 166 018 173 015 159 019 2339 170 019 150 035 2334 0000 0040 0040 0000 0017 2301 072 072 0000 059 -006 10155 10155 2349 10152 2301 0097 0097 0000 -015 2301 0065 0065 0000 0000 2301 0045 0063 0077 0089 0097 0094 0088 0120 //// 10255 ///// ///// ////
000000000000000000000000000000000000000000000000000000000000000000000000000000000000000000000000000000000000000000000000
120 000 000 000 //// //////////////////////// /// 0000 6///1 05500 7//// 10122 20013 31016 /// /// /// // 911// 915// 919// 934// 939//=
57083 344300 1133900 01104 01116 4
20100326000000 PPC 001 PPC 002 349 006 2301 PPC 000 084 009 2317 0000 0062 0062 0000 0020 2301 054 054 0000 051 -024 10114 10115 2357 10111 2331 0115 0115 0000 -036 2301 0076 0076 0000 -001 2301 0048 0060 0076 0090 0098 0099 0104 0126 0005 10252 ///// ///// ////
000000000000000000000000000000000000000000000000000000000000000000000000000000000000000000000000000000000000000000000000
100 000 000 000 //// //////////////////////// /// 0000 6///1 05500 7//// 1//// 2//// 31020 /// 000 000 // 911// 915// 919// 934// 939//=
57086 342300 1134300 01166 01168 4
20100326000000 180 017 180 019 166 022 2343 161 029 187 039 2354 0000 0035 0035 0000 0016 2301 072 072 0000 056 -011 10110 10113 2321 10110 0000 0143 0143 0000 0024 2301 0055 0055 0000 0004 2301 0040 0057 0076 0090 0097 0095 0095 0116 //// 10256 ///// ///// ////
000000000000000000000000000000000000000000000000000000000000000000000000000000000000000000000000000000000000000000000000
070 000 000 000 //// //////////////////////// /// 1000 6///1 05455 7//// 10130 20010 31011 /// /// /// // 911// 915// 919// 934// 939//=
57085 343200 1132000 02599 02648 4
20100326000000 320 009 309 009 331 029 2309 341 010 333 038 2309 0000 0053 0053 0000 0034 2301 053 053 0000 047 -035 09926 09928 2340 09926 2348 0108 0108 0000 0030 2301 0066 0066 0000 0001 2301 0041 0060 0077 0088 0099 0098 0095 0121 //// 10251 ///// ///// ////
000000000000000000000000000000000000000000000000000000000000000000000000000000000000000000000000000000000000000000000000
120 000 000 000 //// //////////////////////// /// 0000 6///1 05553 7//// 10130 20020 31015 /// /// /// // 911// 915// 919// 934// 939//=
57081 344800 1132600 01409 01419 4
20100326000000 324 003 315 004 292 012 2322 248 004 302 029 2304 0000 0044 0044 0000 0027 2304 057 053 2301 048 -034 10074 10079 2307 10074 2358 0118 0118 0000 0000 2301 0081 0081 0000 0002 2301 0041 0056 0075 0087 0089 0094 0097 0117 //// 10249 ///// ///// ////
000000000000000000000000000000000000000000000000000000000000000000000000000000000000000000000000000000000000000000000000
100 000 000 000 //// //////////////////////// /// 0000 6///1 05554 7//// 10142 20014 31023 /// /// /// // 911// 915// 919// 934// 939//=
57080 344400 1125800 01652 01661 4
20100326000000 271 010 293 011 293 011 0000 251 019 251 019 0000 0000 0033 0033 0000 0015 2310 048 047 2354 037 -067 10048 10049 2302 10044 2319 0093 0097 2348 -015 2301 0058 0058 0000 -013 2301 0039 0060 0079 0090 0088 0089 0090 0119 //// 10254 ///// ///// ////
000000000000000000000000000000000000000000000000000000000000000000000000000000000000000000000000000000000000000000000000
150 000 000 000 //// //////////////////////// /// 0000 6///1 05555 7//// 10145 21006 31031 /// /// /// // 911// 915// 919// 934// 939//=
57082 342800 1130100 04271 04284 4
20100326000000 094 007 103 011 325 016 2314 105 007 322 027 2308 0000 0045 0045 0000 0015 2301 052 051 2346 044 -045 09732 09732 0000 09730 2321 0098 0098 0000 0015 2301 0053 0053 0000 -005 2301 0036 0053 0070 0083 0093 0097 0101 //// //// 10253 ///// ///// ////
000000000000000000000000000000000000000000000000000000000000000000000000000000000000000000000000000000000000000000000000
250 000 000 000 //// /////////////////////CII 001 0000 6///1 05551 7//// 10120 20003 31020 /// /// /// // 911// 915// 919// 934// 939//=
57295 323700 1142100 00785 00802 4
20100326000000 198 015 203 017 208 020 2302 226 022 201 040 2345 0000 0058 0058 0000 0039 2301 059 059 0000 054 -016 10166 10169 2309 10166 0000 0076 0076 0000 0001 2301 0075 0075 0000 0017 2301 0052 0056 0068 0081 0096 0099 0104 0128 //// 10266 ///// ///// ////
000000000000000000000000000000000000000000000000000000000000000000000000000000000000000000000000000000000000000000000000
200 000 000 000 //// //////////////////////// /// 0000 6///1 05151 7//// 10123 20035 30007 /// /// /// // 911// 915// 919// 934// 939//=
57189 330800 1135700 00646 00655 4
20100326000000 182 010 171 009 150 016 2303 192 004 147 019 2303 0000 0044 0044 0000 0005 2301 076 076 2358 064 0005 10179 10181 2318 10179 2345 0103 0103 0000 -006 2301 0073 0073 0000 0007 2301 0037 0047 0060 0072 0090 0096 0100 0122 //// 10261 ///// ///// ////
000000000000000000000000000000000000000000000000000000000000000000000000000000000000000000000000000000000000000000000000=
57194 331700 1141600 00598 00609 4
20100326000000 198 042 200 041 200 041 2341 220 049 195 059 2338 0000 0064 0064 0000 0038 2302 064 064 2356 061 0001 10183 10187 2320 10182 2340 0095 0095 2359 0036 2301 0067 0067 0000 0018 2301 0049 0060 0072 0081 0094 0095 0099 0126 //// 10259 ///// ///// ////
000000000000000000000000000000000000000000000000000000000000000000000000000000000000000000000000000000000000000000000000=
57197 330000 1142000 00489 00545 4
20100326000000 172 031 171 030 171 030 0000 173 032 161 044 2357 0000 0048 0048 0000 0026 2301 079 079 0000 068 0015 10194 10197 2303 10194 2358 0059 0059 0000 -008 2301 0076 0076 0000 0012 2301 0039 0045 0059 0069 0096 0100 0102 0125 //// 10262 ///// ///// ////
000000000000000000000000000000000000000000000000000000000000000000000000000000000000000000000000000000000000000000000000
140 000 000 000 //// //////////////////////// /// 0000 6///1 05254 7//// 10124 20018 31006 /// /// /// // 911// 915// 919// 934// 939//=
57294 325000 1140100 00836 00846 4
20100326000000 204 030 204 031 202 032 2356 206 040 234 055 2316 0000 0068 0068 0000 0043 2301 060 060 0000 059 -004 10152 10155 2316 10152 0000 0105 0105 0000 0047 2301 0068 0068 0000 0015 2301 0039 0050 0067 0080 0094 0105 0103 0119 //// 10257 ///// ///// ////
000000000000000000000000000000000000000000000000000000000000000000000000000000000000000000000000000000000000000000000000=
57195 333700 1143700 00466 00476 4
20100326000000 232 022 233 021 233 021 0000 276 032 164 036 2346 0000 0052 0052 0000 0039 2301 062 062 0000 055 -015 10205 10206 2356 10201 2330 0081 0082 2359 0027 2302 0068 0068 0000 0009 2301 0039 0052 0072 0086 0100 0099 0103 0141 //// 10264 ///// ///// ////
000000000000000000000000000000000000000000000000000000000000000000000000000000000000000000000000000000000000000000000000=
57193 334700 1143100 00526 00541 4
20100326000000 205 013 202 014 174 020 2338 212 013 170 035 2332 0000 0056 0056 0000 0035 2301 063 063 2359 057 -009 10197 10197 2303 10193 2324 0094 0094 0000 0023 2301 0068 0068 0000 0013 2301 0047 0055 0070 0082 0101 0102 0106 0131 //// 10265 ///// ///// ////
000000000000000000000000000000000000000000000000000000000000000000000000000000000000000000000000000000000000000000000000
120 000 000 000 //// //////////////////////// /// 0000 6///1 05200 7//// 1//// 2//// 31004 /// 000 000 // 911// 915// 919// 934// 939//=
58101 335200 1152900 00413 00428 4
20100326000000 200 031 196 033 196 036 2354 175 029 201 064 2344 0000 0049 0049 0000 0033 2301 066 066 2355 057 -009 10214 10219 2326 10213 2358 0111 0111 0000 0048 2301 0072 0072 0000 0008 2301 0040 0048 0066 0079 0096 0098 0101 0130 //// 10268 ///// ///// ////
000000000000000000000000000000000000000000000000000000000000000000000000000000000000000000000000000000000000000000000000
130 000 000 000 //// //////////////////////// /// 0000 6///1 00000 7//// 10104 20025 31017 /// /// /// // 911// 915// 919// 934// 939//=
57098 340500 1142400 00583 00593 4
20100326000000 191 029 192 030 189 032 2338 189 031 197 049 2337 0000 0050 0050 0000 0024 2301 068 068 0000 059 -004 10188 10189 2349 10186 2312 0104 0105 2359 0023 2301 0058 0058 0000 -001 2301 0036 0041 0058 0073 0099 0098 0099 0129 //// 10262 ///// ///// ////
000000000000000000000000000000000000000000000000000000000000000000000000000000000000000000000000000000000000000000000000=
57182 335100 1133000 00805 00814 4
20100326000000 137 009 117 010 120 013 2335 158 007 127 017 2325 0000 0037 0037 0000 0001 2301 081 081 0000 064 0007 10156 10157 2311 10154 2303 0093 0093 0000 -011 2301 0084 0084 0000 -004 2301 0044 0067 0090 0101 0108 0106 0109 0139 //// 10258 ///// ///// ////
000000000000000000000000000000000000000000000000000000000000000000000000000000000000000000000000000000000000000000000000=
58207 321000 1150300 00428 00440 4
20100326000000 178 011 168 009 119 014 2332 189 012 231 020 2304 0000 0068 0068 0000 0034 2301 067 066 2355 066 0011 10220 10221 2338 10218 2324 0121 0121 0000 0024 2301 0038 0038 0000 0026 2302 0095 0050 0065 0078 0102 0110 0114 0137 //// 10275 ///// ///// ////
000000000000000000000000000000000000000000000000000000000000000000000000000000000000000000000000000000000000000000000000=
53986 351900 1135300 00732 00740 4
20100326000000 272 007 266 017 267 018 2357 240 010 274 029 2356 0000 0051 0051 0000 0013 2301 068 068 0000 060 -003 10163 10163 0000 10157 2301 0119 0119 0000 -013 2301 0057 0057 0000 -015 2301 0039 0053 0068 0081 0092 0094 0099 0127 //// 10255 ///// ///// ////
000000000000000000000000000000000000000000000000000000000000000000000000000000000000000000000000000000000000000000000000
110 000 000 000 //// //////////////////////// /// 0000 6///1 05501 7//// 1//// 2//// 31031 /// 000 000 // 911// 915// 919// 934// 939//=
53998 351200 1143900 00616 00625 4
20100326000000 196 025 192 033 189 040 2353 198 028 198 058 2346 0000 0038 0038 0000 0020 2301 072 072 2358 058 -008 10174 10176 2358 10171 2304 0105 0105 0000 0026 2301 0072 0072 0000 0005 2301 0041 0058 0076 0088 0096 0096 0097 0128 //// 10252 ///// ///// ////
000000000000000000000000000000000000000000000000000000000000000000000000000000000000000000000000000000000000000000000000
120 000 000 000 //// //////////////////////// /// 0000 6///1 05502 7//// 10104 20016 31018 /// /// 000 // 911// 915// 919// 934// 939//=
57051 344800 1111200 04099 04117 4
20100326000000 092 012 096 012 095 017 2329 077 015 105 034 2301 0000 0037 0037 0000 0017 2301 033 033 2358 026 -111 09747 09747 0000 09745 2301 0066 0066 0000 -011 2302 0060 0060 0000 -010 2301 0035 0054 0070 0081 0080 0087 0088 0114 //// 10248 ///// ///// ////
000000000000000000000000000000000000000000000000000000000000000000000000000000000000000000000000000000000000000000000000
150 000 000 000 //// //////////////////////// /// 0000 6///1 05852 7//// 1//// 2//// 31030 /// 000 000 // 911// 915// 919// 934// 939//=
57063 344600 1114600 05236 05236 4
20100326000000 323 007 327 007 226 014 2306 330 008 246 017 2308 0000 0004 0004 0000 -037 2301 045 045 0000 028 -101 09620 09621 2328 09616 2301 0078 0078 0000 -071 2301 0038 0038 0000 -052 2301 0012 0034 0055 0068 0073 0077 0084 0110 //// 10264 ///// ///// ////
000000000000000000000000000000000000000000000000000000000000000000000000000000000000000000000000000000000000000000000000
130 008 000 000 7000 /////////////////////CII 001 0000 6///1 05655 7//// 10115 21045 3//// /// /// /// // 911// 915// 919// 934// 939//=
57067 340300 1110200 05688 05699 4
20100326000000 PPC 001 173 005 241 014 2312 071 003 226 023 2305 0000 -012 -012 0000 -036 2301 070 069 2340 039 -060 09573 09573 2359 09570 2301 0036 0038 2358 -039 2301 0000 0000 0000 -013 2301 0023 0047 0075 0064 0085 0093 0096 0122 //// 10273 ///// ///// ////
000000000000000000000000000000000000000000000000000000000000000000000000000000000000000000000000000000000000000000000000
150 000 000 000 //// //////////////////////// /// 0000 6///1 05753 7//// 1//// 2//// 31016 /// 000 000 // 911// 915// 919// 934// 939//=
57056 343200 1105300 03904 03909 4
20100326000000 045 004 032 005 025 005 2358 066 004 111 008 2331 0000 0021 0021 0000 -018 2301 046 046 0000 033 -083 09775 09775 0000 09772 2301 0048 0048 0000 -054 2301 0038 0038 0000 -033 2301 0020 0045 0069 0083 0087 0090 0094 0118 //// 10256 ///// ///// ////
000000000000000000000000000000000000000000000000000000000000000000000000000000000000000000000000000000000000000000000000
180 000 000 000 //// //////////////////////// /// 0000 6///1 06054 7//// 10125 21021 31046 /// /// /// // 911// 915// 919// 934// 939//=
58007 340400 1151800 00472 00532 4
20100326000000 179 022 178 020 178 021 2357 164 018 173 055 2359 0000 0039 0039 0000 0012 2301 070 070 2358 057 -011 10198 10204 2321 10198 2357 0091 0091 0000 -003 2301 0058 0058 0000 -010 2301 0036 0053 0071 0084 0095 0100 0103 0131 //// 10265 ///// ///// ////
000000000000000000000000000000000000000000000000000000000000000000000000000000000000000000000000000000000000000000000000=
58006 342300 1155300 00463 00506 4
20100326000000 184 036 185 034 185 034 0000 181 035 189 048 2352 0000 0034 0034 0000 -008 2301 065 065 0000 051 -025 10210 10211 2351 10209 2326 0076 0076 0000 -022 2301 0031 0031 0000 -018 2301 0010 0036 0055 0072 0093 0094 0098 0126 //// 10274 ///// ///// ////
000000000000000000000000000000000000000000000000000000000000000000000000000000000000000000000000000000000000000000000000
160 000 000 000 //// //////////////////////// /// 0000 6///1 00051 7//// 10098 21019 31030 /// /// /// // 911// 915// 919// 934// 939//=
58111 335800 1162700 00325 00325 4
20100326000000 155 024 157 023 156 034 2336 187 014 167 049 2336 0000 0043 0043 0000 0028 2301 060 060 2358 050 -028 10237 10237 2347 10235 2302 0146 0146 0000 0008 2301 0060 0060 0000 0004 2301 0033 0042 0055 0069 0088 0097 0106 0138 //// 10278 ///// ///// ////
000000000000000000000000000000000000000000000000000000000000000000000000000000000000000000000000000000000000000000000000
150 000 000 000 //// //////////////////////// /// 0000 6///1 00253 7//// 1//// 2//// 31006 /// /// /// // 911// 915// 919// 934// 939//=
58017 341500 1160800 00410 00420 4
20100326000000 170 024 170 028 179 032 2352 187 026 158 065 2352 0000 0049 0049 0000 0031 2301 060 060 0000 052 -022 10218 10219 2352 10216 2320 0106 0108 2357 0040 2301 0070 0070 0000 0012 2301 0045 0056 0069 0080 0096 0097 0103 0128 //// 10271 ///// ///// ////
000000000000000000000000000000000000000000000000000000000000000000000000000000000000000000000000000000000000000000000000
120 000 000 000 //// //////////////////////// /// 0000 6///1 00151 7//// 10098 20028 31007 /// /// /// // 911// 915// 919// 934// 939//=
58001 342600 1150600 00563 00569 4
20100326000000 210 036 203 031 194 034 2320 206 052 206 052 0000 0000 0051 0051 0000 0019 2301 065 065 0000 057 -009 10188 10190 2311 10187 2358 0087 0089 2358 0025 2308 0080 0080 0000 0013 2301 0025 0039 0055 0067 0087 0089 0094 0126 //// 10259 ///// ///// ////
000000000000000000000000000000000000000000000000000000000000000000000000000000000000000000000000000000000000000000000000
160 000 000 000 //// //////////////////////// /// 0000 6///1 05202 7//// 10100 20014 31009 /// /// /// // 911// 915// 919// 934// 939//=
58005 342700 1154000 00501 00511 4
20100326000000 193 055 195 048 198 050 2355 184 056 200 075 2346 0000 0059 0059 0000 0045 2301 052 052 0000 048 -032 10199 10201 2323 10199 0000 0101 0107 2358 0037 2301 0075 0075 2359 0018 2301 0044 0055 0066 0078 0094 0097 0103 0131 0000 10263 ///// ///// ////
000000000000000000000000000000000000000000000000000000000000000000000000000000000000000000000000000000000000000000000000
160 000 000 000 //// //////////////////////// /// 0000 6///1 05102 7//// 1//// 2//// 31009 /// 000 000 // 911// 915// 919// 934// 939//=
58008 342800 1152000 00544 00592 4
20100326000000 185 027 187 033 191 034 2353 203 037 189 070 2355 0000 0047 0047 0000 0023 2301 062 062 0000 053 -020 10186 10188 2320 10186 2356 0085 0101 2356 0009 2301 0069 0069 0000 0014 2301 0020 0036 0051 0067 0092 0094 0099 0128 //// 10260 ///// ///// ////
000000000000000000000000000000000000000000000000000000000000000000000000000000000000000000000000000000000000000000000000
150 000 000 000 //// //////////////////////// /// 0000 6///1 05202 7//// 10101 20017 31013 /// /// /// // 911// 915// 919// 934// 939//=
58004 343900 1150900 00606 00616 4
20100326000000 198 023 188 018 170 021 2338 212 024 175 046 2334 0000 0045 0045 0000 0017 2301 066 066 0000 056 -013 10181 10183 2307 10180 2330 0106 0106 0000 0024 2301 0046 0046 0000 -003 2301 0026 0050 0065 0078 0098 0100 0102 0127 //// 10258 ///// ///// ////
000000000000000000000000000000000000000000000000000000000000000000000000000000000000000000000000000000000000000000000000=
54817 355900 1155200 00421 00434 4
20100326000000 193 037 190 036 194 040 2353 150 021 209 072 2348 0000 0047 0047 0000 0031 2301 061 060 2349 052 -022 10195 10198 2307 10194 2331 0096 0101 2358 0045 2301 0048 0048 0000 0000 2301 0018 0036 0052 0063 0080 0079 0088 0117 //// 10249 ///// ///// ////
000000000000000000000000000000000000000000000000000000000000000000000000000000000000000000000000000000000000000000000000
160 000 000 000 //// //////////////////////// /// 0000 6///1 05503 7//// 10096 20016 31013 /// /// /// // 911// 915// 919// 934// 939//=
54900 354200 1150100 00537 00541 4
20100326000000 195 031 190 030 189 030 2359 212 029 201 051 2355 0000 0037 0037 0000 0012 2301 073 073 2359 058 -007 10179 10179 2309 10176 2339 0082 0082 0000 0003 2301 0065 0065 0000 -007 2301 0031 0046 0063 0076 0082 0082 0084 0110 //// 10247 ///// ///// ////
000000000000000000000000000000000000000000000000000000000000000000000000000000000000000000000000000000000000000000000000
120 000 000 000 //// //////////////////////// /// 0000 6///1 05602 7//// 10096 20007 31026 /// /// 000 // 911// 915// 919// 934// 939//=
54903 355100 1152900 00457 00506 4
20100326000000 205 043 205 046 205 046 0000 206 033 209 075 2358 0000 0042 0042 0000 0024 2301 062 062 2358 051 -024 10182 10184 2302 10182 2356 0078 0081 2356 0024 2301 0061 0067 2354 0004 2301 0037 0051 0064 0073 0079 0081 0091 0114 //// 10245 ///// ///// ////
000000000000000000000000000000000000000000000000000000000000000000000000000000000000000000000000000000000000000000000000
180 000 000 000 //// //////////////////////// /// 0000 6///1 05503 7//// 10103 20014 31010 /// /// 000 // 911// 915// 919// 934// 939//=
57184 333800 1132200 00834 00847 4
20100326000000 153 020 150 020 144 021 2342 152 023 152 033 2354 0000 0053 0053 0000 0036 2302 067 067 0000 060 -003 10152 10153 2347 10150 2302 0073 0074 2354 0020 2301 0092 0092 0000 0015 2301 0048 0063 0075 0089 0098 0102 0104 0129 //// 10258 ///// ///// ////
000000000000000000000000000000000000000000000000000000000000000000000000000000000000000000000000000000000000000000000000
120 000 000 /// //// //////////////////////// /// //// 6///1 0//// 7//// 1//// 2//// 3//// /// /// /// // 911// 915// 919// 934// 939//=
57177 332000 1133200 00898 00913 4
20100326000000 089 008 082 010 046 015 2329 088 007 141 028 2328 0000 0033 0033 0000 0008 2301 083 083 0000 064 0007 10148 10148 0000 10145 2324 0106 0106 0000 -005 2301 0045 0045 0000 0001 2301 0009 0043 0054 0079 0101 0103 0106 0121 //// 10262 ///// ///// ////
000000000000000000000000000000000000000000000000000000000000000000000000000000000000000000000000000000000000000000000000=
57075 341000 1125200 02031 02043 4
20100326000000 193 010 214 011 232 017 2350 172 010 248 023 2344 0000 0023 0023 0000 -003 2301 082 078 2326 059 -005 10004 10005 2341 10003 2308 0088 0088 0000 -001 2301 0062 0062 0000 -008 2301 0031 0051 0068 0080 0097 0100 0098 0118 //// 10259 ///// ///// ////
000000000000000000000000000000000000000000000000000000000000000000000000000000000000000000000000000000000000000000000000=
57173 334500 1125300 01457 01468 4
20100326000000 063 008 344 006 115 008 2302 054 011 124 011 2301 0000 0031 0031 0000 0004 2301 082 080 2327 063 0003 10071 10074 2335 10069 2301 0084 0084 0000 0002 2301 0068 0068 0000 -002 2301 0041 0059 0076 0086 0099 0102 0105 0133 //// 10254 ///// ///// ////
000000000000000000000000000000000000000000000000000000000000000000000000000000000000000000000000000000000000000000000000=
57180 335900 1131200 01175 01186 4
20100326000000 069 015 069 014 070 017 2315 076 017 071 027 2347 0000 0035 0035 0000 -003 2301 079 076 2354 062 0002 10110 10112 2348 10109 2313 0097 0097 0000 -017 2301 0067 0067 0000 -011 2301 0031 0051 0072 0088 0098 0099 0102 0130 //// 10258 ///// ///// ////
000000000000000000000000000000000000000000000000000000000000000000000000000000000000000000000000000000000000000000000000=
57181 335300 1130300 01364 01380 4
20100326000000 PPC 000 PPC 000 338 006 2311 PPC 000 001 012 2309 0000 0017 0017 0000 -016 2301 090 090 0000 062 0002 10086 10089 2350 10086 2325 0084 0084 0000 -017 2301 0023 0023 0000 -009 2301 0021 0048 0068 0083 0094 0100 0103 0129 //// 10259 ///// ///// ////
000000000000000000000000000000000000000000000000000000000000000000000000000000000000000000000000000000000000000000000000
080 10- 000 000 6700 /////////////////////CIE 002 1000 6///1 05556 7//// 1//// 2//// 31018 /// 000 000 // 911// 915// 919// 934// 939//=
57171 334600 1130700 01420 01430 4
20100326000000 167 047 165 044 159 045 2338 169 048 164 059 2359 0000 0069 0069 0000 0055 2301 061 061 0000 061 -001 10075 10077 2344 10074 2304 0094 0094 2357 0054 2301 0076 0076 0000 0033 2301 0057 0069 0082 0093 0106 0110 0115 0125 //// 10252 ///// ///// ////
000000000000000000000000000000000000000000000000000000000000000000000000000000000000000000000000000000000000000000000000=
57175 330300 1121400 01914 01922 4
20100326000000 075 013 084 012 052 016 2301 088 020 088 020 0000 0000 0056 0056 0000 0009 2301 076 076 2359 069 0017 10032 10032 2359 10028 2301 0052 0052 0000 -019 2301 0061 0061 0000 -002 2301 0038 0060 0082 0096 0102 0107 0111 0138 //// 10270 ///// ///// ////
000000000000000000000000000000000000000000000000000000000000000000000000000000000000000000000000000000000000000000000000
180 000 000 000 //// //////////////////////// /// 0000 6///1 05352 7//// 10160 21002 31005 /// /// /// // 911// 915// 919// 934// 939//=
57156 331800 1113000 02503 02523 4
20100326000000 284 013 293 017 296 020 2301 305 010 305 029 2341 0000 0031 0031 0000 0020 2310 060 060 2358 046 -039 09956 09957 2350 09953 2302 0037 0037 0000 0017 2301 0040 0040 0000 0001 2301 0043 0057 0076 0088 0099 0109 0117 0142 //// 10267 ///// ///// ////
000000000000000000000000000000000000000000000000000000000000000000000000000000000000000000000000000000000000000000000000
250 003 000 000 6600 /////////////////////CIE 002 0000 6///1 05453 7//// 1//// 2//// 31009 /// 000 000 // 911// 915// 919// 934// 939//=
57271 323300 1122300 00879 00897 4
20100326000000 148 013 147 014 137 016 2350 122 016 156 026 2350 0000 0055 0055 0000 0026 2301 075 075 2359 068 0014 10155 10155 0000 10152 2301 0109 0109 0000 -002 2301 0078 0078 0000 0010 2301 0051 0064 0080 0093 0100 0106 0114 0139 //// 10267 ///// ///// ////
000000000000000000000000000000000000000000000000000000000000000000000000000000000000000000000000000000000000000000000000
150 000 000 000 //// //////////////////////// /// 0000 6///1 05352 7//// 10159 20024 30001 /// /// /// // 911// 915// 919// 934// 939//=
57261 330700 1113100 02330 02345 4
20100326000000 106 010 122 009 122 009 0000 099 010 118 012 2357 0000 0041 0041 0000 0021 2301 068 068 0000 056 -013 09966 09969 2337 09965 2301 0046 0046 0000 -005 2301 0064 0064 0000 0011 2301 0047 0062 0077 0088 0110 0120 0129 //// //// 10254 ///// ///// ////
000000000000000000000000000000000000000000000000000000000000000000000000000000000000000000000000000000000000000000000000=
57285 322300 1132500 01530 01492 4
20100326000000 148 033 191 019 153 023 2311 181 054 181 054 0000 0000 0095 0095 0000 0072 2302 028 028 0000 033 -081 10078 10081 2302 10078 2349 0153 0153 2357 0039 2301 0075 0075 0000 0022 2301 0051 0061 0074 0087 0102 0107 0110 0135 //// 10261 ///// ///// ////
000000000000000000000000000000000000000000000000000000000000000000000000000000000000000000000000000000000000000000000000
250 000 000 000 //// //////////////////////// /// 0000 6///1 05301 7//// 1//// 2//// 30008 /// /// /// // 911// 915// 919// 934// 939//=
57273 324100 1125100 01095 01105 4
20100326000000 017 005 031 008 016 013 2343 021 005 021 022 2337 0000 0035 0035 0000 0010 2301 071 071 0000 056 -013 10129 10129 2341 10126 2312 0075 0078 2358 0004 2301 0068 0068 0000 0010 2301 0046 0061 0078 0092 0108 0110 0113 0136 //// 10267 ///// ///// ////
000000000000000000000000000000000000000000000000000000000000000000000000000000000000000000000000000000000000000000000000
150 000 000 000 //// //////////////////////// /// 0000 6///1 05354 7//// 10143 20009 30001 /// /// /// // 911// 915// 919// 934// 939//=
57187 330400 1125600 01180 01193 4
20100326000000 000 009 352 011 347 011 2358 021 009 352 017 2356 0000 0035 0035 0000 0000 2301 081 081 0000 064 0006 10112 10112 0000 10109 2301 0105 0105 0000 -008 2301 0054 0054 0000 0001 2301 0035 0050 0071 0085 0109 0110 0111 0132 //// 10261 ///// ///// ////
000000000000000000000000000000000000000000000000000000000000000000000000000000000000000000000000000000000000000000000000
080 000 000 000 //// //////////////////////// /// 1000 6///1 05252 7//// 10142 21008 31001 /// /// /// // 911// 915// 919// 934// 939//=
57178 330200 1123500 01292 01305 4
20100326000000 PPC 000 PPC 000 089 011 2301 PPC 000 110 008 2301 0000 0057 0057 0000 0033 2301 068 068 0000 062 0003 10108 10109 2352 10107 2301 0132 0132 0000 0000 2301 0056 0056 0000 0014 2301 0047 0060 0072 0080 0107 0108 0111 0132 0007 10270 ///// ///// ////
000000000000000000000000000000000000000000000000000000000000000000000000000000000000000000000000000000000000000000000000
130 000 000 000 //// //////////////////////// /// 0000 6///1 05256 7//// 1//// 2//// 30006 /// 000 000 // 911// 915// 919// 934// 939//=
57169 330300 1115200 01591 01600 4
20100326000000 360 010 358 009 358 009 0000 007 009 358 015 2356 0000 0036 0036 0000 0006 2301 083 083 0000 066 0010 10069 10070 2340 10066 2302 0037 0037 0000 0017 2301 0061 0061 0000 -002 2301 0037 0056 0072 0087 0098 0105 0109 0133 //// 10268 ///// ///// ////
000000000000000000000000000000000000000000000000000000000000000000000000000000000000000000000000000000000000000000000000
150 10- 000 000 //// /////////////////////CIE 002 0000 6///1 05354 7//// 10157 20000 31007 /// 000 /// // 911// 915// 919// 934// 939//=
57176 332900 1122500 02311 02304 4
20100326000000 PPC 002 022 003 338 011 2326 316 003 347 015 2323 0000 0030 0030 0000 0011 2301 069 069 0000 052 -021 09984 09986 2342 09983 2307 0101 0101 0000 -003 2301 0042 0042 0000 0002 2301 0035 0052 0068 0081 0108 0111 0113 0130 //// 10269 ///// ///// ////
000000000000000000000000000000000000000000000000000000000000000000000000000000000000000000000000000000000000000000000000
120 000 000 000 //// //////////////////////// /// 0000 6///1 05357 7//// 10162 20007 31002 /// /// /// // 911// 915// 919// 934// 939//=
57179 331700 1130000 01604 01616 4
20100326000000 259 025 256 020 266 021 2330 260 029 260 029 0000 0000 0050 0050 0000 0021 2301 072 072 0000 063 0004 10065 10066 2342 10062 2301 0072 0072 0000 -013 2301 0051 0051 0000 0007 2301 0040 0055 0069 0080 0100 0104 0106 0132 //// 10265 ///// ///// ////
000000000000000000000000000000000000000000000000000000000000000000000000000000000000000000000000000000000000000000000000
200 000 000 000 //// //////////////////////// /// 0000 6///1 05356 7//// 10140 20010 30000 /// /// /// // 911// 915// 919// 934// 939//=
57274 324200 1120700 01076 01088 4
20100326000000 073 016 065 014 069 014 2302 077 014 074 023 2341 0000 0042 0042 0000 0025 2303 074 074 2356 061 0000 10131 10131 2357 10126 2302 0096 0096 0000 0008 2301 0068 0068 0000 0019 2301 0055 0065 0081 0095 0113 0114 0117 0140 //// 10266 ///// ///// ////
000000000000000000000000000000000000000000000000000000000000000000000000000000000000000000000000000000000000000000000000
090 000 000 000 //// //////////////////////// /// 1000 6///1 05352 7//// 10164 20015 30009 /// /// /// // 911// 915// 919// 934// 939//=
57065 343000 1121100 01949 01964 4
20100326000000 273 037 273 032 263 041 2323 291 034 277 065 2327 0000 0016 0016 0000 0004 2301 037 036 2319 025 -115 10018 10018 2359 10011 2302 0022 0022 0000 -007 2301 0060 0060 0000 -007 2301 0042 0062 0079 0093 0096 0102 0111 0138 //// 10261 ///// ///// ////
000000000000000000000000000000000000000000000000000000000000000000000000000000000000000000000000000000000000000000000000
250 008 000 000 6500 /////////////////////CII 001 0000 6///1 05655 7//// 10144 20001 31026 /// /// /// // 911// 915// 919// 934// 939//=
57074 342500 1122500 01973 01989 4
20100326000000 236 010 231 010 241 013 2335 218 018 246 024 2322 0000 0034 0034 0000 0023 2301 054 054 2359 042 -050 10013 10014 2350 10008 2307 0066 0066 0000 0006 2301 0061 0061 0000 0005 2301 0047 0065 0082 0094 0097 0102 0103 0125 //// 10259 ///// ///// ////
000000000000000000000000000000000000000000000000000000000000000000000000000000000000000000000000000000000000000000000000
120 004 000 000 5600 /////////////////////CIE 002 0000 6///1 05655 7//// 10148 20017 31011 /// /// /// // 911// 915// 919// 934// 939//=
57070 344400 1120700 03640 03595 4
20100326000000 253 013 249 013 246 019 2325 237 013 237 023 2323 0000 0028 0028 0000 0007 2301 040 039 2357 030 -095 09815 09815 0000 09811 2303 0079 0079 0000 -006 2301 0056 0056 0000 -014 2301 0033 0055 0073 0083 0089 0091 0096 0122 //// 10257 ///// ///// ////
000000000000000000000000000000000000000000000000000000000000000000000000000000000000000000000000000000000000000000000000
180 004 000 000 5500 /////////////////////CIE 002 0000 6///1 05654 7//// 10133 20007 31028 /// /// /// // 911// 915// 919// 934// 939//=
57162 340900 1120500 03258 03275 4
20100326000000 202 008 209 008 246 014 2309 173 007 287 022 2301 0000 0029 0029 0000 0005 2301 049 048 2359 037 -068 09853 09856 2334 09851 2301 0050 0050 0000 -006 2301 0035 0035 0000 -011 2301 0033 0056 0075 0089 0094 0097 0103 0132 //// 10255 ///// ///// ////
000000000000000000000000000000000000000000000000000000000000000000000000000000000000000000000000000000000000000000000000=
57078 340900 1122800 03365 03340 4
20100326000000 PPC 000 PPC 000 288 009 2317 PPC 000 282 011 2310 0000 0023 0023 0000 0001 2301 056 056 0000 040 -056 09844 09845 2349 09843 2301 0080 0080 0000 -028 2301 0023 0023 0000 -017 2301 0015 0039 0060 0077 0093 0097 0098 0118 //// 10254 ///// ///// ////
000000000000000000000000000000000000000000000000000000000000000000000000000000000000000000000000000000000000000000000000
180 000 000 000 //// //////////////////////// /// 0000 6///1 05655 7//// 10129 20000 31029 /// /// /// // 911// 915// 919// 934// 939//=
57071 344900 1122600 03333 03332 4
20100326000000 231 009 240 009 314 023 2302 212 010 322 033 2302 0000 0039 0039 0000 0028 2335 058 058 0000 047 -036 09847 09848 2342 09841 2301 0096 0096 0000 0017 2301 0060 0060 0000 -001 2301 0037 0054 0070 0082 0087 0088 0092 0119 //// 10255 ///// ///// ////
000000000000000000000000000000000000000000000000000000000000000000000000000000000000000000000000000000000000000000000000
120 005 000 000 5300 /////////////////////CIE 002 0000 6///1 05653 7//// 1//// 2//// 31024 /// 000 000 // 911// 915// 919// 934// 939//=
57066 342300 1114000 03283 03298 4
20100326000000 018 010 024 010 256 012 2313 029 008 257 022 2307 0000 0018 0018 0000 0003 2312 041 041 0000 029 -100 09852 09853 2326 09851 2301 0053 0055 2358 -017 2301 0037 0037 0000 -021 2301 0021 0045 0067 0080 0089 0090 0091 0115 //// 10257 ///// ///// ////
000000000000000000000000000000000000000000000000000000000000000000000000000000000000000000000000000000000000000000000000
200 003 000 000 6000 /////////////////////CIE 002 0000 6///1 05856 7//// 10145 20000 31036 /// /// /// // 911// 915// 919// 934// 939//=
57077 334700 1113900 07424 07388 4
20100326000000 316 005 340 004 099 012 2311 313 009 097 015 2309 0000 0011 0011 0000 -018 2301 062 062 2359 041 -054 09371 09375 2337 09371 2301 0074 0078 2355 -033 2301 0002 0002 0000 -019 2301 0017 0036 0050 0061 0080 0085 0092 0115 //// 10263 ///// ///// ////
000000000000000000000000000000000000000000000000000000000000000000000000000000000000000000000000000000000000000000000000=
57183 334800 1135500 00600 00615 4
20100326000000 192 011 191 012 180 014 2352 173 008 192 016 2351 0000 0037 0037 0000 0007 2301 080 080 0000 064 0006 10180 10181 2348 10179 2313 0103 0103 0000 -011 2301 0061 0061 0000 0010 2301 0046 0060 0076 0087 0100 0099 0098 0122 //// 10257 ///// ///// ////
000000000000000000000000000000000000000000000000000000000000000000000000000000000000000000000000000000000000000000000000
090 000 000 000 //// //////////////////////// /// 1000 6///1 05355 7//// 10130 20000 30001 /// /// /// // 911// 915// 919// 934// 939//=
57186 333600 1140300 00587 00598 4
20100326000000 199 022 195 021 189 022 2336 204 022 212 030 2355 0000 0055 0055 0000 0032 2301 065 065 0000 059 -005 10186 10187 2311 10186 0000 0086 0086 0000 0001 2301 0092 0092 0000 0016 2301 0049 0062 0077 0091 0103 0103 0104 0133 //// 10261 ///// ///// ////
000000000000000000000000000000000000000000000000000000000000000000000000000000000000000000000000000000000000000000000000=
57091 344700 1141800 00737 00748 4
20100326000000 218 031 217 031 216 042 2301 220 034 211 054 2308 0000 0051 0051 0000 0033 2303 062 061 2355 054 -016 10164 10164 0000 10159 2301 0095 0095 0000 0025 2301 0089 0089 0000 0024 2301 0058 0075 0090 0091 0103 0101 0102 0122 //// 10257 ///// ///// ////
000000000000000000000000000000000000000000000000000000000000000000000000000000000000000000000000000000000000000000000000
120 000 000 000 //// //////////////////////// /// 0000 6///1 05402 7//// 1//// 2//// 30004 /// 000 000 // 911// 915// 919// 934// 939//=
53978 350500 1123800 01401 01409 4
20100326000000 085 005 126 005 175 010 2304 091 005 226 011 2307 0000 0036 0036 0000 0002 2310 066 065 2358 052 -022 10076 10077 2345 10074 2318 0083 0083 0000 -014 2301 0066 0066 0000 -005 2301 0040 0058 0076 0092 0090 0093 0098 0125 //// 10250 ///// ///// ////
000000000000000000000000000000000000000000000000000000000000000000000000000000000000000000000000000000000000000000000000=
53987 350600 1132500 00910 00918 4
20100326000000 278 013 278 011 259 019 2329 296 015 254 028 2313 0000 0042 0042 0000 0017 2301 064 064 0000 053 -020 10137 10141 2302 10137 2359 0110 0110 0000 0018 2301 0067 0067 0000 0007 2301 0046 0060 0076 0090 0098 0099 0101 0127 //// 10252 ///// ///// ////
000000000000000000000000000000000000000000000000000000000000000000000000000000000000000000000000000000000000000000000000
080 000 000 000 //// //////////////////////// /// 1000 6///1 05554 7//// 10129 20007 31009 /// /// 000 // 911// 915// 919// 934// 939//=
57079 345700 1130200 01064 01069 4
20100326000000 263 009 280 008 280 008 0000 262 011 262 011 0000 0000 0028 0028 0000 -001 2301 075 075 0000 056 -012 10116 10118 2312 10113 2347 0080 0081 2359 -012 2301 0073 0073 0000 -012 2301 0045 0057 0073 0085 0098 0096 0096 0120 //// 10250 ///// ///// ////
000000000000000000000000000000000000000000000000000000000000000000000000000000000000000000000000000000000000000000000000=
57072 345500 1124500 01275 01285 4
20100326000000 217 013 223 011 223 011 0000 217 012 226 016 2358 0000 0033 0033 0000 -014 2301 073 073 0000 056 -011 10096 10096 0000 10089 2305 0093 0093 0000 -032 2301 0060 0060 0000 -024 2301 0030 0051 0070 0082 0087 0087 0087 0113 //// 10256 ///// ///// ////
000000000000000000000000000000000000000000000000000000000000000000000000000000000000000000000000000000000000000000000000=
53982 351400 1131600 01120 01135 4
20100326000000 302 008 294 009 259 022 2329 302 006 254 033 2327 0000 0066 0066 0000 0045 2301 029 029 0000 028 -102 10106 10109 2301 10106 0000 0081 0081 0000 0015 2301 0076 0076 0000 0005 2301 0052 0068 0085 0098 0099 0098 0101 0131 //// 10246 ///// ///// ////
000000000000000000000000000000000000000000000000000000000000000000000000000000000000000000000000000000000000000000000000
150 000 000 000 //// //////////////////////// /// 0000 6///1 05552 7//// 10141 20034 31016 /// /// 000 // 911// 915// 919// 934// 939//=
53979 350900 1130500 01200 01211 4
20100326000000 257 012 277 008 283 021 2301 256 013 316 030 2309 0000 0057 0057 0000 0022 2301 044 042 2359 040 -056 10101 10106 2301 10100 2348 0121 0121 0000 0021 2301 0111 0111 0000 -009 2301 0039 0060 0083 0097 0100 0100 0105 0132 //// 10251 ///// ///// ////
000000000000000000000000000000000000000000000000000000000000000000000000000000000000000000000000000000000000000000000000=
53974 353700 1141100 00723 00739 4
20100326000000 204 019 201 019 217 020 2307 215 017 209 038 2344 0000 0037 0037 2359 0020 2301 065 064 2347 052 -023 10155 10155 2359 10150 2306 0065 0065 0000 -001 2301 0075 0075 0000 -001 2301 0039 0054 0071 0083 0089 0092 0097 0124 //// 10247 ///// ///// ////
000000000000000000000000000000000000000000000000000000000000000000000000000000000000000000000000000000000000000000000000
300 000 000 000 //// //////////////////////// /// 0000 6///1 05700 79999 10105 20020 31014 /// /// /// // 911// 915// 919// 934// 939//=
53990 354300 1141900 00795 00805 4
20100326000000 205 036 207 035 207 035 0000 203 032 203 048 2357 0000 0031 0031 0000 -015 2301 072 072 0000 055 -015 10147 10147 0000 10142 2312 0083 0083 0000 0010 2301 0085 0085 0000 -018 2301 0032 0050 0067 0082 0092 0085 0084 0111 //// 10248 ///// ///// ////
000000000000000000000000000000000000000000000000000000000000000000000000000000000000000000000000000000000000000000000000=
53991 355600 1142100 00743 00753 4
20100326000000 206 013 227 013 239 018 2350 125 014 257 030 2321 0000 0033 0033 0000 0009 2301 069 069 0000 053 -018 10148 10149 2359 10145 2311 0111 0111 0000 0005 2301 0071 0071 0000 -010 2301 0032 0052 0064 0080 0088 0085 0088 0118 //// 10242 ///// ///// ////
000000000000000000000000000000000000000000000000000000000000000000000000000000000000000000000000000000000000000000000000
120 000 000 000 //// //////////////////////// /// 0000 6///1 05801 7//// 10102 20006 31022 /// /// 000 // 911// 915// 919// 934// 939//=
53889 360400 1134900 03068 03086 4
20100326000000 078 017 073 016 073 016 0000 082 020 082 020 0000 0000 0035 0035 0000 -002 2301 060 060 0000 047 -035 09864 09866 2347 09864 0000 0086 0102 2347 0005 2301 0038 0038 0000 -032 2301 0021 0025 0036 0049 0075 0076 0089 0098 //// 10245 ///// ///// ////
000000000000000000000000000000000000000000000000000000000000000000000000000000000000000000000000000000000000000000000000
500 000 000 000 //// //////////////////////// /// 0000 6///1 05701 7//// 10124 21010 31046 /// /// 000 // 911// 915// 919// 934// 939//=
53995 353300 1143000 00625 00645 4
20100326000000 184 027 190 033 194 038 2357 175 030 195 063 2349 0000 0034 0034 0000 0010 2301 071 071 2358 055 -014 10167 10167 0000 10162 2304 0087 0088 2359 0023 2301 0055 0055 0000 -013 2301 0033 0048 0060 0074 0086 0088 0088 0116 //// 10248 ///// ///// ////
000000000000000000000000000000000000000000000000000000000000000000000000000000000000000000000000000000000000000000000000
110 000 000 000 //// //////////////////////// /// 0000 6///1 05701 7//// 10100 21001 31032 /// /// /// // 911// 915// 919// 934// 939//=
NNNN
