57090 344300 1135800 00781 00802 4
20100502020000 172 032 181 031 181 031 0200 195 037 198 053 0146 0000 0260 0260 0200 0244 0101 065 064 0158 218 0189 09978 09981 0102 09977 0158 0357 0367 0151 0325 0101 0388 0388 0200 0343 0101 0245 0209 0194 0192 0180 0155 0129 0131 //// 10070 ///// ///// ////
000000000000000000000000000000000000000000000000000000000000000000000000000000000000000000000000000000000000000000000000=
57083 344300 1133900 01104 01116 4
20100502020000 146 025 142 026 144 028 0155 158 021 158 038 0159 0000 0283 0283 0200 0268 0101 051 046 0115 196 0172 09937 09940 0101 09937 0200 0506 0506 0158 0428 0101 0385 0385 0200 0315 0101 0240 0203 0187 0181 0156 0138 0128 0130 0001 10065 ///// ///// ////
000000000000000000000000000000000000000000000000000000000000000000000000000000000000000000000000000000000000000000000000
100 000 000 /// //// //////////////////////// /// //// 6///1 0//// 7//// 1//// 2//// 3//// /// /// /// // 911// 915// 919// 934// 939//=
57086 342300 1134300 01166 01168 4
20100502020000 204 046 205 044 207 048 0153 209 056 209 078 0121 0000 0248 0248 0200 0237 0101 068 067 0148 213 0185 09941 09944 0102 09941 0155 0360 0365 0144 0339 0112 0357 0357 0200 0296 0101 0242 0202 0188 0183 0167 0139 0122 0124 //// 10076 ///// ///// ////
000000000000000000000000000000000000000000000000000000000000000000000000000000000000000000000000000000000000000000000000=
57085 343200 1132000 02599 02648 4
20100502020000 231 029 234 026 232 026 0127 226 035 243 049 0157 0000 0269 0269 0200 0238 0101 050 050 0159 177 0156 09769 09772 0108 09769 0155 0345 0354 0157 0311 0105 0336 0336 0200 0279 0101 0232 0192 0180 0174 0171 0144 0126 0128 //// 10070 ///// ///// ////
000000000000000000000000000000000000000000000000000000000000000000000000000000000000000000000000000000000000000000000000=
57081 344800 1132600 01409 01419 4
20100502020000 360 006 327 007 340 010 0128 358 003 327 020 0119 0000 0262 0262 0200 0243 0112 045 044 0154 153 0133 09905 09908 0110 09905 0154 0410 0410 0200 0331 0101 0355 0355 0200 0291 0101 0234 0199 0188 0181 0154 0140 0126 0122 //// 10067 ///// ///// ////
000000000000000000000000000000000000000000000000000000000000000000000000000000000000000000000000000000000000000000000000=
57084 343000 1130300 11784 11790 4
20100502020000 276 033 280 028 285 046 0104 285 045 288 075 0103 0000 0244 0244 0200 0225 0101 039 036 0142 119 0096 08799 08799 0200 08797 0101 0302 0309 0157 0256 0101 0416 0418 0157 0332 0101 0234 0182 0161 0152 0125 //// //// //// //// 10078 ///// ///// ////
000000000000000000000000000000000000000000000000000000000000000000000000000000000000000000000000000000000000000000000000=
57080 344400 1125800 01652 01661 4
20100502020000 241 022 242 019 230 037 0106 251 042 218 065 0105 0000 0253 0253 0200 0220 0131 051 051 0200 164 0144 09882 09885 0104 09881 0144 0351 0352 0159 0273 0101 0404 0404 0200 0317 0101 0238 0198 0185 0183 0153 0132 0119 0123 //// 10073 ///// ///// ////
000000000000000000000000000000000000000000000000000000000000000000000000000000000000000000000000000000000000000000000000=
57082 342800 1130100 04271 04284 4
20100502020000 230 021 217 021 215 023 0145 212 020 232 043 0152 0000 0289 0289 0200 0263 0101 032 032 0200 127 0106 09591 09593 0102 09591 0148 0312 0312 0200 0276 0101 0403 0403 0200 0330 0101 0246 0212 0198 0193 0165 0142 0126 //// //// 10071 ///// ///// ////
000000000000000000000000000000000000000000000000000000000000000000000000000000000000000000000000000000000000000000000000=
57295 323700 1142100 00785 00802 4
20100502020000 201 014 212 025 209 037 0131 226 007 212 067 0145 0000 0268 0268 0200 0247 0101 064 064 0200 225 0194 10005 10007 0112 10004 0158 0417 0418 0159 0343 0101 0391 0391 0200 0325 0101 0257 0212 0200 0195 0161 0144 0129 0132 //// 10097 ///// ///// ////
000000000000000000000000000000000000000000000000000000000000000000000000000000000000000000000000000000000000000000000000=
57189 330800 1135700 00646 00655 4
20100502020000 220 027 231 025 224 026 0153 201 041 234 050 0152 0000 0265 0265 0200 0246 0101 071 069 0145 246 0208 10013 10015 0104 10013 0149 0273 0273 0200 0242 0101 0379 0379 0200 0316 0101 0241 0205 0192 0187 0150 0136 0125 0127 //// 10089 ///// ///// ////
000000000000000000000000000000000000000000000000000000000000000000000000000000000000000000000000000000000000000000000000=
57194 331700 1141600 00598 00609 4
20100502020000 189 046 189 038 200 045 0127 192 070 192 070 0200 0000 0264 0264 0200 0247 0101 065 065 0150 224 0193 10016 10019 0122 10016 0200 0364 0364 0200 0318 0118 0404 0404 0200 0342 0101 0234 0205 0193 0187 0153 0135 0123 0128 //// 10087 ///// ///// ////
000000000000000000000000000000000000000000000000000000000000000000000000000000000000000000000000000000000000000000000000=
57197 330000 1142000 00489 00545 4
20100502020000 189 032 204 032 196 034 0141 192 033 206 066 0128 0000 0264 0264 0200 0242 0101 072 072 0200 248 0209 10029 10032 0111 10029 0159 0389 0393 0158 0346 0102 0397 0397 0200 0325 0101 0228 0205 0193 0186 0163 0144 0128 0129 //// 10092 ///// ///// ////
000000000000000000000000000000000000000000000000000000000000000000000000000000000000000000000000000000000000000000000000=
57294 325000 1140100 00836 00846 4
20100502020000 225 014 220 022 217 024 0158 229 010 232 041 0124 0000 0275 0275 0200 0247 0101 065 063 0152 239 0203 09992 09994 0104 09992 0129 0345 0345 0200 0278 0101 0403 0403 0200 0332 0101 0241 0203 0190 0184 0154 0143 0128 0126 //// 10090 ///// ///// ////
000000000000000000000000000000000000000000000000000000000000000000000000000000000000000000000000000000000000000000000000=
57292 325800 1143800 00444 00453 4
20100502020000 185 046 196 042 197 045 0139 195 047 195 074 0150 0000 0260 0260 0200 0241 0101 069 069 0200 232 0199 10045 10047 0107 10045 0155 0326 0329 0159 0290 0106 0387 0387 0159 0334 0101 0249 0213 0200 0198 0176 0149 0132 0135 //// 10097 ///// ///// ////
000000000000000000000000000000000000000000000000000000000000000000000000000000000000000000000000000000000000000000000000=
57195 333700 1143700 00466 00476 4
20100502020000 235 030 236 028 236 028 0200 234 039 220 057 0159 0000 0267 0267 0200 0247 0101 059 058 0159 207 0180 10033 10036 0101 10032 0142 0343 0355 0144 0316 0101 0400 0402 0156 0337 0101 0270 0220 0202 0197 0167 0143 0128 0141 //// 10088 ///// ///// ////
000000000000000000000000000000000000000000000000000000000000000000000000000000000000000000000000000000000000000000000000=
57193 334700 1143100 00526 00541 4
20100502020000 236 010 214 012 178 016 0118 293 005 192 052 0158 0000 0264 0264 0157 0240 0101 065 064 0159 224 0193 10025 10027 0111 10025 0136 0317 0317 0200 0273 0101 0360 0364 0157 0308 0101 0247 0206 0191 0185 0169 0144 0131 0132 //// 10087 ///// ///// ////
000000000000000000000000000000000000000000000000000000000000000000000000000000000000000000000000000000000000000000000000=
57099 340400 1145100 00526 00536 4
20100502020000 175 012 187 016 205 022 0146 161 012 219 048 0143 0000 0257 0257 0200 0234 0101 065 064 0143 215 0186 10024 10026 0101 10023 0149 0347 0354 0156 0312 0101 0358 0358 0200 0293 0101 0245 0199 0180 0178 0166 0141 0123 0132 //// 10086 ///// ///// ////
000000000000000000000000000000000000000000000000000000000000000000000000000000000000000000000000000000000000000000000000=
58104 332400 1150400 00412 00425 4
20100502020000 209 032 216 035 206 041 0128 198 036 220 061 0125 0000 0262 0262 0200 0240 0101 070 067 0157 238 0203 10045 10048 0101 10045 0200 0354 0357 0155 0320 0101 0387 0387 0200 0316 0101 0262 0212 0194 0190 0179 0145 0127 0135 //// 10094 ///// ///// ////
000000000000000000000000000000000000000000000000000000000000000000000000000000000000000000000000000000000000000000000000=
58101 335200 1152900 00413 00428 4
20100502020000 211 025 212 025 214 027 0134 097 013 240 067 0105 0000 0261 0261 0159 0242 0101 064 063 0154 216 0188 10043 10045 0108 10043 0143 0379 0384 0147 0342 0101 0409 0409 0200 0343 0101 0238 0190 0176 0173 0154 0139 0125 0131 //// 10093 ///// ///// ////
000000000000000000000000000000000000000000000000000000000000000000000000000000000000000000000000000000000000000000000000=
57098 340500 1142400 00583 00593 4
20100502020000 202 056 205 050 205 050 0200 209 075 209 075 0200 0000 0258 0258 0200 0236 0101 066 066 0200 219 0190 10014 10015 0101 10013 0144 0330 0342 0151 0309 0101 0300 0302 0158 0267 0101 0246 0202 0177 0172 0163 0140 0125 0130 //// 10083 ///// ///// ////
000000000000000000000000000000000000000000000000000000000000000000000000000000000000000000000000000000000000000000000000=
57190 334500 1142400 00505 00516 4
20100502020000 209 046 208 044 208 044 0200 200 032 214 060 0155 0000 0259 0260 0154 0237 0101 068 068 0200 227 0195 10025 10027 0101 10024 0156 0321 0332 0153 0302 0101 0395 0396 0157 0326 0101 0239 0196 0179 0175 0172 0145 0128 0132 //// 10085 ///// ///// ////
000000000000000000000000000000000000000000000000000000000000000000000000000000000000000000000000000000000000000000000000=
57088 340900 1133000 01161 01177 4
20100502020000 230 040 223 033 254 036 0123 224 049 245 059 0120 0000 0258 0258 0200 0241 0101 064 064 0200 213 0185 09942 09945 0106 09941 0154 0342 0344 0146 0310 0108 0421 0422 0159 0356 0101 0261 0209 0191 0187 0148 0133 0127 0131 //// 10078 ///// ///// ////
000000000000000000000000000000000000000000000000000000000000000000000000000000000000000000000000000000000000000000000000=
57182 335100 1133000 00805 00814 4
20100502020000 202 031 210 028 231 035 0102 211 036 282 060 0101 0000 0269 0270 0157 0251 0101 061 060 0158 216 0187 09985 09988 0106 09985 0200 0380 0389 0156 0322 0102 0463 0465 0156 0376 0102 0262 0213 0202 0196 0176 0149 0133 0139 //// 10079 ///// ///// ////
000000000000000000000000000000000000000000000000000000000000000000000000000000000000000000000000000000000000000000000000=
57087 341200 1134800 00877 00885 4
20100502020000 205 039 204 040 209 041 0147 214 044 206 058 0131 0000 0252 0252 0200 0230 0101 068 067 0159 218 0189 09976 09980 0101 09976 0200 0336 0339 0158 0298 0101 0412 0412 0200 0327 0101 0245 0205 0189 0183 0155 0136 0124 0128 //// 10078 ///// ///// ////
000000000000000000000000000000000000000000000000000000000000000000000000000000000000000000000000000000000000000000000000=
58301 314900 1152300 00916 00929 4
20100502020000 195 060 194 062 192 067 0153 195 060 209 098 0152 0000 0288 0288 0200 0271 0101 047 046 0155 186 0164 10002 10005 0101 10002 0200 0308 0308 0200 0279 0101 0391 0391 0200 0331 0101 0254 0223 0210 0204 0190 0164 0139 0134 //// 10109 ///// ///// ////
000000000000000000000000000000000000000000000000000000000000000000000000000000000000000000000000000000000000000000000000=
57298 321300 1143300 00554 00562 4
20100502020000 195 036 204 041 201 047 0123 155 041 200 077 0150 0000 0272 0272 0200 0252 0101 060 060 0200 216 0188 10037 10039 0114 10037 0200 0262 0262 0200 0240 0101 0384 0384 0200 0324 0101 0241 0210 0200 0196 0162 0144 0127 0138 //// 10102 ///// ///// ////
000000000000000000000000000000000000000000000000000000000000000000000000000000000000000000000000000000000000000000000000=
57390 314800 1140400 07335 07347 4
20100502020000 208 080 208 079 206 086 0135 231 098 203 162 0149 0000 0218 0218 0200 0200 0101 071 071 0200 185 0163 09296 09296 0200 09293 0133 0282 0288 0157 0255 0104 0351 0351 0200 0285 0101 0224 0187 0175 0171 0156 0130 //// //// //// 10120 ///// ///// ////
000000000000000000000000000000000000000000000000000000000000000000000000000000000000000000000000000000000000000000000000=
53989 350300 1135700 00766 00777 4
20100502020000 196 020 214 018 201 025 0126 198 018 187 038 0125 0000 0256 0256 0200 0229 0101 059 055 0158 194 0170 09977 09981 0101 09977 0200 0382 0392 0144 0362 0102 0413 0413 0200 0331 0101 0249 0205 0189 0184 0162 0138 0123 0126 //// 10066 ///// ///// ////
000000000000000000000000000000000000000000000000000000000000000000000000000000000000000000000000000000000000000000000000=
53986 351900 1135300 00732 00740 4
20100502020000 221 031 221 039 218 047 0148 206 044 218 075 0140 0000 0259 0259 0200 0248 0101 054 049 0101 180 0159 09977 09980 0104 09977 0155 0344 0348 0155 0321 0102 0384 0384 0200 0323 0101 0230 0198 0186 0182 0162 0140 0125 0130 //// 10062 ///// ///// ////
000000000000000000000000000000000000000000000000000000000000000000000000000000000000000000000000000000000000000000000000=
53988 351600 1134000 00776 00784 4
20100502020000 216 040 210 037 209 039 0156 226 041 200 063 0120 0000 0258 0258 0200 0236 0101 052 052 0200 173 0152 09968 09972 0101 09968 0200 0387 0389 0159 0338 0101 0443 0443 0200 0358 0101 0238 0198 0183 0181 0149 0132 0122 0128 //// 10059 ///// ///// ////
000000000000000000000000000000000000000000000000000000000000000000000000000000000000000000000000000000000000000000000000=
53998 351200 1143900 00616 00625 4
20100502020000 187 049 197 046 203 048 0134 195 039 212 079 0132 0000 0256 0256 0200 0237 0101 064 064 0158 210 0183 09994 09996 0157 09993 0155 0346 0346 0200 0285 0102 0368 0368 0200 0306 0101 0234 0197 0184 0180 0171 0143 0123 0130 //// 10066 ///// ///// ////
000000000000000000000000000000000000000000000000000000000000000000000000000000000000000000000000000000000000000000000000=
57051 344800 1111200 04099 04117 4
20100502020000 079 011 111 008 099 010 0103 074 003 105 019 0158 0000 0259 0259 0200 0215 0101 038 038 0200 127 0105 09611 09614 0109 09611 0146 0353 0353 0200 0284 0102 0431 0431 0200 0334 0101 0229 0192 0183 0181 0160 0133 0118 0120 //// 10075 ///// ///// ////
000000000000000000000000000000000000000000000000000000000000000000000000000000000000000000000000000000000000000000000000=
57063 344600 1114600 05236 05236 4
20100502020000 263 024 292 028 307 029 0156 274 033 322 042 0154 0000 0268 0268 0200 0234 0101 040 040 0158 141 0121 09487 09489 0102 09487 0145 0408 0408 0200 0361 0102 0427 0427 0200 0342 0101 0207 0169 0160 0159 0121 0112 0104 0111 //// 10077 ///// ///// ////
000000000000000000000000000000000000000000000000000000000000000000000000000000000000000000000000000000000000000000000000=
57067 340300 1110200 05688 05699 4
20100502020000 194 015 201 017 209 023 0150 209 013 215 031 0149 0000 0231 0231 0200 0194 0101 053 053 0200 150 0130 09450 09455 0101 09449 0154 0384 0384 0200 0325 0101 0369 0369 0200 0289 0101 0224 0189 0181 0183 0166 0147 0123 0125 //// 10095 ///// ///// ////
000000000000000000000000000000000000000000000000000000000000000000000000000000000000000000000000000000000000000000000000=
57056 343200 1105300 03904 03909 4
20100502020000 289 015 239 011 352 014 0133 313 022 313 022 0200 0000 0277 0277 0200 0238 0101 036 036 0157 134 0113 09633 09636 0101 09633 0151 0386 0387 0154 0312 0101 0434 0434 0200 0339 0101 0263 0208 0189 0185 0146 0130 0118 0121 //// 10072 ///// ///// ////
000000000000000000000000000000000000000000000000000000000000000000000000000000000000000000000000000000000000000000000000=
58007 340400 1151800 00472 00532 4
20100502020000 198 029 189 032 183 038 0153 133 026 220 074 0124 0000 0256 0256 0200 0238 0101 066 065 0154 217 0188 10027 10029 0127 10026 0159 0329 0329 0200 0278 0105 0331 0334 0153 0295 0101 0219 0188 0178 0177 0150 0137 0126 0132 //// 10089 ///// ///// ////
000000000000000000000000000000000000000000000000000000000000000000000000000000000000000000000000000000000000000000000000=
58006 342300 1155300 00463 00506 4
20100502020000 195 037 187 041 185 042 0159 218 019 187 063 0140 0000 0258 0258 0200 0234 0101 064 063 0157 213 0185 10034 10038 0104 10033 0145 0355 0356 0159 0316 0102 0365 0365 0200 0300 0101 0245 0194 0173 0168 0160 0139 0123 0127 //// 10093 ///// ///// ////
000000000000000000000000000000000000000000000000000000000000000000000000000000000000000000000000000000000000000000000000=
58111 335800 1162700 00325 00325 4
20100502020000 185 026 191 037 190 038 0159 237 011 164 082 0154 0000 0254 0254 0200 0230 0101 065 064 0156 211 0183 10063 10067 0102 10062 0136 0229 0229 0200 0206 0101 0323 0323 0200 0264 0105 0225 0190 0173 0168 0153 0139 0129 0138 //// 10101 ///// ///// ////
000000000000000000000000000000000000000000000000000000000000000000000000000000000000000000000000000000000000000000000000=
58017 341500 1160800 00410 00420 4
20100502020000 167 034 171 030 171 030 0200 128 025 164 058 0159 0000 0254 0254 0200 0230 0101 067 067 0200 217 0188 10043 10047 0105 10043 0156 0296 0296 0159 0252 0101 0330 0330 0200 0270 0101 0220 0188 0175 0172 0151 0138 0126 0129 //// 10092 ///// ///// ////
000000000000000000000000000000000000000000000000000000000000000000000000000000000000000000000000000000000000000000000000=
58001 342600 1150600 00563 00569 4
20100502020000 207 048 205 039 210 040 0124 226 042 223 073 0158 0000 0252 0252 0158 0231 0101 067 067 0200 215 0186 10016 10019 0110 10015 0152 0318 0327 0155 0279 0110 0321 0321 0159 0270 0101 0222 0186 0172 0165 0149 0129 0118 0126 //// 10082 ///// ///// ////
000000000000000000000000000000000000000000000000000000000000000000000000000000000000000000000000000000000000000000000000=
58005 342700 1154000 00501 00511 4
20100502020000 214 046 209 038 201 045 0148 206 060 203 067 0143 0000 0261 0261 0200 0240 0101 058 058 0200 196 0172 10028 10030 0101 10027 0133 0357 0358 0159 0307 0101 0411 0414 0159 0339 0101 0232 0196 0177 0171 0150 0133 0126 0133 0000 10087 ///// ///// ////
000000000000000000000000000000000000000000000000000000000000000000000000000000000000000000000000000000000000000000000000
150 000 000 /// //// //////////////////////// /// //// 6///1 0//// 7//// 1//// 2//// 3//// /// /// /// // 911// 915// 919// 934// 939//=
58008 342800 1152000 00544 00592 4
20100502020000 206 023 199 030 189 039 0144 203 024 192 078 0140 0000 0256 0256 0200 0233 0101 062 062 0157 203 0178 10014 10016 0118 10013 0145 0383 0384 0153 0333 0101 0349 0349 0200 0292 0101 0233 0191 0175 0167 0147 0134 0122 0129 //// 10083 ///// ///// ////
000000000000000000000000000000000000000000000000000000000000000000000000000000000000000000000000000000000000000000000000=
58004 343900 1150900 00606 00616 4
20100502020000 206 034 205 029 209 031 0153 147 027 173 065 0136 0000 0254 0255 0158 0234 0101 063 063 0158 204 0178 10008 10010 0116 10007 0153 0340 0355 0143 0309 0115 0353 0355 0158 0293 0101 0241 0204 0183 0179 0160 0138 0126 0129 //// 10080 ///// ///// ////
000000000000000000000000000000000000000000000000000000000000000000000000000000000000000000000000000000000000000000000000=
54817 355900 1155200 00421 00434 4
20100502020000 179 040 185 039 187 045 0106 187 050 187 098 0103 0000 0252 0252 0200 0235 0101 070 069 0156 224 0193 10012 10013 0101 10011 0146 0306 0306 0200 0267 0112 0395 0395 0200 0329 0111 0229 0189 0176 0168 0139 0120 0111 0113 //// 10062 ///// ///// ////
000000000000000000000000000000000000000000000000000000000000000000000000000000000000000000000000000000000000000000000000=
54902 355400 1150700 00495 00499 4
20100502020000 197 048 196 049 197 055 0122 189 039 201 093 0121 0000 0258 0258 0200 0238 0101 061 061 0154 203 0177 09996 09996 0154 09995 0130 0325 0327 0157 0294 0108 0391 0391 0200 0315 0101 0227 0191 0176 0172 0144 0118 0110 0115 //// 10054 ///// ///// ////
000000000000000000000000000000000000000000000000000000000000000000000000000000000000000000000000000000000000000000000000=
54900 354200 1150100 00537 00541 4
20100502020000 189 046 185 038 189 045 0101 209 038 181 067 0149 0000 0260 0261 0159 0235 0101 064 064 0200 215 0187 09995 09996 0109 09994 0132 0351 0353 0159 0291 0101 0389 0389 0200 0312 0101 0233 0192 0176 0171 0159 0131 0114 0115 //// 10058 ///// ///// ////
000000000000000000000000000000000000000000000000000000000000000000000000000000000000000000000000000000000000000000000000=
54901 360500 1151000 00475 00478 4
20100502020000 198 054 197 060 197 067 0148 198 055 189 098 0153 0000 0254 0254 0200 0229 0101 063 062 0149 204 0178 09995 09997 0108 09994 0139 0300 0300 0200 0269 0101 0368 0368 0200 0303 0101 0230 0190 0173 0167 0157 0134 0115 0115 //// 10050 ///// ///// ////
000000000000000000000000000000000000000000000000000000000000000000000000000000000000000000000000000000000000000000000000=
54903 355100 1152900 00457 00506 4
20100502020000 215 049 201 052 204 057 0102 220 061 209 093 0129 0000 0254 0254 0159 0236 0101 061 061 0157 198 0173 10000 10000 0200 09998 0115 0333 0338 0159 0296 0103 0371 0371 0159 0306 0101 0226 0191 0177 0171 0154 0130 0117 0116 //// 10058 ///// ///// ////
000000000000000000000000000000000000000000000000000000000000000000000000000000000000000000000000000000000000000000000000=
57184 333800 1132200 00834 00847 4
20100502020000 175 018 192 023 196 027 0154 153 020 228 054 0154 0000 0261 0261 0200 0252 0101 066 064 0142 223 0193 09981 09983 0101 09981 0200 0265 0265 0152 0245 0101 0423 0425 0159 0369 0101 0257 0216 0202 0198 0141 0132 0126 0133 //// 10079 ///// ///// ////
000000000000000000000000000000000000000000000000000000000000000000000000000000000000000000000000000000000000000000000000=
57177 332000 1133200 00898 00913 4
20100502020000 238 040 238 036 234 037 0101 249 037 254 075 0159 0000 0271 0273 0154 0257 0101 055 054 0157 197 0173 09977 09979 0109 09977 0200 0375 0399 0153 0342 0121 0379 0380 0156 0320 0101 0233 0213 0187 0193 0166 0144 0130 0125 //// 10082 ///// ///// ////
000000000000000000000000000000000000000000000000000000000000000000000000000000000000000000000000000000000000000000000000=
57075 341000 1125200 02031 02043 4
20100502020000 111 024 112 022 117 022 0152 118 023 121 032 0149 0000 0245 0245 0200 0231 0101 070 068 0141 215 0187 09847 09850 0101 09846 0134 0346 0348 0156 0312 0101 0415 0419 0155 0368 0101 0271 0216 0196 0188 0194 0160 0132 0126 //// 10082 ///// ///// ////
000000000000000000000000000000000000000000000000000000000000000000000000000000000000000000000000000000000000000000000000=
57173 334500 1125300 01457 01468 4
20100502020000 184 031 182 028 181 029 0147 195 028 159 046 0146 0000 0263 0263 0200 0239 0101 059 058 0159 202 0177 09905 09910 0101 09905 0200 0383 0383 0156 0331 0101 0445 0451 0156 0372 0101 0249 0214 0203 0197 0168 0145 0130 0135 //// 10074 ///// ///// ////
000000000000000000000000000000000000000000000000000000000000000000000000000000000000000000000000000000000000000000000000=
57180 335900 1131200 01175 01186 4
20100502020000 252 021 236 023 229 027 0142 272 017 234 040 0141 0000 0250 0250 0200 0233 0101 072 071 0158 228 0196 09943 09945 0101 09942 0152 0346 0349 0153 0318 0108 0426 0426 0200 0344 0101 0251 0207 0193 0189 0160 0142 0129 0133 //// 10081 ///// ///// ////
000000000000000000000000000000000000000000000000000000000000000000000000000000000000000000000000000000000000000000000000=
57181 335300 1130300 01364 01380 4
20100502020000 178 032 198 024 188 031 0129 195 037 187 045 0147 0000 0260 0260 0200 0236 0101 069 069 0200 232 0199 09923 09927 0103 09923 0159 0359 0359 0200 0307 0104 0450 0450 0200 0371 0101 0263 0214 0199 0196 0169 0145 0129 0132 //// 10082 ///// ///// ////
000000000000000000000000000000000000000000000000000000000000000000000000000000000000000000000000000000000000000000000000=
57175 330300 1121400 01914 01922 4
20100502020000 249 032 255 032 279 042 0150 226 035 271 070 0134 0000 0247 0247 0200 0224 0101 071 071 0157 221 0191 09880 09881 0103 09880 0114 0390 0390 0200 0298 0101 0398 0398 0200 0332 0101 0242 0209 0199 0197 0160 0145 0133 0139 //// 10103 ///// ///// ////
000000000000000000000000000000000000000000000000000000000000000000000000000000000000000000000000000000000000000000000000=
57156 331800 1113000 02503 02523 4
20100502020000 214 010 240 007 295 022 0104 195 009 313 029 0101 0000 0245 0245 0200 0216 0101 058 058 0200 178 0157 09813 09816 0102 09813 0153 0311 0311 0200 0243 0101 0365 0365 0200 0284 0101 0244 0209 0201 0198 0179 0157 0138 0143 //// 10102 ///// ///// ////
000000000000000000000000000000000000000000000000000000000000000000000000000000000000000000000000000000000000000000000000=
57271 323300 1122300 00879 00897 4
20100502020000 235 033 228 032 222 041 0133 220 037 226 059 0129 0000 0250 0250 0158 0230 0101 075 075 0200 238 0203 10002 10004 0121 10002 0146 0363 0365 0158 0324 0107 0385 0386 0158 0324 0103 0249 0215 0205 0203 0164 0143 0135 0139 //// 10106 ///// ///// ////
000000000000000000000000000000000000000000000000000000000000000000000000000000000000000000000000000000000000000000000000=
57261 330700 1113100 02330 02345 4
20100502020000 091 011 104 010 093 013 0101 093 010 152 019 0133 0000 0256 0257 0159 0222 0101 062 060 0159 203 0178 09824 09828 0101 09824 0200 0358 0358 0155 0287 0101 0401 0401 0200 0306 0101 0249 0221 0211 0208 0196 0167 0148 //// //// 10092 ///// ///// ////
000000000000000000000000000000000000000000000000000000000000000000000000000000000000000000000000000000000000000000000000=
57285 322300 1132500 01530 01492 4
20100502020000 193 040 201 038 201 038 0159 173 035 203 065 0140 0000 0278 0278 0156 0264 0101 053 052 0152 198 0173 09930 09930 0113 09928 0128 0302 0304 0152 0269 0101 0386 0387 0156 0326 0101 0264 0225 0209 0203 0158 0141 0130 0135 //// ///// ///// ///// ////
////////////////////////////////////////////////////////////////////////////////////////////////////////////////////////=
57273 324100 1125100 01095 01105 4
20100502020000 243 039 228 041 237 050 0139 215 033 248 095 0131 0000 0254 0254 0200 0243 0102 065 064 0159 211 0183 09973 09974 0154 09972 0115 0331 0331 0200 0305 0101 0393 0394 0159 0331 0101 0243 0217 0206 0204 0171 0150 0135 0138 //// 10100 ///// ///// ////
000000000000000000000000000000000000000000000000000000000000000000000000000000000000000000000000000000000000000000000000=
57187 330400 1125600 01180 01193 4
20100502020000 209 062 215 059 219 067 0151 206 076 212 090 0144 0000 0246 0246 0200 0231 0101 073 072 0134 226 0194 09951 09953 0101 09950 0118 0330 0331 0154 0298 0102 0372 0372 0200 0307 0101 0243 0201 0199 0197 0184 0156 0138 0137 //// 10089 ///// ///// ////
000000000000000000000000000000000000000000000000000000000000000000000000000000000000000000000000000000000000000000000000=
57178 330200 1123500 01292 01305 4
20100502020000 214 036 213 033 214 037 0140 208 031 231 058 0102 0000 0246 0246 0200 0227 0104 069 069 0200 213 0185 09949 09950 0102 09948 0115 0361 0375 0157 0326 0109 0421 0421 0200 0345 0102 0239 0212 0200 0194 0167 0145 0133 0134 0002 10100 ///// ///// ////
000000000000000000000000000000000000000000000000000000000000000000000000000000000000000000000000000000000000000000000000
110 000 000 /// //// //////////////////////// /// //// 6///1 0//// 7//// 1//// 2//// 3//// /// /// /// // 911// 915// 919// 934// 939//=
57169 330300 1115200 01591 01600 4
20100502020000 157 006 120 005 238 011 0106 181 005 040 019 0148 0000 0259 0259 0200 0231 0101 070 070 0200 234 0200 09917 09919 0117 09917 0158 0241 0241 0200 0212 0101 0421 0421 0200 0356 0101 0251 0211 0200 0196 0179 0151 0133 0135 //// 10102 ///// ///// ////
000000000000000000000000000000000000000000000000000000000000000000000000000000000000000000000000000000000000000000000000=
57176 332900 1122500 02311 02304 4
20100502020000 185 011 165 017 164 017 0159 147 006 167 027 0155 0000 0243 0243 0156 0222 0102 065 065 0149 197 0173 09830 09833 0101 09830 0200 0354 0359 0146 0317 0108 0385 0385 0200 0312 0101 0249 0215 0203 0199 0183 0160 0139 0137 //// 10095 ///// ///// ////
000000000000000000000000000000000000000000000000000000000000000000000000000000000000000000000000000000000000000000000000=
57179 331700 1130000 01604 01616 4
20100502020000 207 057 216 056 222 059 0145 195 060 232 090 0138 0000 0244 0244 0200 0224 0101 075 075 0200 229 0197 09909 09910 0107 09908 0159 0359 0361 0153 0316 0101 0371 0371 0200 0308 0101 0233 0206 0197 0195 0171 0145 0129 0134 //// 10096 ///// ///// ////
000000000000000000000000000000000000000000000000000000000000000000000000000000000000000000000000000000000000000000000000=
57274 324200 1120700 01076 01088 4
20100502020000 221 022 198 020 224 023 0151 218 022 257 039 0128 0000 0248 0248 0200 0227 0101 068 068 0158 213 0185 09977 09979 0101 09976 0137 0382 0383 0151 0338 0102 0388 0388 0200 0316 0101 0254 0219 0207 0204 0201 0177 0148 0145 //// 10103 ///// ///// ////
000000000000000000000000000000000000000000000000000000000000000000000000000000000000000000000000000000000000000000000000=
57065 343000 1121100 01949 01964 4
20100502020000 284 017 287 019 263 026 0135 274 020 296 039 0128 0000 0247 0247 0200 0204 0101 044 044 0200 137 0116 09852 09855 0104 09852 0133 0236 0236 0200 0204 0101 0418 0418 0200 0331 0101 0246 0208 0197 0196 0164 0144 0133 0138 //// 10077 ///// ///// ////
000000000000000000000000000000000000000000000000000000000000000000000000000000000000000000000000000000000000000000000000=
57074 342500 1122500 01973 01989 4
20100502020000 192 014 198 018 198 018 0159 184 017 167 033 0157 0000 0262 0262 0200 0227 0101 052 052 0200 177 0156 09849 09852 0101 09849 0150 0346 0353 0158 0291 0101 0410 0410 0200 0332 0101 0241 0205 0194 0191 0159 0142 0128 0130 //// 10076 ///// ///// ////
000000000000000000000000000000000000000000000000000000000000000000000000000000000000000000000000000000000000000000000000=
57076 344400 1124700 01895 01901 4
20100502020000 226 030 236 029 272 034 0103 217 023 285 043 0101 0000 0240 0241 0150 0221 0101 058 056 0140 173 0152 09853 09856 0101 09852 0140 0306 0313 0144 0263 0101 0387 0387 0200 0307 0101 0229 0191 0177 0175 0155 0135 0121 0125 //// 10071 ///// ///// ////
000000000000000000000000000000000000000000000000000000000000000000000000000000000000000000000000000000000000000000000000=
57070 344400 1120700 03640 03595 4
20100502020000 248 047 248 041 248 041 0200 237 039 246 061 0159 0000 0271 0271 0200 0228 0101 039 039 0200 140 0120 09663 09666 0102 09663 0158 0353 0360 0154 0317 0102 0417 0417 0200 0339 0101 0221 0184 0176 0174 0167 0139 0122 0125 //// 10069 ///// ///// ////
000000000000000000000000000000000000000000000000000000000000000000000000000000000000000000000000000000000000000000000000=
57162 340900 1120500 03258 03275 4
20100502020000 076 013 113 015 113 015 0200 274 012 114 020 0157 0000 0256 0256 0200 0227 0101 052 048 0119 171 0150 09700 09704 0101 09700 0200 0289 0290 0151 0250 0101 0454 0454 0159 0365 0101 0249 0206 0197 0196 0159 0142 0128 0134 //// 10072 ///// ///// ////
000000000000000000000000000000000000000000000000000000000000000000000000000000000000000000000000000000000000000000000000=
57078 340900 1122800 03365 03340 4
20100502020000 276 005 053 005 205 008 0113 122 001 102 014 0145 0000 0252 0252 0200 0218 0101 050 050 0200 160 0140 09696 09700 0101 09696 0159 0466 0468 0159 0367 0101 0419 0419 0200 0327 0101 0247 0200 0185 0183 0147 0133 0124 0124 //// 10076 ///// ///// ////
000000000000000000000000000000000000000000000000000000000000000000000000000000000000000000000000000000000000000000000000=
57071 344900 1122600 03333 03332 4
20100502020000 138 026 139 021 156 030 0136 150 033 147 048 0130 0000 0251 0251 0200 0232 0101 047 047 0157 150 0130 09694 09697 0101 09694 0142 0374 0375 0156 0322 0102 0401 0401 0200 0326 0101 0230 0193 0182 0179 0172 0140 0121 0123 //// 10072 ///// ///// ////
000000000000000000000000000000000000000000000000000000000000000000000000000000000000000000000000000000000000000000000000=
57066 342300 1114000 03283 03298 4
20100502020000 186 008 262 010 255 016 0129 347 005 243 034 0122 0000 0262 0262 0200 0218 0101 049 049 0200 167 0147 09698 09702 0108 09698 0159 0328 0328 0200 0218 0101 0275 0283 0139 0215 0101 0184 0168 0167 0166 0152 0135 0120 0120 //// 10072 ///// ///// ////
000000000000000000000000000000000000000000000000000000000000000000000000000000000000000000000000000000000000000000000000=
57077 334700 1113900 07424 07388 4
20100502020000 218 016 251 016 283 029 0137 212 014 277 039 0136 0000 0267 0267 0200 0221 0101 034 034 0200 119 0096 09264 09267 0108 09264 0158 0399 0399 0200 0312 0101 0446 0446 0200 0343 0101 0230 0186 0172 0169 0156 0128 0113 0117 //// 10084 ///// ///// ////
000000000000000000000000000000000000000000000000000000000000000000000000000000000000000000000000000000000000000000000000=
57185 332700 1133500 00911 00921 4
20100502020000 210 041 217 036 235 050 0115 217 062 234 077 0105 0000 0271 0271 0200 0252 0101 056 056 0200 201 0176 09977 09978 0112 09977 0200 0350 0357 0155 0295 0101 0437 0437 0200 0359 0101 0241 0208 0197 0187 0174 0150 0129 0129 //// 10084 ///// ///// ////
000000000000000000000000000000000000000000000000000000000000000000000000000000000000000000000000000000000000000000000000=
57183 334800 1135500 00600 00615 4
20100502020000 232 032 240 032 240 032 0200 243 020 243 055 0136 0000 0250 0250 0200 0232 0101 071 071 0200 225 0194 10010 10012 0114 10010 0143 0340 0347 0150 0309 0101 0405 0405 0200 0337 0101 0227 0197 0187 0184 0176 0147 0127 0126 //// 10082 ///// ///// ////
000000000000000000000000000000000000000000000000000000000000000000000000000000000000000000000000000000000000000000000000=
57186 333600 1140300 00587 00598 4
20100502020000 195 038 203 036 200 039 0108 182 035 218 056 0119 0000 0265 0265 0200 0241 0101 067 067 0200 232 0199 10014 10016 0101 10013 0128 0367 0367 0200 0303 0101 0455 0455 0200 0369 0101 0250 0207 0192 0191 0177 0151 0133 0137 //// 10083 ///// ///// ////
000000000000000000000000000000000000000000000000000000000000000000000000000000000000000000000000000000000000000000000000=
57094 342400 1141300 00674 00685 4
20100502020000 210 035 205 033 213 037 0113 243 024 231 062 0125 0000 0249 0249 0200 0235 0101 070 070 0200 220 0191 09994 09997 0101 09994 0200 0317 0325 0156 0275 0101 0365 0367 0159 0301 0101 0247 0209 0193 0185 0174 0152 0129 0130 //// 10073 ///// ///// ////
000000000000000000000000000000000000000000000000000000000000000000000000000000000000000000000000000000000000000000000000=
57191 342900 1142900 00634 00642 4
20100502020000 214 012 245 014 202 016 0129 004 011 204 044 0128 0000 0268 0268 0200 0250 0101 062 060 0149 218 0189 10003 10006 0108 10003 0200 0358 0358 0200 0305 0101 0392 0398 0158 0328 0101 0257 0216 0198 0191 0166 0140 0124 0127 //// 10077 ///// ///// ////
000000000000000000000000000000000000000000000000000000000000000000000000000000000000000000000000000000000000000000000000=
57096 343200 1144700 00597 00607 4
20100502020000 210 037 211 035 217 035 0151 182 035 257 086 0138 0000 0266 0266 0200 0245 0101 058 058 0200 202 0177 10004 10007 0101 10004 0200 0329 0329 0200 0289 0101 0393 0393 0200 0324 0101 0247 0203 0184 0180 0159 0137 0125 0129 //// 10074 ///// ///// ////
000000000000000000000000000000000000000000000000000000000000000000000000000000000000000000000000000000000000000000000000=
57093 345100 1144900 00733 00740 4
20100502020000 212 053 221 055 219 066 0145 217 030 231 093 0141 0000 0260 0260 0200 0241 0101 062 062 0200 208 0182 09987 09990 0104 09987 0200 0324 0332 0158 0292 0102 0386 0388 0159 0324 0101 0242 0198 0183 0176 0165 0138 0123 0125 //// 10072 ///// ///// ////
000000000000000000000000000000000000000000000000000000000000000000000000000000000000000000000000000000000000000000000000=
57091 344700 1141800 00737 00748 4
20100502020000 216 044 219 052 218 066 0149 217 046 226 086 0122 0000 0251 0251 0200 0232 0101 062 062 0200 198 0173 09983 09986 0101 09982 0128 0327 0327 0200 0284 0101 0378 0378 0200 0314 0101 0241 0202 0188 0173 0164 0141 0124 0120 //// 10069 ///// ///// ////
000000000000000000000000000000000000000000000000000000000000000000000000000000000000000000000000000000000000000000000000=
53978 350500 1123800 01401 01409 4
20100502020000 283 006 267 010 237 012 0136 291 003 251 019 0134 0000 0259 0260 0147 0234 0101 045 045 0156 150 0131 09905 09909 0102 09905 0153 0339 0339 0200 0306 0101 0381 0381 0200 0309 0101 0231 0194 0179 0178 0139 0129 0124 0130 //// 10067 ///// ///// ////
000000000000000000000000000000000000000000000000000000000000000000000000000000000000000000000000000000000000000000000000=
53987 350600 1132500 00910 00918 4
20100502020000 240 031 248 034 253 043 0144 220 031 237 066 0139 0000 0256 0256 0200 0231 0101 051 051 0156 167 0147 09962 09964 0114 09961 0154 0357 0357 0200 0311 0101 0323 0323 0200 0266 0101 0234 0199 0185 0181 0167 0147 0133 0132 //// 10068 ///// ///// ////
000000000000000000000000000000000000000000000000000000000000000000000000000000000000000000000000000000000000000000000000=
57079 345700 1130200 01064 01069 4
20100502020000 262 044 266 046 269 051 0153 258 042 268 077 0148 0000 0248 0249 0156 0223 0101 054 051 0152 169 0149 09942 09947 0101 09941 0155 0327 0332 0154 0295 0106 0389 0389 0200 0320 0101 0210 0186 0178 0176 0173 0147 0127 0126 //// 10066 ///// ///// ////
000000000000000000000000000000000000000000000000000000000000000000000000000000000000000000000000000000000000000000000000=
57072 345500 1124500 01275 01285 4
20100502020000 217 033 230 029 242 033 0119 214 028 219 049 0112 0000 0253 0253 0200 0228 0101 047 043 0119 152 0132 09921 09925 0101 09921 0200 0336 0341 0158 0293 0101 0406 0407 0159 0324 0101 0223 0185 0174 0172 0142 0129 0117 0119 //// 10070 ///// ///// ////
000000000000000000000000000000000000000000000000000000000000000000000000000000000000000000000000000000000000000000000000=
53982 351400 1131600 01120 01135 4
20100502020000 260 028 238 031 238 031 0200 227 031 249 062 0128 0000 0274 0276 0155 0261 0101 037 037 0200 135 0114 09928 09932 0102 09928 0200 0339 0339 0200 0260 0101 0422 0424 0155 0354 0101 0238 0203 0190 0188 0167 0145 0131 0135 //// 10058 ///// ///// ////
000000000000000000000000000000000000000000000000000000000000000000000000000000000000000000000000000000000000000000000000=
53979 350900 1130500 01200 01211 4
20100502020000 260 039 257 035 257 035 0200 259 025 274 062 0159 0000 0254 0254 0200 0235 0102 049 049 0200 159 0139 09929 09933 0101 09928 0154 0337 0344 0157 0303 0104 0423 0431 0157 0361 0101 0242 0201 0190 0188 0152 0140 0128 0133 //// 10069 ///// ///// ////
000000000000000000000000000000000000000000000000000000000000000000000000000000000000000000000000000000000000000000000000=
53992 353900 1143100 00582 00592 4
20100502020000 211 061 214 063 216 065 0158 235 058 229 095 0124 0000 0249 0250 0156 0230 0101 059 058 0149 186 0163 09984 09984 0200 09983 0109 0301 0309 0146 0270 0101 0361 0361 0200 0299 0101 0231 0195 0184 0178 0147 0129 0116 0122 //// 10052 ///// ///// ////
000000000000000000000000000000000000000000000000000000000000000000000000000000000000000000000000000000000000000000000000=
53974 353700 1141100 00723 00739 4
20100502020000 213 045 220 048 215 054 0151 237 049 192 110 0146 0000 0263 0263 0200 0232 0101 051 050 0148 174 0154 09968 09971 0105 09967 0145 0306 0309 0159 0260 0102 0396 0396 0158 0331 0101 0249 0211 0198 0193 0164 0139 0124 0129 //// 10053 ///// ///// ////
000000000000000000000000000000000000000000000000000000000000000000000000000000000000000000000000000000000000000000000000=
53990 354300 1141900 00795 00805 4
20100502020000 199 088 195 086 195 086 0200 204 078 201 117 0159 0000 0247 0247 0200 0231 0101 059 058 0155 184 0162 09956 09957 0101 09956 0200 0310 0320 0153 0290 0101 0386 0403 0153 0351 0102 0243 0208 0194 0192 0178 0142 0118 0116 //// 10049 ///// ///// ////
000000000000000000000000000000000000000000000000000000000000000000000000000000000000000000000000000000000000000000000000=
53991 355600 1142100 00743 00753 4
20100502020000 234 020 227 021 213 023 0155 219 014 218 057 0120 0000 0268 0268 0200 0247 0101 048 048 0200 169 0149 09959 09961 0101 09959 0200 0362 0376 0150 0319 0105 0419 0419 0200 0350 0101 0244 0202 0181 0181 0159 0136 0120 0123 //// 10046 ///// ///// ////
000000000000000000000000000000000000000000000000000000000000000000000000000000000000000000000000000000000000000000000000=
53889 360400 1134900 03068 03086 4
20100502020000 084 023 085 023 088 026 0152 071 021 077 036 0152 0000 0312 0312 0200 0253 0101 025 025 0200 114 0089 09692 09695 0101 09691 0159 0406 0416 0157 0366 0101 0460 0460 0200 0357 0101 0291 0240 0212 0196 0145 0124 0121 0107 //// 10039 ///// ///// ////
000000000000000000000000000000000000000000000000000000000000000000000000000000000000000000000000000000000000000000000000=
53995 353300 1143000 00625 00645 4
20100502020000 206 052 204 054 203 058 0144 181 040 203 087 0150 0000 0253 0253 0200 0234 0101 058 058 0159 187 0164 09981 09985 0103 09981 0156 0327 0331 0151 0297 0103 0384 0384 0200 0319 0101 0255 0216 0195 0188 0168 0143 0123 0123 //// 10056 ///// ///// ////
000000000000000000000000000000000000000000000000000000000000000000000000000000000000000000000000000000000000000000000000=
NNNN
