57290 330000 1140100 00827 00838 4
20100501130000 091 003 078 004 078 004 1300 175 013 175 013 1300 0000 0230 0230 1201 0224 1247 073 073 1300 205 0179 10008 10008 1300 10003 1203 0157 0162 1202 0156 1254 0210 0222 1201 0209 1255 0241 0248 0239 0226 0167 0145 0130 0135 //// 10105 ///// ///// ////
000000000000000000000000000000000000000000000000000000000000000000000000000000000000000000000000000000000000000000000000=
57188 332200 1140200 00559 00568 4
20100501130000 144 014 150 012 161 017 1225 150 013 147 029 1221 0000 0213 0223 1201 0213 1300 072 071 1243 182 0161 10038 10038 1300 10030 1201 0154 0162 1201 0153 1240 0185 0204 1201 0185 1300 0241 0243 0237 0218 0144 0131 0124 0134 //// 10104 ///// ///// ////
000000000000000000000000000000000000000000000000000000000000000000000000000000000000000000000000000000000000000000000000=
57293 324400 1145900 00380 00391 4
20100501130000 130 017 139 014 139 014 1300 141 019 113 020 1236 0000 0195 0215 1201 0194 1254 089 079 1201 202 0176 10065 10065 1300 10058 1202 0182 0191 1201 0181 1254 0208 0222 1201 0208 1300 0243 0248 0239 0221 0177 0154 0135 0136 //// 10111 ///// ///// ////
000000000000000000000000000000000000000000000000000000000000000000000000000000000000000000000000000000000000000000000000=
57281 324200 1131800 01422 01431 4
20100501130000 064 004 114 004 108 014 1224 032 005 102 021 1223 0000 0211 0225 1201 0211 1300 080 076 1201 200 0175 09945 09945 1259 09937 1201 0181 0183 1225 0171 1247 0201 0214 1201 0201 1259 0237 0243 0237 0223 0160 0136 0129 0134 //// 10112 ///// ///// ////
000000000000000000000000000000000000000000000000000000000000000000000000000000000000000000000000000000000000000000000000=
57196 332800 1145200 00420 00428 4
20100501130000 160 017 151 014 146 014 1232 147 020 161 021 1259 0000 0182 0202 1201 0182 1300 089 081 1205 186 0164 10056 10056 1300 10051 1216 0139 0151 1201 0138 1256 0179 0198 1201 0179 1300 0221 0228 0219 0202 0146 0134 0127 0132 //// 10106 ///// ///// ////
000000000000000000000000000000000000000000000000000000000000000000000000000000000000000000000000000000000000000000000000=
57192 334400 1145100 00455 00466 4
20100501130000 167 014 179 012 179 012 1300 155 019 173 020 1232 0000 0229 0238 1201 0229 1300 069 063 1201 193 0169 10049 10049 1300 10045 1202 0179 0181 1205 0173 1245 0208 0225 1201 0208 1300 0243 0251 0239 0219 0166 0147 0133 0140 //// 10103 ///// ///// ////
000000000000000000000000000000000000000000000000000000000000000000000000000000000000000000000000000000000000000000000000=
58100 333900 1151000 00414 00424 4
20100501130000 159 016 161 016 162 017 1258 155 018 159 023 1255 0000 0231 0241 1201 0231 1300 068 065 1201 192 0169 10056 10056 1300 10052 1201 0220 0222 1211 0212 1244 0210 0224 1201 0210 1244 0247 0259 0254 0237 0175 0152 0138 0141 //// 10106 ///// ///// ////
000000000000000000000000000000000000000000000000000000000000000000000000000000000000000000000000000000000000000000000000=
57089 340200 1135200 00668 00681 4
20100501130000 187 004 175 004 188 006 1202 178 004 091 020 1217 0000 0232 0239 1201 0232 1300 066 063 1201 188 0165 10020 10020 1300 10015 1201 0184 0198 1221 0179 1249 0199 0212 1201 0199 1254 0221 0228 0224 0213 0157 0136 0127 0132 //// 10099 ///// ///// ////
000000000000000000000000000000000000000000000000000000000000000000000000000000000000000000000000000000000000000000000000=
57087 341200 1134800 00877 00885 4
20100501130000 179 011 182 011 160 014 1247 170 010 138 019 1246 0000 0217 0233 1201 0216 1242 070 063 1201 182 0160 09995 09995 1300 09991 1201 0129 0151 1201 0129 1300 0178 0196 1201 0178 1300 0223 0234 0228 0214 0151 0134 0124 0128 //// 10098 ///// ///// ////
000000000000000000000000000000000000000000000000000000000000000000000000000000000000000000000000000000000000000000000000=
57296 322100 1144400 00489 00501 4
20100501130000 220 018 218 018 218 018 1258 211 014 217 035 1258 0000 0245 0257 1201 0245 1300 058 051 1201 178 0157 10052 10052 1300 10044 1205 0218 0230 1210 0209 1246 0210 0223 1201 0210 1246 0241 0247 0236 0221 0177 0153 0136 0133 //// 10110 ///// ///// ////
000000000000000000000000000000000000000000000000000000000000000000000000000000000000000000000000000000000000000000000000=
57396 313800 1145100 01287 01297 4
20100501130000 205 038 206 037 192 042 1228 209 037 200 057 1201 0000 0232 0243 1201 0232 1300 060 054 1201 171 0150 09965 09966 1253 09959 1201 0217 0228 1201 0217 1258 0211 0225 1201 0211 1300 0241 0248 0242 0223 0189 0152 //// //// //// 10115 ///// ///// ////
000000000000000000000000000000000000000000000000000000000000000000000000000000000000000000000000000000000000000000000000=
57390 314800 1140400 07335 07347 4
20100501130000 209 057 209 057 211 059 1248 192 060 211 106 1246 0000 0198 0202 1201 0198 1300 081 075 1201 187 0164 09299 09299 1300 09294 1201 0188 0193 1219 0187 1253 0179 0189 1201 0179 1300 0213 0218 0214 0199 0151 0127 //// //// //// 10126 ///// ///// ////
000000000000000000000000000000000000000000000000000000000000000000000000000000000000000000000000000000000000000000000000=
58207 321000 1150300 00428 00440 4
20100501130000 219 021 218 022 217 023 1258 217 020 209 036 1242 0000 0249 0260 1201 0249 1300 055 050 1201 173 0152 10058 10058 1300 10051 1204 0200 0201 1258 0175 1229 0225 0239 1201 0225 1300 0204 0228 0219 0207 0153 0143 0132 0139 //// 10109 ///// ///// ////
000000000000000000000000000000000000000000000000000000000000000000000000000000000000000000000000000000000000000000000000=
58205 322800 1152600 00349 00360 4
20100501130000 122 009 136 011 152 019 1225 127 010 150 025 1218 0000 0233 0237 1214 0233 1300 068 066 1243 194 0171 10070 10070 1300 10062 1201 0207 0232 1211 0207 1300 0214 0225 1201 0214 1300 0226 0233 0237 0233 0169 0152 0137 0126 //// 10112 ///// ///// ////
000000000000000000000000000000000000000000000000000000000000000000000000000000000000000000000000000000000000000000000000=
57299 320100 1145400 00494 00506 4
20100501130000 201 015 203 016 202 023 1243 181 016 189 035 1216 0000 0238 0252 1201 0238 1300 059 054 1201 174 0153 10052 10052 1300 10045 1201 0173 0197 1201 0173 1300 0208 0227 1201 0208 1300 0232 0243 0248 0246 0185 0151 0133 0131 //// 10111 ///// ///// ////
000000000000000000000000000000000000000000000000000000000000000000000000000000000000000000000000000000000000000000000000=
53997 350900 1141100 00711 00723 4
20100501130000 174 015 164 015 167 017 1225 161 014 161 029 1224 0000 0224 0235 1201 0223 1257 063 057 1201 171 0150 10007 10008 1259 10000 1201 0164 0177 1201 0164 1300 0189 0204 1201 0189 1257 0227 0232 0219 0208 0147 0133 0121 0125 //// 10091 ///// ///// ////
000000000000000000000000000000000000000000000000000000000000000000000000000000000000000000000000000000000000000000000000=
53994 352300 1140400 00700 00712 4
20100501130000 198 013 206 015 211 018 1255 181 019 208 027 1251 0000 0229 0230 1201 0223 1230 065 053 1201 181 0160 10006 10006 1300 09999 1201 0183 0190 1255 0153 1228 0186 0192 1201 0181 1241 0228 0238 0230 0209 0148 0130 0121 0129 //// 10089 ///// ///// ////
000000000000000000000000000000000000000000000000000000000000000000000000000000000000000000000000000000000000000000000000=
53985 352700 1134900 00964 00979 4
20100501130000 078 004 028 004 139 006 1249 035 005 164 017 1231 0000 0226 0245 1201 0226 1300 056 042 1201 153 0134 09978 09978 1300 09969 1201 0175 0206 1201 0175 1258 0190 0203 1201 0190 1300 0217 0221 0211 0197 0157 0134 0118 0122 //// 10092 ///// ///// ////
000000000000000000000000000000000000000000000000000000000000000000000000000000000000000000000000000000000000000000000000=
53983 350200 1142500 00696 00708 4
20100501130000 164 020 162 019 162 019 1300 164 022 170 026 1255 0000 0198 0210 1203 0198 1300 080 072 1201 185 0163 10012 10012 1300 10003 1201 0146 0156 1203 0145 1259 0174 0189 1201 0174 1259 0222 0235 0233 0223 0137 0126 0117 0125 //// 10095 ///// ///// ////
000000000000000000000000000000000000000000000000000000000000000000000000000000000000000000000000000000000000000000000000=
57171 334600 1130700 01420 01430 4
20100501130000 180 033 183 032 186 047 1201 178 031 195 050 1203 0000 0230 0233 1201 0228 1237 069 068 1201 194 0170 09932 09932 1300 09925 1201 0221 0225 1204 0218 1242 0211 0217 1201 0210 1250 0217 0229 0225 0215 0186 0159 0141 0137 //// 10098 ///// ///// ////
000000000000000000000000000000000000000000000000000000000000000000000000000000000000000000000000000000000000000000000000=
57093 345100 1144900 00733 00740 4
20100501130000 176 018 175 017 162 018 1226 192 026 184 033 1238 0000 0218 0224 1201 0218 1300 074 072 1201 193 0170 10011 10011 1300 10004 1206 0200 0209 1229 0188 1208 0188 0199 1201 0187 1258 0223 0227 0218 0200 0161 0135 0122 0124 //// 10098 ///// ///// ////
000000000000000000000000000000000000000000000000000000000000000000000000000000000000000000000000000000000000000000000000=
53984 351400 1132800 00827 00837 4
20100501130000 042 009 036 011 052 025 1205 043 012 043 041 1202 0000 0200 0217 1207 0200 1300 061 054 1206 143 0123 09992 09992 1300 09983 1201 0143 0165 1213 0143 1259 0185 0199 1205 0185 1259 0227 0232 0220 0209 0161 0139 0123 0125 //// 10090 ///// ///// ////
000000000000000000000000000000000000000000000000000000000000000000000000000000000000000000000000000000000000000000000000=
53972 350700 1125500 01196 01210 4
20100501130000 048 006 011 007 068 015 1211 040 005 074 023 1211 0000 0232 0255 1201 0232 1300 047 039 1202 134 0113 09945 09945 1300 09937 1201 0142 0159 1201 0142 1300 0182 0205 1201 0182 1300 0227 0233 0227 0211 0159 0142 0133 0138 //// 10086 ///// ///// ////
000000000000000000000000000000000000000000000000000000000000000000000000000000000000000000000000000000000000000000000000=
53993 355600 1145500 00516 00524 4
20100501130000 186 013 191 013 193 015 1222 146 018 166 028 1231 0000 0210 0218 1224 0210 1300 055 047 1202 137 0116 10022 10022 1300 10017 1201 0190 0204 1229 0184 1254 0171 0180 1229 0171 1257 0217 0226 0217 0201 0163 0134 0115 0114 //// 10083 ///// ///// ////
000000000000000000000000000000000000000000000000000000000000000000000000000000000000000000000000000000000000000000000000=
53898 360300 1142400 00629 00638 4
20100501130000 177 013 172 014 174 018 1234 161 013 181 030 1218 0000 0204 0213 1201 0204 1300 061 060 1234 146 0126 10007 10007 1300 10000 1201 0117 0140 1203 0117 1300 0175 0195 1201 0175 1300 0226 0230 0219 0199 0134 0120 0112 0119 //// 10082 ///// ///// ////
000000000000000000000000000000000000000000000000000000000000000000000000000000000000000000000000000000000000000000000000=
NNNN
