57188 332200 1140200 00559 00568 4
20100503150000 189 005 170 009 148 022 1408 173 004 161 034 1427 0000 0241 0245 1401 0239 1436 068 068 1459 204 0178 09982 09984 1411 09980 1434 0205 0213 1410 0205 1500 0220 0227 1401 0220 1500 0245 0244 0244 0232 0161 0137 0125 0134 //// 10047 ///// ///// ////
000000000000000000000000000000000000000000000000000000000000000000000000000000000000000000000000000000000000000000000000=
57281 324200 1131800 01422 01431 4
20100503150000 122 019 125 021 118 031 1434 102 015 113 050 1425 0000 0261 0268 1401 0261 1500 058 055 1401 196 0172 09881 09883 1408 09881 1435 0240 0248 1401 0238 1454 0230 0231 1420 0230 1500 0242 0244 0242 0235 0182 0147 0131 0135 //// 10042 ///// ///// ////
000000000000000000000000000000000000000000000000000000000000000000000000000000000000000000000000000000000000000000000000=
57196 332800 1145200 00420 00428 4
20100503150000 128 027 131 025 131 026 1455 127 031 161 041 1436 0000 0251 0255 1401 0251 1500 060 060 1500 191 0168 10001 10004 1401 10001 1500 0228 0232 1454 0212 1401 0214 0217 1401 0214 1436 0233 0240 0236 0225 0161 0139 0128 0132 //// 10050 ///// ///// ////
000000000000000000000000000000000000000000000000000000000000000000000000000000000000000000000000000000000000000000000000=
57099 340400 1145100 00526 00536 4
20100503150000 137 009 135 008 131 012 1419 062 013 110 025 1418 0000 0242 0246 1401 0242 1500 065 065 1500 196 0172 09989 09992 1404 09989 1500 0189 0192 1456 0185 1408 0212 0218 1401 0212 1500 0234 0242 0238 0230 0184 0147 0124 0132 //// 10050 ///// ///// ////
000000000000000000000000000000000000000000000000000000000000000000000000000000000000000000000000000000000000000000000000=
58104 332400 1150400 00412 00425 4
20100503150000 139 015 137 018 137 022 1455 136 016 119 032 1453 0000 0242 0247 1401 0240 1441 065 064 1401 196 0172 10004 10008 1415 10004 1500 0210 0212 1457 0203 1441 0216 0224 1401 0216 1453 0239 0249 0248 0239 0201 0153 0128 0135 //// 10053 ///// ///// ////
000000000000000000000000000000000000000000000000000000000000000000000000000000000000000000000000000000000000000000000000=
57198 333300 1143700 00463 00473 4
20100503150000 108 010 105 010 102 010 1457 110 013 110 013 1500 0000 0237 0243 1401 0237 1500 073 069 1401 214 0186 09995 09998 1401 09995 1500 0191 0191 1452 0182 1409 0225 0228 1401 0224 1424 0243 0252 0249 0241 0173 0149 0132 0139 //// 10049 ///// ///// ////
000000000000000000000000000000000000000000000000000000000000000000000000000000000000000000000000000000000000000000000000=
57192 334400 1145100 00455 00466 4
20100503150000 196 010 149 010 135 013 1429 347 006 147 031 1420 0000 0251 0259 1401 0251 1500 063 062 1401 201 0176 09997 10000 1401 09997 1500 0210 0216 1401 0209 1445 0234 0241 1401 0234 1441 0254 0261 0257 0244 0187 0155 0135 0141 //// 10050 ///// ///// ////
000000000000000000000000000000000000000000000000000000000000000000000000000000000000000000000000000000000000000000000000=
57190 334500 1142400 00505 00516 4
20100503150000 159 022 160 022 178 025 1406 161 024 178 034 1406 0000 0233 0242 1401 0233 1500 077 073 1401 220 0190 09987 09991 1411 09987 1500 0218 0220 1401 0209 1431 0214 0217 1401 0214 1430 0234 0239 0237 0227 0195 0152 0129 0132 //// 10046 ///// ///// ////
000000000000000000000000000000000000000000000000000000000000000000000000000000000000000000000000000000000000000000000000=
58100 333900 1151000 00414 00424 4
20100503150000 152 018 153 019 153 020 1459 142 014 164 034 1458 0000 0256 0263 1401 0256 1500 059 056 1401 194 0170 10004 10007 1418 10004 1500 0250 0254 1401 0247 1450 0238 0244 1401 0236 1450 0258 0267 0267 0258 0200 0163 0140 0141 //// 10052 ///// ///// ////
000000000000000000000000000000000000000000000000000000000000000000000000000000000000000000000000000000000000000000000000=
57095 340700 1140900 00611 00622 4
20100503150000 135 020 145 018 149 019 1455 121 019 166 034 1458 0000 0245 0247 1401 0244 1427 076 076 1500 234 0200 09970 09974 1401 09970 1500 0202 0202 1459 0194 1418 0219 0220 1401 0219 1420 0235 0230 0241 0235 0178 0147 0127 0129 //// 10041 ///// ///// ////
000000000000000000000000000000000000000000000000000000000000000000000000000000000000000000000000000000000000000000000000=
57296 322100 1144400 00489 00501 4
20100503150000 153 014 164 014 174 025 1418 133 015 195 046 1417 0000 0267 0278 1401 0267 1500 050 045 1401 175 0154 09994 09997 1401 09994 1500 0237 0255 1401 0237 1447 0230 0237 1401 0229 1447 0245 0252 0248 0239 0198 0161 0138 0133 //// 10051 ///// ///// ////
000000000000000000000000000000000000000000000000000000000000000000000000000000000000000000000000000000000000000000000000=
57396 313800 1145100 01287 01297 4
20100503150000 161 007 179 010 158 016 1448 161 006 175 027 1448 0000 0244 0251 1410 0244 1500 056 051 1405 171 0151 09908 09911 1401 09908 1500 0221 0232 1434 0216 1407 0219 0221 1401 0219 1500 0239 0248 0248 0238 0212 0165 //// //// //// 10055 ///// ///// ////
000000000000000000000000000000000000000000000000000000000000000000000000000000000000000000000000000000000000000000000000=
58207 321000 1150300 00428 00440 4
20100503150000 131 015 131 016 151 021 1431 130 015 147 033 1425 0000 0253 0266 1401 0253 1500 051 046 1428 164 0144 10002 10006 1408 10002 1500 0207 0234 1401 0207 1500 0235 0241 1401 0235 1500 0213 0239 0235 0227 0174 0149 0134 0139 //// 10052 ///// ///// ////
000000000000000000000000000000000000000000000000000000000000000000000000000000000000000000000000000000000000000000000000=
58205 322800 1152600 00349 00360 4
20100503150000 121 013 125 012 147 015 1439 110 014 136 023 1435 0000 0240 0251 1439 0240 1500 059 053 1427 176 0155 10015 10018 1424 10015 1500 0208 0237 1426 0208 1500 0216 0228 1401 0216 1500 0233 0241 0247 0248 0186 0159 0139 0127 //// 10056 ///// ///// ////
000000000000000000000000000000000000000000000000000000000000000000000000000000000000000000000000000000000000000000000000=
57299 320100 1145400 00494 00506 4
20100503150000 128 022 128 021 128 023 1454 130 024 121 030 1451 0000 0258 0259 1451 0247 1401 051 051 1500 169 0149 09994 09999 1407 09994 1500 0204 0209 1453 0186 1414 0221 0222 1458 0220 1422 0233 0242 0247 0249 0207 0160 0136 0132 //// 10051 ///// ///// ////
000000000000000000000000000000000000000000000000000000000000000000000000000000000000000000000000000000000000000000000000=
53994 352300 1140400 00700 00712 4
20100503150000 184 015 184 015 180 018 1435 184 022 181 028 1434 0000 0245 0249 1401 0245 1500 075 073 1401 231 0198 09956 09960 1401 09956 1500 0215 0219 1455 0206 1418 0218 0220 1401 0217 1423 0231 0234 0230 0218 0170 0137 0122 0129 //// 10037 ///// ///// ////
000000000000000000000000000000000000000000000000000000000000000000000000000000000000000000000000000000000000000000000000=
53985 352700 1134900 00964 00979 4
20100503150000 182 008 153 008 135 008 1457 178 011 191 030 1456 0000 0261 0266 1401 0261 1500 067 065 1401 226 0195 09924 09929 1401 09924 1500 0226 0232 1445 0225 1429 0230 0233 1401 0230 1500 0230 0231 0223 0214 0180 0144 0120 0122 //// 10035 ///// ///// ////
000000000000000000000000000000000000000000000000000000000000000000000000000000000000000000000000000000000000000000000000=
53983 350200 1142500 00696 00708 4
20100503150000 147 019 147 021 155 024 1443 150 018 150 031 1450 0000 0228 0236 1401 0228 1500 082 078 1401 228 0196 09960 09964 1401 09960 1500 0194 0210 1401 0194 1500 0207 0222 1401 0207 1500 0236 0243 0241 0235 0157 0133 0118 0126 //// 10041 ///// ///// ////
000000000000000000000000000000000000000000000000000000000000000000000000000000000000000000000000000000000000000000000000=
57171 334600 1130700 01420 01430 4
20100503150000 150 044 145 044 145 044 1500 170 040 139 055 1448 0000 0247 0249 1415 0242 1446 071 070 1414 221 0191 09872 09875 1428 09871 1445 0241 0243 1401 0237 1445 0234 0234 1459 0231 1445 0230 0236 0235 0230 0211 0178 0145 0138 //// 10034 ///// ///// ////
000000000000000000000000000000000000000000000000000000000000000000000000000000000000000000000000000000000000000000000000=
57185 332700 1133500 00911 00921 4
20100503150000 158 019 156 021 159 025 1453 155 017 172 039 1449 0000 0246 0249 1401 0236 1432 061 060 1404 189 0166 09937 09938 1401 09936 1418 0214 0214 1500 0203 1431 0223 0226 1401 0220 1447 0244 0247 0245 0231 0191 0156 0131 0129 //// 10041 ///// ///// ////
000000000000000000000000000000000000000000000000000000000000000000000000000000000000000000000000000000000000000000000000=
57094 342400 1141300 00674 00685 4
20100503150000 187 014 182 015 178 020 1431 184 016 164 037 1418 0000 0249 0253 1401 0249 1500 073 072 1401 230 0197 09960 09964 1402 09960 1500 0217 0223 1412 0217 1500 0226 0230 1402 0226 1500 0240 0244 0244 0237 0194 0161 0131 0130 //// 10038 ///// ///// ////
000000000000000000000000000000000000000000000000000000000000000000000000000000000000000000000000000000000000000000000000=
57093 345100 1144900 00733 00740 4
20100503150000 157 024 165 022 162 029 1419 152 016 172 050 1459 0000 0252 0260 1401 0252 1500 065 060 1401 208 0182 09963 09964 1410 09962 1401 0240 0251 1401 0239 1456 0223 0232 1401 0223 1500 0238 0239 0235 0223 0186 0145 0124 0125 //// 10047 ///// ///// ////
000000000000000000000000000000000000000000000000000000000000000000000000000000000000000000000000000000000000000000000000=
53972 350700 1125500 01196 01210 4
20100503150000 102 010 098 011 089 012 1406 077 010 071 022 1442 0000 0259 0263 1401 0259 1500 066 063 1410 220 0191 09895 09895 1500 09893 1404 0200 0202 1412 0200 1500 0224 0229 1406 0224 1500 0234 0236 0233 0224 0179 0151 0134 0139 //// 10032 ///// ///// ////
000000000000000000000000000000000000000000000000000000000000000000000000000000000000000000000000000000000000000000000000=
53993 355600 1145500 00516 00524 4
20100503150000 184 011 172 012 172 012 1500 152 024 152 024 1500 0000 0242 0255 1401 0242 1500 070 066 1401 211 0184 09981 09982 1412 09981 1500 0229 0244 1403 0222 1438 0217 0227 1401 0216 1443 0234 0236 0229 0218 0191 0148 0117 0114 //// 10041 ///// ///// ////
000000000000000000000000000000000000000000000000000000000000000000000000000000000000000000000000000000000000000000000000=
NNNN
