57090 344300 1135800 00781 00802 4
20100326050000 229 027 198 020 186 033 0451 257 029 195 065 0442 0000 0157 0158 0445 0144 0406 033 030 0451 059 -005 10121 10130 0402 10121 0500 0286 0287 0459 0238 0422 0351 0351 0500 0324 0426 0187 0131 0105 0096 0094 0094 0088 0120 //// 10219 ///// ///// ////
000000000000000000000000000000000000000000000000000000000000000000000000000000000000000000000000000000000000000000000000=
57083 344300 1133900 01104 01116 4
20100326050000 336 020 350 017 316 027 0423 327 020 290 050 0422 0000 0162 0163 0458 0150 0407 024 024 0500 044 -044 10078 10089 0401 10078 0500 0478 0510 0413 0458 0426 0350 0352 0456 0329 0423 0173 0132 0107 0097 0094 0099 0103 0125 0002 10214 ///// ///// ////
000000000000000000000000000000000000000000000000000000000000000000000000000000000000000000000000000000000000000000000000
100 010 000 /// //// /////////////////////CSI /// //// 6///1 0//// 7//// 1//// 2//// 3//// /// /// /// // 911// 915// 919// 934// 939//=
57086 342300 1134300 01166 01168 4
20100326050000 193 027 206 032 187 039 0430 156 022 189 067 0434 0000 0142 0142 0500 0127 0401 044 042 0430 071 0021 10079 10090 0401 10079 0459 0270 0276 0440 0243 0452 0328 0330 0459 0296 0406 0185 0128 0101 0093 0093 0095 0095 0116 //// 10222 ///// ///// ////
000000000000000000000000000000000000000000000000000000000000000000000000000000000000000000000000000000000000000000000000=
57085 343200 1132000 02599 02648 4
20100326050000 010 013 331 013 270 019 0401 091 013 277 033 0428 0000 0157 0157 0500 0140 0403 021 021 0500 037 -066 09894 09906 0402 09894 0500 0260 0260 0500 0202 0402 0379 0379 0500 0335 0401 0196 0131 0104 0093 0096 0098 0095 0121 //// 10215 ///// ///// ////
000000000000000000000000000000000000000000000000000000000000000000000000000000000000000000000000000000000000000000000000=
57081 344800 1132600 01409 01419 4
20100326050000 340 008 333 011 295 016 0418 347 008 358 035 0444 0000 0140 0141 0459 0131 0401 019 018 0443 030 -093 10046 10058 0402 10046 0500 0254 0282 0401 0246 0457 0318 0341 0432 0316 0458 0180 0131 0106 0091 0086 0094 0097 0117 //// 10220 ///// ///// ////
000000000000000000000000000000000000000000000000000000000000000000000000000000000000000000000000000000000000000000000000=
57080 344400 1125800 01652 01661 4
20100326050000 246 010 247 016 198 026 0401 232 015 218 045 0421 0000 0136 0136 0458 0123 0401 023 017 0436 036 -071 10015 10030 0401 10015 0500 0249 0272 0425 0236 0451 0330 0348 0438 0314 0410 0165 0115 0093 0089 0085 0089 0090 0119 //// 10219 ///// ///// ////
000000000000000000000000000000000000000000000000000000000000000000000000000000000000000000000000000000000000000000000000=
57082 342800 1130100 04271 04284 4
20100326050000 196 019 195 013 219 019 0414 167 014 212 038 0432 0000 0156 0157 0457 0138 0401 015 015 0500 027 -109 09702 09714 0401 09702 0458 0275 0299 0450 0258 0429 0365 0372 0457 0335 0401 0184 0131 0101 0090 0090 0097 0101 //// //// 10216 ///// ///// ////
000000000000000000000000000000000000000000000000000000000000000000000000000000000000000000000000000000000000000000000000=
57295 323700 1142100 00785 00802 4
20100326050000 215 033 211 035 198 040 0401 189 048 223 070 0444 0000 0164 0164 0457 0144 0401 028 026 0457 052 -021 10133 10147 0403 10132 0459 0362 0365 0442 0327 0402 0283 0285 0453 0257 0401 0195 0126 0101 0090 0095 0099 0104 0127 //// 10231 ///// ///// ////
000000000000000000000000000000000000000000000000000000000000000000000000000000000000000000000000000000000000000000000000=
57189 330800 1135700 00646 00655 4
20100326050000 221 020 204 028 198 034 0421 212 024 201 057 0416 0000 0162 0162 0459 0148 0403 044 043 0445 081 0039 10147 10155 0402 10147 0453 0257 0266 0444 0236 0409 0297 0299 0452 0258 0402 0173 0125 0102 0089 0087 0096 0100 0122 //// 10228 ///// ///// ////
000000000000000000000000000000000000000000000000000000000000000000000000000000000000000000000000000000000000000000000000=
57194 331700 1141600 00598 00609 4
20100326050000 191 032 196 030 205 035 0426 218 039 206 063 0425 0000 0148 0149 0454 0136 0401 047 043 0415 079 0036 10152 10166 0401 10152 0458 0241 0249 0417 0222 0427 0298 0301 0451 0261 0401 0153 0114 0094 0085 0092 0094 0099 0126 //// 10227 ///// ///// ////
000000000000000000000000000000000000000000000000000000000000000000000000000000000000000000000000000000000000000000000000=
57294 325000 1140100 00836 00846 4
20100326050000 179 039 182 044 183 048 0455 195 035 187 072 0439 0000 0163 0164 0459 0151 0401 036 035 0448 067 0012 10119 10129 0401 10119 0456 0223 0228 0434 0210 0419 0273 0273 0500 0262 0405 0169 0120 0092 0084 0092 0104 0103 0118 //// 10223 ///// ///// ////
000000000000000000000000000000000000000000000000000000000000000000000000000000000000000000000000000000000000000000000000=
57195 333700 1143700 00466 00476 4
20100326050000 220 022 230 023 237 027 0444 187 021 245 051 0441 0000 0158 0159 0453 0148 0408 034 031 0455 061 0000 10172 10185 0402 10172 0500 0266 0286 0436 0249 0422 0340 0344 0451 0317 0406 0216 0143 0105 0093 0098 0099 0103 0141 //// 10230 ///// ///// ////
000000000000000000000000000000000000000000000000000000000000000000000000000000000000000000000000000000000000000000000000=
57193 334700 1143100 00526 00541 4
20100326050000 224 029 207 023 196 027 0417 218 016 184 056 0445 0000 0155 0155 0500 0146 0424 038 036 0401 067 0013 10164 10176 0401 10164 0459 0277 0304 0409 0270 0419 0331 0331 0500 0299 0446 0185 0135 0108 0094 0099 0102 0106 0130 //// 10231 ///// ///// ////
000000000000000000000000000000000000000000000000000000000000000000000000000000000000000000000000000000000000000000000000=
58101 335200 1152900 00413 00428 4
20100326050000 182 034 192 037 206 038 0431 263 019 192 069 0454 0000 0150 0153 0422 0144 0401 033 030 0427 056 -011 10183 10195 0403 10183 0500 0272 0278 0410 0255 0448 0336 0339 0453 0320 0404 0209 0132 0095 0085 0094 0098 0101 0130 //// 10236 ///// ///// ////
000000000000000000000000000000000000000000000000000000000000000000000000000000000000000000000000000000000000000000000000=
57098 340500 1142400 00583 00593 4
20100326050000 237 046 224 044 214 051 0434 219 042 215 077 0432 0000 0148 0150 0427 0141 0401 041 038 0402 069 0017 10154 10164 0401 10154 0500 0238 0262 0447 0236 0443 0241 0250 0456 0235 0401 0195 0139 0103 0091 0095 0098 0099 0129 //// 10227 ///// ///// ////
000000000000000000000000000000000000000000000000000000000000000000000000000000000000000000000000000000000000000000000000=
57088 340900 1133000 01161 01177 4
20100326050000 198 022 196 025 216 030 0411 228 026 206 051 0409 0000 0155 0155 0500 0140 0403 038 038 0500 067 0013 10076 10088 0401 10076 0500 0307 0307 0500 0277 0403 0413 0415 0455 0376 0402 0220 0142 0103 0093 0093 0100 0104 0126 //// 10220 ///// ///// ////
000000000000000000000000000000000000000000000000000000000000000000000000000000000000000000000000000000000000000000000000=
57182 335100 1133000 00805 00814 4
20100326050000 231 026 230 025 207 039 0432 223 025 209 065 0432 0000 0156 0158 0450 0146 0401 039 035 0413 069 0017 10121 10132 0401 10121 0500 0262 0269 0409 0244 0423 0408 0409 0458 0371 0423 0204 0130 0105 0099 0107 0106 0108 0139 //// 10221 ///// ///// ////
000000000000000000000000000000000000000000000000000000000000000000000000000000000000000000000000000000000000000000000000=
58207 321000 1150300 00428 00440 4
20100326050000 232 055 226 043 219 043 0421 228 067 228 067 0500 0000 0160 0162 0441 0152 0403 027 025 0401 049 -030 10183 10198 0401 10183 0500 0258 0274 0458 0252 0420 0198 0198 0500 0172 0401 0314 0132 0100 0089 0099 0109 0114 0137 //// 10237 ///// ///// ////
000000000000000000000000000000000000000000000000000000000000000000000000000000000000000000000000000000000000000000000000=
53986 351900 1135300 00732 00740 4
20100326050000 199 041 197 037 226 039 0426 192 040 198 074 0417 0000 0157 0157 0500 0145 0427 023 018 0413 041 -054 10125 10135 0405 10125 0458 0249 0285 0409 0249 0500 0330 0350 0410 0330 0500 0179 0128 0100 0090 0089 0095 0099 0127 //// 10216 ///// ///// ////
000000000000000000000000000000000000000000000000000000000000000000000000000000000000000000000000000000000000000000000000=
53994 352300 1140400 00700 00712 4
20100326050000 227 045 225 042 238 043 0410 217 043 237 071 0457 0000 0154 0159 0440 0146 0401 021 018 0458 037 -068 10126 10138 0401 10126 0500 0265 0310 0428 0265 0500 0394 0439 0429 0394 0500 0200 0125 0094 0084 0086 0091 0095 0127 //// 10213 ///// ///// ////
000000000000000000000000000000000000000000000000000000000000000000000000000000000000000000000000000000000000000000000000=
57051 344800 1111200 04099 04117 4
20100326050000 301 024 263 018 263 018 0500 302 020 291 033 0455 0000 0145 0145 0500 0129 0431 016 015 0450 026 -110 09725 09734 0401 09725 0454 0272 0291 0417 0252 0427 0326 0342 0425 0321 0401 0172 0115 0093 0085 0080 0087 0088 0114 //// 10221 ///// ///// ////
000000000000000000000000000000000000000000000000000000000000000000000000000000000000000000000000000000000000000000000000=
57063 344600 1114600 05236 05236 4
20100326050000 272 022 251 030 248 032 0457 277 023 240 053 0455 0000 0141 0141 0454 0120 0401 018 018 0458 029 -099 09591 09604 0401 09591 0500 0293 0304 0444 0263 0409 0369 0372 0448 0333 0401 0150 0093 0071 0068 0072 0077 0084 0110 //// 10223 ///// ///// ////
000000000000000000000000000000000000000000000000000000000000000000000000000000000000000000000000000000000000000000000000=
57067 340300 1110200 05688 05699 4
20100326050000 211 010 201 008 179 018 0413 209 014 189 030 0407 0000 0135 0135 0458 0118 0401 030 029 0459 046 -037 09538 09546 0401 09538 0500 0242 0261 0440 0210 0404 0242 0250 0432 0225 0401 0139 0089 0072 0073 0082 0092 0096 0122 //// 10225 ///// ///// ////
000000000000000000000000000000000000000000000000000000000000000000000000000000000000000000000000000000000000000000000000=
57056 343200 1105300 03904 03909 4
20100326050000 314 013 310 011 182 011 0420 327 019 327 019 0500 0000 0143 0143 0500 0124 0401 018 015 0455 029 -097 09753 09758 0401 09752 0450 0245 0257 0404 0230 0427 0295 0298 0455 0276 0427 0162 0110 0086 0083 0085 0090 0094 0118 //// 10227 ///// ///// ////
000000000000000000000000000000000000000000000000000000000000000000000000000000000000000000000000000000000000000000000000=
58007 340400 1151800 00472 00532 4
20100326050000 204 034 205 032 193 037 0428 209 033 192 064 0431 0000 0151 0151 0500 0142 0402 037 034 0433 063 0005 10167 10180 0401 10167 0500 0231 0241 0410 0217 0437 0341 0344 0451 0323 0401 0185 0124 0096 0088 0093 0100 0103 0131 //// 10233 ///// ///// ////
000000000000000000000000000000000000000000000000000000000000000000000000000000000000000000000000000000000000000000000000=
58006 342300 1155300 00463 00506 4
20100326050000 207 037 208 036 198 055 0420 226 030 215 085 0407 0000 0160 0160 0500 0144 0431 026 023 0432 047 -035 10174 10188 0404 10174 0457 0258 0258 0500 0230 0409 0317 0317 0500 0298 0402 0193 0131 0096 0082 0090 0094 0098 0126 //// 10237 ///// ///// ////
000000000000000000000000000000000000000000000000000000000000000000000000000000000000000000000000000000000000000000000000=
58111 335800 1162700 00325 00325 4
20100326050000 188 049 185 043 198 050 0435 187 031 164 089 0421 0000 0137 0142 0452 0129 0411 028 027 0459 044 -045 10204 10217 0401 10204 0454 0285 0317 0455 0285 0436 0263 0282 0456 0250 0410 0158 0114 0089 0080 0087 0097 0106 0138 //// 10244 ///// ///// ////
000000000000000000000000000000000000000000000000000000000000000000000000000000000000000000000000000000000000000000000000=
58017 341500 1160800 00410 00420 4
20100326050000 218 023 184 032 202 044 0412 195 021 226 084 0403 0000 0146 0147 0450 0136 0404 028 026 0437 047 -037 10182 10196 0401 10182 0459 0289 0289 0500 0251 0405 0311 0311 0500 0286 0406 0166 0117 0095 0087 0094 0097 0103 0127 //// 10234 ///// ///// ////
000000000000000000000000000000000000000000000000000000000000000000000000000000000000000000000000000000000000000000000000=
58001 342600 1150600 00563 00569 4
20100326050000 219 053 235 039 232 045 0452 215 059 229 081 0437 0000 0152 0152 0459 0141 0416 035 033 0428 060 -001 10157 10169 0401 10157 0500 0219 0236 0445 0210 0403 0243 0260 0420 0236 0404 0160 0112 0087 0076 0086 0089 0094 0126 //// 10227 ///// ///// ////
000000000000000000000000000000000000000000000000000000000000000000000000000000000000000000000000000000000000000000000000=
58005 342700 1154000 00501 00511 4
20100326050000 213 034 209 040 204 054 0401 209 032 211 086 0401 0000 0151 0156 0449 0145 0405 028 025 0403 048 -033 10168 10180 0401 10168 0500 0297 0325 0446 0290 0458 0322 0337 0447 0305 0401 0184 0130 0099 0087 0092 0098 0104 0132 0001 10231 ///// ///// ////
000000000000000000000000000000000000000000000000000000000000000000000000000000000000000000000000000000000000000000000000
160 000 000 /// //// //////////////////////// /// //// 6///1 0//// 7//// 1//// 2//// 3//// /// /// /// // 911// 915// 919// 934// 939//=
58008 342800 1152000 00544 00592 4
20100326050000 209 030 225 034 231 041 0433 257 036 257 081 0455 0000 0152 0152 0500 0142 0416 032 029 0415 055 -014 10155 10167 0402 10155 0459 0328 0365 0427 0310 0414 0254 0265 0425 0240 0414 0172 0117 0090 0076 0089 0094 0099 0129 //// 10228 ///// ///// ////
000000000000000000000000000000000000000000000000000000000000000000000000000000000000000000000000000000000000000000000000=
58004 343900 1150900 00606 00616 4
20100326050000 180 039 215 038 215 043 0406 181 045 189 077 0405 0000 0152 0152 0500 0143 0401 034 034 0451 059 -005 10148 10162 0402 10148 0500 0249 0253 0418 0228 0404 0304 0304 0500 0285 0401 0185 0133 0098 0088 0095 0100 0102 0126 //// 10224 ///// ///// ////
000000000000000000000000000000000000000000000000000000000000000000000000000000000000000000000000000000000000000000000000=
54817 355900 1155200 00421 00434 4
20100326050000 200 041 205 034 238 044 0430 206 032 240 086 0424 0000 0148 0149 0454 0137 0407 024 024 0500 040 -056 10163 10177 0404 10163 0459 0237 0241 0456 0199 0428 0318 0320 0456 0285 0428 0182 0115 0083 0069 0078 0078 0088 0115 //// 10217 ///// ///// ////
000000000000000000000000000000000000000000000000000000000000000000000000000000000000000000000000000000000000000000000000=
54900 354200 1150100 00537 00541 4
20100326050000 210 052 202 049 201 054 0452 232 063 198 089 0458 0000 0156 0156 0500 0139 0403 026 025 0450 046 -038 10147 10159 0402 10147 0500 0267 0288 0421 0259 0411 0348 0348 0500 0330 0402 0184 0119 0087 0079 0081 0082 0084 0110 //// 10214 ///// ///// ////
000000000000000000000000000000000000000000000000000000000000000000000000000000000000000000000000000000000000000000000000=
54901 360500 1151000 00475 00478 4
20100326050000 179 063 196 063 192 065 0434 189 055 187 094 0442 0000 0156 0157 0456 0143 0401 020 016 0443 035 -073 10149 10163 0404 10149 0459 0236 0248 0449 0223 0401 0313 0318 0457 0294 0401 0174 0115 0084 0074 0078 0081 0078 0105 //// 10208 ///// ///// ////
000000000000000000000000000000000000000000000000000000000000000000000000000000000000000000000000000000000000000000000000=
54903 355100 1152900 00457 00506 4
20100326050000 212 056 228 056 230 056 0458 192 049 206 101 0458 0000 0149 0151 0447 0135 0401 025 024 0453 042 -049 10152 10165 0403 10152 0454 0221 0243 0429 0211 0413 0318 0327 0449 0305 0404 0166 0112 0086 0078 0077 0081 0091 0114 //// 10214 ///// ///// ////
000000000000000000000000000000000000000000000000000000000000000000000000000000000000000000000000000000000000000000000000=
57184 333800 1132200 00834 00847 4
20100326050000 200 023 205 026 196 031 0455 184 014 182 063 0454 0000 0146 0146 0500 0135 0401 044 041 0440 073 0025 10118 10127 0402 10118 0500 0185 0198 0429 0181 0412 0296 0317 0428 0288 0401 0182 0125 0104 0095 0096 0102 0105 0129 //// 10222 ///// ///// ////
000000000000000000000000000000000000000000000000000000000000000000000000000000000000000000000000000000000000000000000000=
57177 332000 1133200 00898 00913 4
20100326050000 222 048 219 048 222 056 0439 211 036 214 082 0427 0000 0153 0155 0454 0139 0401 038 035 0427 066 0011 10113 10120 0401 10113 0500 0234 0252 0442 0218 0401 0245 0253 0453 0228 0402 0152 0121 0086 0088 0098 0103 0106 0121 //// 10226 ///// ///// ////
000000000000000000000000000000000000000000000000000000000000000000000000000000000000000000000000000000000000000000000000=
57075 341000 1125200 02031 02043 4
20100326050000 210 017 208 018 198 020 0457 234 023 228 034 0456 0000 0137 0139 0452 0129 0401 044 034 0450 069 0017 09973 09984 0401 09973 0500 0247 0249 0452 0216 0423 0376 0376 0500 0342 0407 0207 0137 0104 0089 0092 0100 0098 0117 //// 10223 ///// ///// ////
000000000000000000000000000000000000000000000000000000000000000000000000000000000000000000000000000000000000000000000000=
57173 334500 1125300 01457 01468 4
20100326050000 213 012 243 013 256 022 0418 150 010 116 045 0432 0000 0150 0150 0500 0142 0401 036 035 0437 061 0001 10040 10048 0405 10040 0500 0267 0284 0445 0249 0423 0338 0341 0418 0317 0401 0189 0129 0102 0091 0097 0102 0105 0133 //// 10219 ///// ///// ////
000000000000000000000000000000000000000000000000000000000000000000000000000000000000000000000000000000000000000000000000=
57180 335900 1131200 01175 01186 4
20100326050000 227 020 221 025 222 030 0453 277 019 211 047 0457 0000 0148 0149 0456 0138 0401 039 037 0425 066 0010 10074 10085 0401 10074 0500 0268 0276 0434 0237 0415 0396 0396 0500 0365 0410 0215 0138 0101 0090 0095 0099 0102 0130 //// 10220 ///// ///// ////
000000000000000000000000000000000000000000000000000000000000000000000000000000000000000000000000000000000000000000000000=
57181 335300 1130300 01364 01380 4
20100326050000 183 019 080 009 016 023 0418 175 014 279 056 0409 0000 0151 0151 0500 0138 0401 047 047 0500 081 0039 10056 10064 0407 10056 0459 0265 0267 0441 0236 0411 0372 0374 0459 0332 0411 0215 0138 0098 0088 0091 0100 0103 0129 //// 10226 ///// ///// ////
000000000000000000000000000000000000000000000000000000000000000000000000000000000000000000000000000000000000000000000000=
57171 334600 1130700 01420 01430 4
20100326050000 147 033 150 030 167 044 0404 152 045 186 065 0401 0000 0144 0144 0500 0133 0408 043 040 0423 070 0020 10044 10052 0406 10044 0500 0202 0215 0442 0187 0404 0306 0307 0440 0279 0403 0185 0135 0108 0099 0103 0110 0115 0125 //// 10219 ///// ///// ////
000000000000000000000000000000000000000000000000000000000000000000000000000000000000000000000000000000000000000000000000=
57175 330300 1121400 01914 01922 4
20100326050000 193 024 211 028 206 036 0423 226 022 223 066 0414 0000 0132 0134 0458 0121 0421 056 055 0455 085 0046 09998 10009 0401 09998 0456 0275 0286 0452 0263 0403 0339 0354 0452 0331 0403 0211 0145 0109 0100 0100 0107 0112 0138 //// 10235 ///// ///// ////
000000000000000000000000000000000000000000000000000000000000000000000000000000000000000000000000000000000000000000000000=
57156 331800 1113000 02503 02523 4
20100326050000 171 005 142 008 126 015 0450 170 003 128 029 0437 0000 0154 0154 0459 0140 0401 027 027 0459 047 -035 09918 09929 0401 09918 0459 0190 0200 0416 0181 0445 0316 0369 0420 0316 0500 0189 0130 0101 0093 0098 0109 0117 0142 //// 10224 ///// ///// ////
000000000000000000000000000000000000000000000000000000000000000000000000000000000000000000000000000000000000000000000000=
57271 323300 1122300 00879 00897 4
20100326050000 175 049 186 042 174 045 0455 187 047 181 066 0447 0000 0157 0158 0459 0146 0401 039 039 0455 070 0018 10121 10132 0403 10121 0456 0275 0281 0430 0261 0408 0322 0322 0500 0292 0401 0202 0138 0108 0099 0098 0105 0114 0138 //// 10231 ///// ///// ////
000000000000000000000000000000000000000000000000000000000000000000000000000000000000000000000000000000000000000000000000=
57261 330700 1113100 02330 02345 4
20100326050000 112 026 058 021 028 022 0433 109 029 031 041 0431 0000 0152 0152 0500 0136 0401 038 035 0407 066 0010 09933 09943 0401 09932 0454 0253 0272 0410 0243 0433 0281 0295 0455 0278 0401 0181 0135 0108 0096 0107 0119 0129 //// //// 10217 ///// ///// ////
000000000000000000000000000000000000000000000000000000000000000000000000000000000000000000000000000000000000000000000000=
57285 322300 1132500 01530 01492 4
20100326050000 187 041 192 038 206 049 0406 209 030 220 098 0419 0000 0171 0171 0500 0154 0403 028 027 0420 055 -015 10047 10059 0409 10047 0500 0297 0298 0459 0262 0403 0321 0321 0500 0283 0403 0187 0135 0108 0097 0100 0107 0110 0134 //// ///// ///// ///// ////
////////////////////////////////////////////////////////////////////////////////////////////////////////////////////////=
57273 324100 1125100 01095 01105 4
20100326050000 209 030 212 038 241 047 0423 234 027 237 081 0432 0000 0152 0152 0500 0141 0409 036 033 0407 062 0002 10093 10106 0401 10093 0500 0271 0274 0450 0250 0410 0315 0316 0456 0286 0409 0178 0129 0102 0095 0106 0110 0113 0136 //// 10228 ///// ///// ////
000000000000000000000000000000000000000000000000000000000000000000000000000000000000000000000000000000000000000000000000=
57187 330400 1125600 01180 01193 4
20100326050000 222 058 221 059 225 061 0436 226 067 209 091 0431 0000 0146 0149 0455 0131 0401 040 039 0456 066 0012 10074 10084 0401 10074 0500 0250 0250 0500 0212 0412 0324 0324 0500 0283 0401 0191 0123 0099 0092 0106 0110 0111 0132 //// 10220 ///// ///// ////
000000000000000000000000000000000000000000000000000000000000000000000000000000000000000000000000000000000000000000000000=
57169 330300 1115200 01591 01600 4
20100326050000 171 009 166 016 163 019 0457 136 020 195 030 0449 0000 0142 0142 0500 0127 0402 048 044 0429 078 0034 10034 10047 0401 10034 0500 0160 0160 0446 0145 0401 0281 0289 0427 0267 0402 0187 0132 0105 0094 0096 0105 0109 0132 //// 10230 ///// ///// ////
000000000000000000000000000000000000000000000000000000000000000000000000000000000000000000000000000000000000000000000000=
57176 332900 1122500 02311 02304 4
20100326050000 182 013 123 018 136 026 0416 293 013 088 040 0442 0000 0138 0139 0458 0122 0404 042 042 0500 066 0011 09947 09959 0401 09947 0500 0244 0264 0432 0218 0448 0266 0270 0433 0255 0401 0172 0128 0103 0092 0105 0111 0113 0130 //// 10228 ///// ///// ////
000000000000000000000000000000000000000000000000000000000000000000000000000000000000000000000000000000000000000000000000=
57179 331700 1130000 01604 01616 4
20100326050000 238 040 224 044 238 055 0422 234 034 251 088 0414 0000 0140 0140 0459 0124 0402 048 048 0426 077 0032 10031 10041 0401 10031 0500 0250 0261 0445 0223 0408 0271 0277 0455 0244 0404 0156 0109 0090 0085 0097 0104 0106 0132 //// 10229 ///// ///// ////
000000000000000000000000000000000000000000000000000000000000000000000000000000000000000000000000000000000000000000000000=
57274 324200 1120700 01076 01088 4
20100326050000 145 024 156 026 180 029 0438 136 024 147 054 0429 0000 0152 0152 0500 0135 0403 044 042 0431 076 0030 10096 10108 0401 10096 0500 0305 0320 0429 0298 0456 0329 0337 0450 0303 0402 0202 0148 0119 0106 0110 0114 0117 0140 //// 10230 ///// ///// ////
000000000000000000000000000000000000000000000000000000000000000000000000000000000000000000000000000000000000000000000000=
57065 343000 1121100 01949 01964 4
20100326050000 243 026 245 021 245 021 0500 251 035 251 035 0500 0000 0147 0147 0500 0128 0401 021 016 0425 035 -074 09979 09992 0401 09979 0500 0242 0246 0418 0234 0401 0368 0378 0448 0365 0438 0189 0129 0101 0094 0094 0102 0111 0138 //// 10219 ///// ///// ////
000000000000000000000000000000000000000000000000000000000000000000000000000000000000000000000000000000000000000000000000=
57074 342500 1122500 01973 01989 4
20100326050000 146 006 164 009 042 016 0418 243 004 035 034 0412 0000 0143 0143 0500 0129 0401 030 029 0455 049 -030 09979 09989 0401 09979 0500 0248 0271 0421 0230 0429 0355 0358 0450 0337 0404 0169 0118 0097 0093 0096 0102 0103 0125 //// 10222 ///// ///// ////
000000000000000000000000000000000000000000000000000000000000000000000000000000000000000000000000000000000000000000000000=
57070 344400 1120700 03640 03595 4
20100326050000 218 022 217 019 266 024 0431 201 011 234 041 0459 0000 0139 0141 0457 0123 0404 025 025 0459 040 -058 09782 09795 0401 09782 0459 0240 0264 0449 0220 0421 0348 0356 0452 0322 0402 0164 0107 0086 0082 0087 0092 0096 0122 //// 10216 ///// ///// ////
000000000000000000000000000000000000000000000000000000000000000000000000000000000000000000000000000000000000000000000000=
57162 340900 1120500 03258 03275 4
20100326050000 064 011 079 011 088 015 0401 071 008 071 024 0416 0000 0129 0129 0500 0111 0401 030 029 0401 045 -042 09822 09834 0401 09822 0500 0223 0232 0458 0177 0401 0302 0304 0456 0266 0401 0159 0108 0090 0087 0093 0097 0103 0132 //// 10219 ///// ///// ////
000000000000000000000000000000000000000000000000000000000000000000000000000000000000000000000000000000000000000000000000=
57078 340900 1122800 03365 03340 4
20100326050000 127 016 111 018 144 025 0426 122 019 147 040 0424 0000 0136 0136 0500 0120 0401 033 032 0457 051 -024 09814 09824 0401 09814 0500 0310 0319 0433 0291 0403 0307 0314 0440 0289 0401 0173 0112 0083 0078 0090 0097 0098 0118 //// 10219 ///// ///// ////
000000000000000000000000000000000000000000000000000000000000000000000000000000000000000000000000000000000000000000000000=
57071 344900 1122600 03333 03332 4
20100326050000 342 013 172 021 141 025 0457 032 015 111 048 0445 0000 0141 0142 0452 0124 0401 023 020 0441 037 -067 09816 09828 0401 09816 0500 0264 0268 0437 0240 0425 0361 0373 0437 0341 0401 0175 0117 0091 0083 0084 0088 0092 0119 //// 10219 ///// ///// ////
000000000000000000000000000000000000000000000000000000000000000000000000000000000000000000000000000000000000000000000000=
57066 342300 1114000 03283 03298 4
20100326050000 137 011 174 011 111 012 0431 099 014 113 025 0422 0000 0135 0135 0500 0116 0401 024 023 0420 037 -067 09819 09829 0401 09819 0500 0215 0244 0405 0203 0446 0242 0255 0436 0240 0456 0149 0096 0080 0079 0086 0091 0092 0116 //// 10219 ///// ///// ////
000000000000000000000000000000000000000000000000000000000000000000000000000000000000000000000000000000000000000000000000=
57077 334700 1113900 07424 07388 4
20100326050000 014 014 047 016 079 028 0445 341 014 105 050 0442 0000 0153 0156 0432 0146 0401 021 020 0458 036 -069 09342 09350 0401 09341 0453 0272 0309 0415 0235 0452 0258 0281 0411 0235 0452 0154 0100 0072 0064 0078 0085 0092 0115 //// 10214 ///// ///// ////
000000000000000000000000000000000000000000000000000000000000000000000000000000000000000000000000000000000000000000000000=
57183 334800 1135500 00600 00615 4
20100326050000 246 035 227 036 240 045 0406 229 038 240 061 0405 0000 0146 0148 0451 0137 0404 049 048 0424 081 0040 10148 10158 0401 10148 0500 0264 0275 0451 0244 0431 0296 0296 0500 0273 0403 0170 0123 0100 0093 0097 0099 0098 0122 //// 10224 ///// ///// ////
000000000000000000000000000000000000000000000000000000000000000000000000000000000000000000000000000000000000000000000000=
57186 333600 1140300 00587 00598 4
20100326050000 217 019 200 027 198 037 0434 201 021 170 056 0446 0000 0153 0154 0445 0142 0401 045 041 0425 078 0034 10152 10164 0401 10152 0500 0321 0323 0458 0287 0437 0373 0378 0457 0346 0414 0215 0143 0108 0098 0100 0103 0104 0133 //// 10225 ///// ///// ////
000000000000000000000000000000000000000000000000000000000000000000000000000000000000000000000000000000000000000000000000=
53978 350500 1123800 01401 01409 4
20100326050000 121 012 176 014 172 027 0431 071 005 184 041 0426 0000 0153 0154 0445 0143 0401 016 015 0451 028 -104 10040 10054 0401 10040 0500 0269 0275 0455 0225 0428 0333 0333 0500 0291 0428 0190 0139 0107 0097 0088 0093 0098 0125 //// 10213 ///// ///// ////
000000000000000000000000000000000000000000000000000000000000000000000000000000000000000000000000000000000000000000000000=
53987 350600 1132500 00910 00918 4
20100326050000 251 031 244 030 221 033 0451 277 022 218 057 0458 0000 0150 0152 0458 0135 0402 022 022 0500 037 -065 10106 10119 0402 10106 0500 0237 0269 0441 0224 0411 0325 0336 0442 0304 0407 0200 0145 0116 0102 0095 0099 0101 0127 //// 10219 ///// ///// ////
000000000000000000000000000000000000000000000000000000000000000000000000000000000000000000000000000000000000000000000000=
57079 345700 1130200 01064 01069 4
20100326050000 236 030 244 027 262 036 0406 237 033 246 049 0402 0000 0136 0138 0447 0125 0401 030 027 0442 047 -036 10083 10097 0401 10083 0500 0236 0247 0429 0203 0433 0334 0356 0429 0305 0448 0154 0114 0093 0087 0094 0096 0096 0120 //// 10215 ///// ///// ////
000000000000000000000000000000000000000000000000000000000000000000000000000000000000000000000000000000000000000000000000=
57072 345500 1124500 01275 01285 4
20100326050000 203 021 215 023 230 027 0426 220 019 217 041 0425 0000 0145 0145 0500 0132 0401 024 023 0412 040 -058 10058 10072 0401 10058 0500 0245 0245 0500 0197 0408 0357 0357 0500 0292 0411 0165 0112 0089 0083 0083 0087 0087 0113 //// 10216 ///// ///// ////
000000000000000000000000000000000000000000000000000000000000000000000000000000000000000000000000000000000000000000000000=
53982 351400 1131600 01120 01135 4
20100326050000 228 033 236 031 205 041 0418 220 041 201 068 0415 0000 0158 0159 0457 0147 0401 019 017 0455 034 -078 10071 10085 0401 10071 0500 0220 0223 0452 0206 0401 0357 0367 0441 0347 0401 0191 0141 0111 0102 0096 0098 0101 0131 //// 10209 ///// ///// ////
000000000000000000000000000000000000000000000000000000000000000000000000000000000000000000000000000000000000000000000000=
53979 350900 1130500 01200 01211 4
20100326050000 237 040 237 034 236 037 0415 239 041 236 058 0422 0000 0153 0153 0500 0140 0401 025 020 0449 043 -046 10068 10081 0401 10068 0500 0251 0269 0432 0237 0404 0398 0411 0432 0366 0401 0196 0131 0104 0097 0098 0100 0105 0131 //// 10216 ///// ///// ////
000000000000000000000000000000000000000000000000000000000000000000000000000000000000000000000000000000000000000000000000=
53974 353700 1141100 00723 00739 4
20100326050000 214 025 213 029 208 053 0408 192 018 226 103 0422 0000 0163 0164 0459 0150 0403 017 015 0403 031 -088 10119 10131 0401 10119 0500 0265 0272 0455 0244 0411 0351 0351 0500 0321 0403 0185 0129 0099 0089 0088 0092 0098 0124 //// 10209 ///// ///// ////
000000000000000000000000000000000000000000000000000000000000000000000000000000000000000000000000000000000000000000000000=
53990 354300 1141900 00795 00805 4
20100326050000 205 079 203 078 206 086 0403 198 083 215 117 0457 0000 0158 0160 0434 0150 0401 022 016 0403 039 -059 10108 10119 0401 10108 0500 0238 0243 0456 0214 0402 0379 0384 0452 0364 0402 0178 0120 0088 0082 0088 0085 0084 0110 //// 10207 ///// ///// ////
000000000000000000000000000000000000000000000000000000000000000000000000000000000000000000000000000000000000000000000000=
53889 360400 1134900 03068 03086 4
20100326050000 119 033 123 035 131 039 0457 139 033 227 066 0434 0000 0162 0162 0500 0157 0401 012 011 0415 022 -132 09827 09837 0401 09827 0500 0243 0272 0421 0232 0457 0379 0396 0430 0364 0401 0232 0180 0139 0110 0072 0076 0089 0098 //// 10200 ///// ///// ////
000000000000000000000000000000000000000000000000000000000000000000000000000000000000000000000000000000000000000000000000=
53995 353300 1143000 00625 00645 4
20100326050000 189 048 193 048 203 051 0454 206 038 218 080 0422 0000 0156 0156 0500 0140 0401 029 026 0416 051 -024 10132 10146 0403 10132 0459 0252 0254 0430 0240 0407 0362 0362 0500 0337 0401 0208 0143 0102 0086 0084 0088 0088 0116 //// 10211 ///// ///// ////
000000000000000000000000000000000000000000000000000000000000000000000000000000000000000000000000000000000000000000000000=
NNNN
