57090 344300 1135800 00781 00802 4
20100502130000 193 027 191 023 182 027 1216 153 015 198 058 1254 0000 0265 0269 1201 0265 1300 059 059 1250 204 0178 09946 09946 1259 09940 1201 0222 0233 1223 0218 1256 0225 0237 1201 0225 1259 0256 0259 0251 0240 0196 0157 0130 0131 //// 10038 ///// ///// ////
000000000000000000000000000000000000000000000000000000000000000000000000000000000000000000000000000000000000000000000000=
57083 344300 1133900 01104 01116 4
20100502130000 193 039 190 037 189 049 1217 217 037 205 081 1210 0000 0280 0288 1201 0280 1300 052 051 1201 197 0172 09904 09904 1300 09899 1201 0210 0222 1217 0210 1300 0233 0244 1201 0232 1258 0251 0253 0244 0232 0164 0140 0128 0131 0001 10030 ///// ///// ////
000000000000000000000000000000000000000000000000000000000000000000000000000000000000000000000000000000000000000000000000
130 000 000 /// //// //////////////////////// /// //// 6///1 0//// 7//// 1//// 2//// 3//// /// /// /// // 911// 915// 919// 934// 939//=
57086 342300 1134300 01166 01168 4
20100502130000 194 028 201 028 203 052 1201 223 030 209 078 1218 0000 0252 0258 1201 0252 1258 063 063 1300 202 0177 09910 09910 1300 09905 1221 0214 0227 1201 0213 1258 0224 0238 1201 0224 1259 0247 0248 0238 0222 0179 0141 0123 0124 //// 10044 ///// ///// ////
000000000000000000000000000000000000000000000000000000000000000000000000000000000000000000000000000000000000000000000000=
57085 343200 1132000 02599 02648 4
20100502130000 236 026 222 025 223 036 1227 218 030 198 064 1246 0000 0270 0275 1201 0269 1245 055 054 1225 196 0172 09748 09748 1300 09741 1201 0256 0263 1226 0252 1246 0228 0239 1201 0228 1300 0247 0249 0240 0222 0184 0147 0126 0129 //// 10047 ///// ///// ////
000000000000000000000000000000000000000000000000000000000000000000000000000000000000000000000000000000000000000000000000=
57081 344800 1132600 01409 01419 4
20100502130000 154 038 161 031 152 035 1208 156 027 167 074 1225 0000 0280 0288 1209 0280 1300 049 046 1210 185 0163 09865 09865 1258 09860 1204 0237 0248 1206 0235 1259 0238 0249 1203 0238 1258 0255 0257 0250 0228 0161 0141 0126 0122 //// 10026 ///// ///// ////
000000000000000000000000000000000000000000000000000000000000000000000000000000000000000000000000000000000000000000000000=
57084 343000 1130300 11784 11790 4
20100502130000 271 075 268 071 258 072 1247 286 067 262 094 1259 0000 0199 0208 1212 0199 1300 074 067 1209 172 0151 08777 08777 1300 08773 1202 0164 0168 1218 0163 1233 0177 0186 1201 0177 1259 0215 0227 0222 0205 0135 //// //// //// //// 10051 ///// ///// ////
000000000000000000000000000000000000000000000000000000000000000000000000000000000000000000000000000000000000000000000000=
57080 344400 1125800 01652 01661 4
20100502130000 167 036 168 040 165 041 1201 167 064 175 076 1252 0000 0303 0305 1254 0302 1201 031 028 1239 134 0113 09835 09835 1300 09830 1202 0238 0242 1202 0220 1237 0249 0262 1201 0247 1241 0267 0268 0255 0236 0163 0134 0120 0123 //// 10023 ///// ///// ////
000000000000000000000000000000000000000000000000000000000000000000000000000000000000000000000000000000000000000000000000=
57082 342800 1130100 04271 04284 4
20100502130000 284 011 259 012 259 012 1300 229 010 201 027 1253 0000 0251 0260 1203 0251 1252 057 054 1207 182 0160 09571 09571 1300 09565 1201 0223 0232 1204 0206 1248 0234 0250 1201 0234 1300 0265 0273 0266 0250 0174 0145 0127 //// //// 10050 ///// ///// ////
000000000000000000000000000000000000000000000000000000000000000000000000000000000000000000000000000000000000000000000000=
57295 323700 1142100 00785 00802 4
20100502130000 189 028 192 026 189 029 1210 170 028 192 055 1205 0000 0258 0271 1201 0258 1300 057 053 1201 189 0166 09975 09975 1300 09970 1201 0191 0207 1210 0191 1257 0234 0251 1201 0234 1259 0267 0261 0250 0233 0168 0146 0130 0132 //// 10067 ///// ///// ////
000000000000000000000000000000000000000000000000000000000000000000000000000000000000000000000000000000000000000000000000=
57189 330800 1135700 00646 00655 4
20100502130000 169 023 164 021 161 024 1246 144 019 158 047 1248 0000 0247 0250 1201 0242 1236 075 064 1201 233 0200 09982 09982 1300 09975 1201 0197 0197 1300 0178 1224 0228 0238 1201 0228 1300 0253 0256 0250 0238 0159 0137 0125 0127 //// 10057 ///// ///// ////
000000000000000000000000000000000000000000000000000000000000000000000000000000000000000000000000000000000000000000000000=
57194 331700 1141600 00598 00609 4
20100502130000 192 043 193 047 193 048 1258 195 046 218 083 1253 0000 0267 0270 1219 0266 1201 059 059 1259 207 0180 09988 09988 1300 09981 1201 0245 0247 1219 0232 1201 0237 0244 1216 0237 1257 0251 0253 0244 0229 0159 0136 0123 0127 //// 10058 ///// ///// ////
000000000000000000000000000000000000000000000000000000000000000000000000000000000000000000000000000000000000000000000000=
57197 330000 1142000 00489 00545 4
20100502130000 170 021 174 024 177 026 1222 187 017 206 047 1236 0000 0244 0265 1201 0244 1300 074 067 1201 226 0195 10000 10000 1300 09993 1201 0182 0210 1201 0179 1252 0221 0241 1201 0221 1300 0253 0254 0243 0227 0173 0146 0128 0129 //// 10063 ///// ///// ////
000000000000000000000000000000000000000000000000000000000000000000000000000000000000000000000000000000000000000000000000=
57294 325000 1140100 00836 00846 4
20100502130000 208 039 209 034 206 044 1226 220 033 209 079 1220 0000 0265 0279 1201 0265 1300 061 058 1233 211 0184 09963 09963 1300 09957 1201 0244 0260 1201 0244 1250 0244 0262 1201 0244 1300 0259 0256 0242 0221 0163 0145 0128 0126 //// 10060 ///// ///// ////
000000000000000000000000000000000000000000000000000000000000000000000000000000000000000000000000000000000000000000000000=
57292 325800 1143800 00444 00453 4
20100502130000 188 035 191 034 195 039 1250 187 050 201 077 1235 0000 0265 0272 1201 0265 1300 059 059 1250 204 0178 10014 10014 1300 10008 1201 0223 0236 1206 0223 1300 0238 0251 1201 0238 1300 0255 0256 0246 0233 0185 0151 0133 0135 //// 10066 ///// ///// ////
000000000000000000000000000000000000000000000000000000000000000000000000000000000000000000000000000000000000000000000000=
57195 333700 1143700 00466 00476 4
20100502130000 245 021 244 019 222 021 1241 212 030 206 045 1231 0000 0268 0275 1201 0268 1300 065 065 1300 229 0197 10003 10003 1300 09997 1201 0238 0242 1246 0221 1203 0241 0250 1201 0241 1300 0263 0268 0262 0246 0173 0144 0129 0141 //// 10058 ///// ///// ////
000000000000000000000000000000000000000000000000000000000000000000000000000000000000000000000000000000000000000000000000=
57193 334700 1143100 00526 00541 4
20100502130000 197 013 197 010 177 018 1235 187 010 203 044 1228 0000 0264 0268 1201 0264 1300 069 067 1226 237 0203 09995 09995 1300 09991 1201 0220 0227 1203 0220 1259 0232 0242 1202 0232 1300 0246 0249 0244 0232 0173 0146 0131 0132 //// 10057 ///// ///// ////
000000000000000000000000000000000000000000000000000000000000000000000000000000000000000000000000000000000000000000000000=
58104 332400 1150400 00412 00425 4
20100502130000 195 021 195 025 192 032 1211 178 019 223 050 1238 0000 0252 0259 1211 0252 1300 066 064 1239 212 0184 10015 10015 1300 10009 1201 0228 0241 1213 0226 1257 0228 0245 1201 0228 1300 0258 0266 0257 0240 0188 0147 0127 0135 //// 10064 ///// ///// ////
000000000000000000000000000000000000000000000000000000000000000000000000000000000000000000000000000000000000000000000000=
58101 335200 1152900 00413 00428 4
20100502130000 181 016 180 017 179 018 1226 195 009 189 040 1224 0000 0249 0259 1201 0249 1300 079 076 1201 249 0210 10013 10013 1300 10007 1203 0194 0212 1225 0194 1300 0219 0234 1201 0219 1300 0247 0242 0229 0213 0160 0140 0125 0131 //// 10062 ///// ///// ////
000000000000000000000000000000000000000000000000000000000000000000000000000000000000000000000000000000000000000000000000=
57098 340500 1142400 00583 00593 4
20100502130000 197 046 196 044 196 044 1300 198 070 198 070 1300 0000 0262 0263 1242 0258 1219 071 071 1300 241 0205 09979 09979 1300 09976 1201 0241 0242 1252 0226 1205 0218 0221 1201 0218 1258 0227 0231 0227 0217 0172 0142 0125 0130 //// 10047 ///// ///// ////
000000000000000000000000000000000000000000000000000000000000000000000000000000000000000000000000000000000000000000000000=
57190 334500 1142400 00505 00516 4
20100502130000 182 032 182 033 182 034 1243 200 028 194 049 1223 0000 0248 0254 1227 0248 1300 077 075 1224 241 0205 09995 09995 1300 09990 1201 0231 0239 1217 0230 1253 0222 0234 1201 0222 1300 0250 0253 0243 0225 0181 0146 0128 0132 //// 10054 ///// ///// ////
000000000000000000000000000000000000000000000000000000000000000000000000000000000000000000000000000000000000000000000000=
57088 340900 1133000 01161 01177 4
20100502130000 195 018 193 018 222 019 1223 192 015 231 029 1211 0000 0244 0267 1224 0244 1300 068 059 1219 208 0181 09913 09914 1250 09909 1201 0186 0205 1223 0185 1259 0212 0230 1201 0212 1300 0253 0261 0252 0236 0154 0135 0127 0131 //// 10048 ///// ///// ////
000000000000000000000000000000000000000000000000000000000000000000000000000000000000000000000000000000000000000000000000=
57089 340200 1135200 00668 00681 4
20100502130000 187 012 194 010 203 020 1239 187 012 218 036 1221 0000 0256 0263 1222 0256 1300 059 057 1241 194 0170 09973 09973 1300 09965 1201 0220 0236 1219 0220 1258 0222 0233 1201 0222 1300 0240 0246 0242 0229 0167 0139 0128 0132 //// 10051 ///// ///// ////
000000000000000000000000000000000000000000000000000000000000000000000000000000000000000000000000000000000000000000000000=
57182 335100 1133000 00805 00814 4
20100502130000 199 020 205 018 201 020 1234 209 024 217 033 1233 0000 0256 0261 1201 0253 1225 062 061 1201 203 0178 09956 09956 1300 09951 1201 0198 0217 1201 0198 1259 0220 0241 1201 0220 1300 0265 0270 0259 0235 0179 0151 0134 0139 //// 10049 ///// ///// ////
000000000000000000000000000000000000000000000000000000000000000000000000000000000000000000000000000000000000000000000000=
57087 341200 1134800 00877 00885 4
20100502130000 207 020 208 022 215 023 1239 194 015 217 032 1238 0000 0249 0266 1201 0249 1300 068 062 1201 214 0186 09947 09947 1300 09943 1204 0219 0226 1247 0207 1217 0219 0230 1201 0219 1300 0247 0253 0245 0230 0160 0137 0124 0128 //// 10049 ///// ///// ////
000000000000000000000000000000000000000000000000000000000000000000000000000000000000000000000000000000000000000000000000=
58301 314900 1152300 00916 00929 4
20100502130000 207 037 206 040 205 043 1249 232 032 215 059 1225 0000 0264 0271 1201 0263 1238 048 048 1300 165 0145 09976 09976 1300 09972 1201 0225 0233 1201 0222 1238 0232 0246 1201 0232 1300 0256 0260 0256 0244 0205 0166 0139 0134 //// 10082 ///// ///// ////
000000000000000000000000000000000000000000000000000000000000000000000000000000000000000000000000000000000000000000000000=
57298 321300 1143300 00554 00562 4
20100502130000 187 030 182 029 183 037 1236 192 028 188 060 1235 0000 0262 0267 1201 0261 1219 059 054 1202 201 0176 10007 10007 1300 10004 1201 0216 0220 1246 0200 1218 0231 0238 1201 0231 1300 0252 0252 0243 0226 0168 0145 0127 0137 //// 10072 ///// ///// ////
000000000000000000000000000000000000000000000000000000000000000000000000000000000000000000000000000000000000000000000000=
57390 314800 1140400 07335 07347 4
20100502130000 196 067 197 067 201 070 1229 184 068 228 149 1241 0000 0220 0224 1206 0220 1300 070 070 1300 185 0163 09270 09270 1300 09266 1214 0210 0216 1204 0209 1244 0194 0206 1201 0194 1258 0225 0229 0224 0209 0162 0132 //// //// //// 10091 ///// ///// ////
000000000000000000000000000000000000000000000000000000000000000000000000000000000000000000000000000000000000000000000000=
58208 321000 1153700 00429 00439 4
20100502130000 182 014 183 014 199 015 1231 146 010 197 027 1230 0000 0253 0263 1201 0253 1300 058 058 1300 187 0164 10027 10027 1300 10023 1201 0191 0218 1201 0188 1242 0225 0244 1201 0225 1300 0259 0272 0267 0256 0184 0160 0141 0142 //// 10077 ///// ///// ////
000000000000000000000000000000000000000000000000000000000000000000000000000000000000000000000000000000000000000000000000=
53986 351900 1135300 00732 00740 4
20100502130000 210 022 221 026 210 031 1228 218 030 195 050 1221 0000 0274 0279 1201 0274 1234 073 071 1201 266 0221 09949 09949 1300 09941 1202 0250 0256 1204 0244 1216 0235 0246 1201 0235 1300 0247 0245 0235 0223 0172 0142 0125 0130 //// 10033 ///// ///// ////
000000000000000000000000000000000000000000000000000000000000000000000000000000000000000000000000000000000000000000000000=
53998 351200 1143900 00616 00625 4
20100502130000 173 033 177 034 175 038 1232 164 027 187 065 1245 0000 0257 0265 1201 0257 1300 066 066 1300 218 0189 09965 09965 1300 09959 1201 0220 0228 1221 0220 1300 0227 0240 1201 0227 1300 0248 0248 0236 0219 0181 0145 0124 0130 //// 10037 ///// ///// ////
000000000000000000000000000000000000000000000000000000000000000000000000000000000000000000000000000000000000000000000000=
57051 344800 1111200 04099 04117 4
20100502130000 080 002 075 003 138 020 1218 074 006 119 042 1214 0000 0276 0301 1201 0276 1300 024 020 1228 089 0052 09565 09565 1300 09556 1201 0173 0220 1209 0173 1300 0208 0235 1202 0208 1300 0251 0256 0248 0232 0178 0134 0119 0120 //// 10026 ///// ///// ////
000000000000000000000000000000000000000000000000000000000000000000000000000000000000000000000000000000000000000000000000=
57063 344600 1114600 05236 05236 4
20100502130000 075 015 116 010 079 021 1209 074 014 085 028 1203 0000 0216 0252 1201 0215 1256 069 057 1201 178 0157 09450 09450 1300 09446 1201 0138 0170 1202 0138 1300 0201 0230 1201 0201 1300 0241 0242 0224 0201 0123 0113 0104 0111 //// 10037 ///// ///// ////
000000000000000000000000000000000000000000000000000000000000000000000000000000000000000000000000000000000000000000000000=
57067 340300 1110200 05688 05699 4
20100502130000 254 016 254 018 262 023 1251 254 019 268 038 1246 0000 0249 0254 1217 0249 1300 046 040 1215 145 0125 09412 09412 1300 09403 1202 0204 0207 1254 0185 1209 0231 0241 1201 0231 1300 0255 0256 0222 0243 0173 0149 0124 0125 //// 10051 ///// ///// ////
000000000000000000000000000000000000000000000000000000000000000000000000000000000000000000000000000000000000000000000000=
57056 343200 1105300 03904 03909 4
20100502130000 324 005 017 005 098 023 1231 021 014 125 043 1221 0000 0249 0267 1201 0249 1300 040 031 1201 126 0104 09587 09588 1256 09579 1201 0167 0179 1233 0167 1257 0219 0238 1201 0219 1300 0263 0274 0261 0241 0150 0131 0118 0121 //// 10026 ///// ///// ////
000000000000000000000000000000000000000000000000000000000000000000000000000000000000000000000000000000000000000000000000=
58007 340400 1151800 00472 00532 4
20100502130000 166 016 164 019 164 020 1259 150 011 175 033 1252 0000 0248 0252 1201 0248 1256 079 077 1201 247 0209 09996 09996 1300 09991 1202 0211 0217 1208 0208 1248 0221 0231 1204 0221 1300 0243 0243 0233 0218 0157 0139 0127 0132 //// 10057 ///// ///// ////
000000000000000000000000000000000000000000000000000000000000000000000000000000000000000000000000000000000000000000000000=
58006 342300 1155300 00463 00506 4
20100502130000 179 032 175 028 174 029 1259 173 038 173 048 1259 0000 0239 0242 1201 0238 1245 078 076 1202 231 0198 10002 10002 1300 09998 1202 0211 0211 1259 0198 1201 0213 0222 1201 0213 1300 0235 0244 0237 0223 0166 0140 0123 0127 //// 10060 ///// ///// ////
000000000000000000000000000000000000000000000000000000000000000000000000000000000000000000000000000000000000000000000000=
58111 335800 1162700 00325 00325 4
20100502130000 160 013 161 010 160 020 1202 167 011 156 047 1223 0000 0247 0259 1201 0247 1300 077 071 1201 240 0204 10032 10032 1300 10025 1201 0202 0208 1201 0202 1259 0217 0227 1201 0217 1300 0228 0231 0224 0212 0163 0140 0129 0138 //// 10070 ///// ///// ////
000000000000000000000000000000000000000000000000000000000000000000000000000000000000000000000000000000000000000000000000=
58017 341500 1160800 00410 00420 4
20100502130000 169 018 167 018 167 022 1204 150 009 139 051 1202 0000 0257 0263 1201 0257 1258 077 077 1226 254 0214 10010 10010 1300 10007 1201 0209 0217 1207 0207 1252 0220 0228 1201 0220 1258 0232 0232 0224 0212 0155 0140 0127 0129 //// 10058 ///// ///// ////
000000000000000000000000000000000000000000000000000000000000000000000000000000000000000000000000000000000000000000000000=
58001 342600 1150600 00563 00569 4
20100502130000 198 029 195 030 193 033 1226 192 021 178 051 1209 0000 0246 0253 1202 0246 1300 079 076 1201 244 0207 09983 09983 1300 09978 1203 0215 0222 1212 0215 1300 0213 0223 1201 0213 1300 0231 0233 0225 0211 0156 0131 0118 0126 //// 10049 ///// ///// ////
000000000000000000000000000000000000000000000000000000000000000000000000000000000000000000000000000000000000000000000000=
58005 342700 1154000 00501 00511 4
20100502130000 185 026 189 033 188 038 1226 165 035 194 054 1256 0000 0262 0268 1201 0262 1300 072 071 1201 245 0208 09994 09994 1300 09990 1201 0225 0228 1223 0221 1215 0224 0233 1204 0224 1300 0242 0243 0231 0216 0159 0134 0126 0133 0002 10053 ///// ///// ////
000000000000000000000000000000000000000000000000000000000000000000000000000000000000000000000000000000000000000000000000
130 000 000 /// //// //////////////////////// /// //// 6///1 0//// 7//// 1//// 2//// 3//// /// /// /// // 911// 915// 919// 934// 939//=
58008 342800 1152000 00544 00592 4
20100502130000 186 030 187 027 187 027 1300 189 020 201 050 1258 0000 0255 0261 1202 0255 1300 073 073 1300 238 0203 09979 09980 1257 09977 1201 0229 0232 1239 0225 1217 0223 0231 1201 0223 1257 0235 0237 0232 0215 0153 0136 0123 0130 //// 10047 ///// ///// ////
000000000000000000000000000000000000000000000000000000000000000000000000000000000000000000000000000000000000000000000000=
58004 343900 1150900 00606 00616 4
20100502130000 181 011 175 013 174 014 1257 218 011 184 033 1256 0000 0240 0250 1201 0240 1257 082 078 1201 245 0207 09974 09974 1300 09970 1201 0207 0213 1213 0196 1242 0217 0232 1201 0217 1300 0246 0257 0246 0233 0167 0140 0126 0129 //// 10045 ///// ///// ////
000000000000000000000000000000000000000000000000000000000000000000000000000000000000000000000000000000000000000000000000=
54817 355900 1155200 00421 00434 4
20100502130000 144 013 140 012 149 018 1210 116 018 128 032 1211 0000 0242 0254 1201 0242 1300 083 072 1201 251 0211 09989 09989 1255 09982 1201 0188 0203 1207 0187 1257 0208 0228 1202 0208 1300 0239 0240 0230 0211 0145 0121 0111 0113 //// 10039 ///// ///// ////
000000000000000000000000000000000000000000000000000000000000000000000000000000000000000000000000000000000000000000000000=
54902 355400 1150700 00495 00499 4
20100502130000 183 033 184 036 189 045 1212 201 040 209 073 1210 0000 0257 0260 1201 0256 1256 071 071 1244 234 0200 09969 09969 1300 09963 1209 0238 0243 1212 0237 1257 0224 0235 1201 0224 1258 0245 0244 0231 0213 0153 0120 0111 0115 //// 10026 ///// ///// ////
000000000000000000000000000000000000000000000000000000000000000000000000000000000000000000000000000000000000000000000000=
54900 354200 1150100 00537 00541 4
20100502130000 179 031 181 029 184 039 1212 212 038 195 063 1216 0000 0257 0267 1201 0257 1300 074 070 1210 244 0207 09969 09969 1300 09963 1201 0215 0232 1212 0214 1259 0224 0238 1201 0224 1300 0249 0248 0236 0217 0173 0133 0114 0115 //// 10031 ///// ///// ////
000000000000000000000000000000000000000000000000000000000000000000000000000000000000000000000000000000000000000000000000=
54901 360500 1151000 00475 00478 4
20100502130000 154 031 154 031 163 037 1218 164 032 175 056 1205 0000 0241 0253 1201 0241 1300 078 073 1201 234 0200 09973 09973 1300 09966 1201 0212 0228 1201 0211 1258 0217 0232 1201 0217 1300 0236 0235 0226 0210 0169 0137 0115 0115 //// 10028 ///// ///// ////
000000000000000000000000000000000000000000000000000000000000000000000000000000000000000000000000000000000000000000000000=
54903 355100 1152900 00457 00506 4
20100502130000 199 035 195 034 194 037 1254 187 019 209 068 1239 0000 0261 0264 1201 0261 1215 070 069 1201 237 0202 09976 09976 1300 09967 1201 0244 0248 1254 0241 1206 0231 0237 1201 0231 1246 0238 0238 0227 0211 0164 0132 0118 0116 //// 10034 ///// ///// ////
000000000000000000000000000000000000000000000000000000000000000000000000000000000000000000000000000000000000000000000000=
57184 333800 1132200 00834 00847 4
20100502130000 137 005 073 004 131 013 1247 110 005 155 022 1245 0000 0238 0260 1201 0238 1300 072 063 1201 212 0185 09953 09953 1300 09946 1201 0184 0206 1201 0184 1241 0209 0230 1201 0209 1300 0261 0269 0261 0245 0145 0133 0126 0132 //// 10050 ///// ///// ////
000000000000000000000000000000000000000000000000000000000000000000000000000000000000000000000000000000000000000000000000=
57177 332000 1133200 00898 00913 4
20100502130000 223 027 222 028 217 035 1234 215 024 215 057 1234 0000 0285 0293 1236 0284 1256 037 034 1235 144 0124 09947 09947 1300 09940 1201 0242 0253 1235 0231 1241 0230 0239 1201 0230 1257 0225 0255 0238 0235 0171 0146 0131 0125 //// 10051 ///// ///// ////
000000000000000000000000000000000000000000000000000000000000000000000000000000000000000000000000000000000000000000000000=
57075 341000 1125200 02031 02043 4
20100502130000 078 043 080 045 081 047 1256 071 044 085 061 1248 0000 0239 0254 1201 0238 1239 071 065 1201 211 0183 09816 09816 1300 09810 1201 0226 0244 1201 0222 1227 0220 0237 1201 0220 1300 0244 0254 0251 0238 0205 0163 0132 0126 //// 10049 ///// ///// ////
000000000000000000000000000000000000000000000000000000000000000000000000000000000000000000000000000000000000000000000000=
57173 334500 1125300 01457 01468 4
20100502130000 190 019 192 022 193 023 1259 184 019 178 043 1222 0000 0263 0266 1203 0261 1245 058 057 1203 198 0174 09880 09880 1300 09874 1201 0205 0212 1237 0204 1256 0230 0242 1204 0229 1256 0265 0270 0261 0242 0173 0147 0130 0135 //// 10047 ///// ///// ////
000000000000000000000000000000000000000000000000000000000000000000000000000000000000000000000000000000000000000000000000=
57180 335900 1131200 01175 01186 4
20100502130000 016 010 020 009 022 011 1253 015 012 018 015 1251 0000 0216 0248 1201 0214 1249 081 067 1201 209 0182 09914 09914 1300 09908 1201 0172 0185 1239 0172 1300 0209 0228 1201 0209 1300 0258 0270 0261 0239 0165 0144 0129 0133 //// 10051 ///// ///// ////
000000000000000000000000000000000000000000000000000000000000000000000000000000000000000000000000000000000000000000000000=
57181 335300 1130300 01364 01380 4
20100502130000 188 021 180 023 187 030 1209 187 022 181 042 1205 0000 0235 0248 1201 0235 1256 069 066 1201 200 0175 09896 09896 1300 09890 1201 0187 0202 1201 0187 1258 0214 0230 1201 0214 1300 0256 0262 0258 0245 0179 0147 0129 0133 //// 10054 ///// ///// ////
000000000000000000000000000000000000000000000000000000000000000000000000000000000000000000000000000000000000000000000000=
57175 330300 1121400 01914 01922 4
20100502130000 108 014 109 015 136 019 1253 133 013 133 038 1235 0000 0254 0258 1249 0231 1226 070 068 1252 227 0195 09843 09843 1300 09838 1201 0189 0201 1201 0185 1231 0237 0254 1201 0237 1300 0273 0275 0262 0241 0166 0146 0133 0139 //// 10063 ///// ///// ////
000000000000000000000000000000000000000000000000000000000000000000000000000000000000000000000000000000000000000000000000=
57156 331800 1113000 02503 02523 4
20100502130000 146 006 137 006 105 021 1203 156 006 108 029 1203 0000 0249 0261 1201 0249 1253 061 058 1201 192 0169 09776 09776 1259 09769 1201 0197 0213 1201 0197 1300 0228 0247 1201 0228 1300 0262 0265 0257 0241 0189 0159 0138 0143 //// 10064 ///// ///// ////
000000000000000000000000000000000000000000000000000000000000000000000000000000000000000000000000000000000000000000000000=
57271 323300 1122300 00879 00897 4
20100502130000 150 025 154 024 162 033 1211 167 025 153 061 1216 0000 0254 0268 1206 0254 1300 065 062 1211 211 0183 09956 09956 1300 09952 1203 0231 0243 1209 0231 1258 0239 0253 1201 0239 1300 0266 0270 0261 0246 0171 0144 0135 0139 //// 10059 ///// ///// ////
000000000000000000000000000000000000000000000000000000000000000000000000000000000000000000000000000000000000000000000000=
57261 330700 1113100 02330 02345 4
20100502130000 263 029 266 024 274 033 1220 242 037 262 055 1238 0000 0274 0281 1201 0274 1300 056 052 1211 204 0179 09783 09784 1257 09778 1201 0236 0247 1201 0234 1258 0247 0259 1201 0247 1300 0275 0279 0272 0255 0201 0168 0149 //// //// 10049 ///// ///// ////
000000000000000000000000000000000000000000000000000000000000000000000000000000000000000000000000000000000000000000000000=
57285 322300 1132500 01530 01492 4
20100502130000 190 035 182 038 173 043 1236 195 049 173 101 1227 0000 0276 0281 1201 0276 1259 051 048 1202 188 0166 09895 09896 1258 09891 1204 0213 0218 1233 0207 1201 0242 0252 1201 0242 1300 0270 0278 0272 0257 0165 0142 0130 0135 //// ///// ///// ///// ////
////////////////////////////////////////////////////////////////////////////////////////////////////////////////////////=
57273 324100 1125100 01095 01105 4
20100502130000 176 023 189 023 201 038 1217 167 019 189 071 1213 0000 0262 0285 1201 0262 1300 047 039 1201 160 0140 09936 09936 1259 09927 1201 0227 0239 1229 0227 1259 0238 0255 1201 0238 1300 0269 0273 0261 0243 0176 0152 0135 0138 //// 10062 ///// ///// ////
000000000000000000000000000000000000000000000000000000000000000000000000000000000000000000000000000000000000000000000000=
57187 330400 1125600 01180 01193 4
20100502130000 220 029 219 027 218 028 1256 215 042 215 042 1300 0000 0251 0264 1201 0250 1243 060 056 1209 191 0168 09915 09915 1300 09907 1201 0210 0211 1259 0194 1233 0223 0239 1201 0223 1300 0259 0254 0255 0240 0188 0157 0139 0136 //// 10052 ///// ///// ////
000000000000000000000000000000000000000000000000000000000000000000000000000000000000000000000000000000000000000000000000=
57178 330200 1123500 01292 01305 4
20100502130000 189 034 186 032 185 035 1250 178 025 200 054 1243 0000 0274 0285 1201 0274 1300 053 050 1214 193 0170 09912 09912 1300 09904 1201 0244 0249 1252 0236 1239 0240 0249 1201 0239 1258 0263 0265 0253 0238 0172 0147 0134 0134 0002 10061 ///// ///// ////
000000000000000000000000000000000000000000000000000000000000000000000000000000000000000000000000000000000000000000000000
180 000 000 /// //// //////////////////////// /// //// 6///1 0//// 7//// 1//// 2//// 3//// /// /// /// // 911// 915// 919// 934// 939//=
57169 330300 1115200 01591 01600 4
20100502130000 064 020 069 022 077 025 1250 074 019 102 033 1243 0000 0240 0246 1211 0232 1238 075 074 1217 224 0193 09875 09875 1256 09871 1201 0213 0215 1201 0208 1233 0220 0230 1201 0220 1300 0257 0263 0257 0240 0193 0152 0133 0135 //// 10058 ///// ///// ////
000000000000000000000000000000000000000000000000000000000000000000000000000000000000000000000000000000000000000000000000=
57176 332900 1122500 02311 02304 4
20100502130000 298 010 298 008 099 008 1231 302 007 293 012 1259 0000 0240 0268 1202 0240 1300 062 050 1201 185 0163 09804 09804 1259 09796 1202 0196 0211 1201 0196 1300 0230 0244 1201 0230 1300 0265 0271 0267 0255 0193 0162 0140 0137 //// 10068 ///// ///// ////
000000000000000000000000000000000000000000000000000000000000000000000000000000000000000000000000000000000000000000000000=
57179 331700 1130000 01604 01616 4
20100502130000 231 018 237 015 230 020 1213 232 017 237 030 1206 0000 0231 0257 1201 0230 1257 081 070 1201 229 0197 09876 09876 1259 09868 1201 0167 0191 1201 0167 1257 0217 0237 1201 0217 1300 0255 0259 0250 0237 0179 0147 0130 0134 //// 10062 ///// ///// ////
000000000000000000000000000000000000000000000000000000000000000000000000000000000000000000000000000000000000000000000000=
57274 324200 1120700 01076 01088 4
20100502130000 135 027 139 030 151 036 1226 142 033 153 059 1250 0000 0259 0267 1201 0259 1300 061 060 1226 204 0178 09928 09929 1255 09925 1201 0235 0244 1213 0235 1300 0241 0253 1201 0241 1300 0270 0273 0268 0253 0206 0180 0149 0145 //// 10053 ///// ///// ////
000000000000000000000000000000000000000000000000000000000000000000000000000000000000000000000000000000000000000000000000=
57065 343000 1121100 01949 01964 4
20100502130000 186 027 174 022 148 038 1214 209 028 164 084 1210 0000 0283 0292 1201 0283 1300 045 045 1252 173 0152 09807 09807 1300 09798 1201 0216 0219 1202 0214 1246 0248 0263 1201 0248 1300 0276 0280 0270 0251 0170 0146 0134 0139 //// 10030 ///// ///// ////
000000000000000000000000000000000000000000000000000000000000000000000000000000000000000000000000000000000000000000000000=
57074 342500 1122500 01973 01989 4
20100502130000 123 012 117 010 150 012 1241 133 008 161 041 1223 0000 0269 0277 1201 0269 1300 059 057 1202 209 0182 09809 09809 1300 09802 1203 0227 0231 1240 0221 1256 0242 0257 1202 0242 1300 0269 0272 0260 0240 0168 0144 0128 0130 //// 10035 ///// ///// ////
000000000000000000000000000000000000000000000000000000000000000000000000000000000000000000000000000000000000000000000000=
57076 344400 1124700 01895 01901 4
20100502130000 134 041 133 038 133 038 1300 150 042 121 055 1254 0000 0287 0290 1201 0284 1231 044 043 1232 173 0153 09810 09810 1300 09803 1202 0266 0266 1300 0246 1246 0238 0248 1201 0235 1245 0252 0254 0239 0219 0161 0136 0121 0125 //// 10026 ///// ///// ////
000000000000000000000000000000000000000000000000000000000000000000000000000000000000000000000000000000000000000000000000=
57070 344400 1120700 03640 03595 4
20100502130000 358 006 014 008 143 028 1215 088 007 122 051 1209 0000 0264 0279 1205 0263 1243 061 055 1204 210 0183 09628 09628 1300 09620 1203 0221 0250 1218 0221 1256 0232 0251 1201 0232 1300 0256 0252 0236 0215 0175 0141 0123 0125 //// 10032 ///// ///// ////
000000000000000000000000000000000000000000000000000000000000000000000000000000000000000000000000000000000000000000000000=
57162 340900 1120500 03258 03275 4
20100502130000 254 001 203 000 184 013 1201 260 000 182 023 1201 0000 0252 0269 1201 0252 1300 046 042 1237 147 0128 09666 09666 1300 09660 1201 0168 0200 1204 0168 1300 0216 0239 1202 0216 1300 0269 0275 0264 0244 0162 0143 0128 0134 //// 10036 ///// ///// ////
000000000000000000000000000000000000000000000000000000000000000000000000000000000000000000000000000000000000000000000000=
57078 340900 1122800 03365 03340 4
20100502130000 039 023 040 020 063 026 1226 054 024 080 048 1208 0000 0243 0254 1201 0243 1300 066 064 1201 200 0175 09664 09664 1259 09658 1201 0195 0209 1202 0195 1300 0222 0241 1201 0222 1300 0259 0268 0260 0240 0151 0134 0124 0124 //// 10043 ///// ///// ////
000000000000000000000000000000000000000000000000000000000000000000000000000000000000000000000000000000000000000000000000=
57071 344900 1122600 03333 03332 4
20100502130000 144 021 143 020 131 023 1250 139 019 108 048 1242 0000 0260 0262 1248 0259 1242 056 055 1247 188 0165 09657 09657 1300 09650 1201 0185 0194 1247 0180 1208 0227 0239 1201 0227 1300 0258 0259 0247 0228 0185 0142 0121 0123 //// 10032 ///// ///// ////
000000000000000000000000000000000000000000000000000000000000000000000000000000000000000000000000000000000000000000000000=
57066 342300 1114000 03283 03298 4
20100502130000 225 003 241 004 286 007 1212 237 004 265 019 1224 0000 0246 0259 1201 0246 1300 040 038 1244 124 0101 09658 09658 1259 09652 1201 0175 0187 1201 0175 1300 0207 0222 1201 0207 1300 0225 0220 0207 0193 0157 0137 0120 0120 //// 10031 ///// ///// ////
000000000000000000000000000000000000000000000000000000000000000000000000000000000000000000000000000000000000000000000000=
57077 334700 1113900 07424 07388 4
20100502130000 027 017 043 012 360 029 1223 358 010 358 046 1222 0000 0224 0250 1201 0222 1250 055 043 1201 149 0129 09243 09243 1300 09235 1202 0183 0211 1204 0183 1259 0204 0228 1201 0204 1300 0239 0246 0236 0220 0160 0129 0113 0117 //// 10063 ///// ///// ////
000000000000000000000000000000000000000000000000000000000000000000000000000000000000000000000000000000000000000000000000=
57183 334800 1135500 00600 00615 4
20100502130000 163 013 180 014 180 014 1300 164 013 181 023 1255 0000 0214 0228 1201 0214 1300 087 079 1201 222 0191 09980 09980 1300 09975 1201 0186 0195 1203 0186 1236 0201 0213 1202 0201 1300 0240 0244 0238 0226 0185 0149 0127 0126 //// 10051 ///// ///// ////
000000000000000000000000000000000000000000000000000000000000000000000000000000000000000000000000000000000000000000000000=
57186 333600 1140300 00587 00598 4
20100502130000 179 029 172 027 170 028 1259 159 026 153 047 1256 0000 0262 0277 1201 0257 1238 067 063 1201 228 0196 09984 09984 1300 09977 1201 0205 0211 1213 0197 1228 0223 0238 1201 0223 1300 0255 0257 0246 0233 0184 0153 0133 0136 //// 10053 ///// ///// ////
000000000000000000000000000000000000000000000000000000000000000000000000000000000000000000000000000000000000000000000000=
57094 342400 1141300 00674 00685 4
20100502130000 197 013 203 013 220 017 1209 175 012 257 030 1203 0000 0241 0255 1201 0241 1300 073 064 1201 219 0190 09963 09963 1300 09956 1201 0192 0222 1201 0192 1300 0213 0230 1201 0213 1300 0245 0252 0248 0236 0183 0154 0129 0130 //// 10042 ///// ///// ////
000000000000000000000000000000000000000000000000000000000000000000000000000000000000000000000000000000000000000000000000=
57191 342900 1142900 00634 00642 4
20100502130000 181 014 184 013 181 014 1252 179 015 221 031 1209 0000 0256 0265 1201 0256 1300 068 066 1201 223 0193 09972 09972 1300 09966 1201 0205 0216 1210 0203 1253 0222 0235 1201 0222 1300 0249 0254 0249 0237 0172 0142 0125 0127 //// 10046 ///// ///// ////
000000000000000000000000000000000000000000000000000000000000000000000000000000000000000000000000000000000000000000000000=
57096 343200 1144700 00597 00607 4
20100502130000 194 020 195 020 196 022 1250 181 018 212 038 1250 0000 0246 0257 1201 0246 1300 079 073 1201 244 0207 09971 09971 1300 09966 1201 0221 0221 1222 0215 1213 0218 0228 1201 0218 1254 0247 0252 0239 0220 0163 0139 0125 0129 //// 10041 ///// ///// ////
000000000000000000000000000000000000000000000000000000000000000000000000000000000000000000000000000000000000000000000000=
57093 345100 1144900 00733 00740 4
20100502130000 189 027 188 027 188 034 1215 181 026 209 055 1213 0000 0257 0272 1201 0257 1300 072 066 1201 238 0203 09957 09957 1300 09952 1201 0242 0258 1203 0239 1246 0225 0240 1201 0225 1300 0247 0245 0234 0214 0172 0139 0123 0125 //// 10042 ///// ///// ////
000000000000000000000000000000000000000000000000000000000000000000000000000000000000000000000000000000000000000000000000=
57091 344700 1141800 00737 00748 4
20100502130000 207 039 207 038 204 042 1204 203 040 234 060 1242 0000 0263 0275 1201 0263 1300 062 057 1201 212 0184 09952 09952 1300 09947 1201 0227 0238 1201 0227 1300 0229 0241 1201 0229 1259 0246 0245 0236 0210 0169 0143 0124 0120 //// 10038 ///// ///// ////
000000000000000000000000000000000000000000000000000000000000000000000000000000000000000000000000000000000000000000000000=
53978 350500 1123800 01401 01409 4
20100502130000 243 011 251 015 291 020 1228 257 014 277 035 1224 0000 0278 0280 1237 0268 1220 050 048 1201 187 0164 09867 09868 1253 09860 1205 0203 0210 1201 0203 1254 0227 0239 1201 0227 1300 0251 0253 0241 0225 0146 0130 0124 0130 //// 10027 ///// ///// ////
000000000000000000000000000000000000000000000000000000000000000000000000000000000000000000000000000000000000000000000000=
53987 350600 1132500 00910 00918 4
20100502130000 004 006 308 008 229 018 1210 015 008 218 031 1207 0000 0241 0272 1217 0241 1300 070 058 1206 210 0183 09927 09927 1300 09916 1201 0178 0227 1217 0177 1257 0220 0237 1201 0220 1257 0248 0254 0248 0234 0178 0149 0134 0132 //// 10032 ///// ///// ////
000000000000000000000000000000000000000000000000000000000000000000000000000000000000000000000000000000000000000000000000=
57079 345700 1130200 01064 01069 4
20100502130000 010 019 008 017 029 025 1245 026 022 031 034 1243 0000 0261 0273 1233 0260 1201 057 051 1227 193 0169 09900 09900 1300 09892 1201 0222 0240 1229 0197 1202 0210 0219 1229 0210 1300 0239 0239 0231 0216 0181 0149 0128 0126 //// 10022 ///// ///// ////
000000000000000000000000000000000000000000000000000000000000000000000000000000000000000000000000000000000000000000000000=
57072 345500 1124500 01275 01285 4
20100502130000 315 016 308 016 206 022 1201 324 015 217 025 1207 0000 0253 0291 1201 0253 1300 060 044 1201 193 0170 09880 09880 1300 09869 1201 0199 0247 1201 0186 1244 0213 0239 1201 0213 1245 0245 0247 0233 0215 0147 0130 0117 0119 //// 10027 ///// ///// ////
000000000000000000000000000000000000000000000000000000000000000000000000000000000000000000000000000000000000000000000000=
53982 351400 1131600 01120 01135 4
20100502130000 304 006 336 009 358 012 1256 340 007 323 016 1255 0000 0279 0283 1201 0272 1227 051 051 1300 192 0168 09896 09896 1300 09889 1201 0204 0215 1201 0204 1242 0233 0245 1201 0233 1300 0260 0261 0249 0233 0176 0147 0131 0135 //// 10025 ///// ///// ////
000000000000000000000000000000000000000000000000000000000000000000000000000000000000000000000000000000000000000000000000=
53979 350900 1130500 01200 01211 4
20100502130000 055 014 042 012 354 018 1244 053 015 353 025 1240 0000 0267 0267 1300 0258 1201 051 050 1244 179 0157 09891 09891 1300 09883 1202 0187 0197 1201 0186 1254 0219 0237 1201 0219 1300 0266 0269 0260 0240 0155 0141 0128 0133 //// 10029 ///// ///// ////
000000000000000000000000000000000000000000000000000000000000000000000000000000000000000000000000000000000000000000000000=
53992 353900 1143100 00582 00592 4
20100502130000 201 023 208 024 203 034 1242 209 018 201 047 1236 0000 0247 0266 1201 0247 1300 075 066 1201 233 0200 09960 09960 1300 09952 1201 0219 0240 1202 0219 1259 0218 0233 1201 0218 1259 0243 0243 0240 0225 0153 0130 0116 0122 //// 10028 ///// ///// ////
000000000000000000000000000000000000000000000000000000000000000000000000000000000000000000000000000000000000000000000000=
53974 353700 1141100 00723 00739 4
20100502130000 200 022 202 025 205 029 1254 226 024 209 051 1241 0000 0267 0272 1201 0265 1240 068 065 1201 238 0203 09945 09945 1259 09939 1201 0243 0244 1201 0239 1248 0244 0253 1201 0244 1258 0258 0259 0251 0236 0171 0141 0124 0129 //// 10030 ///// ///// ////
000000000000000000000000000000000000000000000000000000000000000000000000000000000000000000000000000000000000000000000000=
53990 354300 1141900 00795 00805 4
20100502130000 180 042 182 042 179 044 1251 176 044 183 054 1251 0000 0244 0250 1206 0244 1300 079 077 1201 241 0205 09934 09934 1300 09927 1203 0236 0243 1212 0236 1300 0228 0238 1201 0228 1300 0256 0258 0245 0230 0185 0144 0118 0116 //// 10026 ///// ///// ////
000000000000000000000000000000000000000000000000000000000000000000000000000000000000000000000000000000000000000000000000=
53991 355600 1142100 00743 00753 4
20100502130000 159 022 157 023 163 027 1228 145 026 201 052 1252 0000 0257 0264 1201 0256 1252 071 069 1201 234 0200 09935 09935 1300 09930 1201 0236 0246 1226 0233 1252 0235 0245 1201 0235 1257 0253 0254 0238 0226 0166 0138 0121 0123 //// 10021 ///// ///// ////
000000000000000000000000000000000000000000000000000000000000000000000000000000000000000000000000000000000000000000000000=
53993 355600 1145500 00516 00524 4
20100502130000 200 033 205 033 208 037 1246 178 070 178 070 1300 0000 0265 0267 1201 0264 1218 062 062 1300 215 0186 09962 09962 1300 09957 1201 0252 0256 1203 0251 1255 0226 0238 1201 0226 1300 0244 0243 0230 0213 0178 0140 0116 0114 //// 10022 ///// ///// ////
000000000000000000000000000000000000000000000000000000000000000000000000000000000000000000000000000000000000000000000000=
53889 360400 1134900 03068 03086 4
20100502130000 245 027 242 027 239 039 1225 230 030 170 060 1217 0000 0277 0284 1220 0269 1206 039 037 1219 145 0125 09670 09670 1300 09664 1201 0247 0261 1219 0217 1205 0235 0243 1219 0235 1300 0254 0258 0259 0256 0159 0126 0121 0107 //// 10016 ///// ///// ////
000000000000000000000000000000000000000000000000000000000000000000000000000000000000000000000000000000000000000000000000=
53995 353300 1143000 00625 00645 4
20100502130000 191 022 193 023 187 034 1218 184 019 181 063 1217 0000 0243 0256 1201 0243 1300 071 066 1227 216 0187 09957 09957 1300 09948 1201 0225 0246 1225 0225 1300 0225 0241 1201 0225 1300 0265 0271 0263 0248 0183 0145 0123 0123 //// 10031 ///// ///// ////
000000000000000000000000000000000000000000000000000000000000000000000000000000000000000000000000000000000000000000000000=
NNNN
