57090 344300 1135800 00781 00802 4
20100503080000 154 039 149 030 164 041 0718 173 022 195 077 0724 0000 0305 0308 0716 0304 0744 055 050 0706 240 0204 09936 09942 0701 09936 0758 0318 0354 0715 0318 0800 0385 0443 0714 0385 0800 0323 0292 0263 0241 0199 0163 0131 0131 //// 10027 ///// ///// ////
000000000000000000000000000000000000000000000000000000000000000000000000000000000000000000000000000000000000000000000000=
57083 344300 1133900 01104 01116 4
20100503080000 149 057 155 055 152 060 0721 141 059 177 091 0753 0000 0305 0311 0701 0305 0800 050 048 0701 218 0189 09893 09899 0701 09893 0800 0343 0407 0701 0343 0757 0349 0401 0701 0349 0800 0308 0284 0257 0234 0169 0144 0129 0130 0004 10019 ///// ///// ////
000000000000000000000000000000000000000000000000000000000000000000000000000000000000000000000000000000000000000000000000
130 10- 000 /// //// //////////////////CIEACR /// //// 6///1 0//// 7//// 1//// 2//// 3//// /// /// /// // 911// 915// 919// 934// 939//=
57086 342300 1134300 01166 01168 4
20100503080000 151 030 164 029 180 033 0722 150 032 164 065 0716 0000 0302 0302 0757 0298 0701 056 055 0713 240 0205 09895 09902 0701 09895 0800 0319 0336 0707 0316 0752 0391 0420 0705 0382 0744 0316 0281 0249 0223 0183 0145 0124 0124 //// 10027 ///// ///// ////
000000000000000000000000000000000000000000000000000000000000000000000000000000000000000000000000000000000000000000000000=
57085 343200 1132000 02599 02648 4
20100503080000 190 046 188 042 181 049 0716 198 038 187 082 0715 0000 0295 0297 0748 0291 0717 050 049 0746 206 0180 09731 09733 0701 09727 0740 0322 0345 0743 0322 0800 0357 0381 0743 0357 0800 0318 0279 0250 0223 0189 0153 0127 0129 //// 10030 ///// ///// ////
000000000000000000000000000000000000000000000000000000000000000000000000000000000000000000000000000000000000000000000000=
57081 344800 1132600 01409 01419 4
20100503080000 145 037 138 036 143 047 0701 133 020 181 093 0744 0000 0304 0310 0702 0304 0753 042 040 0706 182 0161 09860 09862 0717 09859 0752 0332 0355 0718 0328 0751 0359 0384 0702 0359 0800 0317 0290 0263 0229 0166 0145 0127 0122 //// 10020 ///// ///// ////
000000000000000000000000000000000000000000000000000000000000000000000000000000000000000000000000000000000000000000000000=
57084 343000 1130300 11784 11790 4
20100503080000 227 069 226 064 226 064 0800 234 068 204 114 0759 0000 0216 0235 0716 0216 0800 067 058 0704 173 0152 08761 08764 0707 08759 0732 0220 0282 0715 0220 0800 0310 0422 0701 0310 0800 0296 0267 0232 0202 0139 //// //// //// //// 10035 ///// ///// ////
000000000000000000000000000000000000000000000000000000000000000000000000000000000000000000000000000000000000000000000000=
57080 344400 1125800 01652 01661 4
20100503080000 151 032 149 042 149 042 0800 130 011 161 073 0746 0000 0318 0321 0740 0307 0708 034 032 0743 160 0140 09825 09830 0702 09825 0750 0294 0346 0717 0294 0800 0393 0435 0715 0393 0800 0328 0291 0255 0229 0167 0137 0121 0124 //// 10013 ///// ///// ////
000000000000000000000000000000000000000000000000000000000000000000000000000000000000000000000000000000000000000000000000=
57082 342800 1130100 04271 04284 4
20100503080000 159 028 169 030 184 042 0727 161 020 192 081 0720 0000 0287 0295 0701 0286 0755 044 040 0711 173 0153 09552 09554 0705 09550 0745 0306 0366 0711 0304 0757 0366 0430 0711 0366 0756 0320 0298 0270 0244 0179 0150 0128 //// //// 10030 ///// ///// ////
000000000000000000000000000000000000000000000000000000000000000000000000000000000000000000000000000000000000000000000000=
57295 323700 1142100 00785 00802 4
20100503080000 206 037 206 037 198 038 0741 189 029 223 073 0732 0000 0318 0327 0701 0318 0800 042 037 0703 197 0173 09953 09958 0702 09953 0741 0363 0421 0701 0363 0800 0405 0455 0701 0405 0800 0339 0290 0258 0232 0174 0150 0131 0132 //// 10044 ///// ///// ////
000000000000000000000000000000000000000000000000000000000000000000000000000000000000000000000000000000000000000000000000=
57189 330800 1135700 00646 00655 4
20100503080000 163 037 161 032 168 038 0703 147 029 181 069 0711 0000 0300 0311 0701 0299 0752 059 054 0703 250 0211 09961 09965 0702 09960 0746 0273 0290 0701 0272 0752 0369 0408 0701 0369 0751 0316 0288 0263 0239 0163 0141 0126 0128 //// 10036 ///// ///// ////
000000000000000000000000000000000000000000000000000000000000000000000000000000000000000000000000000000000000000000000000=
57194 331700 1141600 00598 00609 4
20100503080000 182 048 179 039 171 043 0717 195 035 164 085 0716 0000 0304 0311 0701 0304 0800 049 047 0702 213 0185 09968 09972 0702 09967 0756 0325 0369 0739 0325 0800 0371 0430 0701 0371 0800 0305 0277 0250 0227 0164 0140 0124 0128 //// 10038 ///// ///// ////
000000000000000000000000000000000000000000000000000000000000000000000000000000000000000000000000000000000000000000000000=
57197 330000 1142000 00489 00545 4
20100503080000 188 039 191 033 192 040 0702 192 024 184 076 0712 0000 0308 0313 0701 0308 0800 053 052 0702 235 0201 09979 09982 0706 09978 0744 0338 0379 0743 0338 0800 0410 0446 0701 0410 0800 0305 0278 0248 0224 0175 0150 0129 0129 //// 10042 ///// ///// ////
000000000000000000000000000000000000000000000000000000000000000000000000000000000000000000000000000000000000000000000000=
57294 325000 1140100 00836 00846 4
20100503080000 199 067 199 049 205 064 0733 195 035 201 105 0738 0000 0311 0320 0716 0311 0800 048 045 0718 217 0188 09942 09944 0703 09941 0748 0331 0386 0715 0331 0800 0390 0447 0716 0390 0800 0310 0275 0242 0216 0169 0149 0128 0126 //// 10038 ///// ///// ////
000000000000000000000000000000000000000000000000000000000000000000000000000000000000000000000000000000000000000000000000=
57292 325800 1143800 00444 00453 4
20100503080000 170 040 169 039 173 049 0721 173 035 175 087 0719 0000 0317 0320 0701 0311 0749 049 046 0701 229 0197 09993 09998 0704 09993 0752 0347 0374 0701 0311 0744 0425 0451 0701 0379 0746 0316 0284 0253 0232 0189 0156 0134 0135 //// 10045 ///// ///// ////
000000000000000000000000000000000000000000000000000000000000000000000000000000000000000000000000000000000000000000000000=
57195 333700 1143700 00466 00476 4
20100503080000 236 028 242 027 242 027 0800 241 029 280 066 0758 0000 0315 0324 0701 0315 0800 045 041 0701 208 0181 09986 09989 0701 09985 0735 0330 0368 0708 0330 0800 0417 0470 0708 0417 0800 0353 0318 0278 0247 0179 0148 0130 0141 //// 10040 ///// ///// ////
000000000000000000000000000000000000000000000000000000000000000000000000000000000000000000000000000000000000000000000000=
57193 334700 1143100 00526 00541 4
20100503080000 187 015 172 020 176 032 0716 288 004 153 063 0725 0000 0303 0311 0705 0302 0745 054 051 0701 233 0200 09980 09984 0703 09979 0751 0303 0345 0701 0303 0745 0347 0388 0704 0347 0800 0317 0292 0266 0240 0179 0149 0132 0132 //// 10042 ///// ///// ////
000000000000000000000000000000000000000000000000000000000000000000000000000000000000000000000000000000000000000000000000=
57099 340400 1145100 00526 00536 4
20100503080000 214 016 188 015 190 027 0736 163 027 198 050 0733 0000 0306 0318 0721 0306 0800 051 046 0726 224 0193 09979 09982 0701 09979 0800 0320 0383 0718 0315 0756 0371 0432 0717 0367 0756 0340 0301 0257 0225 0178 0146 0124 0132 //// 10040 ///// ///// ////
000000000000000000000000000000000000000000000000000000000000000000000000000000000000000000000000000000000000000000000000=
58104 332400 1150400 00412 00425 4
20100503080000 171 036 173 031 191 041 0702 176 041 181 056 0713 0000 0303 0313 0701 0303 0800 053 049 0704 229 0197 09996 10002 0701 09996 0800 0362 0395 0701 0360 0753 0417 0477 0701 0416 0758 0355 0314 0270 0237 0192 0151 0128 0135 //// 10045 ///// ///// ////
000000000000000000000000000000000000000000000000000000000000000000000000000000000000000000000000000000000000000000000000=
57198 333300 1143700 00463 00473 4
20100503080000 138 017 162 022 182 025 0701 029 007 159 048 0725 0000 0313 0316 0725 0313 0800 050 048 0709 228 0196 09986 09991 0701 09986 0800 0362 0398 0722 0361 0759 0419 0456 0707 0419 0800 0341 0304 0265 0237 0167 0148 0132 0139 //// 10040 ///// ///// ////
000000000000000000000000000000000000000000000000000000000000000000000000000000000000000000000000000000000000000000000000=
58101 335200 1152900 00413 00428 4
20100503080000 160 044 161 035 169 040 0735 161 043 184 080 0722 0000 0310 0320 0713 0310 0800 048 043 0704 216 0187 09999 10006 0702 09999 0800 0335 0398 0712 0335 0800 0415 0492 0701 0415 0800 0334 0284 0243 0216 0167 0143 0126 0131 //// 10048 ///// ///// ////
000000000000000000000000000000000000000000000000000000000000000000000000000000000000000000000000000000000000000000000000=
57098 340500 1142400 00583 00593 4
20100503080000 171 031 167 030 166 049 0719 147 034 161 078 0717 0000 0299 0307 0701 0297 0742 055 048 0705 232 0199 09966 09971 0701 09966 0800 0340 0367 0701 0324 0741 0324 0355 0701 0318 0741 0304 0281 0249 0226 0176 0146 0126 0130 //// 10034 ///// ///// ////
000000000000000000000000000000000000000000000000000000000000000000000000000000000000000000000000000000000000000000000000=
57190 334500 1142400 00505 00516 4
20100503080000 159 047 159 044 165 054 0713 152 040 166 083 0732 0000 0296 0304 0701 0296 0800 062 056 0702 257 0215 09977 09983 0701 09977 0800 0340 0356 0701 0328 0755 0424 0462 0701 0412 0755 0328 0293 0256 0225 0186 0151 0129 0132 //// 10036 ///// ///// ////
000000000000000000000000000000000000000000000000000000000000000000000000000000000000000000000000000000000000000000000000=
57088 340900 1133000 01161 01177 4
20100503080000 209 032 216 031 207 049 0725 214 040 200 081 0723 0000 0312 0318 0712 0312 0800 045 042 0716 204 0179 09890 09895 0701 09890 0800 0316 0353 0711 0312 0740 0391 0464 0710 0386 0741 0337 0302 0263 0235 0161 0138 0127 0131 //// 10023 ///// ///// ////
000000000000000000000000000000000000000000000000000000000000000000000000000000000000000000000000000000000000000000000000=
57089 340200 1135200 00668 00681 4
20100503080000 098 015 107 012 184 018 0712 083 004 226 055 0720 0000 0309 0323 0703 0309 0800 052 043 0712 232 0199 09951 09956 0701 09951 0759 0334 0381 0703 0332 0759 0367 0430 0701 0367 0759 0318 0288 0260 0235 0171 0143 0129 0132 //// 10029 ///// ///// ////
000000000000000000000000000000000000000000000000000000000000000000000000000000000000000000000000000000000000000000000000=
57182 335100 1133000 00805 00814 4
20100503080000 201 033 200 032 198 044 0704 195 045 205 066 0701 0000 0314 0322 0701 0314 0800 046 042 0702 211 0184 09934 09936 0701 09931 0745 0347 0385 0701 0342 0735 0417 0492 0701 0417 0800 0341 0300 0265 0232 0187 0154 0134 0140 //// 10026 ///// ///// ////
000000000000000000000000000000000000000000000000000000000000000000000000000000000000000000000000000000000000000000000000=
57087 341200 1134800 00877 00885 4
20100503080000 184 039 182 039 180 040 0758 189 035 170 063 0739 0000 0310 0317 0702 0310 0800 048 047 0733 216 0187 09927 09932 0701 09926 0759 0328 0379 0701 0328 0800 0379 0457 0701 0379 0800 0321 0291 0258 0231 0165 0140 0125 0128 //// 10028 ///// ///// ////
000000000000000000000000000000000000000000000000000000000000000000000000000000000000000000000000000000000000000000000000=
57297 320800 1140300 01145 01154 4
20100503080000 184 050 183 041 207 055 0701 198 049 240 088 0735 0000 0310 0313 0713 0309 0730 045 041 0703 202 0177 09918 09920 0703 09916 0759 0371 0395 0745 0361 0707 0437 0460 0745 0434 0721 0357 0317 0286 0257 0195 0167 0142 //// //// 10049 ///// ///// ////
000000000000000000000000000000000000000000000000000000000000000000000000000000000000000000000000000000000000000000000000=
58301 314900 1152300 00916 00929 4
20100503080000 235 041 233 048 232 064 0733 249 036 249 100 0724 0000 0329 0340 0701 0328 0758 023 018 0709 115 0090 09946 09949 0701 09945 0736 0334 0369 0701 0332 0757 0391 0479 0702 0391 0757 0340 0310 0280 0252 0206 0172 0140 0134 //// 10051 ///// ///// ////
000000000000000000000000000000000000000000000000000000000000000000000000000000000000000000000000000000000000000000000000=
57298 321300 1143300 00554 00562 4
20100503080000 198 025 193 037 184 053 0701 184 022 186 070 0745 0000 0315 0323 0708 0315 0800 043 035 0701 199 0174 09983 09986 0701 09982 0755 0274 0291 0701 0274 0800 0380 0419 0707 0380 0800 0316 0280 0248 0223 0173 0149 0128 0138 //// 10047 ///// ///// ////
000000000000000000000000000000000000000000000000000000000000000000000000000000000000000000000000000000000000000000000000=
57390 314800 1140400 07335 07347 4
20100503080000 202 048 204 048 215 075 0721 206 045 208 161 0719 0000 0258 0259 0707 0255 0723 054 053 0707 179 0158 09247 09252 0701 09247 0800 0286 0302 0706 0282 0721 0340 0368 0706 0340 0800 0302 0270 0238 0209 0165 0136 //// //// //// 10058 ///// ///// ////
000000000000000000000000000000000000000000000000000000000000000000000000000000000000000000000000000000000000000000000000=
58208 321000 1153700 00429 00439 4
20100503080000 195 013 203 019 227 037 0730 205 012 216 052 0724 0000 0339 0342 0723 0337 0746 026 022 0702 138 0117 10001 10004 0701 10001 0800 0401 0421 0723 0381 0745 0431 0474 0722 0427 0745 0354 0318 0285 0258 0187 0164 0142 0142 //// 10051 ///// ///// ////
000000000000000000000000000000000000000000000000000000000000000000000000000000000000000000000000000000000000000000000000=
53989 350300 1135700 00766 00777 4
20100503080000 159 018 167 020 177 027 0715 142 017 156 049 0740 0000 0298 0303 0720 0298 0800 055 051 0702 231 0198 09937 09940 0701 09937 0800 0299 0326 0721 0299 0800 0359 0405 0722 0359 0800 0315 0288 0260 0234 0173 0143 0124 0126 //// 10026 ///// ///// ////
000000000000000000000000000000000000000000000000000000000000000000000000000000000000000000000000000000000000000000000000=
53997 350900 1141100 00711 00723 4
20100503080000 169 022 172 024 179 033 0713 178 023 189 048 0710 0000 0297 0298 0746 0295 0708 056 052 0711 234 0200 09946 09948 0701 09945 0741 0324 0336 0741 0318 0715 0364 0384 0742 0364 0800 0309 0283 0248 0225 0163 0140 0121 0125 //// 10028 ///// ///// ////
000000000000000000000000000000000000000000000000000000000000000000000000000000000000000000000000000000000000000000000000=
53986 351900 1135300 00732 00740 4
20100503080000 141 027 144 020 130 023 0742 156 021 102 058 0721 0000 0306 0307 0739 0300 0701 054 053 0729 237 0202 09944 09949 0701 09944 0755 0331 0353 0722 0331 0754 0353 0376 0723 0353 0800 0287 0261 0238 0220 0177 0147 0126 0130 //// 10028 ///// ///// ////
000000000000000000000000000000000000000000000000000000000000000000000000000000000000000000000000000000000000000000000000=
53985 352700 1134900 00964 00979 4
20100503080000 025 006 082 005 085 006 0714 317 009 021 017 0714 0000 0296 0298 0729 0294 0701 055 052 0731 228 0196 09916 09920 0701 09916 0800 0290 0320 0712 0290 0800 0323 0360 0712 0323 0800 0272 0255 0229 0210 0175 0142 0120 0122 //// 10028 ///// ///// ////
000000000000000000000000000000000000000000000000000000000000000000000000000000000000000000000000000000000000000000000000=
53998 351200 1143900 00616 00625 4
20100503080000 168 031 169 032 170 044 0730 195 028 187 072 0722 0000 0298 0306 0701 0298 0757 055 049 0701 231 0198 09961 09967 0701 09960 0745 0313 0353 0701 0312 0755 0360 0415 0701 0359 0757 0315 0283 0247 0220 0186 0150 0125 0130 //// 10032 ///// ///// ////
000000000000000000000000000000000000000000000000000000000000000000000000000000000000000000000000000000000000000000000000=
57051 344800 1111200 04099 04117 4
20100503080000 097 039 098 039 097 040 0759 099 021 085 074 0759 0000 0279 0286 0702 0279 0800 052 047 0702 195 0171 09543 09546 0711 09543 0746 0274 0290 0701 0273 0754 0296 0325 0701 0296 0800 0269 0255 0238 0221 0179 0138 0120 0121 //// 10004 ///// ///// ////
000000000000000000000000000000000000000000000000000000000000000000000000000000000000000000000000000000000000000000000000=
57063 344600 1114600 05236 05236 4
20100503080000 086 041 087 033 087 046 0740 077 047 085 088 0737 0000 0266 0275 0707 0266 0800 060 054 0701 209 0182 09432 09435 0706 09432 0743 0274 0304 0707 0274 0800 0311 0351 0701 0311 0800 0267 0243 0214 0192 0129 0115 0104 0111 //// 10022 ///// ///// ////
000000000000000000000000000000000000000000000000000000000000000000000000000000000000000000000000000000000000000000000000=
57067 340300 1110200 05688 05699 4
20100503080000 173 041 174 051 185 060 0744 133 050 226 101 0703 0000 0280 0284 0736 0272 0707 033 031 0739 125 0102 09377 09381 0704 09376 0742 0352 0404 0720 0324 0705 0394 0425 0720 0361 0705 0298 0257 0212 0232 0179 0155 0124 0125 //// 10013 ///// ///// ////
000000000000000000000000000000000000000000000000000000000000000000000000000000000000000000000000000000000000000000000000=
57056 343200 1105300 03904 03909 4
20100503080000 191 018 194 022 218 030 0713 189 017 203 047 0725 0000 0313 0314 0749 0308 0711 030 029 0759 137 0117 09559 09564 0707 09559 0755 0360 0380 0741 0309 0704 0399 0417 0742 0353 0707 0317 0285 0254 0231 0157 0134 0119 0121 //// 09991 ///// ///// ////
000000000000000000000000000000000000000000000000000000000000000000000000000000000000000000000000000000000000000000000000=
58007 340400 1151800 00472 00532 4
20100503080000 168 022 177 024 172 041 0710 167 022 187 073 0702 0000 0307 0312 0701 0307 0800 052 046 0703 230 0197 09986 09990 0702 09986 0741 0332 0359 0706 0332 0800 0403 0463 0709 0403 0800 0319 0279 0243 0218 0163 0142 0127 0132 //// 10047 ///// ///// ////
000000000000000000000000000000000000000000000000000000000000000000000000000000000000000000000000000000000000000000000000=
58006 342300 1155300 00463 00506 4
20100503080000 173 031 168 034 180 045 0705 173 021 184 079 0702 0000 0307 0313 0736 0307 0800 051 047 0704 225 0194 09996 09999 0701 09996 0756 0363 0423 0731 0359 0759 0406 0454 0735 0406 0759 0350 0307 0265 0232 0173 0144 0124 0128 //// 10054 ///// ///// ////
000000000000000000000000000000000000000000000000000000000000000000000000000000000000000000000000000000000000000000000000=
58111 335800 1162700 00325 00325 4
20100503080000 175 031 164 029 157 032 0727 161 046 144 060 0722 0000 0319 0320 0712 0316 0740 045 042 0713 213 0185 10022 10028 0708 10021 0758 0269 0276 0704 0269 0741 0397 0414 0712 0386 0754 0320 0288 0255 0226 0169 0145 0130 0139 //// 10059 ///// ///// ////
000000000000000000000000000000000000000000000000000000000000000000000000000000000000000000000000000000000000000000000000=
58017 341500 1160800 00410 00420 4
20100503080000 149 029 144 032 150 039 0750 130 031 153 075 0757 0000 0314 0320 0701 0314 0800 049 045 0707 225 0194 10003 10008 0701 10003 0800 0283 0314 0701 0283 0800 0391 0433 0701 0391 0800 0310 0274 0243 0220 0162 0144 0127 0129 //// 10051 ///// ///// ////
000000000000000000000000000000000000000000000000000000000000000000000000000000000000000000000000000000000000000000000000=
58001 342600 1150600 00563 00569 4
20100503080000 181 039 178 041 187 049 0715 175 036 184 083 0724 0000 0295 0306 0706 0295 0800 056 050 0710 231 0198 09976 09979 0707 09976 0759 0306 0345 0705 0306 0800 0356 0412 0705 0356 0800 0317 0281 0247 0217 0162 0135 0119 0126 //// 10041 ///// ///// ////
000000000000000000000000000000000000000000000000000000000000000000000000000000000000000000000000000000000000000000000000=
58005 342700 1154000 00501 00511 4
20100503080000 174 032 190 035 195 056 0739 166 035 189 091 0702 0000 0317 0324 0721 0317 0800 040 034 0707 187 0164 09988 09992 0711 09988 0800 0349 0409 0716 0346 0757 0420 0488 0716 0419 0756 0322 //// 0251 0222 0167 0137 0127 0133 0006 10046 ///// ///// ////
00000000//00000000000000000000000000000000000000000000000000000000000000000000000000000000000000000000000000000000000000
160 006 000 /// //// /////////////////////CIE /// //// 6///1 0//// 7//// 1//// 2//// 3//// /// /// /// // 911// 915// 919// 934// 939//=
58008 342800 1152000 00544 00592 4
20100503080000 151 042 181 037 184 053 0712 170 030 178 105 0706 0000 0310 0320 0701 0310 0800 042 037 0708 189 0166 09974 09979 0701 09974 0759 0345 0417 0703 0345 0800 0370 0435 0703 0370 0800 0322 0287 0256 0223 0159 0140 0123 0130 //// 10042 ///// ///// ////
000000000000000000000000000000000000000000000000000000000000000000000000000000000000000000000000000000000000000000000000=
58004 343900 1150900 00606 00616 4
20100503080000 176 039 189 032 189 036 0738 156 033 192 074 0708 0000 0306 0318 0701 0306 0800 049 044 0723 215 0187 09969 09972 0703 09969 0756 0337 0404 0701 0337 0756 0380 0460 0701 0380 0800 0337 0308 0267 0239 0173 0143 0127 0129 //// 10040 ///// ///// ////
000000000000000000000000000000000000000000000000000000000000000000000000000000000000000000000000000000000000000000000000=
54817 355900 1155200 00421 00434 4
20100503080000 170 042 178 038 177 045 0719 164 042 175 077 0752 0000 0303 0306 0708 0301 0726 053 049 0714 229 0197 09987 09993 0702 09987 0800 0292 0316 0701 0282 0725 0416 0479 0702 0414 0756 0321 0281 0247 0216 0154 0124 0112 0112 //// 10037 ///// ///// ////
000000000000000000000000000000000000000000000000000000000000000000000000000000000000000000000000000000000000000000000000=
54902 355400 1150700 00495 00499 4
20100503080000 178 027 178 032 182 043 0726 184 032 184 067 0731 0000 0294 0299 0705 0293 0747 056 052 0732 230 0197 09972 09977 0720 09972 0758 0322 0352 0706 0317 0756 0380 0432 0707 0380 0755 0310 0277 0243 0215 0159 0124 0111 0115 //// 10029 ///// ///// ////
000000000000000000000000000000000000000000000000000000000000000000000000000000000000000000000000000000000000000000000000=
54900 354200 1150100 00537 00541 4
20100503080000 167 028 168 028 184 037 0703 167 024 187 059 0701 0000 0297 0307 0701 0297 0800 061 052 0701 254 0214 09970 09974 0711 09969 0748 0305 0343 0724 0303 0752 0376 0436 0701 0376 0800 0319 0284 0247 0218 0179 0137 0115 0115 //// 10032 ///// ///// ////
000000000000000000000000000000000000000000000000000000000000000000000000000000000000000000000000000000000000000000000000=
54901 360500 1151000 00475 00478 4
20100503080000 168 046 169 045 168 048 0701 167 038 175 071 0749 0000 0286 0293 0730 0286 0800 058 058 0753 227 0195 09976 09981 0708 09976 0800 0295 0335 0705 0295 0800 0359 0405 0704 0359 0800 0309 0273 0240 0213 0175 0143 0116 0115 //// 10031 ///// ///// ////
000000000000000000000000000000000000000000000000000000000000000000000000000000000000000000000000000000000000000000000000=
54903 355100 1152900 00457 00506 4
20100503080000 200 028 198 029 201 039 0701 206 026 184 063 0710 0000 0304 0307 0719 0303 0701 050 048 0712 217 0188 09974 09979 0701 09974 0800 0331 0370 0703 0331 0800 0384 0426 0703 0384 0800 0312 0276 0242 0217 0171 0136 0118 0116 //// 10032 ///// ///// ////
000000000000000000000000000000000000000000000000000000000000000000000000000000000000000000000000000000000000000000000000=
57184 333800 1132200 00834 00847 4
20100503080000 171 025 181 028 185 030 0758 139 015 229 061 0757 0000 0312 0314 0701 0311 0732 048 047 0703 218 0189 09928 09931 0707 09927 0732 0283 0296 0703 0281 0734 0397 0444 0704 0397 0800 0217 0302 0273 0245 0151 0136 0127 0133 //// 10024 ///// ///// ////
000000000000000000000000000000000000000000000000000000000000000000000000000000000000000000000000000000000000000000000000=
57177 332000 1133200 00898 00913 4
20100503080000 174 032 171 029 207 046 0703 153 029 209 075 0701 0000 0318 0327 0710 0318 0800 041 036 0701 193 0169 09922 09926 0701 09922 0800 0330 0375 0720 0330 0800 0369 0418 0720 0369 0800 0305 0296 0254 0239 0178 0150 0131 0125 //// 10025 ///// ///// ////
000000000000000000000000000000000000000000000000000000000000000000000000000000000000000000000000000000000000000000000000=
57075 341000 1125200 02031 02043 4
20100503080000 162 051 157 052 151 058 0727 149 049 155 092 0726 0000 0281 0287 0701 0281 0800 058 054 0722 220 0191 09794 09797 0701 09793 0751 0294 0316 0717 0294 0800 0336 0378 0701 0335 0758 0316 0292 0264 0239 0207 0169 0134 0126 //// 10026 ///// ///// ////
000000000000000000000000000000000000000000000000000000000000000000000000000000000000000000000000000000000000000000000000=
57173 334500 1125300 01457 01468 4
20100503080000 199 043 198 038 198 048 0701 170 043 204 076 0738 0000 0297 0303 0730 0297 0800 050 049 0701 209 0182 09854 09860 0701 09854 0800 0308 0358 0725 0308 0800 0383 0447 0726 0383 0800 0322 0292 0264 0238 0179 0150 0130 0135 //// 10020 ///// ///// ////
000000000000000000000000000000000000000000000000000000000000000000000000000000000000000000000000000000000000000000000000=
57180 335900 1131200 01175 01186 4
20100503080000 182 030 186 030 188 037 0705 184 036 217 062 0724 0000 0298 0303 0701 0298 0800 053 051 0701 222 0192 09889 09894 0701 09889 0800 0313 0338 0701 0312 0755 0353 0444 0702 0353 0800 0325 0300 0266 0233 0170 0147 0130 0133 //// 10025 ///// ///// ////
000000000000000000000000000000000000000000000000000000000000000000000000000000000000000000000000000000000000000000000000=
57181 335300 1130300 01364 01380 4
20100503080000 185 033 190 040 194 051 0702 173 033 195 068 0742 0000 0291 0295 0740 0290 0714 062 059 0704 250 0211 09871 09877 0701 09871 0759 0290 0300 0739 0287 0718 0388 0408 0739 0388 0800 0324 0294 0265 0241 0183 0151 0130 0133 //// 10028 ///// ///// ////
000000000000000000000000000000000000000000000000000000000000000000000000000000000000000000000000000000000000000000000000=
57175 330300 1121400 01914 01922 4
20100503080000 163 027 168 018 175 037 0708 091 030 181 071 0706 0000 0283 0286 0725 0283 0751 066 062 0704 254 0213 09813 09816 0701 09812 0756 0305 0315 0727 0304 0750 0370 0386 0702 0370 0800 0313 0286 0257 0232 0171 0150 0134 0139 //// 10033 ///// ///// ////
000000000000000000000000000000000000000000000000000000000000000000000000000000000000000000000000000000000000000000000000=
57156 331800 1113000 02503 02523 4
20100503080000 114 020 105 020 100 037 0701 080 016 108 052 0717 0000 0270 0274 0715 0270 0737 059 056 0719 210 0183 09741 09749 0703 09741 0757 0279 0297 0709 0279 0800 0319 0349 0706 0318 0756 0288 0266 0246 0228 0191 0163 0139 0143 //// 10028 ///// ///// ////
000000000000000000000000000000000000000000000000000000000000000000000000000000000000000000000000000000000000000000000000=
57271 323300 1122300 00879 00897 4
20100503080000 163 041 162 039 160 053 0701 181 040 175 121 0723 0000 0291 0296 0701 0291 0800 059 058 0751 238 0203 09923 09930 0702 09923 0800 0308 0325 0709 0306 0753 0346 0376 0702 0343 0756 0302 0279 0256 0237 0176 0148 0136 0139 //// 10026 ///// ///// ////
000000000000000000000000000000000000000000000000000000000000000000000000000000000000000000000000000000000000000000000000=
57261 330700 1113100 02330 02345 4
20100503080000 253 034 253 031 312 032 0701 242 036 268 044 0758 0000 0271 0275 0718 0271 0800 062 060 0701 222 0192 09750 09759 0701 09750 0800 0319 0346 0701 0304 0740 0334 0381 0701 0329 0747 0295 0280 0261 0242 0206 0172 0149 //// //// 10016 ///// ///// ////
000000000000000000000000000000000000000000000000000000000000000000000000000000000000000000000000000000000000000000000000=
57285 322300 1132500 01530 01492 4
20100503080000 162 040 164 035 167 052 0709 116 046 164 095 0707 0000 0300 0310 0701 0300 0800 047 044 0706 199 0175 09870 09877 0707 09870 0752 0282 0332 0716 0282 0800 0360 0429 0715 0360 0800 0336 0310 0282 0255 0170 0145 0130 0135 //// ///// ///// ///// ////
////////////////////////////////////////////////////////////////////////////////////////////////////////////////////////=
57273 324100 1125100 01095 01105 4
20100503080000 183 033 182 048 192 056 0737 147 046 192 110 0704 0000 0299 0309 0702 0299 0753 046 041 0705 194 0170 09905 09910 0701 09901 0755 0309 0333 0701 0309 0759 0364 0412 0701 0362 0756 0317 0293 0264 0239 0181 0155 0136 0138 //// 10030 ///// ///// ////
000000000000000000000000000000000000000000000000000000000000000000000000000000000000000000000000000000000000000000000000=
57187 330400 1125600 01180 01193 4
20100503080000 178 048 180 055 179 064 0750 192 040 171 095 0747 0000 0301 0303 0701 0301 0800 051 048 0701 218 0189 09884 09889 0701 09884 0800 0321 0327 0743 0314 0705 0378 0385 0742 0376 0750 0312 0278 0260 0238 0191 0160 0140 0136 //// 10021 ///// ///// ////
000000000000000000000000000000000000000000000000000000000000000000000000000000000000000000000000000000000000000000000000=
57178 330200 1123500 01292 01305 4
20100503080000 167 035 167 034 176 042 0742 175 044 197 073 0742 0000 0296 0302 0701 0296 0800 051 050 0701 211 0184 09879 09883 0701 09878 0745 0321 0350 0704 0321 0800 0369 0405 0701 0369 0800 0303 0283 0257 0236 0177 0150 0134 0135 0003 10028 ///// ///// ////
000000000000000000000000000000000000000000000000000000000000000000000000000000000000000000000000000000000000000000000000
250 10- 000 /// //// /////////////////////CIE /// //// 6///1 0//// 7//// 1//// 2//// 3//// /// /// /// // 911// 915// 919// 934// 939//=
57169 330300 1115200 01591 01600 4
20100503080000 092 016 118 016 143 036 0701 108 016 128 047 0705 0000 0278 0280 0701 0278 0800 075 069 0711 280 0230 09843 09850 0703 09843 0800 0271 0282 0703 0271 0800 0342 0374 0701 0342 0800 0298 0272 0251 0229 0193 0156 0134 0135 //// 10026 ///// ///// ////
000000000000000000000000000000000000000000000000000000000000000000000000000000000000000000000000000000000000000000000000=
57176 332900 1122500 02311 02304 4
20100503080000 200 052 203 046 176 055 0723 203 048 181 083 0730 0000 0295 0296 0701 0291 0733 049 048 0722 202 0177 09772 09774 0701 09772 0749 0330 0333 0745 0316 0723 0368 0375 0708 0357 0733 0316 0295 0272 0249 0194 0167 0141 0137 //// 10034 ///// ///// ////
000000000000000000000000000000000000000000000000000000000000000000000000000000000000000000000000000000000000000000000000=
57179 331700 1130000 01604 01616 4
20100503080000 179 045 184 043 197 056 0709 150 036 212 097 0701 0000 0297 0307 0701 0297 0800 054 050 0702 225 0194 09847 09854 0702 09846 0758 0329 0356 0701 0325 0751 0366 0404 0701 0364 0753 0309 0282 0254 0233 0181 0150 0130 0134 //// 10032 ///// ///// ////
000000000000000000000000000000000000000000000000000000000000000000000000000000000000000000000000000000000000000000000000=
57274 324200 1120700 01076 01088 4
20100503080000 153 043 151 040 156 048 0701 158 056 130 081 0732 0000 0283 0289 0721 0283 0800 060 058 0701 231 0198 09895 09902 0702 09895 0757 0304 0331 0701 0304 0800 0332 0374 0701 0332 0800 0305 0284 0265 0245 0210 0185 0150 0145 //// 10020 ///// ///// ////
000000000000000000000000000000000000000000000000000000000000000000000000000000000000000000000000000000000000000000000000=
57065 343000 1121100 01949 01964 4
20100503080000 062 027 051 024 042 038 0743 083 012 032 063 0738 0000 0290 0296 0707 0290 0800 056 051 0703 224 0193 09789 09792 0701 09788 0752 0255 0269 0703 0255 0800 0340 0398 0701 0340 0800 0316 0294 0267 0243 0177 0149 0134 0139 //// 10012 ///// ///// ////
000000000000000000000000000000000000000000000000000000000000000000000000000000000000000000000000000000000000000000000000=
57074 342500 1122500 01973 01989 4
20100503080000 153 021 142 021 140 021 0759 248 014 105 097 0752 0000 0299 0309 0701 0299 0800 050 046 0706 211 0184 09785 09788 0704 09783 0755 0299 0328 0715 0299 0800 0357 0410 0715 0357 0800 0322 0296 0263 0235 0173 0147 0129 0130 //// 10010 ///// ///// ////
000000000000000000000000000000000000000000000000000000000000000000000000000000000000000000000000000000000000000000000000=
57076 344400 1124700 01895 01901 4
20100503080000 171 040 173 034 044 039 0704 155 039 170 063 0741 0000 0309 0312 0736 0303 0701 038 036 0741 170 0149 09797 09797 0800 09795 0711 0298 0317 0722 0298 0800 0359 0409 0701 0359 0800 0307 0276 0240 0215 0167 0140 0122 0125 //// 10011 ///// ///// ////
000000000000000000000000000000000000000000000000000000000000000000000000000000000000000000000000000000000000000000000000=
57070 344400 1120700 03640 03595 4
20100503080000 061 038 058 035 082 044 0710 077 037 088 073 0705 0000 0274 0283 0701 0274 0800 063 057 0701 230 0197 09611 09614 0708 09611 0757 0291 0315 0701 0291 0759 0327 0372 0701 0327 0800 0285 0256 0229 0208 0180 0145 0123 0125 //// 10015 ///// ///// ////
000000000000000000000000000000000000000000000000000000000000000000000000000000000000000000000000000000000000000000000000=
57162 340900 1120500 03258 03275 4
20100503080000 214 006 244 006 021 010 0705 243 008 340 018 0713 0000 0296 0302 0701 0296 0800 053 050 0706 220 0190 09640 09641 0701 09637 0740 0279 0317 0707 0272 0754 0358 0437 0702 0356 0755 0317 0286 0257 0234 0168 0146 0129 0134 //// 10008 ///// ///// ////
000000000000000000000000000000000000000000000000000000000000000000000000000000000000000000000000000000000000000000000000=
57078 340900 1122800 03365 03340 4
20100503080000 155 020 146 032 156 049 0729 156 019 181 085 0731 0000 0296 0304 0701 0296 0800 038 033 0703 158 0138 09638 09639 0729 09637 0741 0327 0372 0701 0327 0800 0345 0386 0701 0345 0800 0311 0287 0258 0230 0157 0136 0125 0124 //// 10015 ///// ///// ////
000000000000000000000000000000000000000000000000000000000000000000000000000000000000000000000000000000000000000000000000=
57071 344900 1122600 03333 03332 4
20100503080000 355 053 000 050 000 050 0800 350 061 355 073 0754 0000 0270 0281 0701 0270 0800 063 059 0702 225 0194 09645 09647 0712 09645 0758 0287 0334 0706 0287 0800 0337 0400 0705 0337 0800 0298 0269 0242 0219 0189 0148 0122 0123 //// 10020 ///// ///// ////
000000000000000000000000000000000000000000000000000000000000000000000000000000000000000000000000000000000000000000000000=
57066 342300 1114000 03283 03298 4
20100503080000 000 000 000 000 148 003 0701 113 000 161 006 0731 0000 0271 0282 0701 0271 0800 068 061 0706 244 0207 09635 09637 0702 09635 0713 0257 0283 0701 0257 0758 0292 0324 0701 0292 0800 0253 0224 0202 0187 0160 0140 0121 0121 //// 10008 ///// ///// ////
000000000000000000000000000000000000000000000000000000000000000000000000000000000000000000000000000000000000000000000000=
57077 334700 1113900 07424 07388 4
20100503080000 139 043 127 056 125 056 0759 170 040 133 101 0739 0000 0261 0268 0701 0260 0743 038 033 0702 128 0107 09208 09216 0722 09208 0800 0290 0297 0748 0283 0742 0344 0358 0704 0340 0742 0281 0258 0231 0210 0166 0133 0114 0117 //// 10027 ///// ///// ////
000000000000000000000000000000000000000000000000000000000000000000000000000000000000000000000000000000000000000000000000=
57183 334800 1135500 00600 00615 4
20100503080000 164 022 175 027 167 039 0711 167 025 187 070 0726 0000 0289 0306 0701 0289 0800 069 059 0709 275 0226 09959 09962 0702 09959 0740 0320 0374 0701 0320 0759 0374 0462 0701 0372 0759 0313 0283 0253 0229 0189 0154 0128 0126 //// 10030 ///// ///// ////
000000000000000000000000000000000000000000000000000000000000000000000000000000000000000000000000000000000000000000000000=
57186 333600 1140300 00587 00598 4
20100503080000 159 049 159 038 168 050 0734 153 058 190 076 0728 0000 0305 0313 0703 0305 0800 048 048 0800 210 0183 09962 09967 0702 09962 0800 0313 0391 0701 0313 0800 0382 0473 0701 0382 0800 0329 0293 0258 0234 0189 0157 0134 0137 //// 10030 ///// ///// ////
000000000000000000000000000000000000000000000000000000000000000000000000000000000000000000000000000000000000000000000000=
57191 342900 1142900 00634 00642 4
20100503080000 179 019 173 024 170 035 0753 201 022 164 061 0753 0000 0308 0318 0701 0308 0800 049 047 0701 218 0189 09962 09967 0701 09961 0740 0313 0360 0710 0308 0754 0356 0418 0703 0354 0756 0317 0293 0265 0239 0177 0146 0125 0127 //// 10035 ///// ///// ////
000000000000000000000000000000000000000000000000000000000000000000000000000000000000000000000000000000000000000000000000=
57096 343200 1144700 00597 00607 4
20100503080000 186 036 184 036 184 043 0730 170 039 195 091 0751 0000 0305 0318 0701 0305 0800 051 046 0701 223 0192 09963 09968 0701 09963 0800 0310 0348 0701 0310 0800 0383 0456 0701 0383 0800 0337 0297 0249 0219 0169 0142 0126 0129 //// 10032 ///// ///// ////
000000000000000000000000000000000000000000000000000000000000000000000000000000000000000000000000000000000000000000000000=
57093 345100 1144900 00733 00740 4
20100503080000 160 045 168 039 194 049 0737 178 046 203 082 0709 0000 0307 0315 0709 0307 0800 052 045 0710 230 0197 09949 09955 0701 09949 0800 0330 0367 0708 0330 0800 0384 0442 0702 0384 0800 0328 0290 0252 0220 0178 0143 0123 0125 //// 10033 ///// ///// ////
000000000000000000000000000000000000000000000000000000000000000000000000000000000000000000000000000000000000000000000000=
53978 350500 1123800 01401 01409 4
20100503080000 112 030 113 031 097 037 0716 102 030 077 063 0709 0000 0281 0286 0702 0280 0745 061 058 0709 232 0199 09857 09859 0703 09856 0748 0288 0299 0701 0287 0751 0339 0362 0703 0338 0750 0286 0262 0236 0217 0153 0133 0124 0130 //// 10018 ///// ///// ////
000000000000000000000000000000000000000000000000000000000000000000000000000000000000000000000000000000000000000000000000=
53984 351400 1132800 00827 00837 4
20100503080000 037 041 036 039 040 042 0728 051 045 046 055 0724 0000 0280 0288 0701 0280 0800 065 060 0710 246 0208 09927 09932 0701 09926 0745 0285 0316 0701 0285 0800 0341 0396 0701 0341 0800 0288 0261 0232 0216 0175 0147 0125 0125 //// 10023 ///// ///// ////
000000000000000000000000000000000000000000000000000000000000000000000000000000000000000000000000000000000000000000000000=
53987 350600 1132500 00910 00918 4
20100503080000 065 015 052 017 045 035 0718 071 020 060 062 0711 0000 0294 0297 0702 0292 0724 060 058 0703 246 0208 09920 09922 0704 09918 0752 0320 0361 0701 0319 0758 0335 0380 0701 0335 0800 0309 0284 0258 0234 0181 0153 0135 0132 //// 10025 ///// ///// ////
000000000000000000000000000000000000000000000000000000000000000000000000000000000000000000000000000000000000000000000000=
57079 345700 1130200 01064 01069 4
20100503080000 065 049 067 053 068 064 0716 066 044 074 085 0708 0000 0285 0287 0701 0284 0744 063 060 0701 245 0208 09887 09894 0701 09886 0739 0305 0322 0705 0305 0759 0352 0389 0705 0352 0800 0278 0256 0233 0212 0185 0154 0129 0126 //// 10009 ///// ///// ////
000000000000000000000000000000000000000000000000000000000000000000000000000000000000000000000000000000000000000000000000=
57072 345500 1124500 01275 01285 4
20100503080000 040 031 048 033 055 042 0738 054 019 071 066 0737 0000 0284 0292 0701 0284 0800 058 057 0704 224 0193 09869 09871 0701 09868 0720 0298 0322 0702 0298 0800 0350 0399 0712 0350 0800 0293 0262 0232 0209 0154 0134 0118 0119 //// 10016 ///// ///// ////
000000000000000000000000000000000000000000000000000000000000000000000000000000000000000000000000000000000000000000000000=
53982 351400 1131600 01120 01135 4
20100503080000 042 035 045 028 047 039 0716 037 039 046 064 0711 0000 0292 0298 0701 0292 0800 053 052 0702 215 0186 09891 09897 0701 09891 0800 0286 0305 0701 0285 0755 0349 0400 0701 0349 0800 0298 0275 0247 0227 0181 0151 0132 0135 //// 10020 ///// ///// ////
000000000000000000000000000000000000000000000000000000000000000000000000000000000000000000000000000000000000000000000000=
53979 350900 1130500 01200 01211 4
20100503080000 059 039 062 036 071 043 0717 056 041 066 069 0715 0000 0283 0287 0701 0283 0800 058 056 0715 223 0192 09880 09886 0702 09880 0800 0300 0314 0701 0299 0758 0349 0376 0701 0347 0758 0304 0277 0251 0228 0162 0145 0129 0133 //// 10019 ///// ///// ////
000000000000000000000000000000000000000000000000000000000000000000000000000000000000000000000000000000000000000000000000=
53992 353900 1143100 00582 00592 4
20100503080000 165 023 170 026 169 032 0752 144 020 179 049 0747 0000 0290 0295 0701 0290 0800 060 058 0736 240 0205 09959 09962 0701 09958 0749 0298 0317 0703 0295 0751 0356 0386 0703 0355 0751 0306 0279 0253 0226 0160 0135 0117 0122 //// 10027 ///// ///// ////
000000000000000000000000000000000000000000000000000000000000000000000000000000000000000000000000000000000000000000000000=
53974 353700 1141100 00723 00739 4
20100503080000 139 010 172 009 125 014 0714 108 007 119 029 0705 0000 0295 0295 0756 0290 0716 055 054 0701 227 0195 09948 09951 0701 09947 0739 0322 0332 0701 0317 0716 0369 0402 0701 0369 0800 0319 0289 0259 0235 0177 0145 0125 0129 //// 10032 ///// ///// ////
000000000000000000000000000000000000000000000000000000000000000000000000000000000000000000000000000000000000000000000000=
53990 354300 1141900 00795 00805 4
20100503080000 182 019 180 017 182 020 0746 182 019 167 027 0740 0000 0284 0288 0704 0283 0753 069 060 0702 267 0222 09937 09940 0701 09936 0741 0323 0343 0701 0323 0800 0387 0427 0702 0387 0759 0310 0279 0246 0226 0191 0149 0119 0116 //// 10030 ///// ///// ////
000000000000000000000000000000000000000000000000000000000000000000000000000000000000000000000000000000000000000000000000=
53991 355600 1142100 00743 00753 4
20100503080000 177 015 162 017 149 022 0724 173 014 119 034 0721 0000 0283 0286 0734 0282 0711 060 055 0703 231 0198 09944 09949 0701 09944 0800 0303 0347 0705 0302 0756 0358 0424 0705 0357 0758 0304 0274 0239 0221 0172 0142 0121 0123 //// 10030 ///// ///// ////
000000000000000000000000000000000000000000000000000000000000000000000000000000000000000000000000000000000000000000000000=
53889 360400 1134900 03068 03086 4
20100503080000 083 018 089 023 087 037 0708 082 019 069 057 0728 0000 0278 0283 0703 0278 0800 053 045 0703 198 0173 09679 09681 0701 09678 0724 0293 0309 0703 0293 0800 0341 0372 0702 0341 0800 0315 0296 0281 0264 0161 0131 0122 0108 //// 10028 ///// ///// ////
000000000000000000000000000000000000000000000000000000000000000000000000000000000000000000000000000000000000000000000000=
53995 353300 1143000 00625 00645 4
20100503080000 163 028 158 032 162 037 0701 156 022 150 056 0756 0000 0286 0294 0701 0284 0731 062 057 0701 243 0206 09956 09960 0702 09956 0752 0324 0337 0701 0317 0729 0385 0425 0701 0385 0800 0340 0312 0278 0247 0186 0151 0124 0123 //// 10030 ///// ///// ////
000000000000000000000000000000000000000000000000000000000000000000000000000000000000000000000000000000000000000000000000=
NNNN
