57084 343000 1130300 1
20100503000000 00 00 00 00 00 00 06 10 10 10 10 10 10 08 07 04 00 00 00 00 00 00 00 00 085=
57095 340700 1140900 1
20100503000000 00 00 00 00 00 00 02 10 10 10 10 10 10 10 09 06 00 00 00 00 00 00 00 00 087=
57298 321300 1143300 1
20100503000000 00 00 00 00 00 00 08 10 10 10 10 10 10 10 10 10 01 00 00 00 00 00 00 00 099=
57390 314800 1140400 1
20100503000000 00 00 00 00 00 00 05 10 10 10 10 10 10 10 10 08 00 00 00 00 00 00 00 00 093=
53994 352300 1140400 1
20100503000000 00 00 00 00 00 00 06 10 10 10 10 10 10 10 03 00 00 00 00 00 00 00 00 00 079=
53988 351600 1134000 1
20100503000000 00 00 00 00 00 00 05 10 10 10 10 10 10 10 00 00 00 00 00 00 00 00 00 00 075=
57065 343000 1121100 1
20100503000000 00 00 00 00 00 00 00 04 10 10 10 10 10 10 04 00 00 00 00 00 00 00 00 00 068=
57162 340900 1120500 1
20100503000000 00 00 00 00 00 00 00 02 10 10 10 10 10 10 10 07 00 00 00 00 00 00 00 00 079=
53979 350900 1130500 1
20100503000000 00 00 00 00 00 00 00 04 10 10 10 10 10 10 06 00 00 00 00 00 00 00 00 00 070=
53992 353900 1143100 1
20100503000000 00 00 00 00 00 00 00 09 10 10 10 10 10 10 10 03 00 00 00 00 00 00 00 00 082=
NNNN
