57090 344300 1135800 00781 00802 4
20100323220000 000 000 000 000 000 000 2200 161 000 161 000 2200 0000 0080 0084 2101 0080 2158 076 072 2102 081 0040 10122 10122 2200 10118 2101 0060 0067 2110 0057 2153 0070 0071 2124 0070 2159 0083 0092 0095 0099 0098 0092 0085 0119 //// 10220 ///// ///// ////
000000000000000000000000000000000000000000000000000000000000000000000000000000000000000000000000000000000000000000000000=
57083 344300 1133900 01104 01116 4
20100323220000 112 014 119 015 126 016 2157 129 015 135 020 2156 0000 0091 0091 2200 0086 2121 061 061 2200 070 0020 10080 10083 2152 10080 2200 0059 0059 2200 0052 2138 0069 0070 2101 0069 2146 0084 0090 0095 0100 0098 0098 0102 0126 0000 10216 ///// ///// ////
000000000000000000000000000000000000000000000000000000000000000000000000000000000000000000000000000000000000000000000000
110 009 000 /// //// /////////////////////ACR /// //// 6///1 0//// 7//// 1//// 2//// 3//// /// /// /// // 911// 915// 919// 934// 939//=
57086 342300 1134300 01166 01168 4
20100323220000 159 009 137 003 071 010 2101 150 007 161 012 2148 0000 0076 0077 2139 0073 2102 074 073 2131 077 0033 10075 10080 2123 10074 2155 0066 0068 2156 0064 2131 0069 0071 2107 0069 2200 0080 0088 0093 0097 0097 0095 0093 0116 //// 10218 ///// ///// ////
000000000000000000000000000000000000000000000000000000000000000000000000000000000000000000000000000000000000000000000000=
57085 343200 1132000 02599 02648 4
20100323220000 150 009 127 010 127 010 2200 164 007 122 013 2155 0000 0073 0074 2101 0072 2149 064 064 2200 065 0009 09898 09898 2200 09893 2101 0070 0070 2159 0066 2111 0063 0066 2101 0063 2200 0079 0090 0096 0099 0101 0098 0092 0121 //// 10220 ///// ///// ////
000000000000000000000000000000000000000000000000000000000000000000000000000000000000000000000000000000000000000000000000=
57081 344800 1132600 01409 01419 4
20100323220000 160 013 147 014 147 014 2200 192 009 144 022 2157 0000 0085 0086 2146 0080 2113 050 049 2145 055 -013 10044 10045 2123 10041 2154 0067 0067 2200 0047 2107 0064 0064 2124 0063 2152 0078 0087 0096 0096 0090 0092 0095 0117 //// 10217 ///// ///// ////
000000000000000000000000000000000000000000000000000000000000000000000000000000000000000000000000000000000000000000000000=
57080 344400 1125800 01652 01661 4
20100323220000 184 018 192 014 167 018 2139 173 019 158 027 2137 0000 0084 0085 2153 0081 2103 046 046 2152 051 -025 10015 10016 2107 10010 2133 0066 0071 2149 0060 2101 0061 0062 2116 0061 2138 0077 0088 0095 0098 0092 0087 0088 0119 //// 10217 ///// ///// ////
000000000000000000000000000000000000000000000000000000000000000000000000000000000000000000000000000000000000000000000000=
57082 342800 1130100 04271 04284 4
20100323220000 287 010 316 022 338 029 2129 265 007 353 051 2109 0000 0073 0075 2113 0073 2140 042 039 2112 043 -048 09705 09706 2158 09699 2129 0068 0070 2129 0067 2143 0051 0052 2111 0051 2200 0065 0077 0085 0091 0096 0098 0099 //// //// 10221 ///// ///// ////
000000000000000000000000000000000000000000000000000000000000000000000000000000000000000000000000000000000000000000000000=
57295 323700 1142100 00785 00802 4
20100323220000 335 019 339 015 343 019 2148 324 009 347 034 2141 0002 0057 0058 2124 0057 2154 094 088 2101 086 0048 10112 10115 2122 10111 2131 0055 0057 2113 0055 2200 0062 0063 2103 0062 2200 0079 0082 0087 0094 0101 0102 0102 0128 //// 10212 ///// ///// ////
000000000000000000000000000000000000000000010000000000000000000000000000000000000000000000000001000000000000000000000000=
57189 330800 1135700 00646 00655 4
20100323220000 048 003 023 004 013 004 2158 043 004 001 007 2152 0000 0064 0064 2117 0064 2159 098 097 2127 094 0061 10133 10137 2105 10133 2200 0061 0062 2127 0061 2113 0069 0070 2137 0069 2158 0081 0087 0092 0096 0097 0097 0097 0122 //// 10214 ///// ///// ////
000000000000000000000000000000000000000000000000000000000000000000000000000000000000000000000000000000000000000000000000=
57194 331700 1141600 00598 00609 4
20100323220000 337 008 329 005 289 014 2101 344 011 299 016 2102 0001 0064 0065 2155 0062 2101 094 094 2107 090 0055 10140 10141 2118 10137 2139 0059 0059 2143 0058 2115 0068 0069 2135 0067 2101 0083 0087 0093 0095 0095 0097 0097 0126 //// 10215 ///// ///// ////
000000000000000000000000000000000000000000000000000000010000000000000000000000000000000000000000000000000000000000000000=
57197 330000 1142000 00489 00545 4
20100323220000 000 014 010 010 358 010 2128 319 015 347 023 2128 0001 0066 0066 2152 0063 2102 097 096 2110 094 0062 10145 10148 2133 10145 2156 0058 0058 2142 0054 2103 0066 0067 2152 0066 2200 0075 0081 0086 0088 0101 0102 0099 0125 //// 10213 ///// ///// ////
000000000000000000000000000000000000000000000000000000000000000000000000000000000000000000000000000000000000000000010000=
57294 325000 1140100 00836 00846 4
20100323220000 011 015 016 018 022 019 2156 007 019 023 027 2152 0000 0064 0064 2159 0062 2101 097 096 2102 093 0060 10105 10108 2130 10104 2148 0062 0062 2200 0061 2108 0065 0065 2126 0064 2148 0073 0081 0089 0094 0101 0108 0102 0118 //// 10210 ///// ///// ////
000000000000000000000000000000000000000000000000000000000000000000000000000000000000000000000000000000000000000000000000=
57292 325800 1143800 00444 00453 4
20100323220000 016 015 007 016 006 017 2159 021 009 336 028 2145 0000 0059 0059 2159 0058 2101 095 094 2101 088 0052 10158 10163 2142 10158 2200 0056 0057 2148 0056 2104 0063 0064 2109 0063 2200 0075 0083 0090 0098 0102 0104 0104 0133 //// 10214 ///// ///// ////
000000000000000000000000000000000000000000000000000000000000000000000000000000000000000000000000000000000000000000000000=
57195 333700 1143700 00466 00476 4
20100323220000 072 010 072 010 071 011 2158 015 010 063 014 2142 0000 0075 0075 2200 0074 2101 089 089 2200 092 0058 10162 10162 2200 10159 2102 0069 0069 2155 0065 2138 0069 0069 2106 0069 2200 0077 0086 0095 0100 0102 0098 0101 0142 //// 10221 ///// ///// ////
000000000000000000000000000000000000000000000000000000000000000000000000000000000000000000000000000000000000000000000000=
57193 334700 1143100 00526 00541 4
20100323220000 007 014 350 013 298 015 2102 336 015 330 033 2154 0000 0077 0077 2158 0076 2124 087 087 2159 091 0057 10155 10157 2153 10151 2121 0069 0069 2102 0068 2129 0072 0073 2102 0072 2159 0086 0092 0098 0102 0105 0101 0104 0131 //// 10222 ///// ///// ////
000000000000000000000000000000000000000000000000000000000000000000000000000000000000000000000000000000000000000000000000=
58101 335200 1152900 00413 00428 4
20100323220000 026 003 049 004 350 012 2109 029 003 310 020 2122 0000 0062 0066 2133 0060 2101 080 073 2126 076 0030 10173 10174 2156 10162 2101 0053 0058 2136 0053 2200 0057 0057 2101 0056 2134 0075 0081 0088 0094 0099 0098 0099 0130 //// 10226 ///// ///// ////
000000000000000000000000000000000000000000000000000000000000000000000000000000000000000000000000000000000000000000000000=
57098 340500 1142400 00583 00593 4
20100323220000 044 005 009 007 267 012 2101 037 007 305 019 2121 0000 0075 0075 2200 0074 2126 090 089 2101 093 0060 10148 10151 2145 10145 2102 0066 0068 2101 0064 2133 0071 0072 2101 0071 2155 0078 0085 0090 0096 0101 0096 0097 0129 //// 10221 ///// ///// ////
000000000000000000000000000000000000000000000000000000000000000000000000000000000000000000000000000000000000000000000000=
57088 340900 1133000 01161 01177 4
20100323220000 193 004 159 005 151 013 2137 203 004 164 016 2124 0000 0076 0082 2101 0076 2200 079 074 2101 082 0042 10080 10080 2200 10073 2134 0062 0067 2131 0062 2200 0064 0065 2101 0064 2200 0078 0088 0097 0101 0101 0100 0101 0126 //// 10224 ///// ///// ////
000000000000000000000000000000000000000000000000000000000000000000000000000000000000000000000000000000000000000000000000=
57182 335100 1133000 00805 00814 4
20100323220000 135 000 135 002 357 016 2130 088 000 358 022 2124 0000 0075 0078 2127 0075 2200 088 086 2101 091 0056 10124 10124 2200 10114 2101 0065 0072 2131 0065 2200 0071 0073 2101 0071 2200 0085 0095 0104 0107 0108 0105 0107 0139 //// 10224 ///// ///// ////
000000000000000000000000000000000000000000000000000000000000000000000000000000000000000000000000000000000000000000000000=
57390 314800 1140400 07335 07347 4
20100323220000 020 045 021 044 015 051 2121 004 065 004 141 2106 0001 0010 0010 2200 0008 2102 100 100 2200 066 0010 09320 09321 2139 09317 2112 0013 0014 2158 0010 2130 0019 0020 2128 0017 2135 0029 0039 0052 0062 0082 0093 //// //// //// 10208 ///// ///// ////
000000000000000000000000000000000000000000000000000000000000000000000000000000000000000000000000000000000000000000000100=
58207 321000 1150300 00428 00440 4
20100323220000 031 033 026 033 020 033 2156 043 030 020 048 2143 0000 0059 0059 2200 0058 2101 092 091 2101 085 0047 10151 10154 2127 10146 2101 0055 0055 2150 0054 2103 0066 0066 2157 0065 2110 0057 0075 0082 0089 0108 0114 0112 0138 //// 10206 ///// ///// ////
000000000000000000000000000000000000000000000000000000000000000000000000000000000000000000000000000000000000000000000000=
58208 321000 1153700 00429 00439 4
20100323220000 040 020 041 021 042 021 2159 050 019 008 039 2147 0000 0060 0060 2200 0059 2101 085 085 2200 079 0037 10156 10156 2200 10148 2107 0058 0058 2148 0056 2105 0062 0062 2157 0060 2105 0067 0076 0082 0091 0107 0112 0112 0139 //// 10211 ///// ///// ////
000000000000000000000000000000000000000000000000000000000000000000000000000000000000000000000000000000000000000000000000=
53986 351900 1135300 00732 00740 4
20100323220000 180 010 184 021 188 027 2153 181 010 187 041 2144 0000 0090 0093 2101 0090 2200 065 061 2106 075 0028 10122 10126 2146 10122 2200 0081 0084 2122 0081 2200 0072 0072 2147 0072 2112 0086 0092 0097 0100 0096 0093 0097 0127 //// 10213 ///// ///// ////
000000000000000000000000000000000000000000000000000000000000000000000000000000000000000000000000000000000000000000000000=
53994 352300 1140400 00700 00712 4
20100323220000 200 009 197 011 200 018 2126 200 011 200 025 2115 0000 0080 0086 2101 0080 2200 070 064 2101 075 0029 10127 10130 2147 10126 2108 0068 0074 2108 0067 2153 0062 0064 2103 0062 2200 0079 0090 0098 0100 0093 0088 0093 0127 //// 10214 ///// ///// ////
000000000000000000000000000000000000000000000000000000000000000000000000000000000000000000000000000000000000000000000000=
53998 351200 1143900 00616 00625 4
20100323220000 199 014 217 015 232 018 2101 229 013 218 029 2112 0000 0079 0079 2156 0077 2137 070 065 2101 075 0028 10143 10145 2154 10139 2122 0066 0067 2156 0062 2121 0060 0061 2153 0060 2121 0075 0086 0093 0097 0098 0094 0095 0128 //// 10220 ///// ///// ////
000000000000000000000000000000000000000000000000000000000000000000000000000000000000000000000000000000000000000000000000=
57051 344800 1111200 04099 04117 4
20100323220000 259 007 314 002 064 002 2119 263 009 240 013 2159 0000 0076 0080 2101 0076 2156 039 036 2102 041 -055 09736 09736 2200 09719 2115 0045 0051 2119 0044 2150 0061 0063 2101 0060 2154 0080 0091 0097 0099 0089 0086 0086 0114 //// 10232 ///// ///// ////
000000000000000000000000000000000000000000000000000000000000000000000000000000000000000000000000000000000000000000000000=
57063 344600 1114600 05236 05236 4
20100323220000 277 006 250 010 296 012 2114 285 005 251 018 2155 0000 0047 0056 2101 0046 2156 056 049 2104 048 -033 09596 09597 2157 09588 2101 0025 0034 2115 0023 2155 0038 0041 2101 0038 2159 0061 0071 0078 0081 0076 0077 0083 0110 //// 10227 ///// ///// ////
000000000000000000000000000000000000000000000000000000000000000000000000000000000000000000000000000000000000000000000000=
57067 340300 1110200 05688 05699 4
20100323220000 258 005 262 006 223 016 2125 254 008 203 026 2118 0000 0043 0045 2101 0042 2150 075 075 2200 062 0003 09544 09545 2125 09540 2108 0040 0047 2102 0040 2158 0053 0056 2102 0053 2157 0069 0078 0089 0085 0092 0097 0094 0122 //// 10231 ///// ///// ////
000000000000000000000000000000000000000000000000000000000000000000000000000000000000000000000000000000000000000000000000=
57056 343200 1105300 03904 03909 4
20100323220000 288 001 277 008 267 018 2142 046 000 268 032 2139 0000 0079 0081 2138 0076 2110 049 045 2101 052 -021 09758 09759 2155 09744 2104 0058 0066 2145 0049 2114 0063 0065 2145 0063 2200 0079 0090 0096 0100 0091 0089 0092 0118 //// 10229 ///// ///// ////
000000000000000000000000000000000000000000000000000000000000000000000000000000000000000000000000000000000000000000000000=
58007 340400 1151800 00472 00532 4
20100323220000 059 014 062 012 062 012 2200 060 018 060 020 2159 0000 0075 0075 2156 0072 2101 062 061 2154 064 0007 10158 10160 2155 10152 2102 0066 0067 2110 0060 2101 0062 0065 2101 0062 2200 0080 0089 0095 0099 0101 0099 0102 0131 //// 10224 ///// ///// ////
000000000000000000000000000000000000000000000000000000000000000000000000000000000000000000000000000000000000000000000000=
58006 342300 1155300 00463 00506 4
20100323220000 030 012 019 010 342 013 2131 004 012 355 022 2129 0000 0063 0066 2141 0063 2101 065 064 2139 062 0002 10169 10171 2131 10155 2101 0052 0054 2140 0050 2110 0053 0053 2103 0053 2200 0065 0077 0084 0090 0094 0092 0097 0127 //// 10232 ///// ///// ////
000000000000000000000000000000000000000000000000000000000000000000000000000000000000000000000000000000000000000000000000=
58111 335800 1162700 00325 00325 4
20100323220000 360 012 353 009 079 013 2106 336 011 330 023 2146 0000 0061 0062 2101 0061 2139 074 074 2200 070 0018 10189 10189 2200 10167 2104 0050 0052 2142 0050 2120 0055 0056 2101 0055 2148 0066 0075 0081 0087 0095 0097 0104 0138 //// 10229 ///// ///// ////
000000000000000000000000000000000000000000000000000000000000000000000000000000000000000000000000000000000000000000000000=
58017 341500 1160800 00410 00420 4
20100323220000 344 005 337 008 312 013 2130 333 005 338 015 2154 0000 0057 0063 2104 0055 2142 079 069 2103 072 0023 10177 10177 2200 10157 2102 0042 0046 2104 0039 2113 0055 0055 2147 0053 2112 0071 0082 0089 0094 0098 0096 0102 0128 //// 10229 ///// ///// ////
000000000000000000000000000000000000000000000000000000000000000000000000000000000000000000000000000000000000000000000000=
58001 342600 1150600 00563 00569 4
20100323220000 059 005 053 007 087 009 2131 063 003 088 011 2127 0000 0065 0066 2127 0064 2155 075 075 2159 073 0024 10155 10155 2200 10150 2121 0055 0061 2126 0054 2105 0059 0061 2112 0059 2200 0071 0078 0084 0087 0090 0087 0093 0126 //// 10225 ///// ///// ////
000000000000000000000000000000000000000000000000000000000000000000000000000000000000000000000000000000000000000000000000=
58005 342700 1154000 00501 00511 4
20100323220000 024 011 030 011 023 011 2152 007 009 021 014 2151 0000 0069 0070 2114 0068 2101 062 059 2108 062 0001 10163 10164 2151 10153 2101 0047 0048 2154 0044 2102 0055 0056 2137 0055 2200 0071 0082 0086 0091 0097 0095 0102 0132 0000 10226 ///// ///// ////
000000000000000000000000000000000000000000000000000000000000000000000000000000000000000000000000000000000000000000000000
140 010 000 /// //// /////////////////////ASR /// //// 6///1 0//// 7//// 1//// 2//// 3//// /// /// /// // 911// 915// 919// 934// 939//=
58008 342800 1152000 00544 00592 4
20100323220000 081 007 078 007 073 008 2158 080 005 237 012 2110 0000 0062 0070 2126 0062 2200 077 057 2124 073 0025 10151 10152 2146 10143 2102 0048 0049 2112 0047 2126 0058 0060 2125 0058 2200 0067 0075 0081 0087 0094 0093 0097 0129 //// 10224 ///// ///// ////
000000000000000000000000000000000000000000000000000000000000000000000000000000000000000000000000000000000000000000000000=
58004 343900 1150900 00606 00616 4
20100323220000 106 003 131 003 235 008 2108 130 003 218 015 2108 0000 0072 0075 2116 0072 2200 066 064 2137 067 0013 10147 10147 2200 10143 2101 0055 0064 2113 0054 2156 0063 0064 2106 0063 2200 0076 0089 0091 0095 0100 0098 0101 0127 //// 10223 ///// ///// ////
000000000000000000000000000000000000000000000000000000000000000000000000000000000000000000000000000000000000000000000000=
54817 355900 1155200 00421 00434 4
20100323220000 150 018 151 017 152 017 2159 130 014 142 024 2159 0000 0062 0062 2200 0048 2101 061 061 2159 058 -008 10169 10172 2145 10160 2104 0049 0049 2200 0033 2117 0035 0036 2153 0032 2114 0051 0064 0075 0079 0082 0075 0087 0116 //// 10223 ///// ///// ////
000000000000000000000000000000000000000000000000000000000000000000000000000000000000000000000000000000000000000000000000=
54900 354200 1150100 00537 00541 4
20100323220000 195 021 208 019 197 026 2121 189 015 201 038 2118 0000 0075 0075 2144 0072 2101 067 066 2106 069 0018 10147 10151 2125 10145 2107 0061 0063 2127 0054 2101 0050 0050 2141 0047 2101 0067 0078 0086 0090 0087 0079 0082 0110 //// 10213 ///// ///// ////
000000000000000000000000000000000000000000000000000000000000000000000000000000000000000000000000000000000000000000000000=
54901 360500 1151000 00475 00478 4
20100323220000 176 024 177 022 182 025 2138 181 024 167 033 2136 0000 0060 0062 2146 0058 2130 069 065 2105 064 0008 10154 10157 2130 10148 2101 0046 0051 2140 0043 2101 0039 0041 2150 0035 2101 0054 0066 0075 0081 0084 0078 0075 0105 //// 10213 ///// ///// ////
000000000000000000000000000000000000000000000000000000000000000000000000000000000000000000000000000000000000000000000000=
54903 355100 1152900 00457 00506 4
20100323220000 161 016 157 017 173 024 2145 164 022 167 040 2144 0000 0067 0068 2145 0060 2129 061 060 2102 060 -003 10157 10158 2140 10149 2102 0059 0061 2141 0038 2119 0043 0043 2146 0036 2105 0059 0072 0080 0084 0082 0078 0089 0114 //// 10219 ///// ///// ////
000000000000000000000000000000000000000000000000000000000000000000000000000000000000000000000000000000000000000000000000=
57184 333800 1132200 00834 00847 4
20100323220000 031 007 034 008 136 011 2113 031 006 158 015 2110 0000 0076 0078 2101 0076 2200 090 087 2101 094 0061 10116 10116 2200 10106 2101 0076 0078 2118 0075 2157 0077 0078 2104 0077 2158 0089 0098 0103 0108 0101 0101 0103 0129 //// 10220 ///// ///// ////
000000000000000000000000000000000000000000000000000000000000000000000000000000000000000000000000000000000000000000000000=
57177 332000 1133200 00898 00913 4
20100323220000 022 002 055 005 047 011 2123 029 000 029 013 2123 0000 0070 0073 2101 0070 2200 092 090 2101 092 0058 10105 10105 2200 10100 2104 0064 0068 2133 0064 2159 0074 0075 2101 0074 2200 0063 0088 0087 0101 0105 0104 0104 0121 //// 10218 ///// ///// ////
000000000000000000000000000000000000000000000000000000000000000000000000000000000000000000000000000000000000000000000000=
57075 341000 1125200 02031 02043 4
20100323220000 288 018 279 022 272 026 2157 290 019 279 035 2156 0000 0074 0078 2114 0072 2140 073 068 2115 075 0029 09973 09975 2145 09969 2102 0071 0071 2107 0063 2128 0062 0063 2133 0062 2156 0077 0088 0095 0098 0105 0102 0095 0117 //// 10223 ///// ///// ////
000000000000000000000000000000000000000000000000000000000000000000000000000000000000000000000000000000000000000000000000=
57173 334500 1125300 01457 01468 4
20100323220000 284 008 284 011 185 015 2101 288 008 203 016 2103 0000 0076 0080 2105 0076 2200 077 073 2102 080 0038 10039 10042 2145 10033 2122 0067 0071 2104 0067 2133 0068 0069 2101 0068 2200 0083 0093 0100 0102 0105 0103 0103 0134 //// 10219 ///// ///// ////
000000000000000000000000000000000000000000000000000000000000000000000000000000000000000000000000000000000000000000000000=
57180 335900 1131200 01175 01186 4
20100323220000 313 005 304 005 083 014 2133 321 005 094 017 2128 0000 0078 0078 2200 0075 2101 076 076 2200 080 0038 10077 10078 2152 10068 2132 0062 0065 2135 0062 2200 0067 0068 2112 0067 2200 0078 0089 0095 0100 0101 0098 0100 0130 //// 10223 ///// ///// ////
000000000000000000000000000000000000000000000000000000000000000000000000000000000000000000000000000000000000000000000000=
57181 335300 1130300 01364 01380 4
20100323220000 014 007 344 002 348 006 2101 026 006 015 009 2159 0000 0069 0073 2102 0069 2130 085 083 2103 085 0046 10057 10058 2150 10049 2127 0062 0066 2102 0062 2133 0067 0068 2111 0067 2159 0079 0093 0097 0103 0103 0100 0101 0129 //// 10227 ///// ///// ////
000000000000000000000000000000000000000000000000000000000000000000000000000000000000000000000000000000000000000000000000=
57171 334600 1130700 01420 01430 4
20100323220000 330 031 333 032 333 033 2156 321 033 329 040 2109 0000 0077 0080 2117 0077 2200 078 075 2115 082 0041 10044 10044 2200 10035 2125 0073 0075 2111 0073 2158 0070 0072 2101 0070 2200 0083 0092 0099 0105 0111 0113 0113 0124 //// 10219 ///// ///// ////
000000000000000000000000000000000000000000000000000000000000000000000000000000000000000000000000000000000000000000000000=
57175 330300 1121400 01914 01922 4
20100323220000 280 028 290 026 301 030 2148 271 026 313 042 2156 0000 0077 0077 2200 0071 2105 070 069 2158 074 0026 09990 09991 2154 09981 2102 0056 0058 2103 0056 2117 0062 0065 2101 0062 2200 0080 0093 0103 0109 0109 0108 0109 0138 //// 10226 ///// ///// ////
000000000000000000000000000000000000000000000000000000000000000000000000000000000000000000000000000000000000000000000000=
57156 331800 1113000 02503 02523 4
20100323220000 314 021 302 023 293 034 2119 305 022 285 058 2134 0000 0074 0076 2106 0074 2200 071 071 2154 073 0025 09916 09918 2115 09915 2106 0061 0066 2101 0060 2138 0061 0064 2101 0061 2158 0079 0088 0097 0103 0105 0112 0116 0142 //// 10224 ///// ///// ////
000000000000000000000000000000000000000000000000000000000000000000000000000000000000000000000000000000000000000000000000=
57271 323300 1122300 00879 00897 4
20100323220000 322 017 313 019 314 026 2114 327 015 327 045 2106 0000 0081 0081 2154 0080 2106 081 081 2155 087 0050 10111 10111 2200 10100 2101 0070 0072 2124 0068 2101 0073 0074 2104 0073 2158 0085 0094 0102 0108 0105 0107 0113 0139 //// 10222 ///// ///// ////
000000000000000000000000000000000000000000000000000000000000000000000000000000000000000000000000000000000000000000000000=
57261 330700 1113100 02330 02345 4
20100323220000 112 008 116 013 117 024 2148 118 004 113 033 2146 0000 0072 0073 2101 0072 2200 087 086 2158 088 0052 09930 09933 2147 09928 2101 0066 0068 2105 0066 2154 0071 0072 2101 0070 2148 0083 0094 0100 0105 0118 0123 0126 //// //// 10217 ///// ///// ////
000000000000000000000000000000000000000000000000000000000000000000000000000000000000000000000000000000000000000000000000=
57285 322300 1132500 01530 01492 4
20100323220000 322 010 323 014 323 015 2159 308 005 336 025 2154 0000 0065 0065 2153 0064 2101 086 085 2101 083 0043 10032 10032 2200 10028 2125 0058 0059 2154 0058 2145 0065 0065 2144 0065 2101 0077 0085 0092 0099 0107 0109 0109 0135 //// ///// ///// ///// ////
////////////////////////////////////////////////////////////////////////////////////////////////////////////////////////=
57273 324100 1125100 01095 01105 4
20100323220000 000 000 000 000 055 006 2112 268 000 077 011 2106 0000 0071 0072 2101 0068 2147 082 081 2101 083 0042 10083 10083 2156 10073 2105 0065 0065 2158 0063 2128 0073 0073 2101 0072 2118 0085 0094 0101 0108 0113 0112 0111 0136 //// 10219 ///// ///// ////
000000000000000000000000000000000000000000000000000000000000000000000000000000000000000000000000000000000000000000000000=
57187 330400 1125600 01180 01193 4
20100323220000 320 012 311 013 318 015 2151 341 008 329 020 2150 0000 0071 0076 2112 0071 2200 087 081 2101 088 0051 10065 10066 2157 10056 2101 0066 0070 2105 0066 2200 0073 0075 2110 0073 2159 0085 0089 0100 0106 0115 0112 0108 0132 //// 10212 ///// ///// ////
000000000000000000000000000000000000000000000000000000000000000000000000000000000000000000000000000000000000000000000000=
57169 330300 1115200 01591 01600 4
20100323220000 330 017 332 019 321 024 2126 319 016 310 045 2118 0000 0082 0084 2128 0082 2159 083 077 2101 090 0055 10031 10031 2200 10022 2112 0071 0073 2114 0069 2122 0071 0071 2102 0071 2119 0084 0094 0101 0107 0106 0106 0107 0133 //// 10227 ///// ///// ////
000000000000000000000000000000000000000000000000000000000000000000000000000000000000000000000000000000000000000000000000=
57176 332900 1122500 02311 02304 4
20100323220000 009 007 014 006 330 012 2141 023 005 347 017 2137 0000 0077 0081 2101 0076 2142 063 059 2105 066 0011 09940 09942 2143 09934 2107 0067 0068 2101 0064 2143 0069 0071 2111 0069 2152 0083 0093 0100 0106 0113 0113 0111 0130 //// 10221 ///// ///// ////
000000000000000000000000000000000000000000000000000000000000000000000000000000000000000000000000000000000000000000000000=
57179 331700 1130000 01604 01616 4
20100323220000 261 006 256 012 264 014 2153 263 004 263 019 2146 0000 0071 0074 2102 0071 2200 090 088 2135 091 0056 10024 10024 2159 10014 2134 0062 0063 2117 0060 2142 0072 0073 2106 0072 2158 0083 0091 0096 0100 0104 0104 0104 0132 //// 10222 ///// ///// ////
000000000000000000000000000000000000000000000000000000000000000000000000000000000000000000000000000000000000000000000000=
57274 324200 1120700 01076 01088 4
20100323220000 280 023 289 021 275 023 2143 302 031 282 042 2152 0000 0078 0078 2159 0074 2126 070 070 2154 074 0027 10090 10091 2156 10080 2102 0068 0069 2105 0067 2136 0073 0077 2101 0073 2159 0090 0097 0106 0112 0119 0118 0114 0140 //// 10224 ///// ///// ////
000000000000000000000000000000000000000000000000000000000000000000000000000000000000000000000000000000000000000000000000=
57065 343000 1121100 01949 01964 4
20100323220000 268 013 267 019 270 021 2154 263 020 257 032 2144 0000 0084 0084 2200 0078 2121 047 046 2105 052 -023 09985 09985 2144 09975 2110 0060 0064 2125 0059 2159 0063 0065 2101 0063 2153 0082 0093 0099 0104 0101 0103 0109 0138 //// 10224 ///// ///// ////
000000000000000000000000000000000000000000000000000000000000000000000000000000000000000000000000000000000000000000000000=
57074 342500 1122500 01973 01989 4
20100323220000 187 006 198 006 205 009 2155 195 007 206 020 2148 0000 0079 0080 2101 0079 2129 074 074 2116 079 0036 09981 09982 2151 09972 2117 0071 0072 2140 0066 2117 0067 0069 2101 0067 2200 0083 0093 0100 0104 0104 0103 0102 0125 //// 10223 ///// ///// ////
000000000000000000000000000000000000000000000000000000000000000000000000000000000000000000000000000000000000000000000000=
57070 344400 1120700 03640 03595 4
20100323220000 245 016 252 018 245 021 2152 246 019 246 026 2152 0000 0073 0082 2112 0073 2148 046 035 2107 047 -035 09786 09786 2200 09777 2105 0060 0064 2101 0058 2133 0052 0056 2101 0052 2200 0069 0081 0088 0091 0092 0091 0094 0122 //// 10221 ///// ///// ////
000000000000000000000000000000000000000000000000000000000000000000000000000000000000000000000000000000000000000000000000=
57162 340900 1120500 03258 03275 4
20100323220000 293 009 284 008 193 012 2143 279 009 159 019 2140 0000 0072 0073 2101 0071 2114 068 066 2114 069 0017 09828 09829 2123 09819 2104 0060 0063 2157 0057 2132 0057 0059 2101 0057 2200 0072 0082 0090 0096 0097 0097 0101 0132 //// 10225 ///// ///// ////
000000000000000000000000000000000000000000000000000000000000000000000000000000000000000000000000000000000000000000000000=
57078 340900 1122800 03365 03340 4
20100323220000 195 010 186 009 196 013 2147 192 010 203 021 2138 0000 0073 0073 2145 0066 2121 063 062 2135 064 0007 09813 09820 2140 09811 2106 0056 0058 2149 0052 2104 0052 0053 2106 0052 2200 0066 0076 0084 0091 0098 0098 0096 0118 //// 10218 ///// ///// ////
000000000000000000000000000000000000000000000000000000000000000000000000000000000000000000000000000000000000000000000000=
57071 344900 1122600 03333 03332 4
20100323220000 270 012 250 013 235 016 2152 285 013 237 022 2152 0000 0073 0078 2101 0073 2200 045 038 2107 046 -038 09819 09819 2200 09810 2106 0053 0057 2153 0047 2121 0048 0053 2101 0048 2200 0069 0079 0086 0090 0091 0089 0090 0119 //// 10223 ///// ///// ////
000000000000000000000000000000000000000000000000000000000000000000000000000000000000000000000000000000000000000000000000=
57066 342300 1114000 03283 03298 4
20100323220000 321 006 281 007 261 009 2152 322 006 302 018 2130 0000 0073 0075 2101 0073 2200 060 057 2142 061 0001 09824 09826 2156 09820 2119 0055 0055 2108 0053 2130 0054 0056 2101 0053 2145 0070 0080 0088 0092 0093 0091 0089 0115 //// 10223 ///// ///// ////
000000000000000000000000000000000000000000000000000000000000000000000000000000000000000000000000000000000000000000000000=
57077 334700 1113900 07424 07388 4
20100323220000 229 011 239 007 240 027 2103 229 013 240 031 2109 0000 0043 0044 2125 0043 2200 076 075 2136 063 0004 09349 09353 2118 09344 2101 0024 0034 2103 0024 2200 0031 0035 2101 0031 2200 0045 0054 0061 0067 0084 0088 0090 0116 //// 10231 ///// ///// ////
000000000000000000000000000000000000000000000000000000000000000000000000000000000000000000000000000000000000000000000000=
57183 334800 1135500 00600 00615 4
20100323220000 327 012 315 009 304 011 2138 322 013 322 013 2200 0000 0071 0071 2140 0070 2108 089 089 2200 090 0054 10140 10141 2138 10137 2114 0062 0064 2118 0062 2157 0075 0075 2112 0075 2200 0085 0093 0099 0103 0104 0099 0096 0123 //// 10216 ///// ///// ////
000000000000000000000000000000000000000000000000000000000000000000000000000000000000000000000000000000000000000000000000=
57186 333600 1140300 00587 00598 4
20100323220000 026 008 358 008 336 011 2148 026 008 330 013 2142 0000 0072 0072 2200 0071 2143 090 089 2101 091 0057 10142 10146 2141 10141 2103 0065 0065 2111 0063 2155 0073 0075 2101 0073 2200 0085 0094 0099 0104 0105 0102 0101 0133 //// 10216 ///// ///// ////
000000000000000000000000000000000000000000000000000000000000000000000000000000000000000000000000000000000000000000000000=
53978 350500 1123800 01401 01409 4
20100323220000 238 016 241 016 241 016 2200 232 016 257 019 2152 0000 0077 0080 2101 0070 2141 059 059 2200 062 0002 10043 10043 2200 10037 2117 0058 0058 2101 0050 2146 0063 0066 2101 0063 2200 0081 0091 0096 0102 0093 0091 0096 0125 //// 10215 ///// ///// ////
000000000000000000000000000000000000000000000000000000000000000000000000000000000000000000000000000000000000000000000000=
53984 351400 1132800 00827 00837 4
20100323220000 200 014 192 016 181 023 2150 181 013 186 031 2129 0000 0081 0082 2101 0081 2200 061 059 2113 066 0010 10108 10110 2101 10107 2123 0068 0070 2126 0067 2106 0064 0065 2101 0064 2200 0082 0091 0093 0099 0097 0094 0094 0121 //// 10211 ///// ///// ////
000000000000000000000000000000000000000000000000000000000000000000000000000000000000000000000000000000000000000000000000=
53987 350600 1132500 00910 00918 4
20100323220000 185 010 184 010 196 020 2128 187 009 198 025 2119 0000 0082 0085 2123 0081 2137 062 060 2122 067 0014 10099 10102 2126 10098 2155 0066 0078 2122 0065 2105 0070 0072 2108 0070 2132 0084 0092 0098 0103 0100 0098 0099 0127 //// 10211 ///// ///// ////
000000000000000000000000000000000000000000000000000000000000000000000000000000000000000000000000000000000000000000000000=
57079 345700 1130200 01064 01069 4
20100323220000 231 017 226 018 186 019 2139 234 020 223 025 2128 0000 0077 0078 2151 0075 2101 062 061 2157 065 0009 10082 10082 2200 10076 2137 0067 0069 2151 0059 2103 0060 0063 2101 0060 2200 0079 0086 0092 0096 0099 0095 0094 0120 //// 10213 ///// ///// ////
000000000000000000000000000000000000000000000000000000000000000000000000000000000000000000000000000000000000000000000000=
57072 345500 1124500 01275 01285 4
20100323220000 234 016 221 013 198 014 2118 234 023 234 023 2200 0000 0075 0078 2132 0074 2101 062 057 2128 064 0007 10062 10062 2200 10054 2113 0061 0065 2128 0054 2113 0056 0058 2101 0056 2200 0072 0083 0090 0093 0090 0086 0085 0113 //// 10219 ///// ///// ////
000000000000000000000000000000000000000000000000000000000000000000000000000000000000000000000000000000000000000000000000=
53982 351400 1131600 01120 01135 4
20100323220000 198 010 205 009 215 013 2127 198 009 209 021 2119 0000 0098 0102 2101 0098 2200 043 037 2104 052 -022 10069 10070 2101 10068 2113 0065 0066 2101 0065 2200 0068 0072 2126 0068 2200 0087 0097 0103 0107 0100 0097 0100 0131 //// 10207 ///// ///// ////
000000000000000000000000000000000000000000000000000000000000000000000000000000000000000000000000000000000000000000000000=
53979 350900 1130500 01200 01211 4
20100323220000 227 017 236 016 236 016 2200 216 017 228 018 2158 0000 0089 0092 2141 0089 2200 049 043 2113 056 -012 10066 10066 2200 10063 2107 0071 0073 2101 0063 2130 0054 0057 2102 0054 2200 0081 0091 0100 0104 0098 0098 0103 0132 //// 10214 ///// ///// ////
000000000000000000000000000000000000000000000000000000000000000000000000000000000000000000000000000000000000000000000000=
53974 353700 1141100 00723 00739 4
20100323220000 213 020 211 021 210 024 2133 206 021 212 046 2124 0000 0086 0088 2101 0086 2200 061 059 2101 068 0015 10123 10124 2101 10121 2129 0068 0071 2135 0068 2155 0068 0072 2102 0068 2200 0084 0093 0099 0102 0091 0090 0096 0124 //// 10213 ///// ///// ////
000000000000000000000000000000000000000000000000000000000000000000000000000000000000000000000000000000000000000000000000=
53990 354300 1141900 00795 00805 4
20100323220000 198 044 195 040 195 040 2200 200 053 200 053 2200 0000 0075 0076 2116 0073 2141 068 066 2115 070 0020 10113 10114 2101 10111 2143 0070 0072 2114 0067 2151 0056 0062 2106 0056 2200 0079 0090 0093 0098 0093 0082 0082 0110 //// 10212 ///// ///// ////
000000000000000000000000000000000000000000000000000000000000000000000000000000000000000000000000000000000000000000000000=
53993 355600 1145500 00516 00524 4
20100323220000 199 015 202 017 226 026 2124 224 015 236 046 2118 0000 0080 0082 2125 0079 2101 058 057 2147 062 0002 10146 10150 2123 10144 2108 0060 0073 2128 0060 2200 0043 0051 2137 0043 2200 0063 0074 0081 0083 0085 0074 0074 0108 //// 10210 ///// ///// ////
000000000000000000000000000000000000000000000000000000000000000000000000000000000000000000000000000000000000000000000000=
53889 360400 1134900 03068 03086 4
20100323220000 298 009 289 009 300 009 2141 309 009 295 012 2139 0000 0067 0072 2101 0067 2200 047 045 2101 046 -038 09833 09834 2154 09829 2104 0017 0054 2110 0017 2200 0036 0054 2110 0036 2200 0062 0072 0079 0084 0081 0073 0087 0098 //// 10207 ///// ///// ////
000000000000000000000000000000000000000000000000000000000000000000000000000000000000000000000000000000000000000000000000=
53995 353300 1143000 00625 00645 4
20100323220000 176 021 182 020 193 023 2104 175 018 192 035 2103 0000 0078 0079 2148 0077 2102 065 064 2103 069 0016 10135 10136 2112 10133 2126 0070 0072 2135 0069 2141 0064 0064 2135 0064 2200 0081 0091 0094 0097 0090 0085 0086 0116 //// 10214 ///// ///// ////
000000000000000000000000000000000000000000000000000000000000000000000000000000000000000000000000000000000000000000000000=
NNNN
