57090 344300 1135800 00781 00802 4
20100322190000 000 000 000 000 291 016 1811 288 000 293 022 1805 0000 0100 0104 1818 0100 1900 089 086 1822 109 0083 10106 10114 1809 10106 1900 0078 0086 1815 0078 1900 0085 0087 1814 0085 1900 0092 0097 0098 0100 0098 0092 0084 0119 //// 10204 ///// ///// ////
000000000000000000000000000000000000000000000000000000000000000000000000000000000000000000000000000000000000000000000000=
57083 344300 1133900 01104 01116 4
20100322190000 210 010 206 010 215 012 1846 206 008 203 015 1845 0000 0103 0103 1900 0102 1801 085 085 1900 106 0079 10070 10077 1801 10068 1845 0078 0080 1844 0078 1900 0087 0088 1801 0087 1859 0094 0098 0100 0103 0098 0097 0102 0126 0001 10206 ///// ///// ////
000000000000000000000000000000000000000000000000000000000000000000000000000000000000000000000000000000000000000000000000
070 010 000 /// //// /////////////////////ASP /// //// 6///1 0//// 7//// 1//// 2//// 3//// /// /// /// // 911// 915// 919// 934// 939//=
57086 342300 1134300 01166 01168 4
20100322190000 316 020 311 022 311 028 1837 308 022 322 039 1832 0000 0095 0095 1859 0094 1824 084 084 1900 100 0069 10069 10071 1855 10066 1816 0086 0087 1836 0086 1825 0087 0087 1809 0087 1900 0093 0097 0101 0103 0101 0094 0091 0116 //// 10212 ///// ///// ////
000000000000000000000000000000000000000000000000000000000000000000000000000000000000000000000000000000000000000000000000=
57085 343200 1132000 02599 02648 4
20100322190000 149 036 138 035 138 035 1900 164 046 142 064 1845 0000 0097 0109 1830 0093 1801 048 036 1830 058 -008 09891 09898 1825 09891 1900 0088 0103 1823 0070 1849 0067 0079 1810 0067 1857 0087 0096 0101 0102 0104 0097 0091 0121 //// 10211 ///// ///// ////
000000000000000000000000000000000000000000000000000000000000000000000000000000000000000000000000000000000000000000000000=
57081 344800 1132600 01409 01419 4
20100322190000 110 006 124 006 160 012 1821 122 005 156 020 1801 0000 0104 0105 1833 0104 1801 070 070 1900 088 0052 10031 10040 1802 10030 1856 0085 0093 1823 0085 1900 0085 0087 1801 0085 1900 0092 0097 0102 0100 0089 0091 0094 0117 //// 10203 ///// ///// ////
000000000000000000000000000000000000000000000000000000000000000000000000000000000000000000000000000000000000000000000000=
57080 344400 1125800 01652 01661 4
20100322190000 201 020 207 016 142 018 1828 232 016 257 039 1844 0000 0110 0113 1801 0105 1820 048 048 1900 063 0004 10000 10012 1806 10000 1854 0097 0098 1801 0089 1841 0081 0084 1801 0081 1900 0090 0095 0098 0100 0092 0087 0087 0119 //// 10201 ///// ///// ////
000000000000000000000000000000000000000000000000000000000000000000000000000000000000000000000000000000000000000000000000=
57082 342800 1130100 04271 04284 4
20100322190000 118 025 117 019 089 029 1806 139 032 094 052 1802 0010 0072 0089 1803 0072 1900 068 060 1801 069 0017 09706 09709 1805 09704 1847 0056 0067 1805 0056 1900 0068 0074 1804 0068 1900 0084 0094 0100 0105 0102 0099 0098 //// //// 10221 ///// ///// ////
000000000000010000000000000001000000010000000000000100000001000002000000010000000000000001000000000000000000010000000000=
57295 323700 1142100 00785 00802 4
20100322190000 039 041 042 039 028 056 1806 080 043 012 118 1805 0000 0076 0076 1840 0076 1810 078 077 1834 081 0040 10104 10107 1814 10099 1851 0066 0067 1810 0065 1838 0073 0073 1900 0071 1833 0098 0106 0111 0115 0109 0102 0100 0128 //// 10202 ///// ///// ////
000000000000000000000000000000000000000000000000000000000000000000000000000000000000000000000000000000000000000000000000=
57188 332200 1140200 00559 00568 4
20100322190000 062 024 060 028 035 039 1817 038 019 038 070 1808 0009 0089 0090 1850 0085 1808 066 065 1850 075 0029 10141 10147 1837 10140 1821 0070 0077 1806 0070 1858 0078 0084 1804 0078 1900 0096 0104 0112 0112 0100 0094 0100 0133 //// 10210 ///// ///// ////
010000010000010100010000000000000100000000000001000000000000010000000000000000000000000000000000000100000000000000000000=
57293 324400 1145900 00380 00391 4
20100322190000 035 066 035 062 022 077 1834 029 072 034 123 1813 0001 0079 0085 1801 0079 1900 078 077 1801 083 0043 10151 10156 1845 10148 1812 0067 0072 1808 0067 1857 0075 0079 1803 0075 1900 0095 0104 0110 0112 0116 0105 0103 0132 //// 10199 ///// ///// ////
000000000000000000000000000000000000000000000001000000000000000000000000000000000000000000000000000000000000000000000000=
57189 330800 1135700 00646 00655 4
20100322190000 276 009 275 015 279 016 1858 260 015 293 023 1852 0012 0076 0079 1803 0076 1859 096 094 1801 100 0070 10136 10137 1831 10133 1816 0072 0074 1803 0072 1900 0081 0084 1821 0081 1857 0097 0105 0110 0114 0103 0096 0096 0122 //// 10216 ///// ///// ////
000000010000000100000100000100000100000000010000000100000000010000010000000000000001000000000000000001000000000000010000=
57194 331700 1141600 00598 00609 4
20100322190000 041 023 020 016 239 030 1806 032 013 237 046 1802 0005 0084 0084 1859 0078 1843 079 079 1900 087 0050 10133 10137 1848 10130 1809 0068 0071 1834 0068 1900 0080 0081 1802 0080 1858 0096 0105 0109 0111 0100 0090 0096 0126 //// 10207 ///// ///// ////
000000010000000000000000000000010000000000000000000000000000010000010000000000000000000000010000000000000000000000000000=
57197 330000 1142000 00489 00545 4
20100322190000 154 006 010 013 130 030 1808 206 005 128 040 1808 0012 0076 0080 1801 0076 1858 093 089 1801 097 0065 10142 10143 1842 10137 1803 0065 0068 1801 0065 1848 0076 0077 1829 0076 1814 0089 0097 0103 0104 0110 0101 0098 0125 //// 10209 ///// ///// ////
000000000000020000000000000000010000010001000001000000000100000000020000000001000000000000000000000000010000000000010000=
57294 325000 1140100 00836 00846 4
20100322190000 348 020 349 018 351 021 1851 336 018 355 039 1848 0016 0072 0074 1803 0072 1900 095 092 1802 096 0065 10112 10112 1859 10102 1832 0069 0070 1847 0067 1825 0076 0077 1801 0076 1900 0091 0102 0109 0112 0110 0108 0100 0118 //// 10216 ///// ///// ////
000100000001000000000100000000010000000100000000000000010000000101000001000000010000010000000100000000010000020000010000=
57292 325800 1143800 00444 00453 4
20100322190000 090 046 089 050 090 050 1859 085 049 085 073 1843 0017 0073 0076 1801 0073 1858 089 087 1801 091 0056 10150 10157 1832 10150 1858 0067 0068 1840 0067 1859 0073 0075 1801 0073 1900 0090 0101 0108 0115 0112 0104 0103 0133 //// 10206 ///// ///// ////
000100010000010000010000000000010000010000000100000001000000010000010000000001000000000001010001000001000000010000000001=
57195 333700 1143700 00466 00476 4
20100322190000 074 048 070 050 070 050 1900 113 027 084 128 1850 0001 0104 0111 1812 0104 1900 056 054 1851 071 0020 10154 10154 1900 10145 1823 0066 0098 1821 0066 1859 0074 0086 1801 0074 1900 0093 0102 0108 0112 0106 0097 0100 0142 //// 10212 ///// ///// ////
000000000000000000000000000000000000000000000000000000000000000000000000000000000000000000000000000000000000000000000001=
57193 334700 1143100 00526 00541 4
20100322190000 005 023 012 022 012 022 1900 060 022 035 054 1838 0000 0106 0106 1859 0101 1817 072 072 1900 092 0058 10152 10152 1900 10137 1837 0083 0090 1802 0083 1900 0088 0090 1801 0088 1900 0100 0105 0109 0112 0107 0100 0103 0131 //// 10218 ///// ///// ////
000000000000000000000000000000000000000000000000000000000000000000000000000000000000000000000000000000000000000000000000=
57196 332800 1145200 00420 00428 4
20100322190000 210 008 182 010 194 012 1853 220 007 113 018 1839 0000 0087 0098 1801 0087 1900 083 074 1801 093 0060 10151 10155 1813 10148 1801 0074 0077 1803 0074 1845 0079 0080 1801 0079 1858 0091 0099 0103 0104 0106 0098 0103 0132 //// 10203 ///// ///// ////
000000000000000000000000000000000000000000000000000000000000000000000000000000000000000000000000000000000000000000000000=
57099 340400 1145100 00526 00536 4
20100322190000 103 005 063 008 333 012 1818 099 004 003 025 1838 0000 0099 0099 1900 0097 1811 072 072 1900 088 0051 10133 10142 1817 10133 1900 0078 0080 1801 0077 1844 0082 0085 1801 0082 1900 0093 0098 0098 0101 0101 0092 0096 0131 //// 10198 ///// ///// ////
000000000000000000000000000000000000000000000000000000000000000000000000000000000000000000000000000000000000000000000000=
58104 332400 1150400 00412 00425 4
20100322190000 113 013 116 014 116 035 1801 102 013 121 051 1803 0001 0083 0089 1801 0083 1900 082 077 1805 090 0054 10151 10157 1819 10150 1801 0070 0073 1801 0070 1831 0077 0078 1826 0077 1813 0086 0096 0102 0106 0105 0096 0097 0136 //// 10203 ///// ///// ////
000000000000000000000000000000010000000000000000000000000000000000000000000000000000000000000000000000000000000000000000=
57198 333300 1143700 00463 00473 4
20100322190000 039 035 057 040 064 046 1856 037 056 090 090 1851 0001 0103 0116 1816 0103 1900 059 051 1843 074 0026 10155 10155 1900 10145 1825 0069 0084 1831 0067 1856 0076 0087 1801 0076 1857 0098 0106 0110 0113 0107 0103 0105 0137 //// 10213 ///// ///// ////
000000000000000000000000000000000000000000000000000000000000000000000000000000000000000000000000000100000000000000000000=
58101 335200 1152900 00413 00428 4
20100322190000 319 013 323 016 339 021 1840 344 010 347 045 1802 0000 0097 0098 1842 0097 1857 080 080 1858 096 0064 10150 10153 1845 10143 1801 0086 0088 1801 0084 1852 0080 0082 1801 0080 1857 0095 0096 0100 0102 0102 0097 0097 0131 //// 10202 ///// ///// ////
000000000000000000000000000000000000000000000000000000000000000000000000000000000000000000000000000000000000000000000000=
57192 334400 1145100 00455 00466 4
20100322190000 317 024 343 019 343 019 1900 324 016 299 077 1859 0001 0107 0107 1900 0102 1801 056 056 1900 072 0023 10147 10154 1820 10147 1900 0075 0092 1802 0075 1900 0082 0088 1801 0082 1900 0097 0107 0113 0115 0112 0105 0106 0141 //// 10204 ///// ///// ////
000000000000000000000000000000010000000000000000000000000000000000000000000000000000000000000000000000000000000000000000=
57098 340500 1142400 00583 00593 4
20100322190000 313 009 331 012 077 037 1845 319 009 090 057 1845 0000 0110 0118 1846 0098 1826 065 044 1845 085 0047 10139 10139 1900 10125 1837 0086 0090 1801 0086 1900 0086 0089 1801 0084 1846 0092 0097 0099 0103 0103 0095 0096 0129 //// 10211 ///// ///// ////
000000000000000000000000000000000000000000000000000000000000000000000000000000000000000000000000000000000000000000000000=
57190 334500 1142400 00505 00516 4
20100322190000 010 041 000 037 000 037 1900 007 041 020 071 1858 0000 0103 0103 1900 0096 1815 073 073 1900 091 0057 10151 10151 1900 10137 1838 0090 0095 1835 0089 1859 0083 0085 1851 0083 1900 0093 0099 0104 0106 0104 0096 0099 0130 //// 10214 ///// ///// ////
000000000000000000000000000000000000000000000000000000000000000000000000000000000000000000000000000000000000000000000000=
58100 333900 1151000 00414 00424 4
20100322190000 120 014 086 017 056 018 1855 107 010 066 031 1852 0001 0095 0098 1801 0094 1848 072 072 1900 085 0047 10150 10157 1831 10148 1801 0077 0093 1806 0077 1900 0081 0084 1801 0081 1900 0095 0102 0110 0114 0112 0105 0107 0136 //// 10202 ///// ///// ////
000000000000000000000000000000000000000000000000000000000000000000000000000000000000000000000000000000000000000000000001=
57088 340900 1133000 01161 01177 4
20100322190000 331 029 308 022 067 023 1803 302 032 057 036 1814 0000 0113 0114 1848 0106 1811 055 048 1847 074 0026 10070 10074 1823 10068 1804 0090 0090 1900 0076 1841 0083 0087 1803 0083 1856 0094 0102 0108 0110 0104 0099 0100 0126 //// 10213 ///// ///// ////
000000000000000000000000000000000000000000000000000000000000000000000000000000000000000000000000000000000000000000000000=
57095 340700 1140900 00611 00622 4
20100322190000 270 007 276 008 352 012 1847 268 009 223 017 1821 0000 0096 0097 1801 0096 1900 088 088 1900 105 0077 10132 10134 1850 10122 1833 0082 0087 1810 0082 1900 0086 0088 1801 0086 1900 0093 0097 0100 0103 0101 0094 0093 0125 //// 10208 ///// ///// ////
000000000000000000000000000000000000000000000000000000000000000000000000000000000000000000000000000000000000000000000000=
57182 335100 1133000 00805 00814 4
20100322190000 068 026 066 028 059 047 1817 062 033 085 092 1816 0002 0097 0116 1801 0097 1900 060 043 1816 072 0023 10118 10123 1827 10110 1804 0070 0096 1810 0064 1844 0078 0084 1803 0076 1847 0099 0110 0116 0116 0110 0103 0106 0139 //// 10217 ///// ///// ////
000000000000000000000000000000000000000000000000000000010000000000000000000000000000000000000000010000000000000000000000=
57087 341200 1134800 00877 00885 4
20100322190000 315 008 311 014 330 023 1846 324 008 310 031 1838 0000 0107 0115 1803 0107 1900 079 061 1801 102 0072 10102 10103 1835 10094 1816 0096 0100 1802 0089 1822 0088 0090 1801 0088 1900 0094 0099 0103 0104 0098 0093 0096 0124 //// 10210 ///// ///// ////
000000000000000000000000000000000000000000000000000000000000000000000000000000000000000000000000000000000000000000000000=
57297 320800 1140300 01145 01154 4
20100322190000 028 052 025 049 029 061 1822 007 047 052 110 1812 0000 0081 0085 1801 0081 1900 077 075 1814 083 0043 10061 10063 1849 10052 1813 0072 0081 1801 0072 1900 0075 0082 1801 0075 1900 0099 0112 0120 0124 0123 0118 0113 //// //// 10202 ///// ///// ////
000000000000000000000000000000000000000000000000000000000000000000000000000000000000000000000000000000000000000000000000=
57296 322100 1144400 00489 00501 4
20100322190000 041 054 048 047 050 057 1832 026 049 024 102 1803 0000 0087 0093 1801 0087 1900 076 072 1801 085 0047 10136 10138 1809 10132 1849 0081 0082 1801 0079 1820 0078 0085 1801 0078 1900 0101 0115 0121 0124 0120 0110 0108 0131 //// 10197 ///// ///// ////
000000000000000000000000000000000000000000000000000000000000000000000000000000000000000000000000000000000000000000000000=
57396 313800 1145100 01287 01297 4
20100322190000 340 088 342 084 344 085 1858 341 087 339 117 1855 0000 0083 0086 1801 0083 1900 086 082 1801 094 0061 10013 10020 1814 10012 1847 0078 0084 1814 0078 1858 0078 0079 1836 0078 1900 0087 0099 0111 0119 0125 0116 //// //// //// 10171 ///// ///// ////
000000000000000000000000000000000000000000000000000000000000000000000000000000000000000000000000000000000000000000000000=
58301 314900 1152300 00916 00929 4
20100322190000 023 017 015 018 046 030 1801 034 018 071 044 1837 0001 0082 0084 1832 0082 1900 087 083 1829 095 0062 10075 10075 1900 10067 1836 0075 0077 1831 0074 1843 0085 0085 1815 0084 1841 0096 0106 0115 0121 0129 0119 0106 0128 //// 10189 ///// ///// ////
000000000000000000000000000000000000000000000000000000000000000000000000000100000000000000000000000000000000000000000000=
57298 321300 1143300 00554 00562 4
20100322190000 026 061 030 058 020 068 1809 054 069 020 104 1808 0000 0085 0091 1801 0085 1900 078 075 1809 087 0049 10126 10131 1855 10123 1843 0075 0081 1829 0075 1900 0040 0047 1801 0040 1900 0102 0090 0112 0121 0116 0107 0100 0134 //// 10195 ///// ///// ////
000000000000000000000000000000000000000000000000000000000000000000000000000000000000000000000000000000000000000000000000=
57390 314800 1140400 07335 07347 4
20100322190000 011 078 009 078 004 088 1848 011 082 350 198 1851 0000 0030 0044 1801 0030 1900 098 098 1900 074 0027 09312 09314 1844 09306 1822 0031 0044 1801 0031 1854 0042 0053 1802 0042 1900 0064 0076 0086 0094 0105 0094 //// //// //// 10183 ///// ///// ////
000000000000000000000000000000000000000000000000000000000000000000000000000000000000000000000000000000000000000000000000=
58207 321000 1150300 00428 00440 4
20100322190000 016 031 015 029 021 031 1840 012 041 026 043 1857 0000 0092 0092 1900 0092 1900 089 089 1900 103 0075 10136 10137 1825 10133 1804 0086 0087 1847 0086 1813 0102 0103 1801 0102 1900 0089 0112 0118 0122 0120 0113 0111 0138 //// 10190 ///// ///// ////
000000000000000000000000000000000000000000000000000000000000000000000000000000000000000000000000000000000000000000000000=
58205 322800 1152600 00349 00360 4
20100322190000 007 070 356 050 356 050 1900 347 084 347 084 1900 0000 0093 0095 1847 0092 1802 083 083 1900 097 0066 10146 10149 1847 10142 1813 0085 0091 1851 0085 1900 0089 0092 1851 0089 1900 0095 0098 0103 0104 0119 0109 0108 0123 //// 10190 ///// ///// ////
000000000000000000000000000000000000000000000000000000000000000000000000000000000000000000000000000000000000000000000000=
58208 321000 1153700 00429 00439 4
20100322190000 020 014 022 016 034 023 1837 022 015 070 035 1823 0001 0092 0092 1900 0090 1801 080 078 1829 093 0059 10138 10140 1845 10129 1823 0083 0084 1855 0083 1830 0091 0094 1801 0091 1857 0102 0113 0118 0124 0118 0112 0110 0140 //// 10192 ///// ///// ////
000000000000000000000000000000000000000000000000000000000000000000000000000000000000000000000000000000000001000000000000=
57299 320100 1145400 00494 00506 4
20100322190000 016 020 015 025 015 028 1858 009 017 009 048 1857 0000 0095 0095 1900 0094 1801 086 086 1900 102 0073 10121 10124 1813 10120 1856 0086 0086 1846 0083 1813 0090 0090 1845 0089 1808 0093 0099 0105 0109 0122 0110 0105 0126 //// 10183 ///// ///// ////
000000000000000000000000000000000000000000000000000000000000000000000000000000000000000000000000000000000000000000000000=
53989 350300 1135700 00766 00777 4
20100322190000 053 017 054 017 054 018 1859 052 013 077 029 1840 0000 0101 0101 1900 0088 1830 063 063 1900 078 0034 10110 10119 1801 10110 1900 0083 0084 1857 0077 1817 0077 0082 1801 0077 1900 0088 0094 0098 0099 0094 0090 0094 0123 //// 10205 ///// ///// ////
000000000000000000000000000000000000000000000000000000000000000000000000000000000000000000000000000000000000000000000000=
53997 350900 1141100 00711 00723 4
20100322190000 038 023 040 025 042 026 1857 043 019 043 037 1854 0000 0102 0107 1801 0102 1900 052 051 1845 065 0008 10118 10126 1801 10118 1900 0070 0074 1808 0070 1900 0073 0080 1801 0073 1900 0087 0094 0097 0101 0093 0092 0096 0124 //// 10207 ///// ///// ////
000000000000000000000000000000000000000000000000000000000000000000000000000000000000000000000000000000000000000000000000=
53986 351900 1135300 00732 00740 4
20100322190000 073 022 069 021 068 021 1857 074 014 071 034 1859 0000 0102 0104 1833 0102 1900 053 052 1854 066 0011 10118 10126 1806 10118 1900 0089 0090 1833 0081 1803 0071 0080 1801 0071 1900 0089 0095 0098 0100 0096 0093 0096 0128 //// 10208 ///// ///// ////
000000000000000000000000000000000000000000000000000000000000000000000000000000000000000000000000000000000000000000000000=
53994 352300 1140400 00700 00712 4
20100322190000 058 019 056 017 066 018 1801 068 018 046 029 1843 0000 0099 0107 1801 0099 1900 051 047 1801 062 0002 10122 10130 1801 10122 1900 0083 0091 1802 0082 1858 0065 0070 1801 0065 1900 0083 0093 0098 0099 0092 0087 0093 0127 //// 10209 ///// ///// ////
000000000000000000000000000000000000000000000000000000000000000000000000000000000000000000000000000000000000000000000000=
53988 351600 1134000 00776 00784 4
20100322190000 072 014 072 015 072 015 1859 065 012 071 020 1856 0000 0092 0099 1801 0091 1842 076 076 1900 088 0052 10107 10115 1801 10106 1853 0069 0076 1801 0068 1857 0072 0076 1801 0072 1900 0086 0093 0097 0100 0092 0090 0097 0126 //// 10203 ///// ///// ////
000000000000000000000000000000000000000000000000000000000000000000000000000000000000000000000000000000000000000000000000=
53985 352700 1134900 00964 00979 4
20100322190000 068 004 087 000 043 007 1812 040 004 018 011 1808 0000 0110 0116 1813 0110 1900 043 033 1810 056 -011 10087 10098 1801 10087 1900 0094 0110 1813 0092 1804 0075 0079 1802 0075 1900 0082 0087 0088 0088 0080 0076 0082 0118 //// 10206 ///// ///// ////
000000000000000000000000000000000000000000000000000000000000000000000000000000000000000000000000000000000000000000000000=
53983 350200 1142500 00696 00708 4
20100322190000 013 019 018 020 025 022 1808 007 022 018 035 1853 0000 0103 0109 1801 0103 1900 065 063 1801 081 0040 10120 10127 1801 10120 1900 0090 0095 1803 0089 1849 0076 0081 1801 0076 1900 0085 0092 0096 0098 0088 0084 0086 0123 //// 10207 ///// ///// ////
000000000000000000000000000000000000000000000000000000000000000000000000000000000000000000000000000000000000000000000000=
53998 351200 1143900 00616 00625 4
20100322190000 015 019 008 019 008 019 1900 012 023 004 032 1854 0000 0100 0104 1801 0100 1854 059 059 1859 072 0024 10130 10135 1810 10130 1853 0083 0086 1803 0082 1847 0072 0075 1801 0072 1857 0084 0090 0094 0096 0098 0093 0094 0129 //// 10207 ///// ///// ////
000000000000000000000000000000000000000000000000000000000000000000000000000000000000000000000000000000000000000000000000=
57051 344800 1111200 04099 04117 4
20100322190000 190 018 195 022 189 029 1833 198 015 175 063 1823 0000 0096 0117 1809 0096 1900 044 019 1802 053 -020 09701 09709 1830 09701 1859 0087 0100 1820 0087 1900 0085 0089 1829 0085 1900 0093 0099 0103 0104 0091 0086 0084 0114 //// 10189 ///// ///// ////
000000000000000000000000000000000000000000000000000000000000000000000000000000000000000000000000000000000000000000000000=
57063 344600 1114600 05236 05236 4
20100322190000 156 006 154 006 042 016 1820 150 008 170 022 1855 0000 0078 0088 1801 0077 1856 059 043 1802 062 0003 09578 09586 1801 09578 1900 0060 0072 1801 0058 1856 0057 0059 1807 0057 1856 0069 0076 0080 0083 0075 0076 0082 0110 //// 10198 ///// ///// ////
000000000000000000000000000000000000000000000000000000000000000000000000000000000000000000000000000000000000000000000000=
57067 340300 1110200 05688 05699 4
20100322190000 038 007 008 012 315 015 1852 060 013 313 026 1849 0023 0012 0027 1801 0012 1859 088 083 1805 059 -006 09541 09555 1802 09539 1836 0014 0029 1801 0013 1856 0033 0046 1801 0032 1857 0063 0080 0093 0088 0099 0100 0093 0122 //// 10233 ///// ///// ////
000001000001000001000100000100010000010000010001000001000100000100000100010000010000010001000001000100010001000100010000=
57056 343200 1105300 03904 03909 4
20100322190000 205 039 177 040 162 063 1824 189 039 156 114 1821 0000 0073 0089 1801 0072 1853 057 046 1801 058 -006 09733 09744 1816 09733 1856 0067 0082 1801 0067 1900 0069 0076 1801 0069 1900 0084 0094 0098 0101 0091 0089 0091 0118 //// 10200 ///// ///// ////
000000000000000000000000000000000000000000000000000000000000000000000000000000000000000000000000000000000000000000000000=
58007 340400 1151800 00472 00532 4
20100322190000 008 006 347 010 024 014 1812 327 005 333 036 1803 0000 0102 0103 1825 0102 1845 072 072 1853 090 0054 10133 10137 1837 10131 1811 0092 0095 1824 0091 1839 0084 0086 1803 0084 1858 0096 0102 0105 0107 0104 0098 0101 0131 //// 10198 ///// ///// ////
000000000000000000000000000000000000000000000000000000000000000000000000000000000000000000000000000000000000000000000000=
58006 342300 1155300 00463 00506 4
20100322190000 340 014 331 017 324 018 1856 305 016 305 031 1855 0000 0096 0096 1900 0096 1803 074 074 1900 088 0052 10141 10142 1851 10138 1825 0086 0087 1856 0082 1806 0081 0082 1802 0081 1900 0088 0095 0098 0100 0095 0091 0096 0127 //// 10203 ///// ///// ////
000000000000000000000000000000000000000000000000000000000000000000000000000000000000000000000000000000000000000000000000=
58111 335800 1162700 00325 00325 4
20100322190000 119 015 137 018 014 020 1804 119 013 043 039 1802 0000 0097 0099 1801 0096 1852 073 073 1900 088 0051 10152 10160 1801 10151 1830 0076 0077 1801 0076 1848 0080 0081 1801 0080 1858 0086 0091 0093 0096 0098 0096 0103 0138 //// 10192 ///// ///// ////
000000000000000000000000000000000000000000000000000000000000000000000000000000000000000000000000000000000000000000000000=
58017 341500 1160800 00410 00420 4
20100322190000 294 016 300 013 300 013 1900 299 019 299 019 1900 0000 0087 0093 1841 0087 1900 089 082 1840 100 0070 10144 10147 1801 10137 1829 0071 0076 1831 0070 1802 0082 0083 1825 0082 1900 0093 0099 0102 0104 0099 0095 0101 0128 //// 10195 ///// ///// ////
000000000000000000000000000000000000000000000000000000000000000000000000000000000000000000000000000000000000000000000000=
58001 342600 1150600 00563 00569 4
20100322190000 353 013 356 018 346 024 1828 015 046 015 046 1900 0000 0097 0098 1859 0095 1816 071 071 1900 085 0047 10129 10134 1809 10129 1900 0085 0085 1900 0084 1813 0082 0083 1822 0082 1855 0086 0090 0093 0093 0090 0085 0092 0127 //// 10198 ///// ///// ////
000000000000000000000000000000000000000000000000000000000000000000000000000000000000000000000000000000000000000000000000=
58005 342700 1154000 00501 00511 4
20100322190000 318 008 349 012 342 017 1838 002 009 007 030 1852 0000 0098 0101 1801 0098 1900 074 073 1801 090 0054 10134 10138 1843 10134 1900 0082 0084 1827 0081 1812 0082 0084 1801 0082 1900 0093 0100 0101 0102 0098 0094 0101 0132 0000 10196 ///// ///// ////
000000000000000000000000000000000000000000000000000000000000000000000000000000000000000000000000000000000000000000000000
120 010 000 /// //// /////////////////////ASP /// //// 6///1 0//// 7//// 1//// 2//// 3//// /// /// /// // 911// 915// 919// 934// 939//=
58008 342800 1152000 00544 00592 4
20100322190000 359 023 000 020 000 020 1900 009 012 021 038 1857 0000 0097 0097 1900 0095 1801 069 069 1900 083 0043 10126 10129 1818 10126 1858 0077 0078 1811 0076 1845 0081 0084 1805 0081 1851 0085 0090 0091 0094 0094 0091 0097 0129 //// 10198 ///// ///// ////
000000000000000000000000000000000000000000000000000000000000000000000000000000000000000000000000000000000000000000000000=
58004 343900 1150900 00606 00616 4
20100322190000 016 019 014 016 011 018 1849 324 020 004 040 1854 0000 0103 0103 1851 0101 1801 064 064 1900 080 0038 10124 10130 1816 10124 1900 0089 0089 1858 0086 1839 0081 0084 1801 0081 1859 0091 0101 0101 0103 0101 0096 0100 0127 //// 10199 ///// ///// ////
000000000000000000000000000000000000000000000000000000000000000000000000000000000000000000000000000000000000000000000000=
54817 355900 1155200 00421 00434 4
20100322190000 339 017 339 015 358 018 1808 333 013 004 034 1804 0000 0086 0090 1802 0086 1900 053 051 1850 059 -004 10158 10161 1850 10156 1801 0070 0076 1806 0067 1848 0050 0055 1801 0050 1900 0063 0071 0076 0077 0078 0074 0086 0116 //// 10211 ///// ///// ////
000000000000000000000000000000000000000000000000000000000000000000000000000000000000000000000000000000000000000000000000=
54902 355400 1150700 00495 00499 4
20100322190000 356 016 006 016 012 022 1805 344 011 007 038 1801 0000 0088 0095 1802 0088 1900 046 043 1806 052 -022 10150 10155 1827 10150 1900 0068 0079 1801 0068 1900 0050 0054 1801 0050 1900 0068 0076 0080 0083 0078 0070 0078 0111 //// 10211 ///// ///// ////
000000000000000000000000000000000000000000000000000000000000000000000000000000000000000000000000000000000000000000000000=
54900 354200 1150100 00537 00541 4
20100322190000 022 021 019 022 004 027 1807 026 019 023 043 1857 0000 0101 0106 1807 0101 1858 040 040 1844 049 -029 10146 10150 1824 10145 1853 0076 0081 1813 0075 1858 0054 0059 1801 0054 1857 0072 0080 0084 0087 0084 0078 0081 0110 //// 10212 ///// ///// ////
000000000000000000000000000000000000000000000000000000000000000000000000000000000000000000000000000000000000000000000000=
54901 360500 1151000 00475 00478 4
20100322190000 336 016 335 017 347 019 1801 344 013 336 023 1855 0000 0076 0084 1801 0073 1846 048 046 1815 050 -027 10156 10159 1834 10155 1856 0053 0061 1801 0052 1849 0049 0053 1801 0049 1900 0063 0072 0078 0081 0081 0076 0074 0105 //// 10215 ///// ///// ////
000000000000000000000000000000000000000000000000000000000000000000000000000000000000000000000000000000000000000000000000=
54903 355100 1152900 00457 00506 4
20100322190000 349 009 354 007 012 014 1801 336 009 007 026 1814 0000 0086 0094 1801 0086 1900 049 045 1833 055 -015 10149 10152 1845 10149 1900 0061 0080 1805 0059 1857 0050 0055 1801 0050 1859 0067 0076 0080 0082 0079 0076 0089 0114 //// 10211 ///// ///// ////
000000000000000000000000000000000000000000000000000000000000000000000000000000000000000000000000000000000000000000000000=
57184 333800 1132200 00834 00847 4
20100322190000       1600     1600    1600  1600   1600 000 -800 ///// ///// //// 0//// ////   1600  1600   1600  1600          /////   1600
//0000000000000000000000000000000000000000000000000000000000000000000000000000000000000000000000000000000000000000000000=
57177 332000 1133200 00898 00913 4
20100322190000 285 007 292 009 318 012 1851 321 009 293 018 1852 0011 0077 0079 1815 0077 1900 088 086 1801 092 0058 10106 10112 1832 10103 1805 0069 0073 1829 0069 1900 0084 0086 1828 0084 1900 0076 0102 0101 0115 0111 0103 0102 0121 //// 10217 ///// ///// ////
000100000000000000010000000000000001000000000000010000000000010000010000020001000001000000000001000000000000000000000000=
57075 341000 1125200 02031 02043 4
20100322190000 090 027 113 014 332 015 1825 091 031 091 031 1900 0020 0084 0089 1801 0084 1900 091 087 1801 100 0070 09972 09976 1818 09971 1855 0078 0079 1810 0077 1842 0081 0082 1807 0081 1900 0090 0098 0103 0104 0109 0102 0093 0117 //// 10221 ///// ///// ////
000100000000000100000001000000000001000000010000000100000100000001000100000100010000010100000001000100010100010100000100=
57173 334500 1125300 01457 01468 4
20100322190000 352 010 004 011 176 018 1801 344 011 127 023 1805 0031 0081 0088 1801 0081 1900 089 085 1807 096 0064 10040 10045 1820 10040 1900 0074 0078 1804 0074 1900 0079 0082 1803 0079 1859 0096 0106 0111 0112 0108 0102 0102 0134 //// 10219 ///// ///// ////
000100000001000100010000000100000100010100010100010000010000010001000100010001010001010101000100010001010001000101000101=
57180 335900 1131200 01175 01186 4
20100322190000 069 010 065 015 289 026 1815 088 009 299 041 1812 0014 0086 0090 1801 0086 1900 085 074 1844 095 0062 10073 10078 1813 10069 1801 0072 0079 1813 0071 1845 0079 0083 1805 0078 1848 0092 0101 0106 0108 0101 0097 0099 0131 //// 10218 ///// ///// ////
000000000100000000010000000001000000000000010000000001000000000000010000010001000100000100010000010000010000000000010000=
57181 335300 1130300 01364 01380 4
20100322190000 052 011 070 012 241 021 1807 046 015 226 039 1825 0030 0084 0087 1843 0083 1826 083 082 1855 091 0057 10055 10059 1809 10054 1853 0073 0076 1805 0072 1857 0080 0082 1803 0080 1859 0091 0102 0107 0110 0105 0100 0100 0129 //// 10224 ///// ///// ////
000100000100010000000200000100010000010001000002000100000100000100000001000200010001000101000200010001000001000001010101=
57171 334600 1130700 01420 01430 4
20100322190000 070 015 054 019 248 038 1818 048 015 242 046 1817 0027 0086 0088 1801 0085 1830 083 082 1857 093 0059 10042 10047 1809 10041 1850 0073 0079 1828 0073 1900 0083 0086 1801 0083 1858 0097 0106 0112 0116 0118 0115 0111 0124 //// 10216 ///// ///// ////
010000000000020000000100000100000101000001000200000100000001000100000000010001000000020001000001000100010001000201000101=
57175 330300 1121400 01914 01922 4
20100322190000 003 034 002 030 034 034 1816 043 023 043 064 1818 0005 0072 0075 1819 0072 1900 087 084 1846 088 0052 09985 09992 1805 09985 1853 0066 0073 1805 0066 1900 0073 0077 1801 0073 1856 0104 0121 0132 0135 0115 0107 0108 0138 //// 10217 ///// ///// ////
000000000000000000000000000000000000000000000000000000000000000000000100000000000000000000000000000001000001010000010000=
57156 331800 1113000 02503 02523 4
20100322190000 281 025 282 030 282 032 1845 305 018 296 055 1815 0028 0046 0054 1804 0046 1900 090 090 1801 076 0031 09910 09921 1801 09910 1900 0048 0053 1805 0048 1900 0053 0059 1805 0053 1857 0083 0098 0111 0119 0112 0112 0115 0143 //// 10216 ///// ///// ////
000100010001010001010101010100010000010001000000000100000001000001000001000000010001000100010100010100010001000100010000=
57271 323300 1122300 00879 00897 4
20100322190000 016 027 009 030 357 034 1843 026 038 353 072 1841 0008 0081 0085 1801 0081 1859 091 089 1801 098 0067 10102 10110 1803 10101 1849 0074 0076 1801 0074 1858 0084 0086 1801 0084 1842 0112 0126 0133 0136 0113 0106 0112 0139 //// 10211 ///// ///// ////
000000010000010000000000010000010000010001000000000100000000000000000000010000000000000000000000000000000000000000000000=
57261 330700 1113100 02330 02345 4
20100322190000 099 030 101 030 130 052 1819 110 031 147 077 1809 0024 0048 0060 1801 0048 1900 093 091 1811 080 0038 09923 09932 1802 09923 1900 0049 0062 1801 0049 1859 0062 0071 1801 0062 1858 0089 0105 0115 0122 0130 0123 0125 //// //// 10207 ///// ///// ////
000100010001000001010100010001000100000100000001000100000101000100000100000000000100000100000001000100000100010001000001=
57285 322300 1132500 01530 01492 4
20100322190000 018 032 020 029 023 032 1833 046 035 029 064 1807 0009 0074 0082 1801 0074 1900 079 075 1801 081 0040 10026 10035 1840 10026 1900 0061 0067 1809 0061 1900 0075 0080 1804 0075 1858 0099 0112 0120 0125 0115 0108 0108 0135 //// ///// ///// ///// ////
////////////////////////////////////////////////////////////////////////////////////////////////////////////////////////=
57273 324100 1125100 01095 01105 4
20100322190000 053 019 045 024 042 031 1803 023 022 032 065 1813 0013 0078 0086 1801 0078 1900 083 078 1806 088 0051 10077 10085 1816 10077 1850 0072 0075 1803 0071 1858 0082 0085 1801 0082 1856 0111 0123 0128 0131 0119 0111 0110 0136 //// 10211 ///// ///// ////
000000000100000001000000000001000000000000010000010000010000000001000000010000000000010000000000010000000200000000000100=
57187 330400 1125600 01180 01193 4
20100322190000 073 031 073 028 064 036 1824 080 029 074 065 1824 0000 0075 0080 1801 0075 1900 084 083 1858 087 0050 10060 10071 1810 10060 1900 0066 0071 1801 0065 1859 0082 0088 1801 0082 1858 0103 0112 0123 0127 0123 0110 0106 0132 //// 10205 ///// ///// ////
000000000000000000000000000000000000000000000000000000000000000000000000000000000000000000000000000000000000000000000000=
57178 330200 1123500 01292 01305 4
20100322190000 359 024 013 020 349 028 1812 355 019 007 045 1818 0004 0081 0081 1900 0080 1806 090 089 1806 097 0066 10057 10064 1806 10057 1900 0074 0074 1900 0073 1831 0087 0087 1900 0086 1843 0104 0117 0122 0123 0119 0108 0108 0133 0004 10215 ///// ///// ////
000000010000000000000000000000000000000000000000000000000000000000000000000000000000000000000000000000000000000000000000
120 010 10- /// //// //////////////////FNBASP /// //// 6///1 0//// 7//// 1//// 2//// 3//// /// /// /// // 911// 915// 919// 934// 939//=
57169 330300 1115200 01591 01600 4
20100322190000 327 025 313 027 326 029 1842 319 021 353 053 1847 0016 0075 0078 1801 0075 1855 096 095 1838 099 0069 10024 10029 1829 10024 1900 0072 0077 1801 0072 1858 0075 0080 1801 0074 1858 0099 0111 0120 0124 0113 0105 0106 0133 //// 10217 ///// ///// ////
000000000000000000000000000000000000000000000000000000000000010000010101000200010100000100010000010001000100000101000100=
57176 332900 1122500 02311 02304 4
20100322190000 329 026 329 018 275 023 1801 347 028 324 036 1859 0032 0066 0069 1802 0066 1900 088 087 1804 086 0048 09942 09947 1801 09942 1853 0064 0067 1803 0064 1900 0074 0077 1806 0074 1900 0093 0105 0115 0122 0120 0113 0110 0130 //// 10221 ///// ///// ////
010000020000010001000101010000010000010000020001000001000100000200010001000100020100010001000101000100010001000001000001=
57179 331700 1130000 01604 01616 4
20100322190000 073 026 079 030 077 036 1849 060 026 074 055 1847 0006 0075 0080 1801 0075 1857 093 093 1900 096 0064 10021 10028 1811 10019 1849 0068 0075 1801 0068 1858 0080 0086 1801 0080 1900 0098 0108 0113 0116 0109 0102 0103 0133 //// 10217 ///// ///// ////
000000000200000000000000020000000000000000000000020000000000000000000000000000000000000000000000000000000000000000000000=
57274 324200 1120700 01076 01088 4
20100322190000 359 018 003 017 011 019 1850 004 019 001 040 1850 0005 0077 0079 1802 0077 1858 084 083 1801 088 0052 10083 10090 1802 10081 1856 0075 0076 1827 0075 1859 0089 0090 1840 0088 1858 0112 0123 0133 0138 0127 0117 0112 0140 //// 10215 ///// ///// ////
010100000000010000000000000000000100000000000000000000000000000000000000000000000000000000000000000000000100000000000000=
57065 343000 1121100 01949 01964 4
20100322190000 171 027 183 034 181 034 1859 156 026 164 075 1855 0000 0106 0109 1853 0102 1823 045 043 1853 057 -008 09967 09974 1806 09963 1840 0072 0079 1802 0072 1900 0075 0079 1834 0075 1900 0089 0096 0101 0105 0102 0102 0108 0138 //// 10205 ///// ///// ////
000000000000000000000000000000000000000000000000000000000000000000000000000000000000000000000000000000000000000000000000=
57074 342500 1122500 01973 01989 4
20100322190000 172 014 170 015 157 017 1842 125 016 170 036 1856 0007 0089 0104 1801 0089 1900 074 059 1809 084 0045 09971 09981 1812 09971 1858 0066 0077 1801 0066 1847 0074 0079 1814 0074 1900 0089 0096 0101 0105 0106 0103 0100 0125 //// 10213 ///// ///// ////
000000000000000100000000000001000000000100000000000001000000000000000000010000000000000000000000000100000000000000000100=
57076 344400 1124700 01895 01901 4
20100322190000 143 034 144 025 144 025 1900 147 053 147 053 1900 0000 0101 0108 1801 0094 1844 062 062 1900 077 0032 09975 09980 1801 09973 1816 0090 0091 1852 0081 1825 0075 0078 1803 0075 1900 0083 0088 0092 0094 0093 0088 0087 0120 //// 10205 ///// ///// ////
000000000000000000000000000000000000000000000000000000000000000000000000000000000000000000000000000000000000000000000000=
57070 344400 1120700 03640 03595 4
20100322190000 115 041 106 028 106 028 1900 102 051 102 051 1900 0000 0088 0093 1821 0088 1900 083 078 1801 094 0061 09770 09774 1816 09769 1839 0082 0084 1850 0080 1809 0071 0072 1829 0071 1807 0080 0087 0091 0093 0093 0091 0093 0122 //// 10202 ///// ///// ////
000000000000000000000000000000000000000000000000000000000000000000000000000000000000000000000000000000000000000000000000=
57162 340900 1120500 03258 03275 4
20100322190000 244 019 239 016 223 021 1817 257 014 285 039 1826 0012 0064 0093 1801 0064 1900 082 062 1801 079 0036 09823 09831 1801 09823 1900 0050 0066 1801 0050 1847 0062 0069 1807 0062 1900 0082 0092 0098 0103 0099 0097 0099 0132 //// 10221 ///// ///// ////
000000000000000000000000000000000000000000000000000000000101000100010000010001000100010000000001000001000001000001000000=
57078 340900 1122800 03365 03340 4
20100322190000 322 016 324 013 325 028 1801 313 018 282 041 1820 0016 0075 0100 1801 0075 1900 070 047 1801 073 0024 09813 09819 1807 09813 1900 0056 0060 1801 0055 1851 0061 0065 1801 0061 1900 0076 0086 0092 0098 0101 0097 0095 0118 //// 10218 ///// ///// ////
000000000000000000000000000001000000000001000000000001000000010000000100000100000101000001010001010001000100000100010000=
57071 344900 1122600 03333 03332 4
20100322190000 116 022 104 023 025 025 1801 122 022 023 041 1820 0000 0082 0088 1802 0082 1900 083 083 1900 090 0055 09806 09811 1801 09804 1843 0075 0083 1801 0075 1900 0073 0076 1801 0073 1900 0084 0089 0092 0094 0093 0088 0089 0119 //// 10207 ///// ///// ////
000000000000000000000000000000000000000000000000000000000000000000000000000000000000000000000000000000000000000000000000=
57066 342300 1114000 03283 03298 4
20100322190000 260 015 264 022 262 025 1857 218 019 263 057 1835 0003 0063 0098 1801 0063 1900 075 047 1801 072 0022 09816 09824 1804 09816 1856 0046 0058 1801 0046 1857 0055 0063 1803 0055 1900 0077 0085 0091 0094 0095 0092 0088 0116 //// 10216 ///// ///// ////
000000000000000000000000000000000000000000000000000000000000000000000000000001000000000100000000000000010000000000000000=
57077 334700 1113900 07424 07388 4
20100322190000 074 015 096 013 278 016 1801 074 019 074 019 1900 0001 0003 0011 1801 0003 1900 089 087 1801 056 -013 09343 09359 1815 09343 1900 0000 0000 1805 0000 1843 0002 0002 1856 0001 1812 0037 0062 0075 0084 0093 0088 0089 0116 //// 10232 ///// ///// ////
000000000000000000000000000000000000000000000000000000000000000000000000000000000000000000000000000000000000000000010000=
57185 332700 1133500 00911 00921 4
20100322190000 015 046 008 031 008 031 1900 026 054 026 054 1900 0023 0077 0080 1835 0077 1900 083 078 1835 087 0050 10105 10109 1837 10100 1801 0066 0073 1801 0066 1900 0078 0084 1805 0078 1900 0096 0102 0108 0104 0113 0103 0099 0123 //// 10217 ///// ///// ////
010000010000000000000001000000000000000000000100000000010000000000010100000101000101000100010102010100010001010001000100=
57183 334800 1135500 00600 00615 4
20100322190000 054 032 066 036 046 041 1842 074 019 023 118 1855 0001 0106 0115 1838 0100 1801 054 047 1849 069 0017 10140 10143 1858 10126 1808 0070 0089 1838 0070 1900 0081 0091 1816 0081 1900 0098 0105 0110 0112 0106 0098 0095 0123 //// 10215 ///// ///// ////
000000000000000000000000000000000000000000000000000000000000000000000000000000000000000000000000000000000000000000010000=
57186 333600 1140300 00587 00598 4
20100322190000 035 028 022 034 055 060 1820 041 022 038 107 1812 0001 0107 0119 1805 0107 1900 060 046 1801 077 0033 10141 10143 1847 10132 1801 0072 0075 1803 0070 1821 0079 0086 1801 0078 1853 0097 0107 0111 0115 0109 0101 0100 0134 //// 10214 ///// ///// ////
000000000000000000000000000000000000000000000000000000000000000000000000000000000000000000000000000100000000000000000000=
57094 342400 1141300 00674 00685 4
20100322190000 334 016 333 015 342 018 1846 336 019 337 026 1846 0000 0101 0102 1801 0100 1838 085 085 1900 105 0077 10120 10121 1850 10114 1836 0088 0090 1803 0087 1823 0085 0087 1804 0085 1900 0092 0096 0099 0099 0102 0095 0088 0117 //// 10204 ///// ///// ////
000000000000000000000000000000000000000000000000000000000000000000000000000000000000000000000000000000000000000000000000=
57191 342900 1142900 00634 00642 4
20100322190000 003 021 003 019 003 019 1900 012 027 353 043 1852 0000 0104 0104 1900 0102 1807 063 062 1859 079 0037 10127 10132 1801 10123 1844 0096 0097 1859 0092 1816 0083 0087 1801 0083 1900 0092 0095 0097 0097 0096 0091 0093 0124 //// 10205 ///// ///// ////
000000000000000000000000000000000000000000000000000000000000000000000000000000000000000000000000000000000000000000000000=
57096 343200 1144700 00597 00607 4
20100322190000 015 014 017 014 355 020 1808 024 015 023 033 1817 0000 0101 0105 1806 0101 1900 066 063 1817 082 0040 10122 10129 1801 10121 1856 0088 0090 1817 0086 1803 0080 0083 1801 0080 1900 0092 0101 0104 0105 0102 0097 0099 0128 //// 10196 ///// ///// ////
000000000000000000000000000000000000000000000000000000000000000000000000000000000000000000000000000000000000000000000000=
57091 344700 1141800 00737 00748 4
20100322190000 014 012 011 013 038 018 1847 024 012 046 027 1846 0000 0107 0109 1848 0106 1804 064 057 1847 082 0042 10114 10120 1801 10114 1900 0080 0082 1812 0079 1851 0082 0085 1801 0082 1900 0094 0099 0102 0097 0104 0099 0099 0123 //// 10206 ///// ///// ////
000000000000000000000000000000000000000000000000000000000000000000000000000000000000000000000000000000000000000000000000=
53978 350500 1123800 01401 01409 4
20100322190000 073 018 069 016 069 016 1900 085 014 015 027 1836 0000 0101 0101 1900 0098 1801 082 082 1900 101 0072 10030 10038 1802 10030 1846 0089 0089 1900 0079 1801 0083 0084 1804 0083 1851 0091 0096 0098 0101 0092 0090 0094 0125 //// 10201 ///// ///// ////
000000000000000000000000000000000000000000000000000000000000000000000000000000000000000000000000000000000000000000000000=
53984 351400 1132800 00827 00837 4
20100322190000 066 007 064 007 136 008 1801 062 007 048 010 1847 0000 0083 0091 1801 0083 1900 090 088 1801 098 0068 10103 10112 1802 10103 1900 0066 0073 1801 0066 1859 0074 0078 1801 0074 1900 0086 0092 0093 0097 0097 0093 0093 0120 //// 10205 ///// ///// ////
000000000000000000000000000000000000000000000000000000000000000000000000000000000000000000000000000000000000000000000000=
53987 350600 1132500 00910 00918 4
20100322190000 062 005 053 005 077 009 1848 052 005 068 016 1843 0000 0093 0095 1836 0093 1847 090 089 1801 105 0077 10094 10103 1804 10093 1845 0080 0084 1847 0080 1900 0085 0087 1802 0085 1900 0092 0096 0099 0102 0100 0097 0098 0127 //// 10206 ///// ///// ////
000000000000000000000000000000000000000000000000000000000000000000000000000000000000000000000000000000000000000000000000=
57079 345700 1130200 01064 01069 4
20100322190000 075 023 074 023 073 023 1859 074 020 073 031 1857 0000 0094 0094 1900 0092 1827 091 090 1807 107 0080 10070 10077 1801 10069 1854 0090 0090 1900 0086 1817 0083 0083 1801 0082 1854 0088 0091 0094 0096 0099 0095 0093 0120 //// 10200 ///// ///// ////
000000000000000000000000000000000000000000000000000000000000000000000000000000000000000000000000000000000000000000000000=
53972 350700 1125500 01196 01210 4
20100322190000 046 009 047 010 023 012 1848 052 007 029 018 1853 0000 0099 0104 1801 0099 1900 086 083 1801 105 0077 10058 10065 1802 10057 1851 0084 0085 1859 0079 1801 0085 0087 1808 0085 1900 0094 0099 0105 0107 0097 0096 0107 0136 //// 10205 ///// ///// ////
000000000000000000000000000000000000000000000000000000000000000000000000000000000000000000000000000000000000000000000000=
57072 345500 1124500 01275 01285 4
20100322190000 235 016 267 013 263 015 1856 214 025 200 032 1855 0000 0091 0091 1900 0090 1801 092 090 1801 106 0079 10048 10053 1801 10046 1845 0086 0086 1859 0079 1801 0081 0081 1815 0080 1853 0087 0092 0095 0096 0089 0085 0084 0113 //// 10205 ///// ///// ////
000000000000000000000000000000000000000000000000000000000000000000000000000000000000000000000000000000000000000000000000=
53982 351400 1131600 01120 01135 4
20100322190000 063 011 069 008 069 008 1900 059 014 059 014 1900 0000 0100 0103 1801 0100 1900 079 078 1810 097 0065 10065 10074 1801 10064 1855 0080 0084 1825 0080 1900 0081 0084 1801 0081 1858 0093 0098 0102 0105 0099 0096 0098 0131 //// 10203 ///// ///// ////
000000000000000000000000000000000000000000000000000000000000000000000000000000000000000000000000000000000000000000000000=
53979 350900 1130500 01200 01211 4
20100322190000 037 011 043 011 031 016 1839 017 011 039 022 1832 0000 0100 0100 1900 0095 1813 084 084 1900 103 0074 10059 10066 1801 10058 1853 0090 0092 1840 0084 1802 0074 0076 1840 0074 1900 0090 0095 0101 0103 0098 0097 0102 0132 //// 10206 ///// ///// ////
000000000000000000000000000000000000000000000000000000000000000000000000000000000000000000000000000000000000000000000000=
53992 353900 1143100 00582 00592 4
20100322190000 029 027 028 028 028 029 1855 032 027 032 037 1859 0000 0091 0092 1801 0087 1818 047 046 1857 054 -016 10139 10145 1808 10139 1900 0075 0077 1858 0070 1846 0058 0062 1801 0058 1900 0073 0076 0084 0086 0082 0079 0086 0122 //// 10212 ///// ///// ////
000000000000000000000000000000000000000000000000000000000000000000000000000000000000000000000000000000000000000000000000=
53974 353700 1141100 00723 00739 4
20100322190000 052 021 045 017 026 018 1801 046 025 066 029 1859 0000 0096 0103 1802 0095 1857 042 042 1900 050 -027 10123 10129 1801 10122 1853 0071 0083 1801 0068 1854 0063 0069 1801 0063 1900 0080 0089 0094 0096 0090 0088 0095 0124 //// 10213 ///// ///// ////
000000000000000000000000000000000000000000000000000000000000000000000000000000000000000000000000000000000000000000000000=
53990 354300 1141900 00795 00805 4
20100322190000 023 033 029 030 029 030 1900 021 033 032 039 1857 0000 0066 0080 1801 0066 1900 075 064 1803 073 0025 10115 10121 1802 10115 1900 0061 0074 1805 0061 1900 0057 0064 1801 0057 1900 0080 0088 0090 0093 0089 0081 0081 0111 //// 10214 ///// ///// ////
000000000000000000000000000000000000000000000000000000000000000000000000000000000000000000000000000000000000000000000000=
53991 355600 1142100 00743 00753 4
20100322190000 020 016 020 014 033 017 1841 012 025 012 025 1900 0000 0092 0098 1801 0092 1900 037 034 1816 043 -047 10125 10129 1821 10125 1900 0077 0084 1823 0077 1855 0052 0060 1807 0052 1900 0072 0083 0083 0090 0085 0080 0085 0118 //// 10217 ///// ///// ////
000000000000000000000000000000000000000000000000000000000000000000000000000000000000000000000000000000000000000000000000=
53993 355600 1145500 00516 00524 4
20100322190000 011 011 006 012 017 015 1803 018 010 004 027 1803 0000 0091 0100 1801 0091 1900 041 035 1803 047 -035 10150 10154 1822 10149 1850 0066 0080 1805 0065 1844 0054 0058 1801 0054 1900 0070 0079 0082 0082 0082 0072 0073 0108 //// 10214 ///// ///// ////
000000000000000000000000000000000000000000000000000000000000000000000000000000000000000000000000000000000000000000000000=
53889 360400 1134900 03068 03086 4
20100322190000 332 014 325 014 039 018 1817 323 011 021 030 1815 0000 0086 0092 1819 0086 1900 034 027 1847 038 -064 09847 09851 1801 09847 1900 0062 0079 1817 0054 1844 0048 0057 1801 0048 1900 0063 0071 0076 0080 0076 0072 0086 0098 //// 10219 ///// ///// ////
000000000000000000000000000000000000000000000000000000000000000000000000000000000000000000000000000000000000000000000000=
53995 353300 1143000 00625 00645 4
20100322190000 027 030 024 024 024 024 1900 023 027 015 043 1859 0000 0098 0101 1801 0096 1850 040 040 1900 048 -032 10132 10138 1811 10132 1859 0089 0091 1808 0082 1845 0066 0069 1801 0066 1900 0080 0089 0089 0091 0089 0084 0084 0116 //// 10211 ///// ///// ////
000000000000000000000000000000000000000000000000000000000000000000000000000000000000000000000000000000000000000000000000=
53898 360300 1142400 00629 00638 4
20100322190000 019 022 020 026 017 029 1847 021 026 001 047 1810 0000 0086 0111 1801 0086 1900 038 024 1802 042 -049 10138 10141 1817 10138 1859 0074 0096 1801 0074 1859 0063 0071 1805 0063 1900 0079 0085 0089 0090 0074 0072 0083 0117 //// 10216 ///// ///// ////
000000000000000000000000000000000000000000000000000000000000000000000000000000000000000000000000000000000000000000000000=
NNNN
