57090 344300 1135800 00781 00802 4
20100323120000 032 013 029 015 024 017 1148 040 018 040 034 1148 0000 0111 0116 1108 0111 1200 039 030 1105 052 -023 10116 10116 1200 10104 1102 0087 0096 1122 0087 1101 0091 0096 1110 0091 1200 0111 0117 0114 0111 0099 0092 0085 0119 //// 10214 ///// ///// ////
000000000000000000000000000000000000000000000000000000000000000000000000000000000000000000000000000000000000000000000000
140 10- 000 000 //// /////////////////////CIE 002 0000 6///1 0//// 7//// 1//// 2//// 3//// /// /// /// // 911// 915// 919// 934// 939//=
57083 344300 1133900 01104 01116 4
20100323120000 044 014 054 015 049 028 1117 053 015 056 042 1118 0000 0114 0117 1112 0114 1200 032 030 1101 043 -047 10080 10080 1200 10068 1101 0057 0070 1119 0056 1101 0084 0091 1116 0084 1200 0110 0116 0116 0113 0098 0098 0102 0126 0001 10216 ///// ///// ////
000000000000000000000000000000000000000000000000000000000000000000000000000000000000000000000000000000000000000000000000
120 010 000 010 3200 /////////////////////ACR 03/ 0000 6///1 0//// 7//// 1//// 2//// 3//// /// /// /// // 911// 915// 919// 934// 939//=
57086 342300 1134300 01166 01168 4
20100323120000 017 007 048 008 075 021 1121 012 009 091 029 1118 0000 0097 0103 1101 0095 1135 036 035 1102 043 -046 10074 10074 1200 10062 1103 0056 0088 1121 0056 1200 0081 0090 1101 0081 1200 0105 0112 0111 0107 0099 0095 0092 0116 //// 10217 ///// ///// ////
000000000000000000000000000000000000000000000000000000000000000000000000000000000000000000000000000000000000000000000000
160 010 000 000 //// /////////////////////CSI 007 0000 6///1 0//// 7//// 1//// 2//// 3//// /// /// /// // 911// 915// 919// 934// 939//=
57085 343200 1132000 02599 02648 4
20100323120000 054 018 051 017 070 019 1106 038 014 074 035 1105 0000 0102 0105 1101 0102 1200 030 027 1102 037 -066 09894 09894 1156 09884 1101 0092 0100 1107 0092 1159 0082 0093 1101 0082 1200 0110 0116 0115 0109 0102 0098 0092 0121 //// 10216 ///// ///// ////
000000000000000000000000000000000000000000000000000000000000000000000000000000000000000000000000000000000000000000000000=
57081 344800 1132600 01409 01419 4
20100323120000 075 006 062 006 100 017 1139 102 008 102 028 1137 0000 0102 0105 1142 0101 1117 034 032 1139 042 -050 10046 10046 1200 10032 1101 0063 0080 1142 0063 1200 0079 0087 1101 0079 1200 0107 0116 0118 0110 0090 0092 0095 0117 //// 10220 ///// ///// ////
000000000000000000000000000000000000000000000000000000000000000000000000000000000000000000000000000000000000000000000000
150 10- 000 10- 3200 /////////////////////ACR 03/ 0000 6///1 0//// 7//// 1//// 2//// 3//// /// /// /// // 911// 915// 919// 934// 939//=
57084 343000 1130300 11784 11790 4
20100323120000 081 067 078 067 075 069 1158 074 066 069 092 1157 0000 0015 0020 1101 0015 1200 049 044 1104 033 -081 08844 08844 1200 08837 1101 0005 0013 1120 0004 1143 0011 0025 1101 0011 1200 0042 0065 0071 0069 0061 //// //// //// //// 10226 ///// ///// ////
000000000000000000000000000000000000000000000000000000000000000000000000000000000000000000000000000000000000000000000000
200 010 000 000 //// /////////////////////CSI 007 0000 6///1 0//// 7//// 1//// 2//// 3//// /// /// /// // 911// 915// 919// 934// 939//=
57080 344400 1125800 01652 01661 4
20100323120000 085 011 088 016 081 019 1119 074 012 071 035 1106 0000 0111 0115 1102 0111 1200 025 023 1114 033 -082 10014 10014 1200 10003 1101 0091 0102 1108 0087 1141 0085 0095 1101 0085 1200 0113 0120 0117 0111 0092 0087 0087 0119 //// 10216 ///// ///// ////
000000000000000000000000000000000000000000000000000000000000000000000000000000000000000000000000000000000000000000000000
100 10- 000 000 6000 /////////////////////CIE 002 0000 6///1 0//// 7//// 1//// 2//// 3//// /// /// /// // 911// 915// 919// 934// 939//=
57082 342800 1130100 04271 04284 4
20100323120000 101 013 096 016 085 025 1102 088 009 097 041 1117 0000 0090 0093 1101 0090 1200 027 025 1126 031 -090 09702 09702 1200 09694 1101 0072 0081 1101 0072 1200 0061 0071 1101 0061 1200 0089 0102 0106 0106 0098 0099 0099 //// //// 10219 ///// ///// ////
000000000000000000000000000000000000000000000000000000000000000000000000000000000000000000000000000000000000000000000000
150 010 000 000 //// /////////////////////CSE 007 0000 6///1 0//// 7//// 1//// 2//// 3//// /// /// /// // 911// 915// 919// 934// 939//=
57295 323700 1142100 00785 00802 4
20100323120000 120 010 113 021 114 030 1151 080 018 102 050 1146 0000 0062 0065 1101 0062 1158 080 079 1147 076 0030 10111 10119 1127 10106 1149 0053 0062 1106 0053 1200 0069 0076 1101 0069 1158 0092 0097 0100 0103 0103 0103 0101 0128 //// 10211 ///// ///// ////
000000000000000000000000000000000000000000000000000000000000000000000000000000000000000000000000000000000000000000000000
200 010 000 000 0400 //////////////////ASPFNB 72/ 0000 6///1 0//// 7//// 1//// 2//// 3//// /// /// /// // 911// 915// 919// 934// 939//=
57189 330800 1135700 00646 00655 4
20100323120000 PPC 000 PPC 001 160 014 1126 PPC 000 156 019 1120 0000 0076 0079 1101 0076 1200 089 087 1108 093 0059 10133 10133 1159 10124 1115 0069 0076 1105 0069 1159 0084 0088 1101 0084 1200 0097 0102 0105 0105 0099 0097 0097 0122 //// 10214 ///// ///// ////
000000000000000000000000000000000000000000000000000000000000000000000000000000000000000000000000000000000000000000000000
110 008 000 008 3300 /////////////////////ACR 040 0000 6///1 0//// 7//// 1//// 2//// 3//// /// /// /// // 911// 915// 919// 934// 939//=
57194 331700 1141600 00598 00609 4
20100323120000 194 013 192 016 188 019 1131 195 014 164 025 1149 0000 0081 0082 1151 0080 1113 083 081 1114 090 0054 10137 10137 1200 10128 1101 0075 0077 1153 0071 1105 0081 0087 1105 0081 1159 0095 0102 0103 0103 0097 0093 0097 0126 //// 10212 ///// ///// ////
000000000000000000000000000000000000000000000000000000000000000000000000000000000000000000000000000000000000000000000000=
57197 330000 1142000 00489 00545 4
20100323120000 153 023 159 018 159 018 1200 150 043 150 043 1200 0000 0077 0079 1101 0076 1145 090 086 1101 095 0062 10144 10144 1125 10138 1145 0061 0064 1145 0050 1101 0081 0083 1127 0080 1159 0093 0098 0100 0099 0104 0102 0099 0125 //// 10212 ///// ///// ////
000000000000000000000000000000000000000000000000000000000000000000000000000000000000000000000000000000000000000000000000
150 010 000 010 2800 /////////////////////ASP 02/ 0000 6///1 0//// 7//// 1//// 2//// 3//// /// /// /// // 911// 915// 919// 934// 939//=
57294 325000 1140100 00836 00846 4
20100323120000 134 012 143 012 148 020 1133 128 012 144 026 1130 0000 0071 0076 1107 0071 1200 092 089 1115 093 0059 10104 10105 1158 10097 1130 0069 0075 1111 0068 1155 0075 0081 1101 0074 1154 0089 0096 0100 0102 0103 0108 0101 0118 //// 10209 ///// ///// ////
000000000000000000000000000000000000000000000000000000000000000000000000000000000000000000000000000000000000000000000000
120 010 000 010 3000 /////////////////////ACP 07/ 0000 6///1 0//// 7//// 1//// 2//// 3//// /// /// /// // 911// 915// 919// 934// 939//=
57292 325800 1143800 00444 00453 4
20100323120000 154 022 152 027 167 034 1134 184 035 164 058 1149 0000 0066 0073 1101 0066 1200 084 084 1146 082 0041 10156 10164 1147 10151 1101 0062 0071 1101 0062 1200 0070 0080 1101 0070 1200 0089 0098 0102 0106 0105 0105 0104 0133 //// 10212 ///// ///// ////
000000000000000000000000000000000000000000000000000000000000000000000000000000000000000000000000000000000000000000000000
150 010 000 010 3000 /////////////////////ACP 07/ 0000 6///1 0//// 7//// 1//// 2//// 3//// /// /// /// // 911// 915// 919// 934// 939//=
57195 333700 1143700 00466 00476 4
20100323120000 248 010 243 011 233 013 1154 274 004 217 021 1140 0000 0092 0094 1101 0092 1200 079 078 1101 092 0058 10158 10158 1200 10141 1101 0087 0090 1116 0086 1140 0086 0091 1101 0086 1155 0099 0108 0111 0110 0103 0098 0101 0142 //// 10217 ///// ///// ////
000000000000000000000000000000000000000000000000000000000000000000000000000000000000000000000000000000000000000000000000=
57193 334700 1143100 00526 00541 4
20100323120000 PPC 000 233 005 199 008 1126 PPC 000 240 013 1155 0000 0096 0098 1101 0096 1158 077 076 1101 092 0058 10150 10150 1200 10134 1102 0085 0086 1145 0082 1113 0093 0096 1101 0093 1157 0108 0112 0113 0112 0105 0101 0104 0131 //// 10217 ///// ///// ////
000000000000000000000000000000000000000000000000000000000000000000000000000000000000000000000000000000000000000000000000
120 010 000 010 4200 /////////////////////ACP 07/ 0000 6///1 0//// 7//// 1//// 2//// 3//// /// /// /// // 911// 915// 919// 934// 939//=
57198 333300 1143700 00463 00473 4
20100323120000 215 009 210 009 193 012 1150 223 010 181 016 1147 0000 0085 0087 1101 0085 1200 082 081 1101 091 0056 10158 10159 1159 10142 1101 0077 0077 1159 0069 1101 0087 0088 1115 0087 1159 0102 0109 0109 0109 0105 0104 0106 0137 //// 10217 ///// ///// ////
000000000000000000000000000000000000000000000000000000000000000000000000000000000000000000000000000000000000000000000000
110 10- 000 /// //// /////////////////////ACR /// //// 6///1 0//// 7//// 1//// 2//// 3//// /// /// /// // 911// 915// 919// 934// 939//=
58101 335200 1152900 00413 00428 4
20100323120000 156 008 158 005 151 013 1101 158 009 156 024 1103 0000 0086 0091 1101 0086 1200 082 081 1104 092 0057 10162 10162 1159 10151 1101 0078 0087 1101 0076 1144 0080 0087 1101 0080 1200 0100 0102 0102 0101 0100 0098 0098 0131 //// 10215 ///// ///// ////
000000000000000000000000000000000000000000000000000000000000000000000000000000000000000000000000000000000000000000000000=
57098 340500 1142400 00583 00593 4
20100323120000 244 009 231 008 166 010 1136 242 009 127 017 1132 0000 0099 0105 1101 0097 1138 065 064 1155 079 0036 10144 10144 1200 10123 1101 0082 0091 1101 0082 1140 0094 0101 1101 0094 1159 0102 0109 0109 0108 0101 0095 0096 0129 //// 10217 ///// ///// ////
000000000000000000000000000000000000000000000000000000000000000000000000000000000000000000000000000000000000000000000000=
57182 335100 1133000 00805 00814 4
20100323120000 123 000 106 002 064 012 1115 130 000 062 016 1112 0000 0094 0101 1101 0094 1200 059 059 1200 070 0018 10115 10115 1200 10103 1101 0074 0084 1101 0074 1200 0088 0096 1101 0088 1200 0109 0117 0118 0113 0109 0104 0106 0139 //// 10215 ///// ///// ////
000000000000000000000000000000000000000000000000000000000000000000000000000000000000000000000000000000000000000000000000=
57297 320800 1140300 01145 01154 4
20100323120000 069 017 079 031 073 048 1146 085 022 071 072 1141 0000 0057 0058 1132 0057 1145 085 085 1200 078 0034 10065 10072 1122 10054 1145 0050 0051 1129 0049 1109 0059 0062 1120 0058 1147 0073 0086 0097 0103 0114 0118 0114 //// //// 10208 ///// ///// ////
000000000000000000000000000000000000000000000000000000000000000000000000000000000000000000000000000000000000000000000000
080 010 010 010 1200 /////////////////////SCP 5// 1060 69991 0//// 7//// 1//// 2//// 3//// /// /// /// // 911// 915// 919// 934// 939//=
57390 314800 1140400 07335 07347 4
20100323120000 035 053 037 058 046 073 1146 032 055 068 203 1138 0000 0009 0009 1200 0008 1106 100 100 1200 065 0009 09317 09318 1130 09311 1142 0011 0013 1154 0011 1146 0018 0021 1111 0018 1158 0033 0046 0060 0070 0090 0095 //// //// //// 10203 ///// ///// ////
000000000000000000000000000000000000000000000000000000000000000000000000000000000000000000000000000000000000000000000000
030 010 006 006 0400 //////////////////FSBASP 62/ 1076 60031 0//// 7//// 1//// 2//// 3//// /// /// /// // 91120 91507 919// 934// 939//=
58207 321000 1150300 00428 00440 4
20100323120000 045 027 050 032 078 053 1106 037 032 082 067 1102 0000 0062 0062 1200 0061 1101 084 082 1151 080 0037 10158 10158 1200 10143 1101 0053 0053 1200 0051 1104 0070 0072 1101 0070 1158 0056 0082 0090 0097 0112 0114 0111 0138 //// 10213 ///// ///// ////
000000000000000000000000000000000000000000000000000000000000000000000000000000000000000000000000000000000000000000000000=
58205 322800 1152600 00349 00360 4
20100323120000 030 021 035 022 094 036 1103 043 025 099 048 1102 0000 0062 0062 1200 0059 1103 087 087 1200 082 0042 10173 10174 1158 10149 1101 0056 0056 1150 0054 1114 0062 0062 1101 0059 1116 0067 0073 0080 0083 0116 0111 0109 0123 //// 10218 ///// ///// ////
000000000000000000000000000000000000000000000000000000000000000000000000000000000000000000000000000000000000000000000000=
53997 350900 1141100 00711 00723 4
20100323120000 072 022 073 019 073 019 1200 096 030 096 030 1200 0000 0114 0114 1200 0113 1110 035 034 1113 047 -035 10127 10129 1134 10117 1101 0068 0077 1135 0061 1105 0089 0094 1101 0089 1200 0115 0123 0120 0114 0092 0092 0096 0124 //// 10216 ///// ///// ////
000000000000000000000000000000000000000000000000000000000000000000000000000000000000000000000000000000000000000000000000=
53986 351900 1135300 00732 00740 4
20100323120000 106 011 101 011 089 013 1122 108 008 097 024 1117 0000 0112 0115 1101 0112 1200 039 037 1101 052 -022 10127 10127 1200 10116 1105 0095 0100 1145 0090 1139 0090 0095 1101 0090 1200 0114 0119 0118 0113 0096 0093 0097 0128 //// 10218 ///// ///// ////
000000000000000000000000000000000000000000000000000000000000000000000000000000000000000000000000000000000000000000000000
130 10- 000 10- 2900 /////////////////////ACR 03/ 0000 6///1 0//// 7//// 1//// 2//// 3//// /// /// /// // 911// 915// 919// 934// 939//=
53994 352300 1140400 00700 00712 4
20100323120000 104 012 107 012 103 017 1114 110 011 107 026 1111 0000 0113 0118 1101 0113 1200 038 033 1101 051 -025 10129 10129 1200 10119 1102 0096 0101 1109 0088 1134 0092 0095 1101 0092 1159 0118 0127 0123 0111 0092 0088 0093 0127 //// 10216 ///// ///// ////
000000000000000000000000000000000000000000000000000000000000000000000000000000000000000000000000000000000000000000000000
170 10- 000 /// //// /////////////////////ACR /// //// 6///1 0//// 7//// 1//// 2//// 3//// /// /// /// // 911// 915// 919// 934// 939//=
53988 351600 1134000 00776 00784 4
20100323120000 111 014 118 015 102 020 1111 104 011 130 027 1107 0000 0110 0115 1101 0110 1200 034 030 1102 045 -042 10115 10115 1200 10105 1101 0073 0076 1101 0066 1143 0092 0097 1101 0090 1142 0123 0131 0125 0117 0091 0090 0098 0126 //// 10211 ///// ///// ////
000000000000000000000000000000000000000000000000000000000000000000000000000000000000000000000000000000000000000000000000
120 010 000 010 3000 /////////////////////ACP 07/ 0000 6///1 0//// 7//// 1//// 2//// 3//// /// /// /// // 911// 915// 919// 934// 939//=
53998 351200 1143900 00616 00625 4
20100323120000 111 024 111 023 109 025 1107 119 030 088 040 1114 0000 0111 0114 1101 0111 1159 046 044 1103 061 -001 10141 10143 1150 10129 1101 0096 0099 1131 0095 1111 0093 0096 1102 0093 1200 0112 0118 0114 0107 0097 0094 0095 0129 //// 10218 ///// ///// ////
000000000000000000000000000000000000000000000000000000000000000000000000000000000000000000000000000000000000000000000000
120 009 000 009 3500 /////////////////////ACR 030 0000 6///1 0//// 7//// 1//// 2//// 3//// /// /// /// // 911// 915// 919// 934// 939//=
57051 344800 1111200 04099 04117 4
20100323120000 101 028 099 033 097 036 1130 119 035 077 069 1127 0000 0098 0102 1101 0098 1159 032 031 1156 039 -061 09712 09714 1150 09707 1122 0087 0090 1126 0087 1158 0090 0098 1101 0090 1200 0109 0116 0115 0111 0091 0086 0085 0114 //// 10207 ///// ///// ////
000000000000000000000000000000000000000000000000000000000000000000000000000000000000000000000000000000000000000000000000
100 010 000 010 3800 /////////////////////ASP 02/ 0000 6///1 0//// 7//// 1//// 2//// 3//// /// /// /// // 911// 915// 919// 934// 939//=
57063 344600 1114600 05236 05236 4
20100323120000 075 019 075 018 081 022 1101 083 019 083 029 1147 0000 0073 0079 1101 0073 1159 037 035 1102 038 -064 09590 09590 1200 09585 1114 0055 0063 1118 0054 1158 0062 0072 1104 0062 1158 0090 0096 0093 0088 0075 0076 0082 0110 //// 10220 ///// ///// ////
000000000000000000000000000000000000000000000000000000000000000000000000000000000000000000000000000000000000000000000000
060 10- 000 007 3800 //////////////////ACRCIE 032 0500 6///1 0//// 7//// 1//// 2//// 3//// /// /// /// // 911// 915// 919// 934// 939//=
57067 340300 1110200 05688 05699 4
20100323120000 PPC 000 PPC 001 216 011 1144 282 003 063 018 1103 0000 0064 0069 1102 0064 1147 074 065 1105 071 0021 09531 09531 1200 09523 1101 0067 0077 1107 0067 1152 0080 0085 1101 0080 1200 0094 0098 0094 0098 0092 0098 0094 0122 //// 10222 ///// ///// ////
000000000000000000000000000000000000000000000000000000000000000000000000000000000000000000000000000000000000000000000000
100 10- 000 10- 3700 /////////////////////ACR 03/ 0000 6///1 0//// 7//// 1//// 2//// 3//// /// /// /// // 911// 915// 919// 934// 939//=
57056 343200 1105300 03904 03909 4
20100323120000 162 028 155 023 131 031 1119 156 014 133 054 1117 0000 0105 0107 1104 0105 1158 042 041 1101 053 -019 09733 09733 1159 09725 1114 0093 0094 1120 0091 1138 0099 0105 1101 0099 1200 0113 0118 0113 0108 0090 0089 0091 0118 //// 10203 ///// ///// ////
000000000000000000000000000000000000000000000000000000000000000000000000000000000000000000000000000000000000000000000000
100 010 000 010 3400 /////////////////////ACP 07/ 0000 6///1 0//// 7//// 1//// 2//// 3//// /// /// /// // 911// 915// 919// 934// 939//=
58007 340400 1151800 00472 00532 4
20100323120000 171 009 145 008 125 009 1150 147 008 097 023 1153 0000 0098 0105 1101 0098 1200 075 067 1101 091 0056 10150 10150 1200 10137 1102 0083 0093 1103 0083 1200 0090 0098 1101 0090 1155 0107 0111 0110 0107 0103 0099 0101 0131 //// 10215 ///// ///// ////
000000000000000000000000000000000000000000000000000000000000000000000000000000000000000000000000000000000000000000000000=
58006 342300 1155300 00463 00506 4
20100323120000 092 009 091 010 086 013 1146 097 009 046 022 1122 0000 0085 0092 1107 0085 1200 062 057 1105 069 0016 10158 10158 1159 10152 1117 0045 0076 1126 0045 1200 0070 0085 1101 0070 1200 0095 0106 0107 0105 0094 0092 0096 0127 //// 10220 ///// ///// ////
000000000000000000000000000000000000000000000000000000000000000000000000000000000000000000000000000000000000000000000000
120 008 000 008 3600 /////////////////////ACR 030 0000 6///1 0//// 7//// 1//// 2//// 3//// /// /// /// // 911// 915// 919// 934// 939//=
58111 335800 1162700 00325 00325 4
20100323120000 084 020 082 025 085 028 1155 066 019 074 053 1136 0000 0088 0093 1101 0088 1200 060 059 1144 068 0015 10176 10176 1200 10167 1101 0064 0074 1102 0064 1200 0071 0081 1111 0071 1200 0089 0096 0098 0098 0097 0097 0103 0138 //// 10216 ///// ///// ////
000000000000000000000000000000000000000000000000000000000000000000000000000000000000000000000000000000000000000000000000
100 010 000 010 3000 /////////////////////ASP 02/ 0000 6///1 0//// 7//// 1//// 2//// 3//// /// /// /// // 911// 915// 919// 934// 939//=
58017 341500 1160800 00410 00420 4
20100323120000 095 017 093 013 082 015 1134 116 017 085 029 1133 0000 0092 0096 1104 0092 1200 062 061 1102 072 0023 10163 10163 1200 10157 1102 0072 0083 1103 0070 1150 0072 0080 1101 0072 1200 0092 0101 0103 0103 0098 0096 0101 0128 //// 10215 ///// ///// ////
000000000000000000000000000000000000000000000000000000000000000000000000000000000000000000000000000000000000000000000000
100 10- 000 10- 3000 /////////////////////ACR 03/ 0000 6///1 0//// 7//// 1//// 2//// 3//// /// /// /// // 911// 915// 919// 934// 939//=
58001 342600 1150600 00563 00569 4
20100323120000 109 017 104 018 099 031 1107 119 014 097 048 1102 0000 0096 0100 1111 0096 1200 059 057 1143 070 0020 10149 10149 1200 10133 1101 0087 0094 1106 0087 1159 0082 0088 1104 0082 1200 0094 0100 0101 0098 0090 0086 0093 0126 //// 10219 ///// ///// ////
000000000000000000000000000000000000000000000000000000000000000000000000000000000000000000000000000000000000000000000000
120 10- 000 10- 2800 /////////////////////ACR 03/ 0000 6///1 0//// 7//// 1//// 2//// 3//// /// /// /// // 911// 915// 919// 934// 939//=
58005 342700 1154000 00501 00511 4
20100323120000 093 019 095 018 099 024 1112 105 018 119 033 1111 0000 0090 0099 1101 0090 1200 059 054 1101 068 0014 10151 10151 1200 10144 1113 0061 0083 1101 0051 1150 0069 0082 1101 0068 1151 0097 0107 0106 0104 0098 0095 0101 0132 0001 10214 ///// ///// ////
000000000000000000000000000000000000000000000000000000000000000000000000000000000000000000000000000000000000000000000000
140 010 000 000 //// /////////////////////CSI 007 0000 6///1 0//// 7//// 1//// 2//// 3//// /// /// /// // 911// 915// 919// 934// 939//=
58008 342800 1152000 00544 00592 4
20100323120000 077 012 081 011 097 024 1102 080 012 091 032 1128 0000 0091 0097 1101 0091 1200 059 055 1101 068 0015 10146 10146 1200 10131 1105 0071 0078 1101 0070 1126 0079 0084 1102 0079 1157 0090 0098 0101 0099 0094 0092 0097 0129 //// 10219 ///// ///// ////
000000000000000000000000000000000000000000000000000000000000000000000000000000000000000000000000000000000000000000000000
150 10- 000 10- 3000 /////////////////////ACR 03/ 0000 6///1 0//// 7//// 1//// 2//// 3//// /// /// /// // 911// 915// 919// 934// 939//=
58004 343900 1150900 00606 00616 4
20100323120000 113 017 115 015 116 021 1143 102 018 111 037 1124 0000 0101 0108 1101 0101 1200 053 049 1108 065 0010 10141 10141 1200 10127 1103 0076 0094 1130 0076 1200 0081 0095 1102 0081 1200 0103 0116 0112 0109 0100 0097 0100 0127 //// 10217 ///// ///// ////
000000000000000000000000000000000000000000000000000000000000000000000000000000000000000000000000000000000000000000000000
120 010 000 000 6000 /////////////////////CSI 007 0000 6///1 0//// 7//// 1//// 2//// 3//// /// /// /// // 911// 915// 919// 934// 939//=
54817 355900 1155200 00421 00434 4
20100323120000 058 003 056 005 052 014 1103 PPC 001 007 018 1112 0000 0092 0101 1118 0092 1200 048 041 1112 056 -012 10165 10165 1200 10154 1101 0061 0080 1106 0060 1147 0069 0076 1101 0069 1200 0095 0105 0104 0094 0079 0075 0087 0116 //// 10219 ///// ///// ////
000000000000000000000000000000000000000000000000000000000000000000000000000000000000000000000000000000000000000000000000
130 010 000 010 3000 /////////////////////ASR 01/ 0000 6///1 0//// 7//// 1//// 2//// 3//// /// /// /// // 911// 915// 919// 934// 939//=
54900 354200 1150100 00537 00541 4
20100323120000 PPC 000 072 004 090 010 1109 PPC 000 057 015 1109 0000 0107 0111 1101 0103 1129 040 039 1158 051 -023 10154 10154 1200 10139 1108 0057 0057 1200 0045 1132 0084 0090 1101 0082 1143 0113 0120 0115 0105 0087 0079 0082 0110 //// 10221 ///// ///// ////
000000000000000000000000000000000000000000000000000000000000000000000000000000000000000000000000000000000000000000000000
120 10- 000 000 6000 /////////////////////CIE 002 0000 6///1 0//// 7//// 1//// 2//// 3//// /// /// /// // 911// 915// 919// 934// 939//=
54901 360500 1151000 00475 00478 4
20100323120000 072 010 094 012 103 019 1132 077 015 108 029 1125 0000 0110 0114 1101 0110 1200 029 024 1135 038 -063 10158 10158 1200 10149 1109 0090 0098 1123 0090 1146 0078 0086 1101 0078 1200 0103 0111 0108 0100 0084 0077 0075 0105 //// 10217 ///// ///// ////
000000000000000000000000000000000000000000000000000000000000000000000000000000000000000000000000000000000000000000000000
130 010 000 010 3100 /////////////////////ASR 01/ 0000 6///1 0//// 7//// 1//// 2//// 3//// /// /// /// // 911// 915// 919// 934// 939//=
54903 355100 1152900 00457 00506 4
20100323120000 PPC 002 094 004 063 008 1121 PPC 000 085 015 1107 0000 0106 0116 1101 0106 1200 039 031 1115 050 -028 10155 10155 1158 10145 1101 0069 0094 1108 0066 1157 0072 0084 1101 0072 1200 0102 0110 0106 0098 0081 0077 0089 0114 //// 10217 ///// ///// ////
000000000000000000000000000000000000000000000000000000000000000000000000000000000000000000000000000000000000000000000000
120 10- 000 000 5200 //////////////////CIECII 002 0000 6///1 0//// 7//// 1//// 2//// 3//// /// /// /// // 911// 915// 919// 934// 939//=
57184 333800 1132200 00834 00847 4
20100323120000 154 010 155 010 138 018 1107 167 011 133 026 1104 0000 0094 0099 1101 0094 1200 080 078 1112 094 0061 10110 10110 1200 10095 1101 0089 0097 1101 0089 1157 0096 0103 1101 0096 1159 0113 0120 0119 0117 0101 0101 0102 0129 //// 10214 ///// ///// ////
000000000000000000000000000000000000000000000000000000000000000000000000000000000000000000000000000000000000000000000000
120 010 000 /// //// /////////////////////ASR /// //// 6///1 0//// 7//// 1//// 2//// 3//// /// /// /// // 911// 915// 919// 934// 939//=
57177 332000 1133200 00898 00913 4
20100323120000 061 009 075 010 136 019 1101 065 007 166 024 1114 0000 0080 0082 1129 0080 1200 083 079 1128 089 0053 10104 10104 1200 10089 1101 0076 0077 1128 0073 1108 0090 0092 1101 0090 1159 0084 0108 0102 0111 0106 0104 0103 0121 //// 10217 ///// ///// ////
000000000000000000000000000000000000000000000000000000000000000000000000000000000000000000000000000000000000000000000000=
57075 341000 1125200 02031 02043 4
20100323120000 203 011 208 009 218 021 1101 200 012 231 022 1101 0000 0091 0091 1200 0087 1106 057 057 1200 066 0010 09970 09970 1200 09961 1104 0080 0084 1148 0079 1103 0086 0090 1101 0086 1200 0104 0113 0114 0109 0105 0102 0094 0117 //// 10220 ///// ///// ////
000000000000000000000000000000000000000000000000000000000000000000000000000000000000000000000000000000000000000000000000=
57173 334500 1125300 01457 01468 4
20100323120000 039 011 042 013 029 020 1122 037 011 031 028 1119 0000 0090 0092 1150 0088 1134 061 057 1147 070 0019 10036 10036 1200 10024 1101 0081 0084 1101 0080 1136 0084 0084 1146 0083 1101 0105 0114 0116 0112 0105 0102 0103 0134 //// 10217 ///// ///// ////
000000000000000000000000000000000000000000000000000000000000000000000000000000000000000000000000000000000000000000000000=
57180 335900 1131200 01175 01186 4
20100323120000 185 000 111 001 028 013 1101 220 000 341 017 1120 0000 0095 0100 1101 0095 1200 062 052 1109 074 0026 10072 10072 1200 10057 1101 0076 0078 1126 0074 1109 0083 0084 1118 0082 1140 0100 0111 0112 0110 0100 0098 0100 0131 //// 10218 ///// ///// ////
000000000000000000000000000000000000000000000000000000000000000000000000000000000000000000000000000000000000000000000000=
57181 335300 1130300 01364 01380 4
20100323120000 310 004 292 004 001 010 1119 353 004 015 014 1113 0000 0087 0099 1105 0087 1200 074 057 1102 083 0043 10052 10054 1157 10039 1101 0073 0078 1132 0073 1159 0086 0089 1101 0086 1200 0103 0118 0117 0114 0103 0100 0101 0129 //// 10222 ///// ///// ////
000000000000000000000000000000000000000000000000000000000000000000000000000000000000000000000000000000000000000000000000
080 10- 000 10- 3600 /////////////////////ACR 03/ 1000 6///1 0//// 7//// 1//// 2//// 3//// /// /// /// // 911// 915// 919// 934// 939//=
57171 334600 1130700 01420 01430 4
20100323120000 329 023 316 020 017 021 1101 335 026 310 032 1158 0000 0096 0100 1101 0096 1200 065 059 1125 078 0034 10041 10041 1200 10026 1101 0091 0094 1131 0091 1158 0088 0090 1123 0088 1200 0104 0113 0116 0115 0112 0114 0112 0124 //// 10217 ///// ///// ////
000000000000000000000000000000000000000000000000000000000000000000000000000000000000000000000000000000000000000000000000=
57175 330300 1121400 01914 01922 4
20100323120000 248 015 245 013 261 021 1143 268 018 268 033 1142 0000 0085 0086 1141 0084 1120 082 081 1138 091 0056 09983 09983 1153 09970 1102 0071 0075 1101 0071 1157 0085 0093 1101 0085 1200 0108 0118 0120 0120 0111 0108 0109 0138 //// 10219 ///// ///// ////
000000000000000000000000000000000000000000000000000000000000000000000000000000000000000000000000000000000000000000000000
130 010 000 010 3000 /////////////////////ACP 07/ 0000 6///1 0//// 7//// 1//// 2//// 3//// /// /// /// // 911// 915// 919// 934// 939//=
57156 331800 1113000 02503 02523 4
20100323120000 296 009 289 012 273 018 1114 282 011 268 030 1143 0000 0086 0088 1102 0086 1145 070 066 1101 078 0034 09906 09907 1136 09897 1101 0072 0075 1107 0072 1146 0078 0082 1101 0078 1200 0098 0104 0108 0109 0106 0112 0115 0142 //// 10216 ///// ///// ////
000000000000000000000000000000000000000000000000000000000000000000000000000000000000000000000000000000000000000000000000
100 10- 000 10- 3800 /////////////////////ACR 04/ 0000 6///1 0//// 7//// 1//// 2//// 3//// /// /// /// // 911// 915// 919// 934// 939//=
57271 323300 1122300 00879 00897 4
20100323120000 326 017 345 016 305 024 1137 333 019 310 035 1130 0000 0086 0086 1156 0084 1111 079 078 1154 088 0052 10102 10105 1137 10095 1101 0075 0076 1146 0074 1101 0081 0085 1101 0081 1158 0097 0108 0113 0117 0107 0107 0112 0139 //// 10213 ///// ///// ////
000000000000000000000000000000000000000000000000000000000000000000000000000000000000000000000000000000000000000000000000
140 010 000 010 3000 /////////////////////ACP 07/ 0000 6///1 0//// 7//// 1//// 2//// 3//// /// /// /// // 911// 915// 919// 934// 939//=
57285 322300 1132500 01530 01492 4
20100323120000 126 010 106 011 096 031 1109 125 011 091 048 1106 0000 0071 0076 1101 0071 1157 080 078 1101 081 0039 10034 10034 1200 10013 1102 0064 0067 1101 0063 1150 0073 0076 1101 0072 1143 0089 0098 0104 0108 0109 0109 0108 0135 //// 10218 ///// ///// ////
000000000000000000000000000000000000000000000000000000000000000000000000000000000000000000000000000000000000000000000000
100 010 000 010 3300 /////////////////////ACP 07/ 0060 69921 0//// 7//// 1//// 2//// 3//// /// /// /// // 911// 915// 919// 934// 939//=
57273 324100 1125100 01095 01105 4
20100323120000 314 007 314 010 068 015 1101 327 003 088 017 1101 0000 0080 0080 1200 0077 1129 078 077 1143 084 0044 10083 10083 1159 10063 1101 0071 0074 1101 0068 1127 0084 0086 1101 0083 1124 0099 0109 0113 0116 0115 0112 0110 0136 //// 10220 ///// ///// ////
000000000000000000000000000000000000000000000000000000000000000000000000000000000000000000000000000000000000000000000000
150 010 000 010 3100 /////////////////////ACP 07/ 0000 6///1 0//// 7//// 1//// 2//// 3//// /// /// /// // 911// 915// 919// 934// 939//=
57187 330400 1125600 01180 01193 4
20100323120000 PPC 000 PPC 002 141 016 1101 327 005 139 018 1101 0000 0085 0086 1101 0085 1200 081 078 1101 090 0054 10062 10062 1200 10047 1101 0078 0083 1103 0078 1138 0091 0093 1101 0091 1122 0104 0107 0114 0115 0117 0112 0108 0132 //// 10209 ///// ///// ////
000000000000000000000000000000000000000000000000000000000000000000000000000000000000000000000000000000000000000000000000
120 010 000 010 3100 /////////////////////ACP 07/ 0000 6///1 0//// 7//// 1//// 2//// 3//// /// /// /// // 911// 915// 919// 934// 939//=
57178 330200 1123500 01292 01305 4
20100323120000 154 007 174 009 111 012 1101 141 007 104 016 1107 0000 0087 0087 1200 0085 1101 079 078 1124 089 0053 10057 10059 1150 10043 1105 0079 0079 1158 0073 1148 0090 0094 1101 0090 1159 0104 0111 0112 0110 0113 0109 0108 0132 0000 10218 ///// ///// ////
000000000000000000000000000000000000000000000000000000000000000000000000000000000000000000000000000000000000000000000000
080 010 000 010 3000 /////////////////////ACP 07/ 1000 6///1 0//// 7//// 1//// 2//// 3//// /// /// /// // 911// 915// 919// 934// 939//=
57169 330300 1115200 01591 01600 4
20100323120000 073 005 119 012 150 019 1128 018 003 156 022 1122 0000 0083 0088 1101 0083 1200 092 086 1103 101 0071 10018 10018 1149 10009 1102 0089 0091 1135 0088 1149 0091 0097 1101 0091 1157 0109 0115 0117 0116 0108 0106 0107 0133 //// 10215 ///// ///// ////
000000000000000000000000000000000000000000000000000000000000000000000000000000000000000000000000000000000000000000000000
100 010 000 010 3200 /////////////////////ACP 07/ 0000 6///1 0//// 7//// 1//// 2//// 3//// /// /// /// // 911// 915// 919// 934// 939//=
57176 332900 1122500 02311 02304 4
20100323120000 159 014 158 012 170 015 1151 156 015 133 020 1102 0000 0092 0098 1101 0092 1200 076 070 1104 088 0052 09936 09937 1158 09925 1102 0087 0092 1101 0087 1144 0093 0099 1101 0093 1200 0111 0119 0121 0120 0113 0114 0111 0130 //// 10218 ///// ///// ////
000000000000000000000000000000000000000000000000000000000000000000000000000000000000000000000000000000000000000000000000=
57179 331700 1130000 01604 01616 4
20100323120000 042 013 039 015 050 020 1131 046 015 063 028 1103 0000 0083 0089 1101 0083 1200 085 080 1101 093 0059 10018 10018 1200 10006 1101 0069 0076 1101 0067 1145 0084 0088 1101 0084 1141 0100 0107 0109 0108 0105 0103 0104 0132 //// 10217 ///// ///// ////
000000000000000000000000000000000000000000000000000000000000000000000000000000000000000000000000000000000000000000000000
150 10- 000 10- 3300 /////////////////////ACR 03/ 0000 6///1 0//// 7//// 1//// 2//// 3//// /// /// /// // 911// 915// 919// 934// 939//=
57274 324200 1120700 01076 01088 4
20100323120000 027 007 353 005 223 014 1131 038 007 223 020 1130 0000 0086 0087 1140 0086 1110 072 069 1129 080 0038 10075 10080 1131 10072 1102 0079 0081 1101 0079 1200 0091 0095 1101 0091 1142 0107 0114 0120 0122 0122 0118 0114 0141 //// 10209 ///// ///// ////
000000000000000000000000000000000000000000000000000000000000000000000000000000000000000000000000000000000000000000000000
140 010 000 010 2800 /////////////////////ASP 02/ 0000 6///1 0//// 7//// 1//// 2//// 3//// /// /// /// // 911// 915// 919// 934// 939//=
57065 343000 1121100 01949 01964 4
20100323120000 000 000 299 002 031 006 1102 130 000 012 009 1125 0000 0096 0104 1101 0096 1156 046 041 1117 055 -014 09977 09977 1200 09968 1101 0076 0082 1101 0075 1132 0083 0091 1101 0083 1200 0111 0120 0119 0114 0101 0103 0109 0138 //// 10217 ///// ///// ////
000000000000000000000000000000000000000000000000000000000000000000000000000000000000000000000000000000000000000000000000=
57074 342500 1122500 01973 01989 4
20100323120000 332 007 307 010 302 011 1157 322 003 277 021 1120 0000 0108 0112 1126 0108 1200 054 049 1115 070 0019 09974 09974 1158 09964 1101 0091 0098 1123 0089 1144 0086 0098 1101 0086 1157 0111 0119 0117 0113 0105 0103 0101 0125 //// 10217 ///// ///// ////
000000000000000000000000000000000000000000000000000000000000000000000000000000000000000000000000000000000000000000000000
110 010 000 010 3500 /////////////////////ASR 01/ 0000 6///1 0//// 7//// 1//// 2//// 3//// /// /// /// // 911// 915// 919// 934// 939//=
57070 344400 1120700 03640 03595 4
20100323120000 038 021 036 022 035 022 1155 032 019 032 029 1141 0000 0090 0092 1101 0090 1154 037 036 1157 042 -049 09779 09780 1130 09775 1101 0079 0080 1101 0078 1151 0073 0081 1101 0073 1151 0099 0107 0105 0099 0092 0091 0094 0122 //// 10215 ///// ///// ////
000000000000000000000000000000000000000000000000000000000000000000000000000000000000000000000000000000000000000000000000
130 010 000 000 5500 /////////////////////CSI 007 0000 6///1 0//// 7//// 1//// 2//// 3//// /// /// /// // 911// 915// 919// 934// 939//=
57162 340900 1120500 03258 03275 4
20100323120000 198 007 308 008 138 011 1101 173 006 116 019 1111 0000 0091 0091 1200 0089 1132 048 047 1157 055 -013 09820 09820 1200 09809 1101 0079 0082 1101 0071 1140 0071 0077 1103 0071 1200 0093 0101 0104 0103 0097 0097 0100 0132 //// 10219 ///// ///// ////
00000000000000000000000000000000000000//00000000000000000000000000000000000000000000000000000000000000000000000000000000=
57078 340900 1122800 03365 03340 4
20100323120000 352 011 353 011 348 014 1126 358 010 338 021 1118 0000 0088 0092 1102 0088 1200 053 045 1139 060 -002 09811 09811 1200 09803 1112 0069 0071 1128 0066 1111 0070 0077 1101 0070 1200 0091 0100 0102 0100 0098 0098 0096 0118 //// 10217 ///// ///// ////
000000000000000000000000000000000000000000000000000000000000000000000000000000000000000000000000000000000000000000000000
120 010 000 010 3000 /////////////////////ASR 01/ 0000 6///1 0//// 7//// 1//// 2//// 3//// /// /// /// // 911// 915// 919// 934// 939//=
57071 344900 1122600 03333 03332 4
20100323120000 347 033 350 030 350 030 1200 001 027 336 046 1152 0000 0093 0096 1101 0093 1153 033 031 1157 039 -061 09814 09814 1159 09808 1108 0079 0081 1155 0074 1122 0071 0079 1101 0071 1200 0100 0108 0107 0102 0092 0088 0090 0119 //// 10218 ///// ///// ////
000000000000000000000000000000000000000000000000000000000000000000000000000000000000000000000000000000000000000000000000
130 10- 000 000 5100 /////////////////////CIE 002 0000 6///1 0//// 7//// 1//// 2//// 3//// /// /// /// // 911// 915// 919// 934// 939//=
57066 342300 1114000 03283 03298 4
20100323120000 088 011 103 011 076 014 1103 113 009 105 032 1141 0000 0098 0102 1101 0098 1200 042 037 1102 051 -025 09814 09814 1200 09808 1117 0081 0084 1103 0079 1139 0079 0084 1101 0079 1200 0100 0107 0106 0100 0094 0092 0089 0116 //// 10215 ///// ///// ////
000000000000000000000000000000000000000000000000000000000000000000000000000000000000000000000000000000000000000000000000
110 010 000 010 3400 /////////////////////ASR 01/ 0000 6///1 0//// 7//// 1//// 2//// 3//// /// /// /// // 911// 915// 919// 934// 939//=
57077 334700 1113900 07424 07388 4
20100323120000 PPC 000 PPC 000 135 014 1138 PPC 001 150 018 1140 0000 0055 0056 1104 0054 1137 073 070 1102 066 0011 09344 09344 1200 09332 1105 0042 0044 1109 0042 1200 0050 0054 1101 0050 1200 0061 0067 0068 0070 0086 0088 0090 0116 //// 10232 ///// ///// ////
000000000000000000000000000000000000000000000000000000000000000000000000000000000000000000000000000000000000000000000000
100 010 000 010 3000 /////////////////////ASP 02/ 0000 6///1 0//// 7//// 1//// 2//// 3//// /// /// /// // 911// 915// 919// 934// 939//=
57185 332700 1133500 00911 00921 4
20100323120000 201 010 206 012 194 018 1117 226 008 192 024 1113 0000 0082 0087 1101 0082 1200 082 079 1101 089 0053 10101 10102 1155 10086 1101 0069 0074 1101 0063 1139 0086 0093 1101 0085 1153 0103 0107 0108 0100 0108 0104 0099 0123 //// 10215 ///// ///// ////
000000000000000000000000000000000000000000000000000000000000000000000000000000000000000000000000000000000000000000000000
080 10- 000 10- 2900 /////////////////////ACR 03/ 1000 6///1 0//// 7//// 1//// 2//// 3//// /// /// /// // 911// 915// 919// 934// 939//=
57183 334800 1135500 00600 00615 4
20100323120000 262 006 255 008 211 014 1105 263 005 265 016 1143 0000 0092 0095 1101 0092 1200 085 082 1101 099 0068 10137 10137 1200 10121 1108 0081 0084 1103 0081 1200 0098 0103 1101 0098 1200 0110 0114 0114 0112 0104 0099 0096 0123 //// 10213 ///// ///// ////
000000000000000000000000000000000000000000000000000000000000000000000000000000000000000000000000000000000000000000000000
120 010 000 010 3600 /////////////////////ACP 07/ 0000 6///1 0//// 7//// 1//// 2//// 3//// /// /// /// // 911// 915// 919// 934// 939//=
57186 333600 1140300 00587 00598 4
20100323120000 202 013 201 015 199 025 1147 204 013 204 029 1146 0000 0084 0096 1101 0084 1200 085 074 1101 094 0060 10139 10140 1150 10125 1102 0073 0082 1101 0072 1153 0093 0103 1101 0093 1159 0110 0116 0114 0113 0106 0102 0101 0133 //// 10213 ///// ///// ////
000000000000000000000000000000000000000000000000000000000000000000000000000000000000000000000000000000000000000000000000=
57191 342900 1142900 00634 00642 4
20100323120000 006 007 015 007 053 012 1120 023 010 097 027 1116 0000 0105 0112 1101 0105 1200 055 051 1101 070 0018 10141 10141 1200 10119 1106 0091 0100 1106 0090 1149 0081 0088 1101 0079 1142 0096 0101 0102 0099 0096 0092 0093 0124 //// 10220 ///// ///// ////
000000000000000000000000000000000000000000000000000000000000000000000000000000000000000000000000000000000000000000000000
120 010 000 010 3000 /////////////////////ASR 01/ 0000 6///1 0//// 7//// 1//// 2//// 3//// /// /// /// // 911// 915// 919// 934// 939//=
57096 343200 1144700 00597 00607 4
20100323120000 051 011 057 012 080 021 1124 046 013 074 030 1124 0000 0100 0108 1101 0100 1200 056 053 1131 069 0016 10140 10140 1200 10121 1104 0076 0094 1109 0075 1148 0080 0096 1101 0079 1156 0105 0114 0111 0107 0102 0098 0100 0128 //// 10215 ///// ///// ////
000000000000000000000000000000000000000000000000000000000000000000000000000000000000000000000000000000000000000000000000
150 10- 000 000 //// //////////////////CIECII 002 0000 6///1 0//// 7//// 1//// 2//// 3//// /// /// /// // 911// 915// 919// 934// 939//=
57091 344700 1141800 00737 00748 4
20100323120000 087 018 079 020 084 027 1110 057 026 068 038 1103 0000 0113 0117 1107 0113 1200 046 033 1101 062 0001 10123 10127 1144 10110 1101 0091 0096 1137 0084 1101 0094 0097 1136 0094 1200 0113 0118 0114 0103 0102 0100 0100 0123 //// 10215 ///// ///// ////
000000000000000000000000000000000000000000000000000000000000000000000000000000000000000000000000000000000000000000000000
150 008 000 000 //// //////////////////CIECII 002 0000 6///1 0//// 7//// 1//// 2//// 3//// /// /// /// // 911// 915// 919// 934// 939//=
53978 350500 1123800 01401 01409 4
20100323120000 081 014 087 014 096 015 1156 077 013 097 021 1152 0000 0102 0108 1140 0102 1200 039 034 1139 049 -031 10043 10043 1141 10035 1101 0066 0075 1149 0066 1120 0090 0100 1101 0090 1200 0116 0124 0121 0116 0093 0091 0095 0125 //// 10215 ///// ///// ////
000000000000000000000000000000000000000000000000000000000000000000000000000000000000000000000000000000000000000000000000
150 010 003 003 1200 //////////////////ASPSCR 52/ 0000 6///1 0//// 7//// 1//// 2//// 3//// /// /// /// // 911// 915// 919// 934// 939//=
53984 351400 1132800 00827 00837 4
20100323120000 297 009 306 009 354 014 1146 294 009 102 017 1103 0000 0092 0105 1101 0084 1148 044 037 1101 051 -024 10116 10116 1200 10101 1101 0073 0073 1200 0058 1150 0085 0092 1101 0084 1153 0113 0119 0113 0110 0096 0094 0094 0121 //// 10219 ///// ///// ////
000000000000000000000000000000000000000000000000000000000000000000000000000000000000000000000000000000000000000000000000
200 10- 000 10- 3200 /////////////////////ACR 03/ 0000 6///1 0//// 7//// 1//// 2//// 3//// /// /// /// // 911// 915// 919// 934// 939//=
53987 350600 1132500 00910 00918 4
20100323120000 149 008 151 011 119 013 1127 144 005 122 019 1119 0000 0102 0105 1101 0101 1148 043 043 1116 053 -018 10107 10107 1200 10093 1101 0078 0085 1101 0071 1145 0093 0103 1101 0093 1157 0115 0122 0122 0117 0100 0097 0099 0127 //// 10220 ///// ///// ////
000000000000000000000000000000000000000000000000000000000000000000000000000000000000000000000000000000000000000000000000
120 10- 000 10- 3500 /////////////////////ACR 03/ 0000 6///1 0//// 7//// 1//// 2//// 3//// /// /// /// // 911// 915// 919// 934// 939//=
57079 345700 1130200 01064 01069 4
20100323120000 011 016 025 016 092 030 1108 359 013 091 039 1107 0000 0100 0107 1101 0098 1152 043 037 1106 053 -020 10085 10085 1200 10071 1101 0082 0099 1109 0078 1148 0081 0087 1101 0081 1200 0107 0113 0112 0107 0098 0095 0093 0120 //// 10216 ///// ///// ////
000000000000000000000000000000000000000000000000000000000000000000000000000000000000000000000000000000000000000000000000=
57072 345500 1124500 01275 01285 4
20100323120000 064 011 057 013 069 018 1101 062 015 094 026 1114 0000 0097 0105 1101 0097 1200 042 034 1101 051 -026 10058 10059 1144 10049 1101 0077 0095 1101 0076 1159 0072 0081 1101 0072 1200 0100 0111 0110 0104 0089 0086 0085 0113 //// 10216 ///// ///// ////
000000000000000000000000000000000000000000000000000000000000000000000000000000000000000000000000000000000000000000000000=
53982 351400 1131600 01120 01135 4
20100323120000 080 004 043 004 065 013 1102 043 005 062 018 1101 0000 0113 0115 1101 0113 1200 031 029 1101 041 -052 10078 10079 1154 10066 1101 0087 0090 1108 0086 1127 0098 0101 1107 0098 1200 0121 0128 0125 0118 0099 0096 0099 0131 //// 10217 ///// ///// ////
000000000000000000000000000000000000000000000000000000000000000000000000000000000000000000000000000000000000000000000000
200 10- 000 000 7000 //////////////////CIECII 002 0000 6///1 0//// 7//// 1//// 2//// 3//// /// /// /// // 911// 915// 919// 934// 939//=
53979 350900 1130500 01200 01211 4
20100323120000 106 007 078 008 071 014 1108 121 007 076 021 1107 0000 0106 0110 1101 0106 1200 043 032 1141 055 -015 10072 10072 1200 10061 1103 0082 0096 1141 0082 1159 0080 0086 1101 0079 1134 0114 0122 0121 0114 0098 0098 0103 0132 //// 10220 ///// ///// ////
000000000000000000000000000000000000000000000000000000000000000000000000000000000000000000000000000000000000000000000000=
53974 353700 1141100 00723 00739 4
20100323120000 092 015 087 012 067 016 1126 088 011 074 024 1137 0000 0115 0121 1101 0115 1200 030 026 1104 041 -055 10129 10129 1200 10118 1107 0079 0088 1127 0072 1154 0095 0103 1103 0095 1200 0122 0130 0126 0117 0090 0089 0096 0124 //// 10220 ///// ///// ////
000000000000000000000000000000000000000000000000000000000000000000000000000000000000000000000000000000000000000000000000=
53990 354300 1141900 00795 00805 4
20100323120000 087 017 086 016 074 020 1101 091 016 094 023 1132 0000 0090 0094 1101 0089 1127 055 045 1101 063 0005 10120 10120 1200 10109 1106 0082 0087 1101 0082 1200 0086 0093 1104 0086 1200 0117 0122 0114 0107 0089 0082 0081 0110 //// 10219 ///// ///// ////
000000000000000000000000000000000000000000000000000000000000000000000000000000000000000000000000000000000000000000000000=
53991 355600 1142100 00743 00753 4
20100323120000 098 008 098 009 098 012 1143 069 005 094 016 1136 0000 0112 0118 1101 0112 1200 029 027 1104 039 -062 10126 10128 1149 10115 1101 0091 0099 1111 0077 1136 0093 0099 1101 0093 1200 0117 0124 0114 0109 0086 0081 0086 0118 //// 10218 ///// ///// ////
000000000000000000000000000000000000000000000000000000000000000000000000000000000000000000000000000000000000000000000000
180 010 000 010 3000 /////////////////////ACP 07/ 0000 6///1 0//// 7//// 1//// 2//// 3//// /// /// /// // 911// 915// 919// 934// 939//=
53993 355600 1145500 00516 00524 4
20100323120000 139 009 134 009 109 011 1101 141 008 113 014 1113 0000 0098 0110 1101 0098 1200 039 036 1110 047 -035 10155 10155 1200 10140 1101 0082 0084 1112 0077 1131 0081 0083 1102 0080 1129 0103 0112 0106 0097 0082 0073 0073 0108 //// 10220 ///// ///// ////
000000000000000000000000000000000000000000000000000000000000000000000000000000000000000000000000000000000000000000000000=
53889 360400 1134900 03068 03086 4
20100323120000 106 014 109 015 105 018 1101 105 013 108 024 1146 0000 0104 0107 1101 0104 1200 026 026 1200 033 -083 09846 09846 1200 09837 1101 0098 0101 1102 0095 1137 0098 0108 1101 0098 1200 0115 0123 0125 0124 0081 0072 0086 0098 //// 10220 ///// ///// ////
000000000000000000000000000000000000000000000000000000000000000000000000000000000000000000000000000000000000000000000000=
53995 353300 1143000 00625 00645 4
20100323120000 089 004 087 004 096 012 1103 068 003 099 019 1101 0000 0107 0112 1106 0107 1200 039 035 1104 050 -027 10138 10138 1200 10126 1101 0082 0100 1101 0077 1147 0098 0104 1101 0098 1157 0125 0133 0127 0117 0090 0085 0085 0116 //// 10217 ///// ///// ////
000000000000000000000000000000000000000000000000000000000000000000000000000000000000000000000000000000000000000000000000
150 10- 000 10- 3500 /////////////////////ACR 03/ 0000 6///1 0//// 7//// 1//// 2//// 3//// /// /// /// // 911// 915// 919// 934// 939//=
53898 360300 1142400 00629 00638 4
20100323120000 108 012 107 012 074 014 1136 108 011 074 021 1129 0000 0109 0111 1101 0109 1151 027 025 1106 035 -074 10139 10140 1153 10128 1101 0063 0072 1136 0047 1116 0101 0108 1101 0101 1200 0128 0132 0125 0111 0074 0073 0084 0117 //// 10217 ///// ///// ////
000000000000000000000000000000000000000000000000000000000000000000000000000000000000000000000000000000000000000000000000
180 010 000 010 3600 /////////////////////ACP 07/ 0000 6///1 0//// 7//// 1//// 2//// 3//// /// /// /// // 911// 915// 919// 934// 939//=
NNNN
