57090 344300 1135800 00781 00802 4
20100326090000 183 028 169 029 184 036 0826 195 059 164 071 0817 0000 0157 0163 0801 0157 0859 041 034 0801 073 0025 10090 10093 0802 10090 0856 0165 0188 0801 0165 0900 0196 0233 0801 0196 0900 0181 0159 0137 0121 0099 0094 0088 0119 //// 10189 ///// ///// ////
000000000000000000000000000000000000000000000000000000000000000000000000000000000000000000000000000000000000000000000000=
57083 344300 1133900 01104 01116 4
20100326090000 176 034 174 034 172 039 0849 181 049 172 057 0849 0000 0161 0167 0801 0161 0900 034 031 0803 062 0002 10048 10053 0801 10048 0900 0192 0263 0801 0192 0900 0194 0243 0801 0194 0900 0179 0161 0140 0123 0095 0099 0104 0126 0000 10184 ///// ///// ////
000000000000000000000000000000000000000000000000000000000000000000000000000000000000000000000000000000000000000000000000
150 010 000 000 //// /////////////////////CSI 007 0000 6///1 0//// 7//// 1//// 2//// 3//// /// /// /// // 911// 915// 919// 934// 939//=
57086 342300 1134300 01166 01168 4
20100326090000 183 030 179 032 179 044 0811 167 026 187 071 0810 0000 0141 0149 0802 0141 0900 049 046 0802 079 0036 10050 10053 0803 10049 0856 0155 0181 0801 0155 0900 0186 0230 0801 0186 0900 0183 0161 0136 0115 0096 0095 0095 0116 //// 10194 ///// ///// ////
000000000000000000000000000000000000000000000000000000000000000000000000000000000000000000000000000000000000000000000000=
57085 343200 1132000 02599 02648 4
20100326090000 242 018 243 017 224 024 0804 240 017 212 036 0803 0000 0158 0162 0801 0158 0900 033 028 0802 059 -004 09868 09872 0802 09867 0849 0170 0188 0810 0170 0900 0207 0246 0801 0207 0900 0192 0163 0139 0118 0100 0098 0095 0121 //// 10189 ///// ///// ////
000000000000000000000000000000000000000000000000000000000000000000000000000000000000000000000000000000000000000000000000=
57081 344800 1132600 01409 01419 4
20100326090000 125 019 136 017 136 017 0900 133 008 167 029 0832 0000 0162 0165 0818 0162 0900 022 018 0803 040 -055 10010 10018 0802 10010 0859 0165 0201 0801 0165 0900 0192 0236 0801 0192 0900 0177 0158 0139 0114 0086 0094 0097 0117 //// 10183 ///// ///// ////
000000000000000000000000000000000000000000000000000000000000000000000000000000000000000000000000000000000000000000000000=
57084 343000 1130300 11784 11790 4
20100326090000 247 031 241 025 241 025 0900 245 030 245 047 0859 0000 0086 0094 0801 0086 0900 029 027 0813 032 -084 08841 08844 0801 08840 0828 0107 0143 0806 0107 0900 0148 0187 0801 0148 0900 0151 0133 0106 0082 0054 //// //// //// //// 10204 ///// ///// ////
000000000000000000000000000000000000000000000000000000000000000000000000000000000000000000000000000000000000000000000000=
57080 344400 1125800 01652 01661 4
20100326090000 196 030 202 035 202 036 0858 178 039 203 053 0854 0000 0155 0157 0842 0155 0858 021 021 0850 037 -067 09985 09991 0808 09983 0850 0166 0194 0804 0166 0858 0186 0227 0802 0186 0900 0166 0145 0122 0107 0087 0089 0090 0119 //// 10188 ///// ///// ////
000000000000000000000000000000000000000000000000000000000000000000000000000000000000000000000000000000000000000000000000=
57082 342800 1130100 04271 04284 4
20100326090000 002 019 002 017 338 028 0808 338 016 322 058 0807 0000 0150 0156 0801 0150 0900 019 018 0846 032 -084 09680 09683 0808 09678 0847 0170 0195 0801 0170 0900 0197 0238 0801 0197 0900 0180 0163 0140 0120 0091 0096 0102 //// //// 10196 ///// ///// ////
000000000000000000000000000000000000000000000000000000000000000000000000000000000000000000000000000000000000000000000000=
57290 330000 1140100 00827 00838 4
20100326090000 308 017 317 016 314 018 0815 319 021 305 031 0850 0000 0168 0182 0806 0168 0900 039 035 0803 075 0028 10099 10100 0859 10096 0826 0153 0243 0801 0153 0900 0180 0247 0801 0180 0900 0183 0164 0137 0119 0101 0101 0104 0132 //// 10201 ///// ///// ////
000000000000000000000000000000000000000000000000000000000000000000000000000000000000000000000000000000000000000000000000
130 10- 000 000 6000 /////////////////////CIE 002 0000 6///1 0//// 7//// 1//// 2//// 3//// /// /// /// // 911// 915// 919// 934// 939//=
57295 323700 1142100 00785 00802 4
20100326090000 171 021 175 019 214 027 0812 246 022 212 054 0804 0000 0169 0182 0801 0169 0900 032 026 0805 062 0001 10103 10103 0859 10099 0838 0154 0239 0801 0154 0900 0167 0221 0801 0167 0900 0179 0153 0132 0114 0096 0099 0104 0127 //// 10201 ///// ///// ////
000000000000000000000000000000000000000000000000000000000000000000000000000000000000000000000000000000000000000000000000=
57188 332200 1140200 00559 00568 4
20100326090000 116 026 119 021 117 026 0828 113 027 113 041 0816 0000 0155 0164 0815 0155 0900 051 044 0814 090 0054 10129 10130 0859 10127 0813 0173 0222 0801 0173 0900 0195 0245 0801 0195 0900 0184 0154 0126 0106 0093 0096 0103 0132 //// 10199 ///// ///// ////
000000000000000000000000000000000000000000000000000000000000000000000000000000000000000000000000000000000000000000000000=
57293 324400 1145900 00380 00391 4
20100326090000 188 025 189 026 216 036 0803 175 025 229 046 0802 0000 0157 0173 0825 0157 0900 044 033 0802 078 0035 10156 10158 0801 10156 0900 0170 0248 0819 0170 0900 0192 0265 0801 0192 0900 0184 0157 0131 0106 0097 0102 0107 0131 //// 10204 ///// ///// ////
000000000000000000000000000000000000000000000000000000000000000000000000000000000000000000000000000000000000000000000000=
57189 330800 1135700 00646 00655 4
20100326090000 237 019 244 022 265 032 0804 246 021 260 049 0803 0000 0165 0178 0803 0165 0900 048 039 0824 090 0055 10119 10119 0850 10116 0812 0171 0232 0804 0171 0900 0183 0243 0801 0183 0900 0174 0153 0133 0116 0089 0095 0100 0122 //// 10200 ///// ///// ////
000000000000000000000000000000000000000000000000000000000000000000000000000000000000000000000000000000000000000000000000=
57194 331700 1141600 00598 00609 4
20100326090000 143 014 141 019 128 025 0818 119 006 113 049 0811 0000 0161 0168 0801 0161 0858 046 038 0801 084 0045 10124 10124 0900 10122 0826 0173 0224 0802 0170 0857 0185 0245 0802 0184 0859 0159 0142 0121 0106 0092 0095 0099 0126 //// 10199 ///// ///// ////
000000000000000000000000000000000000000000000000000000000000000000000000000000000000000000000000000000000000000000000000=
57197 330000 1142000 00489 00545 4
20100326090000 172 025 178 025 146 035 0816 167 023 156 051 0811 0000 0160 0170 0807 0160 0900 045 043 0834 082 0041 10133 10133 0900 10129 0825 0168 0252 0805 0168 0900 0170 0227 0805 0170 0900 0172 0159 0134 0114 0098 0099 0102 0125 //// 10200 ///// ///// ////
000000000000000000000000000000000000000000000000000000000000000000000000000000000000000000000000000000000000000000000000=
57294 325000 1140100 00836 00846 4
20100326090000 356 021 350 019 031 025 0810 353 018 018 039 0804 0000 0165 0184 0801 0165 0900 050 041 0813 094 0061 10093 10094 0853 10089 0829 0165 0238 0801 0165 0900 0183 0285 0801 0183 0900 0184 0159 0127 0106 0094 0104 0103 0118 //// 10197 ///// ///// ////
000000000000000000000000000000000000000000000000000000000000000000000000000000000000000000000000000000000000000000000000=
57292 325800 1143800 00444 00453 4
20100326090000 188 029 173 028 173 032 0818 195 035 161 058 0811 0000 0163 0171 0805 0163 0900 039 036 0806 072 0023 10148 10148 0900 10145 0834 0172 0255 0804 0172 0900 0170 0233 0804 0170 0900 0166 0142 0119 0106 0096 0102 0106 0133 //// 10204 ///// ///// ////
000000000000000000000000000000000000000000000000000000000000000000000000000000000000000000000000000000000000000000000000=
57281 324200 1131800 01422 01431 4
20100326090000 290 010 291 009 255 023 0810 282 008 257 033 0808 0000 0162 0167 0801 0162 0848 041 036 0801 075 0029 10025 10030 0822 10024 0855 0161 0179 0801 0161 0900 0161 0178 0801 0161 0900 0157 0144 0128 0112 0097 0103 0108 0130 //// 10200 ///// ///// ////
000000000000000000000000000000000000000000000000000000000000000000000000000000000000000000000000000000000000000000000000=
57195 333700 1143700 00466 00476 4
20100326090000 226 016 219 014 239 018 0829 320 011 245 046 0803 0000 0155 0164 0801 0155 0900 041 038 0803 072 0023 10142 10145 0801 10142 0900 0162 0214 0801 0162 0900 0185 0248 0801 0185 0900 0191 0173 0144 0122 0098 0099 0103 0141 //// 10200 ///// ///// ////
000000000000000000000000000000000000000000000000000000000000000000000000000000000000000000000000000000000000000000000000=
57193 334700 1143100 00526 00541 4
20100326090000 169 021 159 018 170 033 0801 189 015 150 060 0808 0000 0151 0154 0804 0151 0840 046 043 0801 079 0036 10135 10139 0805 10135 0855 0163 0210 0805 0163 0900 0182 0230 0801 0182 0900 0176 0159 0140 0121 0099 0102 0106 0130 //// 10202 ///// ///// ////
000000000000000000000000000000000000000000000000000000000000000000000000000000000000000000000000000000000000000000000000
150 10- 000 000 //// /////////////////////CIE 002 0000 6///1 0//// 7//// 1//// 2//// 3//// /// /// /// // 911// 915// 919// 934// 939//=
57196 332800 1145200 00420 00428 4
20100326090000 162 026 170 028 200 039 0806 158 028 209 059 0804 0000 0147 0156 0801 0147 0900 045 042 0801 075 0029 10150 10153 0801 10150 0900 0158 0207 0801 0158 0900 0178 0239 0801 0178 0900 0175 0152 0122 0101 0095 0100 0105 0131 //// 10203 ///// ///// ////
000000000000000000000000000000000000000000000000000000000000000000000000000000000000000000000000000000000000000000000000=
57099 340400 1145100 00526 00536 4
20100326090000 185 023 184 022 205 034 0813 200 027 197 054 0805 0000 0151 0156 0801 0151 0900 042 038 0805 072 0023 10136 10139 0801 10135 0837 0155 0183 0818 0154 0859 0180 0226 0801 0180 0900 0177 0156 0127 0107 0096 0096 0099 0131 //// 10202 ///// ///// ////
000000000000000000000000000000000000000000000000000000000000000000000000000000000000000000000000000000000000000000000000=
58104 332400 1150400 00412 00425 4
20100326090000 182 023 191 026 200 038 0805 152 020 192 055 0803 0000 0146 0158 0801 0146 0900 050 045 0805 083 0043 10153 10156 0801 10151 0834 0159 0218 0801 0159 0900 0175 0230 0801 0175 0900 0178 0159 0132 0110 0092 0096 0100 0135 //// 10206 ///// ///// ////
000000000000000000000000000000000000000000000000000000000000000000000000000000000000000000000000000000000000000000000000=
57198 333300 1143700 00463 00473 4
20100326090000 178 017 169 015 185 027 0826 175 023 189 047 0805 0000 0154 0162 0801 0154 0900 045 040 0804 079 0035 10143 10145 0801 10143 0900 0174 0242 0801 0174 0900 0187 0255 0801 0187 0900 0178 0155 0130 0113 0100 0104 0108 0137 //// 10201 ///// ///// ////
000000000000000000000000000000000000000000000000000000000000000000000000000000000000000000000000000000000000000000000000=
58101 335200 1152900 00413 00428 4
20100326090000 207 027 202 026 207 033 0849 218 032 203 059 0830 0000 0153 0158 0821 0153 0855 036 032 0801 063 0003 10152 10158 0807 10152 0847 0176 0209 0801 0175 0854 0195 0242 0801 0195 0900 0193 0164 0132 0110 0095 0098 0101 0130 //// 10205 ///// ///// ////
000000000000000000000000000000000000000000000000000000000000000000000000000000000000000000000000000000000000000000000000=
57192 334400 1145100 00455 00466 4
20100326090000 176 027 184 023 187 027 0801 144 026 220 054 0816 0000 0154 0163 0804 0154 0900 040 036 0804 070 0019 10145 10148 0801 10144 0849 0174 0242 0803 0174 0900 0205 0280 0801 0205 0900 0207 0179 0143 0117 0105 0107 0108 0140 //// 10202 ///// ///// ////
000000000000000000000000000000000000000000000000000000000000000000000000000000000000000000000000000000000000000000000000=
57098 340500 1142400 00583 00593 4
20100326090000 159 030 169 030 199 040 0801 155 034 121 052 0843 0000 0147 0152 0801 0147 0900 052 046 0803 087 0050 10124 10128 0807 10124 0900 0160 0193 0802 0160 0900 0159 0187 0802 0159 0900 0161 0151 0131 0117 0097 0097 0099 0128 //// 10197 ///// ///// ////
000000000000000000000000000000000000000000000000000000000000000000000000000000000000000000000000000000000000000000000000=
57190 334500 1142400 00505 00516 4
20100326090000 179 025 176 027 167 038 0814 175 026 178 050 0803 0000 0146 0152 0803 0146 0900 054 049 0812 090 0054 10135 10139 0803 10135 0900 0155 0193 0801 0155 0900 0180 0246 0801 0180 0900 0189 0170 0141 0117 0093 0098 0102 0129 //// 10199 ///// ///// ////
000000000000000000000000000000000000000000000000000000000000000000000000000000000000000000000000000000000000000000000000=
58100 333900 1151000 00414 00424 4
20100326090000 195 018 207 019 184 029 0847 198 015 195 048 0812 0000 0155 0163 0802 0155 0900 038 034 0812 067 0013 10151 10155 0801 10150 0834 0170 0220 0809 0170 0900 0218 0295 0801 0218 0900 0212 0183 0149 0122 0101 0105 0111 0135 //// 10203 ///// ///// ////
000000000000000000000000000000000000000000000000000000000000000000000000000000000000000000000000000000000000000000000000=
57088 340900 1133000 01161 01177 4
20100326090000 222 034 206 033 243 034 0802 226 038 181 054 0851 0000 0153 0159 0802 0153 0900 041 035 0805 071 0021 10050 10051 0801 10047 0830 0164 0203 0801 0164 0900 0196 0256 0801 0196 0900 0200 0176 0143 0120 0094 0100 0104 0126 //// 10195 ///// ///// ////
000000000000000000000000000000000000000000000000000000000000000000000000000000000000000000000000000000000000000000000000=
57095 340700 1140900 00611 00622 4
20100326090000 166 020 176 021 223 033 0818 166 030 239 060 0814 0000 0154 0159 0813 0154 0900 046 039 0805 080 0039 10116 10121 0801 10115 0859 0164 0191 0801 0163 0856 0194 0240 0801 0194 0900 0192 0185 0172 0156 0095 0096 0097 0125 //// 10193 ///// ///// ////
000000000000000000000000000000000000000000000000000000000000000000000000000000000000000000000000000000000000000000000000=
57089 340200 1135200 00668 00681 4
20100326090000 212 028 213 031 216 038 0839 198 023 203 065 0836 0000 0146 0151 0801 0146 0858 045 043 0810 075 0028 10113 10115 0804 10110 0847 0150 0175 0801 0150 0900 0172 0216 0801 0172 0900 0166 0153 0137 0122 0097 0097 0101 0129 //// 10197 ///// ///// ////
000000000000000000000000000000000000000000000000000000000000000000000000000000000000000000000000000000000000000000000000
150 010 000 010 3700 /////////////////////ACP 07/ 0000 6///1 0//// 7//// 1//// 2//// 3//// /// /// /// // 911// 915// 919// 934// 939//=
57182 335100 1133000 00805 00814 4
20100326090000 203 025 207 027 189 038 0828 200 016 186 061 0828 0000 0152 0157 0801 0152 0900 047 043 0801 081 0040 10097 10097 0900 10093 0821 0169 0198 0807 0169 0859 0202 0255 0801 0202 0900 0190 0163 0137 0116 0106 0106 0108 0139 //// 10197 ///// ///// ////
000000000000000000000000000000000000000000000000000000000000000000000000000000000000000000000000000000000000000000000000=
57087 341200 1134800 00877 00885 4
20100326090000 177 038 180 035 184 039 0828 192 038 206 060 0801 0000 0145 0151 0801 0145 0900 046 044 0803 076 0030 10083 10087 0801 10081 0848 0157 0196 0806 0157 0900 0176 0229 0801 0176 0900 0173 0158 0135 0117 0095 0096 0099 0123 //// 10192 ///// ///// ////
000000000000000000000000000000000000000000000000000000000000000000000000000000000000000000000000000000000000000000000000=
57297 320800 1140300 01145 01154 4
20100326090000 212 030 215 024 189 034 0813 206 026 203 055 0820 0000 0170 0175 0831 0170 0900 030 028 0814 058 -007 10062 10063 0801 10061 0842 0186 0237 0825 0186 0900 0204 0276 0824 0204 0900 0205 0182 0152 0126 0108 0111 0116 //// //// 10203 ///// ///// ////
000000000000000000000000000000000000000000000000000000000000000000000000000000000000000000000000000000000000000000000000
200 010 000 010 4800 /////////////////////ACP 07/ 0000 6///1 0//// 7//// 1//// 2//// 3//// /// /// /// // 911// 915// 919// 934// 939//=
57296 322100 1144400 00489 00501 4
20100326090000 231 021 224 018 211 032 0804 231 021 215 053 0803 0000 0169 0178 0801 0169 0900 034 027 0803 065 0010 10142 10142 0900 10138 0847 0171 0227 0801 0171 0900 0196 0301 0801 0196 0900 0203 0172 0136 0114 0103 0108 0112 0131 //// 10203 ///// ///// ////
000000000000000000000000000000000000000000000000000000000000000000000000000000000000000000000000000000000000000000000000=
57396 313800 1145100 01287 01297 4
20100326090000 216 040 207 037 200 040 0803 217 054 206 059 0848 0000 0164 0169 0801 0164 0900 027 025 0802 050 -026 10050 10050 0900 10045 0814 0182 0225 0802 0179 0857 0205 0262 0801 0205 0900 0197 0166 0134 0109 0095 0102 //// //// //// 10209 ///// ///// ////
000000000000000000000000000000000000000000000000000000000000000000000000000000000000000000000000000000000000000000000000=
58301 314900 1152300 00916 00929 4
20100326090000 313 013 285 012 279 025 0827 322 013 280 042 0817 0000 0186 0192 0818 0186 0900 022 017 0805 047 -035 10089 10091 0801 10087 0827 0203 0253 0814 0203 0900 0206 0262 0801 0206 0900 0202 0176 0147 0122 0100 0105 0111 0128 //// 10202 ///// ///// ////
000000000000000000000000000000000000000000000000000000000000000000000000000000000000000000000000000000000000000000000000=
57298 321300 1143300 00554 00562 4
20100326090000 183 025 180 029 184 042 0815 183 019 194 061 0802 0000 0167 0176 0801 0167 0900 038 032 0805 072 0023 10134 10134 0900 10132 0834 0167 0223 0801 0167 0900 0154 0223 0801 0154 0900 0189 0104 0162 0112 0099 0105 0103 0134 //// 10203 ///// ///// ////
000000000000000000000000000000000000000000000000000000000000000000000000000000000000000000000000000000000000000000000000=
57390 314800 1140400 07335 07347 4
20100326090000 211 038 212 040 213 049 0808 214 035 222 112 0811 0000 0113 0124 0827 0113 0900 042 037 0804 056 -011 09352 09352 0900 09349 0801 0135 0194 0805 0135 0900 0159 0218 0801 0159 0900 0159 0129 0104 0086 0072 0085 //// //// //// 10222 ///// ///// ////
000000000000000000000000000000000000000000000000000000000000000000000000000000000000000000000000000000000000000000000000=
58205 322800 1152600 00349 00360 4
20100326090000 175 019 150 016 155 030 0801 223 025 147 043 0839 0000 0166 0175 0809 0166 0900 027 025 0806 051 -025 10161 10164 0801 10160 0839 0183 0229 0817 0183 0900 0175 0227 0808 0175 0900 0175 0174 0166 0152 0103 0110 0112 0123 //// 10205 ///// ///// ////
000000000000000000000000000000000000000000000000000000000000000000000000000000000000000000000000000000000000000000000000=
58208 321000 1153700 00429 00439 4
20100326090000 097 031 106 027 120 029 0846 098 030 087 041 0855 0000 0162 0168 0804 0162 0900 029 024 0807 053 -018 10154 10158 0801 10153 0842 0193 0249 0803 0193 0900 0195 0251 0803 0195 0900 0186 0162 0136 0114 0099 0107 0113 0139 //// 10208 ///// ///// ////
000000000000000000000000000000000000000000000000000000000000000000000000000000000000000000000000000000000000000000000000
220 000 000 000 //// //////////////////////// /// 0000 6///1 0//// 7//// 1//// 2//// 3//// /// /// /// // 911// 915// 919// 934// 939//=
57299 320100 1145400 00494 00506 4
20100326090000 204 022 205 023 214 031 0809 220 020 226 050 0807 0000 0170 0182 0805 0170 0900 029 025 0801 056 -011 10141 10141 0900 10139 0812 0183 0264 0804 0183 0857 0171 0232 0802 0171 0900 0168 0167 0156 0142 0098 0105 0109 0126 //// 10203 ///// ///// ////
000000000000000000000000000000000000000000000000000000000000000000000000000000000000000000000000000000000000000000000000=
53989 350300 1135700 00766 00777 4
20100326090000 178 030 181 031 184 033 0851 158 020 182 049 0848 0000 0162 0166 0813 0162 0900 034 027 0801 063 0003 10088 10095 0801 10087 0856 0182 0220 0802 0182 0900 0215 0269 0801 0215 0900 0190 0169 0144 0124 0091 0092 0096 0123 //// 10183 ///// ///// ////
000000000000000000000000000000000000000000000000000000000000000000000000000000000000000000000000000000000000000000000000=
53997 350900 1141100 00711 00723 4
20100326090000 188 031 193 031 204 045 0822 190 040 205 064 0820 0000 0160 0166 0804 0160 0900 032 028 0808 058 -007 10096 10101 0801 10096 0900 0168 0212 0803 0165 0850 0206 0260 0801 0205 0859 0187 0167 0138 0117 0091 0094 0098 0124 //// 10185 ///// ///// ////
000000000000000000000000000000000000000000000000000000000000000000000000000000000000000000000000000000000000000000000000=
53986 351900 1135300 00732 00740 4
20100326090000 193 027 212 022 220 051 0810 206 029 240 088 0805 0000 0163 0169 0804 0163 0853 025 019 0815 046 -037 10094 10099 0808 10094 0858 0185 0226 0801 0185 0853 0200 0262 0801 0200 0900 0175 0154 0132 0115 0092 0095 0099 0127 //// 10185 ///// ///// ////
000000000000000000000000000000000000000000000000000000000000000000000000000000000000000000000000000000000000000000000000
150 000 000 000 //// //////////////////////// /// 0000 6///1 0//// 7//// 1//// 2//// 3//// /// /// /// // 911// 915// 919// 934// 939//=
53994 352300 1140400 00700 00712 4
20100326090000 238 038 236 039 236 043 0810 231 033 226 072 0804 0000 0162 0170 0803 0162 0900 025 023 0805 046 -038 10096 10102 0801 10095 0854 0185 0236 0802 0184 0858 0216 0301 0801 0216 0900 0197 0165 0134 0108 0087 0090 0095 0127 //// 10184 ///// ///// ////
000000000000000000000000000000000000000000000000000000000000000000000000000000000000000000000000000000000000000000000000=
53988 351600 1134000 00776 00784 4
20100326090000 241 022 225 025 221 040 0803 265 018 223 056 0803 0000 0162 0170 0801 0162 0900 023 016 0802 042 -049 10083 10089 0801 10083 0900 0164 0218 0801 0164 0900 0221 0285 0801 0221 0900 0210 0177 0140 0117 0089 0093 0099 0125 //// 10179 ///// ///// ////
000000000000000000000000000000000000000000000000000000000000000000000000000000000000000000000000000000000000000000000000=
53985 352700 1134900 00964 00979 4
20100326090000 297 017 286 018 283 022 0834 327 017 305 044 0831 0000 0162 0170 0801 0162 0900 024 021 0834 044 -044 10063 10069 0801 10063 0900 0168 0211 0801 0166 0858 0171 0226 0801 0171 0900 0130 0117 0099 0088 0078 0081 0085 0117 //// 10183 ///// ///// ////
000000000000000000000000000000000000000000000000000000000000000000000000000000000000000000000000000000000000000000000000=
53983 350200 1142500 00696 00708 4
20100326090000 195 048 194 047 197 052 0831 226 041 200 073 0827 0000 0155 0164 0801 0155 0900 043 037 0805 076 0030 10101 10107 0803 10101 0900 0175 0213 0801 0174 0859 0207 0266 0801 0207 0900 0192 0166 0141 0122 0083 0086 0089 0123 //// 10188 ///// ///// ////
000000000000000000000000000000000000000000000000000000000000000000000000000000000000000000000000000000000000000000000000=
53998 351200 1143900 00616 00625 4
20100326090000 192 031 189 040 191 056 0815 178 038 181 084 0828 0000 0159 0165 0805 0159 0859 034 030 0801 061 0001 10111 10115 0810 10111 0859 0176 0217 0805 0176 0900 0200 0244 0804 0200 0900 0188 0163 0133 0112 0096 0096 0097 0128 //// 10188 ///// ///// ////
000000000000000000000000000000000000000000000000000000000000000000000000000000000000000000000000000000000000000000000000=
57051 344800 1111200 04099 04117 4
20100326090000 239 016 240 015 256 019 0818 257 013 263 038 0852 0000 0139 0147 0806 0139 0900 021 020 0806 033 -081 09707 09708 0858 09705 0813 0146 0178 0806 0146 0900 0166 0208 0801 0166 0900 0153 0135 0119 0105 0084 0087 0088 0114 //// 10204 ///// ///// ////
000000000000000000000000000000000000000000000000000000000000000000000000000000000000000000000000000000000000000000000000
150 010 000 010 3900 /////////////////////ACP 07/ 0000 6///1 0//// 7//// 1//// 2//// 3//// /// /// /// // 911// 915// 919// 934// 939//=
57063 344600 1114600 05236 05236 4
20100326090000 287 023 280 032 271 048 0836 296 031 257 072 0830 0000 0140 0145 0819 0140 0900 018 017 0844 029 -099 09571 09574 0802 09569 0828 0143 0168 0820 0143 0900 0161 0198 0802 0161 0900 0138 0119 0097 0083 0071 0077 0084 0110 //// 10204 ///// ///// ////
000000000000000000000000000000000000000000000000000000000000000000000000000000000000000000000000000000000000000000000000=
57067 340300 1110200 05688 05699 4
20100326090000 048 022 043 021 043 021 0900 035 023 015 046 0851 0000 0136 0146 0801 0136 0900 029 027 0801 045 -041 09509 09518 0802 09509 0854 0155 0191 0804 0155 0900 0157 0196 0801 0157 0900 0145 0120 0088 0101 0081 0092 0096 0122 //// 10194 ///// ///// ////
000000000000000000000000000000000000000000000000000000000000000000000000000000000000000000000000000000000000000000000000
150 10- 000 10- 3700 /////////////////////ACR 03/ 0000 6///1 0//// 7//// 1//// 2//// 3//// /// /// /// // 911// 915// 919// 934// 939//=
57056 343200 1105300 03904 03909 4
20100326090000 314 005 306 009 276 015 0830 293 004 293 025 0823 0000 0134 0141 0813 0134 0859 022 018 0809 034 -079 09733 09737 0830 09731 0846 0146 0175 0802 0146 0900 0179 0215 0801 0179 0900 0159 0138 0113 0100 0084 0089 0094 0118 //// 10208 ///// ///// ////
000000000000000000000000000000000000000000000000000000000000000000000000000000000000000000000000000000000000000000000000=
58007 340400 1151800 00472 00532 4
20100326090000 191 028 188 025 193 029 0809 161 022 212 055 0828 0000 0149 0157 0801 0149 0900 041 036 0807 069 0018 10139 10143 0807 10137 0856 0158 0188 0804 0157 0859 0196 0244 0804 0196 0900 0185 0159 0132 0113 0096 0100 0104 0130 //// 10205 ///// ///// ////
000000000000000000000000000000000000000000000000000000000000000000000000000000000000000000000000000000000000000000000000=
58006 342300 1155300 00463 00506 4
20100326090000 206 037 217 039 209 053 0840 189 058 220 080 0832 0000 0150 0161 0801 0150 0900 033 029 0810 056 -011 10146 10150 0802 10145 0845 0161 0214 0809 0161 0900 0184 0247 0801 0184 0900 0188 0168 0140 0115 0090 0094 0098 0126 //// 10209 ///// ///// ////
000000000000000000000000000000000000000000000000000000000000000000000000000000000000000000000000000000000000000000000000=
58111 335800 1162700 00325 00325 4
20100326090000 210 032 194 029 200 038 0840 209 030 226 074 0836 0000 0143 0150 0801 0143 0900 031 027 0803 050 -026 10174 10179 0801 10173 0837 0146 0218 0811 0146 0900 0150 0207 0801 0150 0900 0149 0138 0119 0104 0089 0097 0106 0138 //// 10214 ///// ///// ////
000000000000000000000000000000000000000000000000000000000000000000000000000000000000000000000000000000000000000000000000
200 007 000 000 6000 /////////////////////CIE 002 0000 6///1 0//// 7//// 1//// 2//// 3//// /// /// /// // 911// 915// 919// 934// 939//=
58017 341500 1160800 00410 00420 4
20100326090000 190 030 178 032 181 046 0804 170 021 153 077 0801 0000 0151 0160 0801 0151 0900 034 028 0801 058 -006 10153 10157 0804 10152 0853 0166 0222 0801 0166 0900 0172 0236 0801 0172 0900 0165 0146 0125 0110 0094 0097 0104 0127 //// 10205 ///// ///// ////
000000000000000000000000000000000000000000000000000000000000000000000000000000000000000000000000000000000000000000000000=
58001 342600 1150600 00563 00569 4
20100326090000 207 025 206 032 195 048 0810 209 039 184 076 0809 0000 0148 0154 0801 0148 0855 044 039 0802 074 0027 10129 10132 0801 10128 0849 0159 0180 0801 0157 0855 0155 0185 0801 0154 0855 0144 0132 0116 0099 0086 0089 0095 0126 //// 10199 ///// ///// ////
000000000000000000000000000000000000000000000000000000000000000000000000000000000000000000000000000000000000000000000000=
58005 342700 1154000 00501 00511 4
20100326090000 218 039 217 041 222 049 0854 234 036 231 074 0827 0000 0153 0162 0804 0153 0900 033 030 0807 057 -009 10139 10143 0805 10138 0823 0164 0224 0803 0163 0854 0176 0247 0803 0176 0900 0178 0160 0134 0114 0092 0098 0104 0131 0003 10202 ///// ///// ////
000000000000000000000000000000000000000000000000000000000000000000000000000000000000000000000000000000000000000000000000
160 000 000 000 //// //////////////////////// /// 0000 6///1 0//// 7//// 1//// 2//// 3//// /// /// /// // 911// 915// 919// 934// 939//=
58004 343900 1150900 00606 00616 4
20100326090000 196 036 206 034 212 042 0824 156 031 254 073 0815 0000 0153 0162 0804 0153 0900 040 034 0801 069 0018 10120 10124 0804 10119 0842 0162 0204 0810 0162 0900 0183 0232 0801 0183 0900 0182 0168 0138 0119 0096 0100 0103 0126 //// 10196 ///// ///// ////
000000000000000000000000000000000000000000000000000000000000000000000000000000000000000000000000000000000000000000000000=
54817 355900 1155200 00421 00434 4
20100326090000 205 026 206 026 217 036 0844 218 018 251 072 0837 0000 0162 0164 0816 0162 0846 026 018 0820 048 -033 10140 10142 0843 10140 0801 0189 0200 0811 0182 0840 0203 0231 0801 0203 0900 0179 0151 0122 0096 0078 0078 0088 0116 //// 10193 ///// ///// ////
000000000000000000000000000000000000000000000000000000000000000000000000000000000000000000000000000000000000000000000000=
54902 355400 1150700 00495 00499 4
20100326090000 192 049 198 051 198 062 0832 198 050 203 085 0824 0000 0162 0168 0815 0162 0900 030 025 0818 055 -014 10122 10127 0828 10122 0859 0186 0218 0815 0186 0900 0204 0253 0809 0204 0900 0181 0153 0124 0101 0078 0074 0081 0111 //// 10183 ///// ///// ////
000000000000000000000000000000000000000000000000000000000000000000000000000000000000000000000000000000000000000000000000=
54900 354200 1150100 00537 00541 4
20100326090000 191 038 193 037 202 049 0811 189 033 203 084 0804 0000 0164 0169 0817 0164 0900 028 027 0802 052 -021 10121 10124 0809 10120 0853 0184 0246 0802 0184 0900 0196 0262 0801 0196 0900 0184 0156 0126 0105 0085 0082 0084 0110 //// 10188 ///// ///// ////
000000000000000000000000000000000000000000000000000000000000000000000000000000000000000000000000000000000000000000000000=
54901 360500 1151000 00475 00478 4
20100326090000 190 063 183 062 196 071 0810 181 063 189 093 0808 0000 0161 0162 0801 0160 0822 025 023 0851 046 -039 10126 10130 0801 10126 0850 0189 0199 0801 0188 0854 0192 0222 0801 0192 0900 0170 0146 0120 0100 0082 0080 0078 0105 //// 10185 ///// ///// ////
000000000000000000000000000000000000000000000000000000000000000000000000000000000000000000000000000000000000000000000000=
54903 355100 1152900 00457 00506 4
20100326090000 207 045 211 046 221 060 0838 218 038 234 088 0830 0000 0160 0164 0828 0160 0900 024 022 0851 044 -045 10127 10129 0820 10127 0854 0180 0206 0825 0180 0900 0194 0230 0820 0194 0900 0164 0140 0116 0099 0080 0081 0091 0114 //// 10189 ///// ///// ////
000000000000000000000000000000000000000000000000000000000000000000000000000000000000000000000000000000000000000000000000=
57184 333800 1132200 00834 00847 4
20100326090000 199 010 212 012 195 022 0849 240 005 212 043 0843 0000 0154 0157 0801 0154 0900 047 041 0817 082 0042 10091 10093 0842 10090 0801 0137 0152 0802 0137 0900 0183 0230 0801 0183 0859 0172 0152 0133 0116 0096 0102 0105 0129 //// 10195 ///// ///// ////
000000000000000000000000000000000000000000000000000000000000000000000000000000000000000000000000000000000000000000000000=
57177 332000 1133200 00898 00913 4
20100326090000 225 024 225 028 220 039 0817 234 017 220 061 0806 0000 0159 0168 0801 0159 0900 038 033 0801 069 0016 10085 10088 0846 10084 0818 0161 0204 0801 0160 0857 0152 0198 0801 0152 0900 0137 0141 0113 0109 0097 0103 0106 0121 //// 10197 ///// ///// ////
000000000000000000000000000000000000000000000000000000000000000000000000000000000000000000000000000000000000000000000000=
57075 341000 1125200 02031 02043 4
20100326090000 151 024 156 026 166 030 0848 138 020 172 037 0841 0000 0141 0158 0801 0141 0900 046 032 0806 074 0027 09947 09950 0801 09947 0900 0154 0194 0801 0154 0900 0182 0245 0801 0182 0900 0182 0162 0139 0116 0095 0099 0098 0117 //// 10197 ///// ///// ////
000000000000000000000000000000000000000000000000000000000000000000000000000000000000000000000000000000000000000000000000=
57173 334500 1125300 01457 01468 4
20100326090000 168 027 169 025 169 026 0851 178 022 175 039 0858 0000 0156 0158 0801 0156 0900 040 037 0809 071 0021 10012 10016 0801 10012 0900 0169 0189 0809 0169 0900 0178 0222 0801 0178 0900 0175 0156 0134 0114 0097 0102 0105 0133 //// 10192 ///// ///// ////
000000000000000000000000000000000000000000000000000000000000000000000000000000000000000000000000000000000000000000000000=
57180 335900 1131200 01175 01186 4
20100326090000 185 025 200 024 220 033 0850 166 022 214 059 0824 0000 0151 0156 0801 0151 0900 043 039 0802 074 0026 10049 10050 0825 10048 0806 0159 0194 0801 0159 0858 0194 0255 0801 0194 0900 0190 0169 0140 0116 0095 0099 0102 0130 //// 10195 ///// ///// ////
000000000000000000000000000000000000000000000000000000000000000000000000000000000000000000000000000000000000000000000000=
57181 335300 1130300 01364 01380 4
20100326090000 188 030 182 028 192 032 0836 195 027 187 040 0845 0000 0145 0151 0801 0144 0844 051 048 0813 084 0045 10029 10032 0833 10029 0900 0151 0183 0801 0151 0900 0189 0238 0801 0189 0900 0190 0171 0139 0117 0094 0099 0103 0129 //// 10199 ///// ///// ////
000000000000000000000000000000000000000000000000000000000000000000000000000000000000000000000000000000000000000000000000
150 10- 000 10- 3600 /////////////////////ACR 03/ 0000 6///1 0//// 7//// 1//// 2//// 3//// /// /// /// // 911// 915// 919// 934// 939//=
57171 334600 1130700 01420 01430 4
20100326090000 157 027 162 028 177 032 0847 149 029 192 042 0841 0000 0150 0153 0801 0150 0900 049 041 0806 084 0044 10016 10020 0806 10016 0900 0160 0179 0801 0160 0900 0179 0218 0801 0179 0900 0173 0158 0138 0121 0106 0109 0115 0125 //// 10190 ///// ///// ////
000000000000000000000000000000000000000000000000000000000000000000000000000000000000000000000000000000000000000000000000=
57175 330300 1121400 01914 01922 4
20100326090000 170 012 175 011 230 022 0803 223 009 223 031 0801 0000 0141 0144 0829 0141 0900 055 053 0851 088 0052 09964 09971 0801 09963 0857 0133 0154 0801 0133 0900 0174 0204 0801 0174 0900 0183 0171 0147 0126 0100 0106 0112 0138 //// 10200 ///// ///// ////
000000000000000000000000000000000000000000000000000000000000000000000000000000000000000000000000000000000000000000000000=
57156 331800 1113000 02503 02523 4
20100326090000 089 032 096 032 104 034 0822 074 027 111 050 0816 0000 0141 0146 0801 0141 0900 048 043 0801 077 0033 09891 09892 0835 09889 0842 0120 0127 0801 0120 0900 0149 0167 0828 0149 0900 0155 0145 0130 0115 0098 0108 0117 0142 //// 10198 ///// ///// ////
000000000000000000000000000000000000000000000000000000000000000000000000000000000000000000000000000000000000000000000000
150 010 002 002 1500 //////////////////ACPSCR 57/ 0000 6///1 0//// 7//// 1//// 2//// 3//// /// /// /// // 911// 915// 919// 934// 939//=
57271 323300 1122300 00879 00897 4
20100326090000 209 022 206 021 231 026 0803 212 019 218 036 0848 0000 0169 0175 0824 0169 0900 041 035 0819 079 0036 10085 10091 0801 10084 0849 0160 0208 0801 0160 0900 0192 0244 0801 0192 0900 0193 0173 0147 0126 0099 0105 0114 0138 //// 10195 ///// ///// ////
000000000000000000000000000000000000000000000000000000000000000000000000000000000000000000000000000000000000000000000000=
57261 330700 1113100 02330 02345 4
20100326090000 299 015 312 018 310 031 0830 293 016 310 043 0817 0000 0141 0156 0804 0141 0900 053 037 0802 085 0047 09903 09905 0812 09902 0844 0132 0170 0801 0132 0900 0150 0184 0801 0150 0900 0159 0151 0136 0120 0107 0119 0129 //// //// 10189 ///// ///// ////
000000000000000000000000000000000000000000000000000000000000000000000000000000000000000000000000000000000000000000000000=
57285 322300 1132500 01530 01492 4
20100326090000 179 020 179 023 181 024 0852 136 015 189 042 0855 0000 0175 0178 0801 0175 0900 030 028 0802 060 -003 10018 10021 0813 10018 0859 0177 0197 0801 0177 0900 0200 0235 0801 0200 0900 0193 0175 0151 0129 0100 0107 0110 0134 //// 10199 ///// ///// ////
000000000000000000000000000000000000000000000000000000000000000000000000000000000000000000000000000000000000000000000000
200 10- 000 10- 3200 /////////////////////ACR 03/ 0000 6///1 0//// 7//// 1//// 2//// 3//// /// /// /// // 911// 915// 919// 934// 939//=
57273 324100 1125100 01095 01105 4
20100326090000 257 016 250 016 247 032 0813 260 022 260 060 0808 0000 0163 0165 0805 0163 0857 035 032 0809 065 0008 10063 10068 0803 10061 0845 0151 0175 0808 0151 0900 0173 0204 0804 0173 0900 0175 0161 0137 0117 0106 0110 0113 0136 //// 10198 ///// ///// ////
000000000000000000000000000000000000000000000000000000000000000000000000000000000000000000000000000000000000000000000000=
57187 330400 1125600 01180 01193 4
20100326090000 215 013 220 012 227 036 0805 187 013 226 051 0803 0000 0151 0156 0801 0151 0900 046 043 0804 079 0036 10043 10048 0813 10041 0853 0156 0172 0801 0156 0858 0172 0210 0801 0172 0900 0177 0155 0136 0118 0106 0109 0110 0131 //// 10190 ///// ///// ////
000000000000000000000000000000000000000000000000000000000000000000000000000000000000000000000000000000000000000000000000=
57178 330200 1123500 01292 01305 4
20100326090000 197 012 222 015 228 029 0805 196 010 222 047 0803 0000 0151 0153 0801 0151 0900 044 039 0806 075 0029 10037 10045 0801 10036 0835 0143 0165 0813 0143 0900 0148 0165 0803 0148 0900 0154 0146 0129 0114 0104 0107 0111 0132 0001 10197 ///// ///// ////
000000000000000000000000000000000000000000000000000000000000000000000000000000000000000000000000000000000000000000000000
250 010 000 010 3300 /////////////////////ACP 07/ 0000 6///1 0//// 7//// 1//// 2//// 3//// /// /// /// // 911// 915// 919// 934// 939//=
57169 330300 1115200 01591 01600 4
20100326090000 128 017 141 024 149 027 0839 113 021 156 036 0832 0000 0134 0140 0826 0134 0900 067 061 0801 103 0074 10002 10005 0826 10002 0808 0125 0134 0801 0125 0900 0149 0173 0802 0149 0900 0159 0149 0135 0118 0097 0104 0109 0133 //// 10199 ///// ///// ////
000000000000000000000000000000000000000000000000000000000000000000000000000000000000000000000000000000000000000000000000=
57176 332900 1122500 02311 02304 4
20100326090000 133 019 134 019 136 031 0842 133 032 099 048 0837 0000 0145 0151 0801 0145 0900 047 043 0804 078 0033 09920 09923 0817 09920 0855 0150 0184 0801 0150 0858 0155 0198 0801 0155 0900 0161 0150 0134 0120 0107 0111 0113 0130 //// 10201 ///// ///// ////
000000000000000000000000000000000000000000000000000000000000000000000000000000000000000000000000000000000000000000000000=
57179 331700 1130000 01604 01616 4
20100326090000 210 014 211 015 230 040 0801 226 011 209 053 0812 0000 0148 0151 0805 0148 0900 049 046 0806 082 0042 10002 10009 0809 10002 0900 0144 0175 0801 0144 0900 0156 0199 0801 0156 0900 0154 0136 0118 0105 0098 0104 0106 0132 //// 10200 ///// ///// ////
000000000000000000000000000000000000000000000000000000000000000000000000000000000000000000000000000000000000000000000000=
57274 324200 1120700 01076 01088 4
20100326090000 157 007 140 011 130 023 0802 167 010 161 032 0813 0000 0156 0158 0801 0156 0900 045 041 0829 080 0037 10062 10066 0802 10060 0854 0154 0176 0801 0154 0859 0171 0202 0801 0171 0900 0178 0168 0152 0134 0110 0114 0117 0140 //// 10196 ///// ///// ////
000000000000000000000000000000000000000000000000000000000000000000000000000000000000000000000000000000000000000000000000=
57065 343000 1121100 01949 01964 4
20100326090000 262 018 269 018 267 018 0843 240 015 291 031 0840 0000 0171 0172 0826 0171 0801 019 016 0823 037 -067 09948 09950 0805 09946 0839 0137 0171 0801 0137 0900 0190 0238 0801 0190 0900 0173 0154 0132 0115 0094 0103 0111 0138 //// 10187 ///// ///// ////
000000000000000000000000000000000000000000000000000000000000000000000000000000000000000000000000000000000000000000000000=
57074 342500 1122500 01973 01989 4
20100326090000 142 007 166 008 182 012 0801 133 016 156 025 0846 0000 0159 0161 0818 0159 0857 030 025 0801 054 -016 09948 09952 0803 09946 0846 0161 0185 0801 0161 0900 0181 0221 0801 0181 0900 0165 0147 0126 0112 0100 0102 0104 0125 //// 10190 ///// ///// ////
000000000000000000000000000000000000000000000000000000000000000000000000000000000000000000000000000000000000000000000000=
57076 344400 1124700 01895 01901 4
20100326090000 228 022 225 021 230 027 0801 239 018 231 033 0814 0000 0152 0152 0900 0150 0801 026 026 0900 045 -042 09953 09960 0801 09953 0900 0148 0169 0806 0147 0857 0183 0215 0802 0183 0900 0166 0147 0120 0102 0087 0089 0090 0120 //// 10184 ///// ///// ////
000000000000000000000000000000000000000000000000000000000000000000000000000000000000000000000000000000000000000000000000=
57070 344400 1120700 03640 03595 4
20100326090000 119 019 107 020 099 043 0801 113 021 102 054 0801 0000 0149 0155 0837 0149 0900 030 024 0835 051 -025 09755 09757 0812 09753 0837 0157 0175 0825 0157 0900 0178 0206 0801 0178 0900 0156 0136 0113 0098 0088 0092 0096 0122 //// 10189 ///// ///// ////
000000000000000000000000000000000000000000000000000000000000000000000000000000000000000000000000000000000000000000000000=
57162 340900 1120500 03258 03275 4
20100326090000 056 008 032 009 032 010 0849 150 005 353 018 0848 0000 0153 0153 0900 0151 0840 024 024 0900 042 -051 09795 09799 0801 09795 0900 0167 0180 0801 0161 0836 0194 0222 0801 0193 0857 0163 0139 0119 0104 0091 0097 0102 0131 //// 10191 ///// ///// ////
000000000000000000000000000000000000000000000000000000000000000000000000000000000000000000000000000000000000000000000000=
57078 340900 1122800 03365 03340 4
20100326090000 077 017 078 019 072 024 0815 057 018 080 038 0839 0000 0143 0147 0804 0143 0900 032 029 0801 052 -022 09791 09793 0801 09789 0854 0160 0186 0805 0160 0900 0166 0199 0801 0166 0900 0161 0142 0119 0101 0090 0097 0098 0118 //// 10196 ///// ///// ////
000000000000000000000000000000000000000000000000000000000000000000000000000000000000000000000000000000000000000000000000=
57071 344900 1122600 03333 03332 4
20100326090000 114 024 113 021 097 027 0829 128 021 077 039 0819 0000 0143 0150 0815 0143 0900 026 021 0807 042 -049 09788 09793 0805 09788 0856 0155 0184 0801 0155 0900 0191 0233 0801 0191 0900 0171 0148 0125 0106 0087 0088 0092 0119 //// 10191 ///// ///// ////
000000000000000000000000000000000000000000000000000000000000000000000000000000000000000000000000000000000000000000000000
130 10- 000 000 5000 /////////////////////CIE 002 0000 6///1 0//// 7//// 1//// 2//// 3//// /// /// /// // 911// 915// 919// 934// 939//=
57066 342300 1114000 03283 03298 4
20100326090000 174 002 103 002 112 008 0821 173 003 116 013 0813 0000 0159 0161 0802 0159 0827 026 024 0814 047 -036 09793 09796 0850 09791 0822 0164 0191 0801 0164 0900 0174 0206 0801 0174 0900 0155 0127 0105 0091 0087 0090 0092 0115 //// 10192 ///// ///// ////
000000000000000000000000000000000000000000000000000000000000000000000000000000000000000000000000000000000000000000000000=
57077 334700 1113900 07424 07388 4
20100326090000 075 029 084 026 064 032 0822 066 028 074 046 0814 0000 0152 0164 0806 0152 0900 025 020 0810 043 -047 09318 09323 0827 09318 0900 0149 0197 0801 0149 0900 0141 0193 0801 0141 0900 0141 0126 0103 0087 0077 0085 0092 0115 //// 10189 ///// ///// ////
000000000000000000000000000000000000000000000000000000000000000000000000000000000000000000000000000000000000000000000000
280 10- 000 000 6300 /////////////////////CIE 002 0000 6///1 0//// 7//// 1//// 2//// 3//// /// /// /// // 911// 915// 919// 934// 939//=
57185 332700 1133500 00911 00921 4
20100326090000 253 030 252 029 257 032 0848 245 035 248 054 0841 0000 0148 0162 0801 0148 0900 053 048 0837 089 0053 10086 10086 0900 10085 0801 0160 0224 0801 0160 0900 0158 0210 0801 0158 0900 0159 0140 0121 0101 0103 0103 0102 0123 //// 10200 ///// ///// ////
000000000000000000000000000000000000000000000000000000000000000000000000000000000000000000000000000000000000000000000000=
57183 334800 1135500 00600 00615 4
20100326090000 244 023 245 024 247 028 0823 240 020 243 041 0822 0000 0147 0156 0801 0147 0900 058 052 0815 097 0065 10121 10121 0900 10118 0835 0158 0204 0801 0158 0900 0175 0218 0801 0175 0900 0169 0151 0130 0115 0098 0099 0099 0122 //// 10197 ///// ///// ////
000000000000000000000000000000000000000000000000000000000000000000000000000000000000000000000000000000000000000000000000=
57186 333600 1140300 00587 00598 4
20100326090000 165 026 163 024 167 030 0818 167 026 153 045 0847 0000 0155 0166 0801 0155 0900 051 042 0802 090 0054 10126 10126 0900 10122 0842 0171 0224 0801 0167 0852 0210 0275 0801 0208 0850 0205 0179 0148 0125 0100 0103 0104 0133 //// 10199 ///// ///// ////
000000000000000000000000000000000000000000000000000000000000000000000000000000000000000000000000000000000000000000000000=
57191 342900 1142900 00634 00642 4
20100326090000 190 020 187 019 187 026 0807 205 026 170 053 0807 0000 0154 0159 0803 0154 0900 042 038 0806 073 0026 10118 10120 0801 10117 0829 0160 0179 0801 0159 0852 0165 0195 0801 0165 0900 0153 0138 0121 0107 0093 0094 0096 0124 //// 10197 ///// ///// ////
000000000000000000000000000000000000000000000000000000000000000000000000000000000000000000000000000000000000000000000000=
57096 343200 1144700 00597 00607 4
20100326090000 215 026 215 026 217 040 0824 223 032 234 067 0820 0000 0152 0162 0804 0152 0900 040 035 0801 069 0017 10119 10121 0801 10117 0839 0167 0204 0802 0167 0900 0195 0254 0801 0195 0900 0195 0170 0135 0115 0100 0100 0102 0128 //// 10194 ///// ///// ////
000000000000000000000000000000000000000000000000000000000000000000000000000000000000000000000000000000000000000000000000=
57093 345100 1144900 00733 00740 4
20100326090000 205 042 208 042 209 050 0846 192 037 222 077 0843 0000 0155 0162 0801 0155 0900 038 033 0801 067 0013 10102 10105 0801 10101 0838 0172 0213 0801 0171 0844 0194 0253 0801 0194 0900 0185 0159 0131 0108 0092 0091 0094 0121 //// 10193 ///// ///// ////
000000000000000000000000000000000000000000000000000000000000000000000000000000000000000000000000000000000000000000000000=
57091 344700 1141800 00737 00748 4
20100326090000 211 052 207 051 212 052 0829 226 045 195 071 0840 0000 0151 0157 0815 0151 0900 037 034 0808 063 0005 10097 10102 0801 10097 0900 0165 0203 0805 0165 0900 0196 0247 0804 0196 0900 0185 0158 0132 0110 0101 0101 0102 0122 //// 10189 ///// ///// ////
000000000000000000000000000000000000000000000000000000000000000000000000000000000000000000000000000000000000000000000000
150 010 000 000 //// /////////////////////CSI 007 0000 6///1 0//// 7//// 1//// 2//// 3//// /// /// /// // 911// 915// 919// 934// 939//=
53978 350500 1123800 01401 01409 4
20100326090000 201 031 207 026 184 028 0804 226 035 195 047 0819 0000 0164 0173 0834 0164 0900 026 016 0829 048 -031 10006 10013 0801 10006 0900 0177 0206 0808 0177 0900 0202 0243 0801 0202 0900 0187 0166 0140 0120 0089 0093 0098 0125 //// 10178 ///// ///// ////
000000000000000000000000000000000000000000000000000000000000000000000000000000000000000000000000000000000000000000000000=
53984 351400 1132800 00827 00837 4
20100326090000 238 038 235 031 231 052 0804 234 042 212 070 0802 0000 0157 0158 0801 0157 0900 026 022 0801 046 -037 10079 10084 0801 10079 0900 0169 0187 0819 0169 0900 0193 0232 0801 0193 0900 0167 0148 0124 0112 0094 0095 0096 0120 //// 10182 ///// ///// ////
000000000000000000000000000000000000000000000000000000000000000000000000000000000000000000000000000000000000000000000000=
53987 350600 1132500 00910 00918 4
20100326090000 241 019 236 024 229 036 0803 240 035 263 062 0802 0000 0162 0164 0842 0161 0801 024 022 0824 044 -044 10071 10076 0803 10071 0859 0175 0190 0821 0175 0859 0192 0221 0801 0192 0900 0184 0167 0147 0127 0098 0099 0101 0127 //// 10184 ///// ///// ////
000000000000000000000000000000000000000000000000000000000000000000000000000000000000000000000000000000000000000000000000=
57079 345700 1130200 01064 01069 4
20100326090000 242 025 240 023 245 036 0803 240 022 246 042 0802 0000 0155 0156 0816 0155 0900 026 025 0851 046 -039 10047 10055 0801 10046 0859 0164 0180 0809 0164 0900 0177 0210 0801 0177 0900 0153 0138 0120 0106 0094 0096 0096 0119 //// 10178 ///// ///// ////
000000000000000000000000000000000000000000000000000000000000000000000000000000000000000000000000000000000000000000000000=
53972 350700 1125500 01196 01210 4
20100326090000 242 036 236 030 236 030 0900 246 036 206 045 0814 0000 0153 0158 0806 0153 0900 026 024 0801 045 -041 10033 10040 0802 10033 0900 0154 0194 0804 0154 0900 0195 0248 0804 0195 0900 0181 0165 0145 0124 0095 0099 0110 0136 //// 10181 ///// ///// ////
000000000000000000000000000000000000000000000000000000000000000000000000000000000000000000000000000000000000000000000000=
57072 345500 1124500 01275 01285 4
20100326090000 210 027 208 027 219 032 0806 217 022 220 048 0803 0000 0153 0156 0838 0153 0900 024 024 0900 042 -051 10025 10032 0802 10025 0900 0165 0186 0801 0165 0857 0183 0224 0801 0183 0900 0160 0140 0117 0102 0083 0087 0087 0113 //// 10183 ///// ///// ////
000000000000000000000000000000000000000000000000000000000000000000000000000000000000000000000000000000000000000000000000=
53982 351400 1131600 01120 01135 4
20100326090000 252 022 238 022 248 041 0815 251 026 249 076 0808 0000 0156 0158 0802 0156 0900 024 024 0900 043 -049 10040 10045 0801 10040 0900 0159 0175 0801 0159 0859 0204 0245 0801 0204 0900 0185 0166 0142 0123 0097 0098 0101 0131 //// 10179 ///// ///// ////
000000000000000000000000000000000000000000000000000000000000000000000000000000000000000000000000000000000000000000000000=
53979 350900 1130500 01200 01211 4
20100326090000 215 023 219 025 225 038 0820 205 024 200 052 0808 0000 0154 0157 0801 0154 0900 027 025 0807 047 -035 10036 10040 0801 10035 0850 0170 0194 0804 0170 0900 0200 0249 0801 0200 0900 0187 0163 0138 0118 0097 0100 0105 0131 //// 10184 ///// ///// ////
000000000000000000000000000000000000000000000000000000000000000000000000000000000000000000000000000000000000000000000000=
53992 353900 1143100 00582 00592 4
20100326090000 201 043 204 048 224 059 0815 201 042 209 076 0850 0000 0160 0167 0801 0160 0900 029 024 0811 053 -020 10108 10113 0804 10108 0900 0171 0210 0805 0171 0900 0167 0218 0801 0167 0900 0165 0144 0125 0105 0082 0083 0088 0121 //// 10181 ///// ///// ////
000000000000000000000000000000000000000000000000000000000000000000000000000000000000000000000000000000000000000000000000=
53974 353700 1141100 00723 00739 4
20100326090000 203 029 205 038 207 048 0818 203 031 192 081 0805 0000 0164 0170 0801 0164 0900 024 020 0818 045 -042 10091 10097 0806 10090 0859 0175 0220 0801 0175 0900 0198 0251 0801 0198 0900 0189 0166 0138 0118 0089 0092 0098 0124 //// 10182 ///// ///// ////
000000000000000000000000000000000000000000000000000000000000000000000000000000000000000000000000000000000000000000000000=
53990 354300 1141900 00795 00805 4
20100326090000 198 064 198 067 203 076 0827 184 064 195 095 0854 0000 0157 0164 0801 0157 0900 027 024 0801 048 -032 10080 10086 0801 10080 0900 0175 0211 0801 0175 0900 0203 0278 0801 0203 0900 0177 0151 0120 0103 0088 0085 0084 0110 //// 10179 ///// ///// ////
000000000000000000000000000000000000000000000000000000000000000000000000000000000000000000000000000000000000000000000000=
53991 355600 1142100 00743 00753 4
20100326090000 158 023 193 025 191 036 0820 007 026 181 076 0820 0000 0163 0173 0801 0163 0900 022 017 0802 041 -054 10083 10088 0801 10083 0900 0186 0230 0801 0186 0900 0208 0280 0801 0208 0900 0188 0162 0129 0112 0086 0085 0088 0118 //// 10175 ///// ///// ////
000000000000000000000000000000000000000000000000000000000000000000000000000000000000000000000000000000000000000000000000=
53993 355600 1145500 00516 00524 4
20100326090000 189 036 198 037 203 045 0814 175 035 211 081 0805 0000 0167 0173 0804 0167 0900 024 019 0803 046 -040 10115 10119 0801 10115 0900 0197 0233 0801 0196 0858 0215 0272 0802 0215 0900 0184 0153 0120 0099 0080 0076 0076 0108 //// 10179 ///// ///// ////
000000000000000000000000000000000000000000000000000000000000000000000000000000000000000000000000000000000000000000000000=
53889 360400 1134900 03068 03086 4
20100326090000 199 035 199 037 205 040 0858 201 025 185 064 0843 0000 0156 0166 0803 0156 0900 018 015 0801 032 -086 09802 09804 0801 09801 0848 0165 0210 0802 0164 0858 0199 0276 0801 0199 0900 0199 0189 0172 0153 0078 0076 0089 0098 //// 10176 ///// ///// ////
000000000000000000000000000000000000000000000000000000000000000000000000000000000000000000000000000000000000000000000000=
53995 353300 1143000 00625 00645 4
20100326090000 201 059 201 054 208 055 0831 206 057 203 085 0826 0000 0159 0167 0805 0159 0900 026 023 0802 047 -036 10104 10108 0807 10104 0848 0173 0223 0802 0173 0900 0205 0278 0801 0205 0900 0201 0178 0147 0122 0089 0088 0088 0116 //// 10183 ///// ///// ////
000000000000000000000000000000000000000000000000000000000000000000000000000000000000000000000000000000000000000000000000=
53898 360300 1142400 00629 00638 4
20100326090000 175 055 174 058 170 067 0822 161 046 161 111 0815 0000 0162 0169 0813 0162 0900 021 017 0808 039 -061 10094 10101 0824 10094 0859 0193 0258 0807 0193 0900 0215 0276 0801 0215 0900 0191 0165 0134 0108 0074 0077 0085 0116 //// 10173 ///// ///// ////
000000000000000000000000000000000000000000000000000000000000000000000000000000000000000000000000000000000000000000000000
150 002 000 000 //// /////////////////////CIE 002 0000 6///1 0//// 7//// 1//// 2//// 3//// /// /// /// // 911// 915// 919// 934// 939//=
NNNN
