57090 344300 1135800 00781 00802 4
20100323130000 043 012 047 012 027 015 1201 049 013 060 028 1226 0000 0106 0111 1201 0106 1300 043 038 1203 055 -015 10126 10126 1300 10116 1201 0068 0087 1203 0068 1259 0082 0091 1201 0082 1257 0103 0112 0111 0110 0099 0092 0085 0119 //// 10224 ///// ///// ////
000000000000000000000000000000000000000000000000000000000000000000000000000000000000000000000000000000000000000000000000=
57083 344300 1133900 01104 01116 4
20100323130000 060 022 048 022 040 024 1255 045 029 048 038 1255 0000 0114 0114 1300 0111 1217 032 031 1201 043 -047 10089 10089 1300 10081 1201 0063 0063 1258 0041 1215 0081 0084 1201 0078 1219 0103 0111 0113 0112 0098 0098 0102 0126 0001 10225 ///// ///// ////
000000000000000000000000000000000000000000000000000000000000000000000000000000000000000000000000000000000000000000000000
120 10- 000 /// //// //////////////////ACRCIE /// //// 6///1 0//// 7//// 1//// 2//// 3//// /// /// /// // 911// 915// 919// 934// 939//=
57086 342300 1134300 01166 01168 4
20100323130000 033 012 044 014 013 016 1228 032 012 057 021 1252 0000 0092 0097 1204 0092 1257 042 036 1202 049 -030 10083 10083 1300 10074 1208 0068 0068 1252 0056 1203 0081 0081 1300 0080 1233 0098 0107 0109 0107 0099 0095 0092 0116 //// 10226 ///// ///// ////
000000000000000000000000000000000000000000000000000000000000000000000000000000000000000000000000000000000000000000000000=
57085 343200 1132000 02599 02648 4
20100323130000 071 012 052 013 054 020 1218 085 013 052 033 1222 0000 0097 0102 1201 0097 1251 035 030 1202 042 -050 09905 09905 1259 09894 1210 0090 0092 1224 0089 1252 0078 0082 1201 0078 1228 0102 0111 0112 0109 0103 0097 0092 0121 //// 10227 ///// ///// ////
000000000000000000000000000000000000000000000000000000000000000000000000000000000000000000000000000000000000000000000000=
57081 344800 1132600 01409 01419 4
20100323130000 097 010 091 008 098 019 1237 088 016 102 031 1231 0000 0102 0104 1241 0101 1204 033 032 1249 041 -053 10054 10054 1300 10044 1211 0059 0078 1235 0055 1204 0075 0079 1201 0075 1300 0100 0110 0115 0109 0090 0092 0095 0117 //// 10228 ///// ///// ////
000000000000000000000000000000000000000000000000000000000000000000000000000000000000000000000000000000000000000000000000=
57084 343000 1130300 11784 11790 4
20100323130000 080 073 077 070 076 071 1251 085 076 089 080 1204 0000 0014 0015 1256 0013 1212 051 048 1203 034 -076 08852 08852 1300 08844 1201 0010 0011 1252 0003 1213 0006 0011 1201 0006 1300 0032 0056 0067 0068 0061 //// //// //// //// 10234 ///// ///// ////
000000000000000000000000000000000000000000000000000000000000000000000000000000000000000000000000000000000000000000000000=
57080 344400 1125800 01652 01661 4
20100323130000 111 017 118 018 118 018 1300 105 015 133 036 1255 0000 0109 0111 1201 0108 1242 027 025 1206 035 -074 10022 10023 1257 10014 1201 0094 0094 1259 0077 1241 0080 0085 1201 0080 1259 0104 0114 0115 0110 0093 0087 0087 0119 //// 10224 ///// ///// ////
000000000000000000000000000000000000000000000000000000000000000000000000000000000000000000000000000000000000000000000000=
57082 342800 1130100 04271 04284 4
20100323130000 120 014 117 015 090 025 1242 122 013 057 051 1213 0000 0089 0091 1243 0089 1300 028 025 1218 032 -086 09712 09712 1259 09702 1201 0075 0080 1242 0069 1203 0060 0061 1241 0059 1210 0083 0097 0103 0105 0098 0099 0099 //// //// 10228 ///// ///// ////
000000000000000000000000000000000000000000000000000000000000000000000000000000000000000000000000000000000000000000000000=
57295 323700 1142100 00785 00802 4
20100323130000 144 002 247 002 111 021 1201 215 003 080 042 1221 0000 0060 0062 1201 0060 1242 081 079 1205 076 0030 10130 10130 1300 10110 1206 0057 0057 1259 0052 1211 0069 0069 1201 0067 1243 0088 0094 0098 0102 0103 0103 0101 0128 //// 10230 ///// ///// ////
000000000000000000000000000000000000000000000000000000000000000000000000000000000000000000000000000000000000000000000000=
57189 330800 1135700 00646 00655 4
20100323130000 000 000 000 000 128 005 1220 271 000 122 007 1212 0000 0076 0077 1240 0075 1214 091 089 1216 095 0062 10146 10146 1300 10133 1201 0073 0074 1239 0069 1206 0083 0084 1241 0082 1256 0095 0100 0103 0105 0099 0097 0097 0122 //// 10227 ///// ///// ////
000000000000000000000000000000000000000000000000000000000000000000000000000000000000000000000000000000000000000000000000=
57194 331700 1141600 00598 00609 4
20100323130000 345 003 000 000 193 016 1201 353 003 175 019 1203 0000 0078 0081 1204 0078 1300 086 083 1201 091 0056 10149 10149 1259 10137 1201 0067 0075 1201 0067 1250 0080 0082 1220 0080 1258 0094 0100 0102 0102 0096 0096 0097 0126 //// 10225 ///// ///// ////
000000000000000000000000000000000000000000000000000000000000000000000000000000000000000000000000000000000000000000000000=
57294 325000 1140100 00836 00846 4
20100323130000 170 010 164 015 112 023 1235 156 008 125 035 1227 0000 0068 0071 1201 0068 1258 093 092 1201 092 0057 10121 10121 1259 10103 1205 0068 0071 1230 0066 1212 0072 0074 1201 0072 1300 0085 0094 0099 0101 0103 0108 0101 0118 //// 10226 ///// ///// ////
000000000000000000000000000000000000000000000000000000000000000000000000000000000000000000000000000000000000000000000000=
57292 325800 1143800 00444 00453 4
20100323130000 062 005 059 005 152 025 1201 054 000 128 043 1201 0000 0063 0066 1201 0063 1300 085 084 1243 081 0040 10169 10169 1258 10157 1201 0057 0062 1201 0056 1254 0068 0070 1201 0067 1220 0084 0095 0100 0105 0105 0105 0104 0133 //// 10225 ///// ///// ////
000000000000000000000000000000000000000000000000000000000000000000000000000000000000000000000000000000000000000000000000=
57195 333700 1143700 00466 00476 4
20100323130000 266 009 261 009 229 012 1220 276 005 189 023 1219 0001 0089 0092 1201 0089 1300 080 079 1201 091 0056 10169 10169 1300 10157 1203 0083 0087 1201 0083 1300 0083 0086 1201 0083 1300 0094 0104 0109 0109 0103 0098 0101 0142 //// 10228 ///// ///// ////
000000000000000000000000000000000000000000000000000000000000000000000000000000000000000000000000000000000100000000000000=
57193 334700 1143100 00526 00541 4
20100323130000 172 009 184 006 184 006 1300 181 012 257 014 1237 0000 0094 0096 1203 0094 1300 078 077 1201 092 0058 10160 10162 1254 10151 1201 0081 0085 1201 0081 1300 0090 0093 1204 0090 1300 0104 0109 0111 0111 0105 0101 0104 0131 //// 10227 ///// ///// ////
000000000000000000000000000000000000000000000000000000000000000000000000000000000000000000000000000000000000000000000000=
57099 340400 1145100 00526 00536 4
20100323130000 130 008 152 006 152 008 1227 113 010 194 014 1213 0000 0098 0102 1201 0098 1300 076 072 1201 092 0058 10163 10164 1254 10152 1201 0075 0087 1214 0075 1300 0082 0090 1201 0082 1300 0099 0105 0104 0103 0100 0094 0097 0131 //// 10229 ///// ///// ////
000000000000000000000000000000000000000000000000000000000000000000000000000000000000000000000000000000000000000000000000=
58101 335200 1152900 00413 00428 4
20100323130000 105 010 122 006 164 012 1239 102 010 167 018 1235 0000 0082 0086 1218 0082 1300 084 080 1240 091 0057 10176 10178 1254 10162 1201 0071 0080 1214 0071 1300 0075 0080 1201 0075 1300 0096 0099 0101 0101 0100 0098 0098 0131 //// 10229 ///// ///// ////
000000000000000000000000000000000000000000000000000000000000000000000000000000000000000000000000000000000000000000000000=
57098 340500 1142400 00583 00593 4
20100323130000 171 005 202 005 233 009 1246 144 005 239 011 1241 0000 0094 0099 1201 0094 1300 074 066 1206 087 0050 10151 10152 1257 10143 1217 0080 0082 1211 0078 1239 0090 0094 1201 0090 1300 0098 0104 0106 0107 0101 0095 0096 0129 //// 10224 ///// ///// ////
000000000000000000000000000000000000000000000000000000000000000000000000000000000000000000000000000000000000000000000000=
57182 335100 1133000 00805 00814 4
20100323130000 188 002 177 004 216 007 1222 200 000 231 010 1220 0000 0093 0097 1224 0093 1300 062 059 1205 073 0024 10123 10123 1300 10116 1201 0075 0083 1220 0074 1202 0085 0088 1201 0085 1245 0103 0113 0116 0113 0108 0104 0106 0139 //// 10223 ///// ///// ////
000000000000000000000000000000000000000000000000000000000000000000000000000000000000000000000000000000000000000000000000=
57390 314800 1140400 07335 07347 4
20100323130000 049 082 048 087 048 087 1300 055 036 017 196 1248 0000 0010 0010 1300 0009 1201 100 100 1300 066 0010 09317 09323 1218 09314 1257 0013 0013 1253 0011 1201 0017 0019 1207 0017 1300 0032 0045 0058 0069 0089 0094 //// //// //// 10203 ///// ///// ///
000000000000000000000000000000000000000000000000000000000000000000000000000000000000000000000000000000000000000000000000=
58207 321000 1150300 00428 00440 4
20100323130000 076 044 075 050 071 061 1241 068 041 076 091 1240 0000 0063 0063 1300 0062 1201 083 082 1230 079 0036 10165 10165 1300 10150 1237 0055 0055 1300 0053 1201 0069 0070 1201 0069 1258 0055 0081 0089 0096 0112 0114 0111 0138 //// 10220 ///// ///// ////
000000000000000000000000000000000000000000000000000000000000000000000000000000000000000000000000000000000000000000000000=
58208 321000 1153700 00429 00439 4
20100323130000 081 030 079 029 086 036 1201 132 021 064 059 1236 0000 0060 0060 1300 0059 1201 080 078 1238 075 0028 10166 10173 1242 10159 1201 0054 0055 1249 0054 1201 0060 0060 1248 0059 1201 0070 0083 0091 0100 0111 0113 0111 0139 //// 10221 ///// ///// ////
000000000000000000000000000000000000000000000000000000000000000000000000000000000000000000000000000000000000000000000000=
53997 350900 1141100 00711 00723 4
20100323130000 104 025 105 023 105 023 1300 132 028 079 035 1209 0000 0109 0113 1201 0109 1300 040 035 1201 052 -022 10138 10138 1300 10127 1201 0083 0083 1300 0068 1201 0089 0089 1201 0088 1221 0108 0117 0117 0113 0093 0092 0096 0124 //// 10227 ///// ///// ////
000000000000000000000000000000000000000000000000000000000000000000000000000000000000000000000000000000000000000000000000=
53986 351900 1135300 00732 00740 4
20100323130000 000 000 000 000 101 010 1201 040 000 122 013 1204 0000 0105 0112 1203 0105 1300 046 038 1201 058 -006 10136 10136 1300 10127 1208 0064 0095 1201 0064 1300 0080 0090 1201 0080 1300 0107 0114 0115 0113 0097 0093 0097 0128 //// 10227 ///// ///// ////
000000000000000000000000000000000000000000000000000000000000000000000000000000000000000000000000000000000000000000000000=
53994 352300 1140400 00700 00712 4
20100323130000 101 010 102 009 110 013 1205 088 010 085 017 1239 0000 0110 0113 1201 0110 1300 040 038 1202 052 -021 10138 10138 1300 10129 1201 0088 0097 1201 0080 1232 0082 0092 1201 0082 1255 0110 0120 0120 0111 0092 0088 0093 0127 //// 10225 ///// ///// ////
000000000000000000000000000000000000000000000000000000000000000000000000000000000000000000000000000000000000000000000000=
53988 351600 1134000 00776 00784 4
20100323130000 147 010 143 008 118 015 1201 138 012 119 018 1222 0000 0104 0110 1201 0104 1300 040 034 1201 050 -026 10125 10125 1300 10116 1201 0054 0073 1201 0054 1300 0083 0092 1201 0083 1300 0114 0124 0122 0117 0091 0091 0098 0126 //// 10221 ///// ///// ////
000000000000000000000000000000000000000000000000000000000000000000000000000000000000000000000000000000000000000000000000=
57051 344800 1111200 04099 04117 4
20100323130000 097 030 099 035 099 035 1259 108 024 102 066 1258 0000 0095 0098 1201 0095 1240 031 031 1300 037 -068 09724 09724 1300 09711 1217 0085 0086 1201 0081 1232 0086 0089 1201 0085 1224 0104 0112 0113 0110 0092 0086 0085 0114 //// 10220 ///// ///// ////
000000000000000000000000000000000000000000000000000000000000000000000000000000000000000000000000000000000000000000000000=
57063 344600 1114600 05236 05236 4
20100323130000 065 006 076 009 080 019 1207 074 004 077 024 1202 0000 0066 0073 1202 0066 1300 041 037 1202 040 -057 09595 09595 1300 09590 1201 0029 0057 1214 0029 1300 0052 0063 1216 0052 1300 0083 0091 0091 0088 0075 0076 0082 0110 //// 10226 ///// ///// ////
000000000000000000000000000000000000000000000000000000000000000000000000000000000000000000000000000000000000000000000000=
57067 340300 1110200 05688 05699 4
20100323130000 000 000 209 005 144 012 1239 021 000 181 022 1237 0000 0062 0064 1201 0062 1300 070 069 1213 066 0011 09531 09532 1206 09526 1236 0068 0071 1238 0066 1203 0073 0080 1201 0073 1300 0090 0096 0095 0097 0092 0098 0094 0122 //// 10221 ///// ///// ////
000000000000000000000000000000000000000000000000000000000000000000000000000000000000000000000000000000000000000000000000=
57056 343200 1105300 03904 03909 4
20100323130000 137 018 145 020 134 035 1217 133 018 133 060 1211 0000 0101 0106 1203 0101 1300 032 030 1251 040 -058 09746 09746 1300 09730 1231 0086 0094 1204 0086 1300 0090 0099 1201 0090 1300 0106 0113 0111 0108 0090 0089 0091 0118 //// 10217 ///// ///// ////
000000000000000000000000000000000000000000000000000000000000000000000000000000000000000000000000000000000000000000000000=
58007 340400 1151800 00472 00532 4
20100323130000 158 004 146 006 152 011 1227 147 003 156 019 1205 0000 0090 0097 1201 0090 1300 080 076 1201 092 0057 10163 10163 1257 10151 1201 0075 0087 1210 0071 1254 0082 0091 1211 0082 1300 0102 0108 0109 0107 0103 0099 0101 0131 //// 10229 ///// ///// ////
000000000000000000000000000000000000000000000000000000000000000000000000000000000000000000000000000000000000000000000000=
58006 342300 1155300 00463 00506 4
20100323130000 000 000 000 000 092 010 1201 085 000 097 013 1203 0000 0078 0084 1201 0077 1228 064 062 1201 068 0014 10174 10174 1259 10158 1201 0053 0058 1244 0039 1211 0070 0071 1246 0068 1216 0088 0100 0104 0104 0094 0092 0096 0127 //// 10237 ///// ///// ////
000000000000000000000000000000000000000000000000000000000000000000000000000000000000000000000000000000000000000000000000=
58111 335800 1162700 00325 00325 4
20100323130000 086 015 092 015 079 024 1224 080 023 063 040 1224 0000 0084 0088 1201 0084 1300 064 061 1201 071 0020 10194 10194 1300 10176 1201 0064 0067 1243 0059 1205 0069 0071 1201 0069 1255 0084 0092 0096 0098 0097 0097 0103 0138 //// 10234 ///// ///// ////
000000000000000000000000000000000000000000000000000000000000000000000000000000000000000000000000000000000000000000000000=
58017 341500 1160800 00410 00420 4
20100323130000 109 017 092 012 100 014 1221 122 014 108 026 1258 0000 0086 0092 1202 0085 1253 066 062 1201 074 0026 10177 10179 1248 10164 1202 0067 0074 1219 0056 1248 0069 0072 1202 0069 1243 0089 0098 0101 0103 0099 0096 0101 0128 //// 10229 ///// ///// ////
000000000000000000000000000000000000000000000000000000000000000000000000000000000000000000000000000000000000000000000000=
58001 342600 1150600 00563 00569 4
20100323130000 106 016 111 016 122 021 1212 097 016 102 030 1208 0000 0091 0097 1209 0091 1300 063 058 1208 073 0024 10157 10157 1300 10148 1209 0081 0087 1221 0080 1249 0076 0082 1201 0076 1242 0089 0096 0099 0097 0090 0086 0093 0126 //// 10227 ///// ///// ////
000000000000000000000000000000000000000000000000000000000000000000000000000000000000000000000000000000000000000000000000=
58005 342700 1154000 00501 00511 4
20100323130000 111 011 100 010 096 018 1203 102 011 107 025 1201 0000 0083 0090 1201 0083 1300 063 059 1201 069 0017 10167 10167 1300 10151 1201 0043 0061 1201 0043 1300 0068 0073 1230 0068 1300 0092 0103 0104 0103 0098 0095 0102 0132 0001 10230 ///// ///// ////
000000000000000000000000000000000000000000000000000000000000000000000000000000000000000000000000000000000000000000000000
140 010 000 /// //// /////////////////////CSI /// //// 6///1 0//// 7//// 1//// 2//// 3//// /// /// /// // 911// 915// 919// 934// 939//=
58008 342800 1152000 00544 00592 4
20100323130000 089 013 091 011 100 018 1238 080 011 102 027 1216 0000 0086 0091 1223 0086 1300 061 057 1222 068 0015 10155 10157 1255 10147 1202 0048 0075 1225 0048 1300 0070 0080 1217 0070 1258 0085 0094 0098 0098 0094 0093 0097 0129 //// 10228 ///// ///// ////
000000000000000000000000000000000000000000000000000000000000000000000000000000000000000000000000000000000000000000000000=
58004 343900 1150900 00606 00616 4
20100323130000 110 014 116 014 119 015 1252 111 018 116 029 1245 0000 0095 0101 1201 0095 1259 056 054 1203 066 0012 10149 10149 1300 10141 1201 0083 0083 1300 0071 1203 0081 0082 1252 0080 1210 0097 0110 0109 0108 0101 0097 0100 0127 //// 10225 ///// ///// ////
000000000000000000000000000000000000000000000000000000000000000000000000000000000000000000000000000000000000000000000000=
54817 355900 1155200 00421 00434 4
20100323130000 045 009 052 011 043 013 1249 049 008 040 016 1241 0000 0076 0092 1201 0076 1300 066 047 1210 069 0017 10176 10176 1240 10165 1201 0059 0059 1209 0053 1222 0063 0069 1201 0063 1256 0087 0098 0100 0093 0080 0075 0087 0117 //// 10230 ///// ///// ////
000000000000000000000000000000000000000000000000000000000000000000000000000000000000000000000000000000000000000000000000=
54902 355400 1150700 00495 00499 4
20100323130000 090 005 092 005 070 007 1226 105 004 083 012 1212 0000 0092 0093 1201 0090 1225 051 049 1256 059 -004 10164 10164 1300 10157 1201 0062 0069 1234 0055 1218 0079 0080 1237 0079 1201 0103 0111 0109 0102 0080 0071 0079 0111 //// 10226 ///// ///// ////
000000000000000000000000000000000000000000000000000000000000000000000000000000000000000000000000000000000000000000000000=
54900 354200 1150100 00537 00541 4
20100323130000 112 013 106 013 097 013 1254 116 011 102 022 1246 0000 0105 0107 1201 0102 1231 044 040 1246 056 -012 10159 10159 1300 10151 1206 0067 0068 1249 0058 1218 0082 0084 1204 0082 1259 0106 0114 0111 0104 0087 0079 0082 0110 //// 10226 ///// ///// ////
000000000000000000000000000000000000000000000000000000000000000000000000000000000000000000000000000000000000000000000000=
54901 360500 1151000 00475 00478 4
20100323130000 111 019 114 019 105 020 1234 111 017 099 029 1241 0000 0101 0111 1222 0101 1257 034 026 1219 042 -050 10167 10167 1252 10159 1202 0088 0097 1219 0086 1256 0078 0080 1221 0078 1300 0095 0104 0104 0099 0085 0077 0075 0105 //// 10226 ///// ///// ////
000000000000000000000000000000000000000000000000000000000000000000000000000000000000000000000000000000000000000000000000=
54903 355100 1152900 00457 00506 4
20100323130000 079 005 078 009 075 009 1259 077 000 083 018 1257 0000 0105 0106 1201 0097 1226 036 036 1259 046 -039 10165 10166 1253 10155 1202 0093 0093 1300 0065 1208 0076 0076 1259 0072 1208 0095 0104 0103 0097 0082 0077 0089 0114 //// 10227 ///// ///// ////
000000000000000000000000000000000000000000000000000000000000000000000000000000000000000000000000000000000000000000000000=
57184 333800 1132200 00834 00847 4
20100323130000 153 008 149 010 160 012 1245 166 008 158 017 1236 0000 0092 0094 1201 0092 1300 082 079 1218 095 0063 10116 10117 1256 10110 1201 0088 0090 1236 0088 1222 0093 0096 1206 0093 1300 0108 0116 0117 0117 0101 0101 0102 0129 //// 10220 ///// ///// ////
000000000000000000000000000000000000000000000000000000000000000000000000000000000000000000000000000000000000000000000000=
57177 332000 1133200 00898 00913 4
20100323130000 116 009 093 010 075 010 1201 121 009 085 012 1229 0000 0079 0080 1201 0079 1300 086 082 1235 092 0057 10113 10113 1300 10104 1201 0075 0077 1203 0075 1249 0087 0090 1207 0087 1300 0080 0104 0100 0110 0106 0104 0103 0121 //// 10226 ///// ///// ////
000000000000000000000000000000000000000000000000000000000000000000000000000000000000000000000000000000000000000000000000=
57075 341000 1125200 02031 02043 4
20100323130000 319 010 273 008 182 016 1218 324 010 166 018 1213 0000 0086 0093 1207 0086 1300 071 058 1201 079 0036 09980 09980 1300 09970 1201 0076 0080 1203 0075 1256 0079 0086 1201 0079 1300 0099 0108 0111 0109 0105 0102 0094 0117 //// 10230 ///// ///// ////
000000000000000000000000000000000000000000000000000000000000000000000000000000000000000000000000000000000000000000000000=
57173 334500 1125300 01457 01468 4
20100323130000 014 016 013 016 013 016 1300 015 015 359 019 1257 0000 0088 0092 1213 0088 1300 068 058 1211 077 0032 10042 10042 1300 10037 1201 0081 0081 1233 0079 1221 0081 0085 1211 0081 1300 0101 0110 0114 0111 0105 0102 0103 0134 //// 10223 ///// ///// ////
000000000000000000000000000000000000000000000000000000000000000000000000000000000000000000000000000000000000000000000000=
57180 335900 1131200 01175 01186 4
20100323130000 055 009 066 008 100 008 1226 043 008 105 011 1221 0000 0090 0095 1201 0090 1300 074 058 1208 085 0046 10076 10077 1234 10072 1201 0074 0077 1202 0074 1245 0081 0083 1201 0081 1300 0096 0106 0110 0109 0100 0098 0100 0130 //// 10222 ///// ///// ////
000000000000000000000000000000000000000000000000000000000000000000000000000000000000000000000000000000000000000000000000=
57181 335300 1130300 01364 01380 4
20100323130000 047 009 049 009 049 009 1300 046 010 046 010 1300 0000 0086 0089 1222 0084 1249 073 068 1218 082 0040 10057 10057 1300 10050 1206 0077 0078 1258 0073 1201 0084 0086 1205 0084 1258 0099 0109 0114 0113 0103 0100 0101 0129 //// 10227 ///// ///// ////
000000000000000000000000000000000000000000000000000000000000000000000000000000000000000000000000000000000000000000000000=
57171 334600 1130700 01420 01430 4
20100323130000 030 021 029 020 323 021 1202 028 020 344 026 1202 0000 0093 0096 1201 0093 1300 068 064 1215 080 0037 10043 10044 1231 10038 1206 0087 0091 1201 0087 1300 0083 0088 1201 0083 1300 0100 0109 0113 0114 0112 0114 0112 0124 //// 10219 ///// ///// ////
000000000000000000000000000000000000000000000000000000000000000000000000000000000000000000000000000000000000000000000000=
57175 330300 1121400 01914 01922 4
20100323130000 000 000 058 003 251 015 1206 226 000 271 021 1206 0000 0081 0085 1201 0081 1254 087 082 1203 094 0061 09987 09987 1300 09980 1231 0073 0074 1241 0070 1213 0084 0085 1201 0084 1258 0102 0113 0119 0119 0110 0108 0109 0138 //// 10223 ///// ///// ////
000000000000000000000000000000000000000000000000000000000000000000000000000000000000000000000000000000000000000000000000=
57156 331800 1113000 02503 02523 4
20100323130000 260 013 265 010 292 019 1234 254 015 293 037 1234 0000 0082 0086 1201 0082 1300 072 069 1206 078 0035 09912 09912 1300 09905 1201 0072 0073 1205 0071 1236 0074 0078 1201 0074 1257 0094 0101 0107 0109 0106 0112 0116 0142 //// 10222 ///// ///// ////
000000000000000000000000000000000000000000000000000000000000000000000000000000000000000000000000000000000000000000000000=
57271 323300 1122300 00879 00897 4
20100323130000 348 015 002 011 348 016 1201 353 023 353 027 1202 0000 0084 0086 1204 0083 1245 081 079 1201 089 0053 10110 10110 1300 10100 1218 0075 0075 1226 0074 1242 0080 0081 1201 0080 1257 0095 0105 0112 0116 0107 0107 0112 0139 //// 10221 ///// ///// ////
000000000000000000000000000000000000000000000000000000000000000000000000000000000000000000000000000000000000000000000000=
57261 330700 1113100 02330 02345 4
20100323130000 285 006 301 006 186 011 1235 310 005 194 014 1228 0000 0082 0084 1201 0082 1300 085 078 1201 092 0058 09926 09926 1300 09918 1201 0078 0080 1201 0077 1247 0084 0086 1201 0083 1237 0097 0106 0110 0112 0120 0123 0126 //// //// 10214 ///// ///// ////
000000000000000000000000000000000000000000000000000000000000000000000000000000000000000000000000000000000000000000000000=
57285 322300 1132500 01530 01492 4
20100323130000 053 012 060 012 056 024 1229 049 013 066 041 1219 0000 0070 0072 1217 0070 1240 081 080 1222 081 0040 10041 10041 1300 10035 1201 0065 0066 1213 0064 1236 0073 0074 1215 0072 1239 0087 0096 0102 0107 0109 0109 0108 0135 //// ///// ///// ///// ////
////////////////////////////////////////////////////////////////////////////////////////////////////////////////////////=
57273 324100 1125100 01095 01105 4
20100323130000 072 017 072 021 072 021 1300 057 018 077 032 1257 0000 0074 0080 1216 0074 1256 083 077 1218 085 0047 10080 10084 1205 10079 1254 0070 0072 1216 0070 1300 0081 0084 1206 0081 1300 0097 0106 0111 0115 0114 0112 0110 0136 //// 10217 ///// ///// ////
000000000000000000000000000000000000000000000000000000000000000000000000000000000000000000000000000000000000000000000000=
57187 330400 1125600 01180 01193 4
20100323130000 339 001 342 004 276 010 1238 338 000 276 012 1236 0000 0083 0085 1201 0082 1234 084 082 1201 092 0058 10065 10065 1300 10063 1201 0078 0079 1207 0077 1245 0089 0091 1201 0089 1252 0101 0104 0113 0115 0117 0112 0108 0132 //// 10212 ///// ///// ////
000000000000000000000000000000000000000000000000000000000000000000000000000000000000000000000000000000000000000000000000=
57178 330200 1123500 01292 01305 4
20100323130000 073 009 078 008 082 012 1229 088 010 074 015 1226 0000 0085 0087 1201 0085 1300 082 078 1206 091 0056 10059 10060 1214 10057 1201 0076 0079 1201 0076 1209 0089 0091 1205 0089 1254 0101 0109 0110 0110 0113 0109 0108 0133 0000 10220 ///// ///// ////
000000000000000000000000000000000000000000000000000000000000000000000000000000000000000000000000000000000000000000000000
080 010 000 /// //// /////////////////////ACP /// //// 6///1 0//// 7//// 1//// 2//// 3//// /// /// /// // 911// 915// 919// 934// 939//=
57169 330300 1115200 01591 01600 4
20100323130000 062 003 034 003 068 015 1217 091 004 071 019 1213 0000 0086 0086 1255 0083 1221 090 090 1258 100 0071 10024 10025 1256 10015 1224 0086 0089 1201 0085 1257 0088 0091 1203 0088 1300 0104 0112 0116 0116 0108 0106 0107 0133 //// 10221 ///// ///// ////
000000000000000000000000000000000000000000000000000000000000000000000000000000000000000000000000000000000000000000000000=
57176 332900 1122500 02311 02304 4
20100323130000 171 008 145 005 173 014 1220 189 006 170 019 1217 0000 0091 0092 1215 0091 1252 078 075 1202 090 0055 09942 09942 1300 09937 1202 0083 0087 1206 0083 1258 0092 0093 1201 0091 1238 0107 0115 0118 0119 0114 0114 0111 0130 //// 10224 ///// ///// ////
000000000000000000000000000000000000000000000000000000000000000000000000000000000000000000000000000000000000000000000000=
57179 331700 1130000 01604 01616 4
20100323130000 092 013 080 014 032 015 1215 105 010 046 020 1213 0000 0084 0084 1300 0083 1203 086 086 1201 095 0062 10022 10024 1247 10018 1201 0072 0072 1300 0069 1201 0083 0085 1237 0083 1300 0097 0104 0107 0108 0105 0103 0104 0132 //// 10221 ///// ///// ////
000000000000000000000000000000000000000000000000000000000000000000000000000000000000000000000000000000000000000000000000=
57274 324200 1120700 01076 01088 4
20100323130000 281 005 310 003 020 006 1221 263 006 032 011 1216 0000 0082 0086 1201 0082 1258 080 073 1201 087 0050 10089 10089 1300 10075 1201 0078 0079 1211 0078 1300 0089 0091 1201 0089 1259 0104 0111 0118 0122 0121 0118 0114 0140 //// 10223 ///// ///// ////
000000000000000000000000000000000000000000000000000000000000000000000000000000000000000000000000000000000000000000000000=
57065 343000 1121100 01949 01964 4
20100323130000 091 011 078 010 078 010 1300 097 013 097 015 1259 0000 0096 0096 1203 0093 1214 047 045 1253 056 -012 09981 09982 1243 09975 1213 0075 0078 1237 0075 1300 0078 0084 1223 0078 1300 0106 0115 0116 0114 0101 0103 0109 0138 //// 10221 ///// ///// ////
000000000000000000000000000000000000000000000000000000000000000000000000000000000000000000000000000000000000000000000000=
57074 342500 1122500 01973 01989 4
20100323130000 150 007 131 005 307 009 1201 170 014 170 014 1300 0000 0101 0108 1201 0101 1300 064 054 1201 079 0036 09980 09981 1255 09973 1201 0084 0091 1201 0082 1248 0085 0087 1209 0085 1300 0105 0114 0115 0113 0105 0103 0101 0125 //// 10223 ///// ///// ////
000000000000000000000000000000000000000000000000000000000000000000000000000000000000000000000000000000000000000000000000=
57076 344400 1124700 01895 01901 4
20100323130000 068 039 070 037 071 039 1206 063 038 082 051 1201 0000 0100 0105 1201 0100 1300 033 030 1201 040 -055 09989 09989 1300 09981 1201 0088 0096 1225 0088 1300 0070 0078 1201 0070 1259 0090 0101 0103 0101 0092 0088 0088 0120 //// 10221 ///// ///// ////
000000000000000000000000000000000000000000000000000000000000000000000000000000000000000000000000000000000000000000000000=
57070 344400 1120700 03640 03595 4
20100323130000 065 019 064 019 021 023 1219 054 025 077 031 1255 0000 0086 0090 1201 0086 1300 039 036 1239 044 -046 09786 09787 1247 09779 1203 0074 0079 1204 0071 1225 0063 0073 1201 0063 1231 0091 0102 0103 0099 0093 0091 0094 0122 //// 10222 ///// ///// ////
000000000000000000000000000000000000000000000000000000000000000000000000000000000000000000000000000000000000000000000000=
57162 340900 1120500 03258 03275 4
20100323130000 227 001 233 000 232 010 1231 237 000 282 014 1230 0000 0088 0092 1202 0088 1300 050 045 1213 057 -010 09824 09826 1227 09821 1201 0065 0080 1202 0065 1300 0072 0072 1249 0070 1223 0088 0098 0102 0103 0097 0097 0100 0132 //// 10223 ///// ///// ////
000000000000000000000000000000000000000000000000000000000000000000000000000000000000000000000000000000000000000000000000=
57078 340900 1122800 03365 03340 4
20100323130000 049 003 146 005 340 012 1219 054 004 316 018 1215 0000 0088 0089 1234 0087 1219 055 045 1233 062 0003 09819 09819 1250 09811 1210 0061 0069 1201 0061 1248 0065 0070 1201 0065 1300 0085 0096 0100 0100 0098 0097 0096 0118 //// 10225 ///// ///// ////
000000000000000000000000000000000000000000000000000000000000000000000000000000000000000000000000000000000000000000000000=
57071 344900 1122600 03333 03332 4
20100323130000 009 022 016 021 357 033 1223 032 023 338 052 1215 0000 0089 0093 1201 0089 1300 035 031 1215 040 -057 09821 09822 1257 09814 1202 0078 0082 1226 0076 1205 0065 0070 1201 0065 1300 0092 0103 0105 0102 0092 0088 0090 0119 //// 10225 ///// ///// ////
000000000000000000000000000000000000000000000000000000000000000000000000000000000000000000000000000000000000000000000000=
57066 342300 1114000 03283 03298 4
20100323130000 091 011 098 010 108 012 1252 102 007 097 027 1235 0000 0094 0098 1202 0094 1300 044 041 1204 052 -022 09816 09819 1219 09813 1247 0074 0082 1205 0073 1256 0067 0079 1201 0067 1255 0093 0102 0104 0100 0094 0091 0089 0116 //// 10217 ///// ///// ////
000000000000000000000000000000000000000000000000000000000000000000000000000000000000000000000000000000000000000000000000=
57077 334700 1113900 07424 07388 4
20100323130000 068 023 052 031 044 036 1257 074 021 026 061 1248 0000 0053 0055 1212 0051 1249 062 061 1259 055 -014 09347 09349 1246 09344 1201 0034 0043 1235 0034 1300 0040 0050 1201 0040 1300 0058 0065 0068 0071 0086 0088 0090 0116 //// 10235 ///// ///// ////
000000000000000000000000000000000000000000000000000000000000000000000000000000000000000000000000000000000000000000000000=
57183 334800 1135500 00600 00615 4
20100323130000 215 013 205 008 243 015 1231 226 012 243 021 1228 0000 0089 0092 1214 0089 1257 087 084 1210 099 0069 10145 10148 1250 10137 1202 0079 0081 1231 0079 1300 0093 0098 1201 0093 1300 0106 0111 0113 0112 0104 0099 0096 0123 //// 10221 ///// ///// ////
000000000000000000000000000000000000000000000000000000000000000000000000000000000000000000000000000000000000000000000000=
57186 333600 1140300 00587 00598 4
20100323130000 263 010 256 010 217 017 1221 271 011 243 021 1238 0000 0088 0089 1229 0084 1201 084 082 1227 095 0062 10151 10152 1246 10139 1201 0077 0080 1248 0071 1203 0091 0093 1212 0091 1251 0105 0113 0113 0113 0106 0102 0101 0134 //// 10225 ///// ///// ////
000000000000000000000000000000000000000000000000000000000000000000000000000000000000000000000000000000000000000000000000=
57191 342900 1142900 00634 00642 4
20100323130000 107 009 090 009 090 009 1300 125 008 049 016 1252 0000 0103 0105 1201 0102 1248 057 056 1201 071 0022 10147 10148 1249 10138 1210 0091 0093 1203 0089 1239 0081 0082 1213 0081 1300 0093 0098 0100 0099 0096 0092 0094 0125 //// 10226 ///// ///// ////
000000000000000000000000000000000000000000000000000000000000000000000000000000000000000000000000000000000000000000000000=
57096 343200 1144700 00597 00607 4
20100323130000 141 018 137 018 117 020 1246 141 020 113 029 1243 0000 0098 0100 1201 0098 1300 058 056 1201 070 0019 10149 10149 1300 10139 1202 0088 0090 1248 0074 1204 0081 0081 1231 0079 1205 0099 0109 0110 0107 0102 0098 0100 0128 //// 10224 ///// ///// ////
000000000000000000000000000000000000000000000000000000000000000000000000000000000000000000000000000000000000000000000000=
57091 344700 1141800 00737 00748 4
20100323130000 087 017 089 017 083 021 1206 079 016 082 033 1201 0000 0109 0113 1201 0109 1300 047 045 1201 061 0000 10135 10135 1300 10123 1201 0079 0091 1201 0075 1250 0084 0094 1201 0084 1249 0107 0113 0113 0103 0102 0100 0100 0123 //// 10227 ///// ///// ////
000000000000000000000000000000000000000000000000000000000000000000000000000000000000000000000000000000000000000000000000=
53978 350500 1123800 01401 01409 4
20100323130000 096 014 084 015 070 017 1214 094 013 071 023 1213 0000 0102 0106 1216 0101 1250 036 033 1209 045 -042 10050 10052 1256 10043 1201 0074 0076 1220 0060 1248 0082 0090 1201 0081 1246 0107 0117 0117 0115 0093 0091 0095 0125 //// 10222 ///// ///// ////
000000000000000000000000000000000000000000000000000000000000000000000000000000000000000000000000000000000000000000000000=
53984 351400 1132800 00827 00837 4
20100323130000 334 008 348 009 342 016 1244 341 008 344 021 1240 0000 0090 0098 1224 0090 1300 051 041 1230 059 -006 10122 10122 1300 10116 1205 0064 0074 1202 0063 1257 0082 0086 1222 0082 1300 0107 0114 0111 0109 0096 0094 0094 0120 //// 10225 ///// ///// ////
000000000000000000000000000000000000000000000000000000000000000000000000000000000000000000000000000000000000000000000000=
53987 350600 1132500 00910 00918 4
20100323130000 043 003 016 003 150 011 1201 052 002 066 009 1243 0000 0102 0102 1256 0098 1229 045 042 1210 056 -012 10114 10115 1257 10107 1221 0074 0077 1257 0069 1220 0087 0093 1201 0087 1300 0108 0116 0118 0116 0100 0097 0099 0127 //// 10227 ///// ///// ////
000000000000000000000000000000000000000000000000000000000000000000000000000000000000000000000000000000000000000000000000=
57079 345700 1130200 01064 01069 4
20100323130000 055 013 043 014 031 017 1205 066 013 032 020 1203 0000 0093 0101 1202 0090 1242 052 044 1201 061 0000 10091 10091 1300 10083 1203 0069 0083 1204 0066 1242 0071 0081 1201 0071 1300 0101 0108 0109 0107 0098 0095 0093 0119 //// 10222 ///// ///// ////
000000000000000000000000000000000000000000000000000000000000000000000000000000000000000000000000000000000000000000000000=
57072 345500 1124500 01275 01285 4
20100323130000 047 012 054 011 060 014 1232 037 012 074 020 1210 0000 0092 0096 1201 0092 1300 044 040 1214 051 -024 10068 10068 1300 10058 1201 0067 0077 1201 0062 1254 0070 0072 1201 0068 1224 0092 0105 0107 0104 0089 0086 0085 0113 //// 10226 ///// ///// ////
000000000000000000000000000000000000000000000000000000000000000000000000000000000000000000000000000000000000000000000000=
53982 351400 1131600 01120 01135 4
20100323130000 112 009 097 009 091 009 1248 110 009 107 014 1245 0000 0112 0115 1233 0112 1300 033 030 1207 044 -045 10085 10085 1300 10078 1201 0081 0088 1202 0081 1300 0089 0098 1201 0089 1300 0115 0122 0122 0118 0099 0097 0099 0131 //// 10224 ///// ///// ////
000000000000000000000000000000000000000000000000000000000000000000000000000000000000000000000000000000000000000000000000=
53979 350900 1130500 01200 01211 4
20100323130000 076 000 076 006 041 014 1230 098 003 053 020 1227 0000 0104 0107 1237 0103 1215 038 033 1237 048 -033 10081 10081 1300 10072 1201 0072 0091 1232 0072 1300 0069 0080 1201 0068 1258 0107 0116 0119 0114 0098 0098 0103 0132 //// 10229 ///// ///// ////
000000000000000000000000000000000000000000000000000000000000000000000000000000000000000000000000000000000000000000000000=
53974 353700 1141100 00723 00739 4
20100323130000 337 010 347 009 089 013 1202 347 010 097 018 1201 0000 0111 0116 1217 0111 1249 033 029 1210 044 -046 10137 10137 1300 10129 1209 0076 0083 1204 0072 1251 0093 0095 1201 0093 1300 0114 0123 0123 0117 0091 0089 0096 0124 //// 10228 ///// ///// ////
000000000000000000000000000000000000000000000000000000000000000000000000000000000000000000000000000000000000000000000000=
53990 354300 1141900 00795 00805 4
20100323130000 108 016 108 014 115 023 1228 110 016 116 028 1222 0000 0094 0098 1234 0088 1206 051 045 1230 060 -002 10129 10129 1300 10120 1201 0085 0093 1231 0080 1208 0085 0086 1201 0084 1210 0110 0117 0112 0107 0090 0082 0081 0111 //// 10228 ///// ///// ////
000000000000000000000000000000000000000000000000000000000000000000000000000000000000000000000000000000000000000000000000=
53993 355600 1145500 00516 00524 4
20100323130000 117 014 118 015 122 018 1254 096 014 120 025 1254 0000 0102 0102 1300 0097 1218 041 039 1201 051 -025 10161 10161 1300 10155 1201 0090 0092 1251 0080 1224 0078 0082 1211 0078 1300 0097 0105 0103 0096 0082 0073 0073 0108 //// 10226 ///// ///// ////
000000000000000000000000000000000000000000000000000000000000000000000000000000000000000000000000000000000000000000000000=
53889 360400 1134900 03068 03086 4
20100323130000 245 008 231 009 110 015 1201 255 009 238 016 1245 0000 0101 0104 1201 0101 1300 031 026 1203 038 -063 09854 09854 1300 09846 1205 0085 0098 1201 0084 1224 0091 0098 1201 0091 1300 0107 0115 0118 0118 0082 0072 0086 0098 //// 10228 ///// ///// ////
000000000000000000000000000000000000000000000000000000000000000000000000000000000000000000000000000000000000000000000000=
53995 353300 1143000 00625 00645 4
20100323130000 099 019 101 016 101 016 1300 083 015 097 027 1255 0000 0107 0109 1232 0107 1255 037 037 1300 048 -034 10145 10146 1250 10138 1203 0097 0099 1232 0081 1210 0094 0098 1203 0094 1300 0117 0126 0122 0116 0091 0084 0085 0116 //// 10224 ///// ///// ////
000000000000000000000000000000000000000000000000000000000000000000000000000000000000000000000000000000000000000000000000=
NNNN
