57090 344300 1135800 00781 00802 4
20100503010000 139 016 157 020 163 024 0053 150 011 181 044 0052 0000 0259 0259 0100 0244 0001 064 062 0054 214 0186 09972 09973 0055 09968 0001 0326 0326 0100 0303 0006 0354 0354 0100 0305 0001 0238 0217 0209 0208 0194 0161 0131 0131 //// 10064 ///// ///// ////
000000000000000000000000000000000000000000000000000000000000000000000000000000000000000000000000000000000000000000000000=
57083 344300 1133900 01104 01116 4
20100503010000 140 028 142 031 146 035 0057 146 034 158 052 0056 0000 0275 0275 0100 0265 0001 054 052 0059 198 0174 09930 09930 0100 09927 0001 0402 0405 0051 0314 0001 0333 0333 0100 0272 0001 0234 0214 0205 0202 0168 0143 0128 0130 0001 10057 ///// ///// ////
000000000000000000000000000000000000000000000000000000000000000000000000000000000000000000000000000000000000000000000000
120 10- 000 /// //// /////////////////////CIE /// //// 6///1 0//// 7//// 1//// 2//// 3//// /// /// /// // 911// 915// 919// 934// 939//=
57086 342300 1134300 01166 01168 4
20100503010000 174 026 178 023 172 029 0041 189 021 173 049 0035 0000 0244 0244 0100 0228 0001 067 067 0036 205 0179 09933 09933 0100 09930 0001 0335 0335 0100 0302 0001 0312 0312 0100 0261 0001 0231 0208 0201 0199 0180 0144 0124 0124 //// 10067 ///// ///// ////
000000000000000000000000000000000000000000000000000000000000000000000000000000000000000000000000000000000000000000000000=
57085 343200 1132000 02599 02648 4
20100503010000 240 037 233 018 233 018 0100 240 048 240 048 0100 0000 0264 0265 0057 0241 0001 056 056 0100 193 0169 09761 09762 0043 09759 0002 0322 0344 0054 0278 0003 0299 0301 0057 0242 0001 0225 0203 0198 0195 0186 0151 0127 0129 //// 10059 ///// ///// ////
000000000000000000000000000000000000000000000000000000000000000000000000000000000000000000000000000000000000000000000000=
57081 344800 1132600 01409 01419 4
20100503010000 066 014 083 016 081 018 0038 077 013 102 031 0033 0000 0269 0269 0100 0256 0005 058 058 0058 206 0179 09894 09895 0057 09891 0001 0356 0356 0100 0309 0020 0322 0322 0100 0265 0001 0232 0212 0207 0201 0164 0144 0126 0122 //// 10055 ///// ///// ////
000000000000000000000000000000000000000000000000000000000000000000000000000000000000000000000000000000000000000000000000=
57084 343000 1130300 11784 11790 4
20100503010000 261 037 266 037 266 044 0025 237 032 257 061 0021 0000 0218 0221 0018 0213 0035 056 052 0009 146 0126 08785 08785 0100 08783 0001 0259 0259 0100 0210 0001 0341 0341 0100 0255 0001 0208 0180 0173 0169 0138 //// //// //// //// 10062 ///// ///// ////
000000000000000000000000000000000000000000000000000000000000000000000000000000000000000000000000000000000000000000000000=
57080 344400 1125800 01652 01661 4
20100503010000 359 007 345 010 002 014 0048 015 017 358 024 0048 0000 0262 0262 0100 0238 0001 057 057 0100 194 0170 09869 09869 0100 09866 0012 0305 0305 0100 0247 0001 0337 0337 0100 0264 0001 0228 0208 0204 0203 0165 0136 0120 0123 //// 10056 ///// ///// ////
000000000000000000000000000000000000000000000000000000000000000000000000000000000000000000000000000000000000000000000000=
57082 342800 1130100 04271 04284 4
20100503010000 131 017 140 017 127 022 0024 178 014 119 038 0015 0000 0245 0245 0100 0233 0001 059 059 0100 181 0160 09582 09583 0055 09580 0003 0277 0277 0100 0243 0001 0324 0324 0100 0257 0001 0228 0214 0212 0211 0178 0148 0127 //// //// 10063 ///// ///// ////
000000000000000000000000000000000000000000000000000000000000000000000000000000000000000000000000000000000000000000000000=
57295 323700 1142100 00785 00802 4
20100503010000 184 033 188 032 177 038 0028 170 019 181 064 0028 0000 0268 0268 0100 0247 0001 060 059 0058 211 0184 09989 09989 0044 09984 0002 0374 0374 0100 0279 0001 0330 0331 0055 0268 0001 0246 0215 0210 0208 0171 0148 0131 0132 //// 10081 ///// ///// ////
000000000000000000000000000000000000000000000000000000000000000000000000000000000000000000000000000000000000000000000000=
57293 324400 1145900 00380 00391 4
20100503010000 186 033 186 033 185 036 0055 178 049 170 055 0052 0000 0261 0261 0100 0239 0001 065 064 0055 220 0190 10041 10041 0100 10038 0016 0352 0354 0049 0315 0016 0349 0349 0100 0276 0001 0237 0213 0208 0207 0194 0162 0138 0136 //// 10086 ///// ///// ////
000000000000000000000000000000000000000000000000000000000000000000000000000000000000000000000000000000000000000000000000=
57189 330800 1135700 00646 00655 4
20100503010000 133 025 139 020 138 023 0051 102 013 144 035 0035 0000 0268 0268 0100 0235 0001 073 072 0045 257 0216 09996 09996 0055 09993 0001 0253 0253 0100 0217 0001 0342 0342 0100 0270 0001 0233 0210 0204 0203 0161 0140 0125 0127 //// 10071 ///// ///// ////
000000000000000000000000000000000000000000000000000000000000000000000000000000000000000000000000000000000000000000000000=
57194 331700 1141600 00598 00609 4
20100503010000 174 029 177 028 177 031 0051 161 014 164 065 0047 0000 0256 0256 0100 0229 0001 064 063 0059 210 0183 10002 10002 0058 09998 0001 0342 0342 0100 0288 0018 0364 0364 0100 0291 0001 0224 0208 0204 0202 0163 0139 0124 0128 //// 10072 ///// ///// ////
000000000000000000000000000000000000000000000000000000000000000000000000000000000000000000000000000000000000000000000000=
57197 330000 1142000 00489 00545 4
20100503010000 160 039 168 036 168 036 0100 164 057 167 063 0054 0000 0265 0265 0100 0233 0001 071 071 0100 246 0208 10013 10013 0100 10008 0001 0365 0367 0051 0289 0001 0347 0347 0100 0267 0001 0219 0206 0201 0197 0173 0148 0129 0129 //// 10076 ///// ///// ////
000000000000000000000000000000000000000000000000000000000000000000000000000000000000000000000000000000000000000000000000=
57294 325000 1140100 00836 00846 4
20100503010000 194 032 201 035 200 037 0053 201 050 206 063 0016 0000 0278 0278 0100 0264 0001 060 059 0036 224 0193 09973 09973 0059 09970 0001 0298 0298 0100 0261 0001 0359 0359 0100 0290 0001 0235 0213 0206 0201 0166 0148 0129 0127 //// 10069 ///// ///// ////
000000000000000000000000000000000000000000000000000000000000000000000000000000000000000000000000000000000000000000000000=
57292 325800 1143800 00444 00453 4
20100503010000 186 037 184 039 184 042 0047 184 033 158 073 0012 0000 0268 0268 0100 0247 0001 063 063 0100 222 0192 10028 10028 0053 10024 0001 0310 0310 0100 0259 0001 0356 0356 0100 0291 0001 0235 0214 0208 0209 0187 0154 0133 0135 //// 10080 ///// ///// ////
000000000000000000000000000000000000000000000000000000000000000000000000000000000000000000000000000000000000000000000000=
57195 333700 1143700 00466 00476 4
20100503010000 259 015 249 015 230 017 0053 254 018 179 037 0043 0000 0256 0256 0100 0234 0001 060 060 0100 197 0173 10023 10023 0100 10019 0007 0332 0332 0100 0271 0001 0354 0354 0100 0289 0001 0250 0220 0213 0212 0178 0147 0129 0141 //// 10078 ///// ///// ////
000000000000000000000000000000000000000000000000000000000000000000000000000000000000000000000000000000000000000000000000=
57193 334700 1143100 00526 00541 4
20100503010000 175 033 179 025 179 025 0100 173 029 170 062 0058 0000 0256 0256 0059 0240 0001 061 061 0100 200 0175 10016 10016 0100 10011 0007 0282 0282 0059 0251 0001 0320 0322 0059 0277 0001 0235 0211 0205 0202 0179 0148 0131 0132 //// 10078 ///// ///// ////
000000000000000000000000000000000000000000000000000000000000000000000000000000000000000000000000000000000000000000000000=
57196 332800 1145200 00420 00428 4
20100503010000 178 030 183 032 171 036 0021 164 019 147 071 0019 0000 0252 0252 0100 0228 0001 066 065 0057 212 0184 10030 10030 0100 10028 0001 0305 0315 0048 0290 0002 0304 0304 0100 0247 0001 0215 0196 0191 0190 0158 0137 0128 0133 //// 10079 ///// ///// ////
000000000000000000000000000000000000000000000000000000000000000000000000000000000000000000000000000000000000000000000000=
58104 332400 1150400 00412 00425 4
20100503010000 190 035 190 036 188 039 0057 189 031 181 057 0034 0000 0263 0263 0100 0235 0001 064 064 0100 219 0189 10032 10033 0055 10031 0001 0343 0343 0059 0303 0001 0347 0347 0100 0271 0001 0243 0209 0202 0203 0191 0150 0128 0135 //// 10081 ///// ///// ////
000000000000000000000000000000000000000000000000000000000000000000000000000000000000000000000000000000000000000000000000=
58101 335200 1152900 00413 00428 4
20100503010000 186 025 187 025 193 025 0046 164 029 215 052 0053 0000 0257 0257 0100 0236 0001 064 064 0056 211 0184 10036 10036 0059 10034 0001 0368 0369 0059 0303 0001 0365 0365 0100 0287 0001 0231 0200 0193 0192 0165 0142 0126 0131 //// 10085 ///// ///// ////
000000000000000000000000000000000000000000000000000000000000000000000000000000000000000000000000000000000000000000000000=
57098 340500 1142400 00583 00593 4
20100503010000 172 031 174 027 174 027 0100 161 050 161 050 0100 0000 0256 0256 0100 0232 0001 063 063 0100 207 0180 10003 10003 0100 10000 0008 0322 0335 0055 0275 0001 0283 0285 0055 0240 0001 0237 0204 0189 0187 0175 0145 0126 0130 //// 10071 ///// ///// ////
000000000000000000000000000000000000000000000000000000000000000000000000000000000000000000000000000000000000000000000000=
57190 334500 1142400 00505 00516 4
20100503010000 170 048 174 050 175 052 0059 149 041 163 067 0048 0000 0246 0246 0100 0232 0001 069 067 0047 213 0185 10014 10015 0051 10011 0001 0297 0298 0045 0270 0015 0329 0329 0100 0273 0001 0224 0202 0195 0193 0186 0149 0129 0132 //// 10073 ///// ///// ////
000000000000000000000000000000000000000000000000000000000000000000000000000000000000000000000000000000000000000000000000=
57088 340900 1133000 01161 01177 4
20100503010000 173 018 171 014 171 014 0100 184 019 161 021 0002 0000 0262 0262 0100 0236 0001 059 058 0058 201 0176 09930 09931 0007 09929 0058 0320 0332 0053 0261 0003 0372 0384 0054 0292 0003 0245 0214 0207 0205 0159 0137 0128 0131 //// 10065 ///// ///// ////
000000000000000000000000000000000000000000000000000000000000000000000000000000000000000000000000000000000000000000000000=
57182 335100 1133000 00805 00814 4
20100503010000 147 015 156 017 159 019 0059 091 013 175 028 0053 0000 0260 0260 0100 0234 0001 065 064 0041 218 0189 09972 09973 0005 09972 0100 0352 0352 0100 0295 0001 0401 0401 0100 0310 0001 0246 0219 0217 0213 0186 0153 0134 0140 //// 10065 ///// ///// ////
000000000000000000000000000000000000000000000000000000000000000000000000000000000000000000000000000000000000000000000000=
58301 314900 1152300 00916 00929 4
20100503010000 219 048 217 045 214 052 0030 237 052 206 069 0026 0000 0284 0284 0100 0260 0001 042 042 0100 162 0143 09985 09985 0100 09984 0014 0292 0292 0100 0253 0001 0361 0361 0100 0285 0001 0248 0227 0221 0217 0202 0170 0140 0134 //// 10091 ///// ///// ////
000000000000000000000000000000000000000000000000000000000000000000000000000000000000000000000000000000000000000000000000=
57298 321300 1143300 00554 00562 4
20100503010000 200 034 191 039 187 043 0058 197 039 206 067 0057 0000 0273 0273 0100 0251 0001 055 054 0056 200 0175 10022 10022 0100 10018 0002 0252 0252 0100 0230 0001 0356 0356 0100 0286 0001 0230 0211 0208 0205 0172 0148 0128 0138 //// 10086 ///// ///// ////
000000000000000000000000000000000000000000000000000000000000000000000000000000000000000000000000000000000000000000000000=
57390 314800 1140400 07335 07347 4
20100503010000 202 062 203 063 203 077 0020 177 065 208 168 0013 0000 0229 0230 0059 0222 0001 058 058 0100 162 0142 09278 09279 0035 09274 0001 0282 0284 0059 0264 0001 0323 0324 0059 0269 0001 0218 0191 0185 0183 0166 0135 //// //// //// 10095 ///// ///// ////
000000000000000000000000000000000000000000000000000000000000000000000000000000000000000000000000000000000000000000000000=
58208 321000 1153700 00429 00439 4
20100503010000 134 009 151 014 143 024 0044 061 013 143 035 0043 0000 0269 0269 0100 0248 0001 055 052 0051 195 0171 10040 10040 0100 10038 0001 0403 0403 0100 0337 0001 0357 0357 0100 0286 0001 0249 0223 0217 0219 0188 0162 0142 0142 //// 10090 ///// ///// ////
000000000000000000000000000000000000000000000000000000000000000000000000000000000000000000000000000000000000000000000000=
53989 350300 1135700 00766 00777 4
20100503010000 050 016 049 014 051 014 0057 108 014 060 031 0048 0000 0250 0250 0100 0232 0001 070 070 0100 222 0191 09977 09977 0100 09974 0001 0338 0348 0040 0297 0001 0338 0341 0059 0270 0001 0235 0210 0204 0201 0172 0142 0124 0126 //// 10066 ///// ///// ////
000000000000000000000000000000000000000000000000000000000000000000000000000000000000000000000000000000000000000000000000=
53997 350900 1141100 00711 00723 4
20100503010000 073 012 078 015 065 017 0001 054 009 065 026 0010 0000 0250 0250 0100 0233 0001 065 064 0024 206 0180 09985 09985 0100 09983 0012 0304 0304 0100 0251 0001 0333 0333 0100 0274 0001 0228 0208 0196 0198 0162 0139 0122 0126 //// 10068 ///// ///// ////
000000000000000000000000000000000000000000000000000000000000000000000000000000000000000000000000000000000000000000000000=
53986 351900 1135300 00732 00740 4
20100503010000 061 051 064 045 064 045 0100 049 078 049 078 0100 0000 0259 0259 0100 0238 0001 063 063 0100 210 0183 09982 09983 0059 09981 0021 0308 0311 0057 0279 0001 0315 0315 0100 0264 0001 0221 0205 0200 0198 0174 0145 0126 0130 //// 10067 ///// ///// ////
000000000000000000000000000000000000000000000000000000000000000000000000000000000000000000000000000000000000000000000000=
53988 351600 1134000 00776 00784 4
20100503010000 071 037 074 040 078 043 0057 068 030 085 067 0050 0000 0260 0260 0100 0240 0001 058 058 0100 195 0171 09970 09971 0007 09969 0001 0319 0323 0054 0288 0001 0336 0337 0058 0285 0001 0226 0205 0199 0198 0157 0135 0123 0128 //// 10060 ///// ///// ////
000000000000000000000000000000000000000000000000000000000000000000000000000000000000000000000000000000000000000000000000=
53985 352700 1134900 00964 00979 4
20100503010000 225 002 193 005 188 007 0056 085 000 333 015 0033 0000 0257 0257 0100 0241 0001 061 061 0100 201 0176 09953 09953 0100 09951 0022 0315 0315 0100 0267 0001 0321 0321 0100 0262 0001 0213 0205 0198 0195 0175 0141 0120 0122 //// 10065 ///// ///// ////
000000000000000000000000000000000000000000000000000000000000000000000000000000000000000000000000000000000000000000000000=
53998 351200 1143900 00616 00625 4
20100503010000 199 019 195 021 230 022 0010 192 014 209 035 0057 0000 0251 0251 0100 0230 0001 065 065 0054 207 0181 09997 09998 0007 09996 0043 0320 0322 0051 0265 0007 0332 0332 0100 0270 0001 0230 0205 0199 0196 0184 0149 0124 0130 //// 10069 ///// ///// ////
000000000000000000000000000000000000000000000000000000000000000000000000000000000000000000000000000000000000000000000000=
57051 344800 1111200 04099 04117 4
20100503010000 098 038 096 041 096 041 0100 099 026 099 071 0056 0000 0242 0242 0100 0218 0001 054 054 0058 163 0143 09577 09578 0020 09577 0030 0291 0291 0100 0244 0001 0340 0340 0100 0269 0001 0219 0204 0202 0200 0175 0136 0119 0120 //// 10037 ///// ///// ////
000000000000000000000000000000000000000000000000000000000000000000000000000000000000000000000000000000000000000000000000=
57063 344600 1114600 05236 05236 4
20100503010000 098 028 110 028 110 028 0100 085 045 094 051 0057 0000 0244 0244 0100 0198 0001 058 058 0100 177 0156 09466 09468 0027 09466 0059 0364 0366 0058 0231 0001 0343 0343 0100 0221 0001 0195 0178 0178 0177 0128 0114 0104 0111 //// 10053 ///// ///// ////
000000000000000000000000000000000000000000000000000000000000000000000000000000000000000000000000000000000000000000000000=
57067 340300 1110200 05688 05699 4
20100503010000 231 022 216 017 202 022 0014 232 025 206 035 0007 0000 0213 0213 0100 0182 0001 067 067 0057 170 0149 09417 09422 0012 09417 0055 0339 0343 0058 0274 0001 0309 0309 0100 0226 0001 0213 0199 0199 0200 0179 0153 0124 0125 //// 10054 ///// ///// ////
000000000000000000000000000000000000000000000000000000000000000000000000000000000000000000000000000000000000000000000000=
57056 343200 1105300 03904 03909 4
20100503010000 156 036 153 038 157 068 0012 147 051 167 114 0011 0000 0273 0273 0100 0258 0009 043 043 0059 156 0136 09596 09598 0018 09596 0035 0337 0337 0100 0278 0002 0363 0363 0100 0292 0001 0250 0222 0211 0208 0156 0132 0118 0121 //// 10033 ///// ///// ////
000000000000000000000000000000000000000000000000000000000000000000000000000000000000000000000000000000000000000000000000=
58007 340400 1151800 00472 00532 4
20100503010000 159 038 170 033 170 033 0100 147 046 181 060 0055 0000 0250 0250 0100 0227 0001 066 066 0055 209 0182 10021 10021 0057 10019 0021 0290 0296 0050 0252 0001 0315 0315 0100 0255 0001 0215 0196 0193 0193 0161 0140 0127 0132 //// 10082 ///// ///// ////
000000000000000000000000000000000000000000000000000000000000000000000000000000000000000000000000000000000000000000000000=
58006 342300 1155300 00463 00506 4
20100503010000 169 019 169 025 168 033 0050 130 022 173 053 0049 0000 0259 0259 0100 0231 0001 067 065 0051 224 0193 10032 10032 0059 10029 0001 0351 0354 0056 0289 0001 0329 0329 0100 0257 0001 0231 0200 0190 0188 0171 0143 0123 0128 //// 10090 ///// ///// ////
000000000000000000000000000000000000000000000000000000000000000000000000000000000000000000000000000000000000000000000000=
58111 335800 1162700 00325 00325 4
20100503010000 143 014 145 018 153 026 0046 128 013 161 050 0041 0000 0257 0257 0100 0232 0001 060 060 0050 198 0174 10057 10057 0056 10053 0002 0228 0228 0100 0202 0001 0309 0309 0100 0257 0001 0226 0199 0188 0186 0165 0143 0130 0138 //// 10095 ///// ///// ////
000000000000000000000000000000000000000000000000000000000000000000000000000000000000000000000000000000000000000000000000=
58017 341500 1160800 00410 00420 4
20100503010000 184 021 167 017 178 021 0052 198 019 187 045 0012 0000 0259 0259 0100 0237 0001 063 062 0059 210 0183 10040 10041 0041 10037 0001 0268 0268 0100 0231 0002 0290 0290 0100 0238 0001 0218 0199 0193 0191 0160 0142 0127 0130 //// 10088 ///// ///// ////
000000000000000000000000000000000000000000000000000000000000000000000000000000000000000000000000000000000000000000000000=
58001 342600 1150600 00563 00569 4
20100503010000 191 041 188 042 188 043 0056 175 032 189 073 0050 0000 0253 0253 0100 0230 0001 063 063 0059 203 0178 10009 10010 0040 10008 0018 0305 0307 0059 0267 0001 0298 0298 0059 0241 0001 0220 0196 0188 0185 0160 0133 0118 0126 //// 10074 ///// ///// ////
000000000000000000000000000000000000000000000000000000000000000000000000000000000000000000000000000000000000000000000000=
58005 342700 1154000 00501 00511 4
20100503010000 185 041 188 038 189 039 0059 184 039 203 073 0059 0000 0261 0261 0100 0233 0001 059 058 0059 199 0175 10023 10024 0012 10022 0004 0326 0330 0057 0265 0001 0369 0369 0100 0279 0001 0230 //// 0197 0193 0164 0136 0126 0133 0000 10082 ///// ///// ////
000000000000000000000000000000000000000000000000000000000000000000000000000000000000000000000000000000000000000000000000
140 000 000 /// //// //////////////////////// /// //// 6///1 0//// 7//// 1//// 2//// 3//// /// /// /// // 911// 915// 919// 934// 939//=
58008 342800 1152000 00544 00592 4
20100503010000 164 021 162 022 159 030 0044 192 026 147 057 0056 0000 0253 0253 0100 0239 0001 062 060 0037 200 0175 10010 10010 0039 10007 0003 0356 0357 0056 0315 0002 0321 0321 0100 0270 0001 0228 0200 0192 0188 0158 0139 0123 0130 //// 10078 ///// ///// ////
000000000000000000000000000000000000000000000000000000000000000000000000000000000000000000000000000000000000000000000000=
58004 343900 1150900 00606 00616 4
20100503010000 152 024 166 021 166 021 0100 181 041 181 041 0100 0000 0257 0257 0100 0232 0001 061 061 0100 201 0176 10002 10003 0024 10002 0011 0346 0357 0057 0310 0025 0327 0327 0100 0258 0001 0234 0211 0199 0198 0171 0142 0127 0129 //// 10073 ///// ///// ////
000000000000000000000000000000000000000000000000000000000000000000000000000000000000000000000000000000000000000000000000=
54817 355900 1155200 00421 00434 4
20100503010000 179 041 187 039 184 040 0055 184 035 195 065 0048 0000 0246 0246 0100 0232 0001 075 075 0100 232 0199 10022 10022 0100 10019 0012 0279 0282 0035 0251 0009 0350 0350 0100 0288 0001 0227 0201 0194 0188 0152 0123 0112 0113 //// 10072 ///// ///// ////
000000000000000000000000000000000000000000000000000000000000000000000000000000000000000000000000000000000000000000000000=
54902 355400 1150700 00495 00499 4
20100503010000 206 022 202 024 206 028 0055 206 023 201 041 0053 0000 0238 0238 0100 0225 0001 075 074 0056 221 0191 10008 10010 0036 10005 0003 0309 0309 0100 0270 0009 0330 0330 0100 0266 0001 0219 0198 0191 0189 0157 0123 0111 0115 //// 10065 ///// ///// ////
000000000000000000000000000000000000000000000000000000000000000000000000000000000000000000000000000000000000000000000000=
54900 354200 1150100 00537 00541 4
20100503010000 191 026 192 027 201 030 0001 203 019 203 044 0009 0000 0241 0241 0056 0226 0001 075 074 0057 225 0194 10005 10007 0030 10004 0003 0291 0297 0055 0246 0001 0328 0328 0100 0264 0001 0224 0202 0195 0191 0174 0136 0115 0115 //// 10067 ///// ///// ////
000000000000000000000000000000000000000000000000000000000000000000000000000000000000000000000000000000000000000000000000=
54901 360500 1151000 00475 00478 4
20100503010000 164 017 194 017 213 025 0001 178 015 209 031 0012 0000 0234 0234 0100 0216 0001 078 078 0059 224 0193 10013 10013 0059 10009 0001 0289 0289 0100 0246 0001 0321 0321 0100 0257 0001 0219 0193 0185 0183 0171 0141 0116 0115 //// 10068 ///// ///// ////
000000000000000000000000000000000000000000000000000000000000000000000000000000000000000000000000000000000000000000000000=
54903 355100 1152900 00457 00506 4
20100503010000 230 033 213 035 215 040 0037 206 026 203 065 0032 0000 0248 0248 0100 0231 0001 067 067 0059 210 0183 10010 10011 0046 10007 0005 0338 0338 0100 0285 0001 0337 0337 0100 0272 0001 0225 0203 0195 0191 0167 0134 0118 0116 //// 10068 ///// ///// ////
000000000000000000000000000000000000000000000000000000000000000000000000000000000000000000000000000000000000000000000000=
57184 333800 1132200 00834 00847 4
20100503010000 202 017 183 017 178 020 0056 237 022 130 036 0055 0000 0269 0269 0100 0245 0001 054 052 0059 191 0168 09967 09967 0100 09965 0017 0260 0260 0058 0236 0001 0392 0392 0100 0325 0001 0246 0223 0217 0215 0149 0135 0126 0133 //// 10064 ///// ///// ////
000000000000000000000000000000000000000000000000000000000000000000000000000000000000000000000000000000000000000000000000=
57177 332000 1133200 00898 00913 4
20100503010000 093 015 076 013 074 023 0027 077 014 057 033 0019 0000 0275 0275 0100 0244 0001 058 054 0056 213 0185 09961 09961 0100 09959 0001 0367 0374 0039 0307 0010 0349 0349 0100 0295 0010 0227 0221 0202 0211 0177 0149 0131 0126 //// 10065 ///// ///// ////
000000000000000000000000000000000000000000000000000000000000000000000000000000000000000000000000000000000000000000000000=
57075 341000 1125200 02031 02043 4
20100503010000 114 042 108 042 105 049 0050 121 034 099 069 0050 0000 0254 0254 0100 0239 0001 068 067 0028 221 0191 09831 09831 0100 09829 0050 0318 0324 0057 0273 0002 0360 0364 0058 0287 0002 0245 0215 0207 0203 0207 0167 0133 0126 //// 10064 ///// ///// ////
000000000000000000000000000000000000000000000000000000000000000000000000000000000000000000000000000000000000000000000000=
57173 334500 1125300 01457 01468 4
20100503010000 195 029 195 031 188 040 0044 176 022 178 072 0030 0000 0267 0267 0100 0259 0001 055 054 0022 193 0169 09892 09893 0023 09890 0001 0332 0332 0052 0000 0019 0378 0378 0100 0000 0019 0242 0226 0221 0216 0178 0149 0130 0135 //// 10059 ///// ///// ////
00000000000000000000000000000000//////0000000000000000000000000000000000000000000000000000000000000000000000000000000000=
57180 335900 1131200 01175 01186 4
20100503010000 194 015 183 013 179 016 0042 198 020 187 028 0041 0000 0270 0270 0100 0239 0001 057 055 0038 203 0178 09928 09929 0025 09927 0046 0359 0360 0057 0308 0001 0381 0381 0100 0276 0001 0239 0211 0206 0204 0169 0146 0130 0134 //// 10064 ///// ///// ////
000000000000000000000000000000000000000000000000000000000000000000000000000000000000000000000000000000000000000000000000=
57181 335300 1130300 01364 01380 4
20100503010000 199 020 197 028 172 039 0001 201 015 189 051 0028 0000 0263 0263 0100 0249 0001 065 063 0021 222 0192 09909 09909 0035 09908 0010 0304 0304 0100 0261 0001 0367 0367 0100 0283 0001 0241 0219 0214 0216 0180 0149 0130 0133 //// 10067 ///// ///// ////
000000000000000000000000000000000000000000000000000000000000000000000000000000000000000000000000000000000000000000000000=
57175 330300 1121400 01914 01922 4
20100503010000 129 038 138 025 138 025 0100 136 024 133 056 0059 0000 0250 0251 0058 0232 0001 067 067 0100 212 0184 09855 09856 0045 09855 0001 0313 0313 0100 0235 0001 0351 0351 0100 0267 0001 0232 0215 0213 0212 0169 0148 0134 0139 //// 10074 ///// ///// ////
000000000000000000000000000000000000000000000000000000000000000000000000000000000000000000000000000000000000000000000000=
57156 331800 1113000 02503 02523 4
20100503010000 342 003 320 006 330 017 0006 319 011 319 025 0031 0000 0232 0232 0100 0209 0031 074 074 0056 210 0183 09782 09786 0025 09782 0059 0252 0252 0100 0216 0001 0306 0306 0100 0254 0001 0231 0214 0213 0212 0189 0162 0139 0143 //// 10069 ///// ///// ////
000000000000000000000000000000000000000000000000000000000000000000000000000000000000000000000000000000000000000000000000=
57271 323300 1122300 00879 00897 4
20100503010000 170 035 159 029 159 029 0100 195 077 195 077 0100 0000 0258 0258 0100 0225 0001 069 069 0100 229 0197 09965 09967 0020 09964 0037 0340 0340 0100 0264 0001 0365 0365 0100 0254 0001 0243 0223 0219 0218 0174 0147 0136 0139 //// 10068 ///// ///// ////
000000000000000000000000000000000000000000000000000000000000000000000000000000000000000000000000000000000000000000000000=
57261 330700 1113100 02330 02345 4
20100503010000 309 033 305 026 305 026 0100 330 043 330 043 0100 0000 0247 0247 0100 0217 0001 066 065 0057 205 0179 09793 09795 0001 09793 0100 0317 0319 0053 0260 0001 0327 0327 0100 0259 0001 0239 0227 0225 0224 0206 0171 0149 //// //// 10058 ///// ///// ////
000000000000000000000000000000000000000000000000000000000000000000000000000000000000000000000000000000000000000000000000=
57285 322300 1132500 01530 01492 4
20100503010000 196 048 186 044 195 065 0030 223 067 181 138 0024 0000 0287 0287 0100 0279 0002 043 042 0040 169 0149 09899 09901 0046 09897 0003 0280 0280 0100 0249 0016 0347 0347 0100 0296 0001 0252 0231 0223 0220 0169 0144 0130 0135 //// ///// ///// ///// ////
////////////////////////////////////////////////////////////////////////////////////////////////////////////////////////=
57273 324100 1125100 01095 01105 4
20100503010000 186 042 192 041 185 044 0042 170 020 167 076 0035 0000 0277 0277 0100 0234 0001 048 048 0059 178 0157 09944 09945 0033 09942 0008 0339 0339 0100 0282 0001 0364 0364 0100 0294 0001 0241 0226 0220 0219 0180 0154 0136 0138 //// 10070 ///// ///// ////
000000000000000000000000000000000000000000000000000000000000000000000000000000000000000000000000000000000000000000000000=
57187 330400 1125600 01180 01193 4
20100503010000 240 012 204 012 151 014 0047 237 012 125 020 0033 0000 0264 0264 0100 0242 0001 055 053 0055 189 0166 09929 09929 0100 09926 0001 0351 0351 0100 0275 0016 0338 0338 0100 0266 0017 0235 0205 0208 0209 0192 0159 0139 0137 //// 10065 ///// ///// ////
000000000000000000000000000000000000000000000000000000000000000000000000000000000000000000000000000000000000000000000000=
57178 330200 1123500 01292 01305 4
20100503010000 211 022 181 013 181 013 0100 217 042 217 042 0100 0000 0267 0267 0100 0243 0001 054 054 0100 189 0166 09924 09925 0035 09921 0001 0384 0391 0057 0320 0008 0383 0383 0100 0297 0001 0235 0219 0211 0207 0176 0149 0134 0134 0000 10072 ///// ///// ////
000000000000000000000000000000000000000000000000000000000000000000000000000000000000000000000000000000000000000000000000
200 007 000 /// //// /////////////////////CIE /// //// 6///1 0//// 7//// 1//// 2//// 3//// /// /// /// // 911// 915// 919// 934// 939//=
57169 330300 1115200 01591 01600 4
20100503010000 122 026 112 027 108 035 0047 111 018 108 055 0039 0000 0247 0247 0100 0221 0001 075 075 0055 233 0200 09888 09888 0024 09886 0032 0232 0232 0100 0205 0001 0343 0343 0058 0294 0001 0233 0213 0210 0210 0189 0155 0134 0135 //// 10071 ///// ///// ////
000000000000000000000000000000000000000000000000000000000000000000000000000000000000000000000000000000000000000000000000=
57176 332900 1122500 02311 02304 4
20100503010000 155 015 116 011 116 011 0100 234 013 144 024 0059 0000 0253 0253 0059 0220 0001 061 061 0100 197 0172 09815 09815 0049 09814 0001 0317 0332 0042 0277 0001 0332 0332 0100 0252 0001 0234 0217 0213 0213 0193 0165 0140 0137 //// 10078 ///// ///// ////
000000000000000000000000000000000000000000000000000000000000000000000000000000000000000000000000000000000000000000000000=
57179 331700 1130000 01604 01616 4
20100503010000 226 026 218 026 218 027 0051 218 024 234 038 0058 0000 0254 0254 0100 0234 0001 064 062 0053 208 0181 09889 09889 0100 09886 0001 0356 0359 0057 0295 0002 0339 0339 0100 0275 0001 0227 0211 0207 0207 0180 0149 0130 0134 //// 10074 ///// ///// ////
000000000000000000000000000000000000000000000000000000000000000000000000000000000000000000000000000000000000000000000000=
57274 324200 1120700 01076 01088 4
20100503010000 150 023 134 023 125 024 0045 133 027 122 039 0041 0000 0243 0243 0100 0219 0001 067 067 0100 203 0178 09945 09945 0059 09942 0026 0337 0337 0100 0276 0001 0336 0336 0100 0264 0001 0239 0221 0219 0220 0211 0183 0150 0145 //// 10070 ///// ///// ////
000000000000000000000000000000000000000000000000000000000000000000000000000000000000000000000000000000000000000000000000=
57065 343000 1121100 01949 01964 4
20100503010000 105 038 098 040 098 040 0100 102 038 119 072 0057 0000 0258 0258 0100 0233 0001 058 058 0059 193 0169 09832 09832 0040 09830 0049 0238 0238 0100 0215 0001 0347 0347 0100 0276 0001 0236 0218 0215 0216 0175 0148 0134 0138 //// 10054 ///// ///// ////
000000000000000000000000000000000000000000000000000000000000000000000000000000000000000000000000000000000000000000000000=
57074 342500 1122500 01973 01989 4
20100503010000 205 010 179 010 184 015 0015 212 016 175 038 0023 0000 0252 0252 0100 0237 0001 067 066 0059 215 0186 09832 09833 0058 09831 0005 0305 0305 0100 0264 0001 0346 0346 0100 0277 0001 0232 0214 0210 0208 0170 0146 0129 0130 //// 10058 ///// ///// ////
000000000000000000000000000000000000000000000000000000000000000000000000000000000000000000000000000000000000000000000000=
57076 344400 1124700 01895 01901 4
20100503010000 048 050 046 039 020 052 0003 054 062 013 068 0007 0000 0264 0264 0100 0243 0001 051 051 0100 175 0155 09837 09838 0018 09832 0001 0290 0291 0059 0251 0001 0336 0336 0059 0262 0001 0220 0201 0195 0194 0166 0139 0122 0125 //// 10052 ///// ///// ////
000000000000000000000000000000000000000000000000000000000000000000000000000000000000000000000000000000000000000000000000=
57070 344400 1120700 03640 03595 4
20100503010000 093 035 096 028 096 028 0100 099 052 099 052 0100 0000 0246 0246 0059 0227 0001 066 065 0049 204 0178 09649 09649 0019 09647 0033 0326 0330 0051 0276 0009 0353 0353 0100 0275 0001 0217 0199 0196 0193 0179 0143 0123 0125 //// 10053 ///// ///// ////
000000000000000000000000000000000000000000000000000000000000000000000000000000000000000000000000000000000000000000000000=
57162 340900 1120500 03258 03275 4
20100503010000 129 008 173 006 181 012 0031 179 008 184 018 0025 0000 0240 0240 0100 0209 0001 058 056 0058 173 0152 09684 09687 0001 09682 0044 0272 0274 0058 0212 0001 0368 0368 0100 0251 0001 0231 0212 0212 0213 0168 0145 0129 0135 //// 10054 ///// ///// ////
000000000000000000000000000000000000000000000000000000000000000000000000000000000000000000000000000000000000000000000000=
57078 340900 1122800 03365 03340 4
20100503010000 128 008 136 006 126 010 0011 091 009 122 016 0007 0000 0230 0230 0100 0207 0001 065 064 0059 183 0161 09681 09682 0018 09680 0014 0377 0377 0100 0260 0003 0338 0338 0100 0251 0002 0221 0199 0197 0199 0156 0135 0124 0124 //// 10060 ///// ///// ////
000000000000000000000000000000000000000000000000000000000000000000000000000000000000000000000000000000000000000000000000=
57071 344900 1122600 03333 03332 4
20100503010000 359 013 356 018 357 021 0056 012 006 358 032 0057 0000 0250 0250 0100 0235 0002 061 060 0042 193 0170 09681 09683 0005 09680 0048 0330 0330 0100 0283 0001 0329 0329 0100 0272 0001 0225 0205 0200 0199 0187 0146 0122 0123 //// 10056 ///// ///// ////
000000000000000000000000000000000000000000000000000000000000000000000000000000000000000000000000000000000000000000000000=
57066 342300 1114000 03283 03298 4
20100503010000 173 007 166 008 166 008 0100 198 007 173 015 0058 0000 0205 0205 0100 0184 0001 072 072 0047 174 0153 09678 09679 0017 09677 0024 0217 0217 0100 0185 0001 0220 0224 0041 0190 0001 0182 0178 0179 0178 0159 0139 0121 0120 //// 10053 ///// ///// ////
000000000000000000000000000000000000000000000000000000000000000000000000000000000000000000000000000000000000000000000000=
57077 334700 1113900 07424 07388 4
20100503010000 288 017 281 022 265 030 0010 299 018 288 043 0043 0000 0223 0223 0100 0189 0001 055 054 0057 148 0128 09241 09245 0002 09241 0100 0320 0320 0100 0237 0001 0350 0350 0100 0254 0001 0206 0185 0182 0184 0167 0131 0114 0117 //// 10060 ///// ///// ////
000000000000000000000000000000000000000000000000000000000000000000000000000000000000000000000000000000000000000000000000=
57183 334800 1135500 00600 00615 4
20100503010000 195 019 177 020 177 020 0100 198 018 175 031 0056 0000 0245 0245 0100 0215 0001 070 070 0100 215 0187 09996 09997 0037 09994 0001 0337 0337 0100 0281 0001 0369 0369 0100 0287 0001 0219 0201 0198 0197 0187 0152 0128 0126 //// 10067 ///// ///// ////
000000000000000000000000000000000000000000000000000000000000000000000000000000000000000000000000000000000000000000000000=
57186 333600 1140300 00587 00598 4
20100503010000 179 031 172 028 172 028 0100 187 035 153 043 0016 0000 0270 0270 0100 0242 0001 056 055 0056 200 0175 10000 10000 0100 09997 0001 0331 0331 0100 0272 0011 0403 0403 0100 0306 0001 0237 0212 0205 0206 0188 0156 0134 0137 //// 10068 ///// ///// ////
000000000000000000000000000000000000000000000000000000000000000000000000000000000000000000000000000000000000000000000000=
57094 342400 1141300 00674 00685 4
20100503010000 205 008 182 013 180 020 0003 204 006 220 036 0035 0000 0252 0252 0100 0230 0001 068 068 0100 218 0189 09986 09986 0100 09983 0001 0309 0309 0100 0259 0001 0327 0327 0100 0269 0001 0235 0210 0202 0199 0185 0158 0131 0130 //// 10065 ///// ///// ////
000000000000000000000000000000000000000000000000000000000000000000000000000000000000000000000000000000000000000000000000=
57191 342900 1142900 00634 00642 4
20100503010000 173 016 168 019 164 023 0010 153 018 187 048 0004 0000 0259 0259 0100 0237 0001 061 060 0054 204 0178 09996 09996 0100 09994 0001 0345 0352 0051 0287 0001 0349 0349 0100 0281 0001 0242 0216 0208 0205 0176 0145 0125 0127 //// 10070 ///// ///// ////
000000000000000000000000000000000000000000000000000000000000000000000000000000000000000000000000000000000000000000000000=
57096 343200 1144700 00597 00607 4
20100503010000 188 028 189 025 190 027 0044 189 043 192 046 0042 0000 0261 0261 0100 0234 0001 057 057 0100 193 0169 09998 09998 0100 09995 0017 0308 0311 0054 0262 0001 0341 0341 0100 0274 0001 0233 0206 0197 0195 0168 0141 0126 0130 //// 10068 ///// ///// ////
000000000000000000000000000000000000000000000000000000000000000000000000000000000000000000000000000000000000000000000000=
57093 345100 1144900 00733 00740 4
20100503010000 162 017 166 020 185 029 0005 172 017 187 040 0001 0000 0257 0257 0100 0233 0001 063 061 0059 208 0181 09984 09985 0014 09984 0100 0323 0330 0047 0273 0002 0361 0361 0058 0285 0001 0237 0205 0198 0193 0177 0142 0123 0125 //// 10069 ///// ///// ////
000000000000000000000000000000000000000000000000000000000000000000000000000000000000000000000000000000000000000000000000=
57091 344700 1141800 00737 00748 4
20100503010000 222 035 211 031 203 032 0057 226 044 211 049 0057 0000 0261 0261 0100 0242 0001 054 054 0100 183 0161 09978 09979 0049 09975 0013 0323 0331 0053 0288 0001 0361 0363 0059 0300 0001 0242 0210 0201 0186 0174 0146 0125 0120 //// 10064 ///// ///// ////
000000000000000000000000000000000000000000000000000000000000000000000000000000000000000000000000000000000000000000000000=
53978 350500 1123800 01401 01409 4
20100503010000 130 018 132 020 131 020 0059 142 016 128 030 0032 0000 0240 0241 0054 0230 0001 071 068 0046 212 0184 09895 09897 0027 09895 0001 0272 0278 0054 0254 0001 0299 0306 0054 0258 0001 0222 0204 0197 0197 0151 0132 0124 0130 //// 10055 ///// ///// ////
000000000000000000000000000000000000000000000000000000000000000000000000000000000000000000000000000000000000000000000000=
53987 350600 1132500 00910 00918 4
20100503010000 075 029 084 027 050 031 0013 068 027 052 052 0010 0000 0252 0252 0100 0230 0015 071 071 0100 228 0196 09957 09957 0029 09955 0018 0317 0317 0100 0265 0009 0293 0293 0100 0244 0001 0226 0208 0202 0201 0179 0152 0134 0132 //// 10062 ///// ///// ////
000000000000000000000000000000000000000000000000000000000000000000000000000000000000000000000000000000000000000000000000=
57079 345700 1130200 01064 01069 4
20100503010000 050 018 051 020 067 028 0048 049 013 095 041 0050 0000 0241 0241 0100 0219 0001 070 070 0100 210 0183 09934 09934 0100 09931 0001 0306 0314 0041 0266 0001 0335 0341 0043 0269 0001 0213 0198 0194 0193 0185 0152 0129 0126 //// 10056 ///// ///// ////
000000000000000000000000000000000000000000000000000000000000000000000000000000000000000000000000000000000000000000000000=
57072 345500 1124500 01275 01285 4
20100503010000 074 020 066 021 060 023 0057 117 018 060 039 0051 0000 0249 0249 0100 0220 0001 068 066 0058 214 0186 09910 09913 0035 09909 0002 0304 0304 0100 0262 0001 0333 0333 0100 0265 0001 0217 0197 0192 0190 0154 0133 0117 0119 //// 10057 ///// ///// ////
000000000000000000000000000000000000000000000000000000000000000000000000000000000000000000000000000000000000000000000000=
53982 351400 1131600 01120 01135 4
20100503010000 068 027 056 031 046 034 0057 071 035 029 060 0056 0000 0260 0260 0100 0244 0001 061 060 0057 205 0179 09931 09931 0100 09928 0007 0251 0251 0100 0224 0001 0341 0341 0100 0280 0001 0228 0213 0208 0207 0181 0150 0132 0136 //// 10060 ///// ///// ////
000000000000000000000000000000000000000000000000000000000000000000000000000000000000000000000000000000000000000000000000=
53979 350900 1130500 01200 01211 4
20100503010000 055 035 070 032 075 033 0057 014 045 065 055 0056 0000 0255 0255 0100 0236 0001 064 063 0055 209 0182 09922 09922 0100 09920 0001 0307 0314 0054 0257 0003 0365 0366 0054 0284 0001 0229 0209 0208 0207 0162 0143 0129 0134 //// 10060 ///// ///// ////
000000000000000000000000000000000000000000000000000000000000000000000000000000000000000000000000000000000000000000000000=
53992 353900 1143100 00582 00592 4
20100503010000 355 023 356 020 356 020 0100 009 031 327 035 0058 0000 0246 0246 0100 0223 0001 072 069 0058 223 0192 10000 10000 0100 09998 0024 0284 0287 0056 0255 0001 0308 0308 0100 0255 0001 0223 0200 0197 0194 0159 0133 0117 0123 //// 10068 ///// ///// ////
000000000000000000000000000000000000000000000000000000000000000000000000000000000000000000000000000000000000000000000000=
53974 353700 1141100 00723 00739 4
20100503010000 019 023 029 026 039 031 0031 355 028 038 050 0028 0000 0259 0260 0054 0248 0001 050 050 0058 167 0147 09985 09985 0100 09984 0037 0297 0312 0054 0268 0001 0338 0340 0054 0281 0001 0237 0216 0210 0207 0176 0144 0125 0129 //// 10070 ///// ///// ////
000000000000000000000000000000000000000000000000000000000000000000000000000000000000000000000000000000000000000000000000=
53990 354300 1141900 00795 00805 4
20100503010000 037 028 038 029 003 037 0001 024 027 015 050 0001 0000 0246 0246 0100 0235 0001 066 064 0026 204 0178 09976 09977 0005 09975 0020 0303 0303 0100 0267 0001 0367 0367 0100 0292 0001 0231 0215 0208 0209 0191 0148 0119 0116 //// 10069 ///// ///// ////
000000000000000000000000000000000000000000000000000000000000000000000000000000000000000000000000000000000000000000000000=
53991 355600 1142100 00743 00753 4
20100503010000 020 019 006 018 013 023 0030 048 011 289 047 0018 0000 0249 0249 0100 0235 0001 050 050 0100 157 0138 09984 09986 0009 09982 0025 0305 0305 0100 0271 0002 0336 0336 0100 0271 0001 0227 0208 0198 0200 0171 0140 0121 0123 //// 10070 ///// ///// ////
000000000000000000000000000000000000000000000000000000000000000000000000000000000000000000000000000000000000000000000000=
53993 355600 1145500 00516 00524 4
20100503010000 233 015 234 012 217 013 0048 245 019 245 019 0100 0000 0240 0240 0100 0223 0001 075 074 0032 224 0193 10006 10006 0100 10002 0001 0309 0315 0055 0271 0001 0341 0341 0100 0272 0001 0223 0202 0195 0191 0183 0144 0117 0114 //// 10066 ///// ///// ////
000000000000000000000000000000000000000000000000000000000000000000000000000000000000000000000000000000000000000000000000=
53889 360400 1134900 03068 03086 4
20100503010000 359 006 083 011 094 015 0042 230 006 057 023 0056 0000 0252 0252 0100 0227 0001 053 053 0100 170 0149 09718 09718 0100 09716 0022 0331 0332 0059 0286 0001 0344 0344 0100 0276 0001 0251 0223 0210 0204 0159 0129 0122 0108 //// 10065 ///// ///// ////
000000000000000000000000000000000000000000000000000000000000000000000000000000000000000000000000000000000000000000000000=
53995 353300 1143000 00625 00645 4
20100503010000 309 014 314 011 314 011 0100 293 021 347 024 0054 0000 0249 0249 0058 0231 0001 066 065 0027 208 0181 09994 09995 0035 09993 0019 0317 0324 0058 0290 0004 0326 0326 0100 0262 0001 0235 0214 0204 0201 0181 0149 0124 0123 //// 10068 ///// ///// ////
000000000000000000000000000000000000000000000000000000000000000000000000000000000000000000000000000000000000000000000000=
NNNN
