57083 344300 1133900 1
20100501000000 00 00 00 00 00 00 03 10 10 10 10 10 10 10 10 10 10 04 00 00 00 00 00 00 107=
57085 343200 1132000 1
20100501000000 00 00 00 00 00 00 09 10 10 10 10 10 10 10 10 10 10 10 02 00 00 00 00 00 121=
57095 340700 1140900 1
20100501000000 00 00 00 00 00 00 06 10 10 10 10 10 10 10 10 10 10 09 00 00 00 00 00 00 115=
57051 344800 1111200 1
20100501000000 00 00 00 00 00 00 06 10 10 10 10 10 10 10 10 10 10 06 00 00 00 00 00 00 112=
57176 332900 1122500 1
20100501000000 00 00 00 00 00 00 09 10 10 10 10 10 10 10 10 10 10 03 00 00 00 00 00 00 112=
NNNN
