57090 344300 1135800 00781 00802 4
20100323210000 000 000 000 000 000 000 2100 142 000 142 000 2100 0000 0084 0084 2001 0083 2016 072 070 2001 079 0037 10118 10119 2038 10105 2002 0061 0063 2001 0060 2039 0071 0073 2001 0071 2100 0085 0093 0096 0100 0098 0092 0085 0120 //// 10216 ///// ///// ////
000000000000000000000000000000000000000000000000000000000000000000000000000000000000000000000000000000000000000000000000=
57083 344300 1133900 01104 01116 4
20100323210000 PPC 000 PPC 002 160 015 2042 PPC 000 197 018 2031 0000 0089 0091 2040 0087 2008 062 061 2001 071 0020 10080 10081 2028 10071 2001 0054 0060 2043 0054 2100 0070 0072 2018 0070 2054 0085 0092 0096 0101 0098 0098 0102 0126 0000 10216 ///// ///// ////
000000000000000000000000000000000000000000000000000000000000000000000000000000000000000000000000000000000000000000000000
110 10- 000 10- 3100 /////////////////////ACR 03/ 0000 6///1 0//// 7//// 1//// 2//// 3//// /// /// /// // 911// 915// 919// 934// 939//=
57086 342300 1134300 01166 01168 4
20100323210000 088 009 067 011 302 017 2027 094 008 296 021 2014 0000 0073 0080 2013 0073 2100 075 070 2027 077 0032 10074 10074 2100 10067 2005 0067 0071 2054 0066 2001 0071 0072 2009 0070 2053 0082 0089 0095 0098 0098 0095 0093 0116 //// 10217 ///// ///// ////
000000000000000000000000000000000000000000000000000000000000000000000000000000000000000000000000000000000000000000000000=
57085 343200 1132000 02599 02648 4
20100323210000 000 000 209 002 009 009 2001 226 000 001 006 2009 0000 0075 0084 2001 0075 2100 064 055 2001 066 0011 09893 09893 2100 09887 2001 0068 0075 2001 0067 2054 0065 0068 2011 0065 2100 0081 0091 0097 0100 0102 0098 0092 0121 //// 10214 ///// ///// ////
000000000000000000000000000000000000000000000000000000000000000000000000000000000000000000000000000000000000000000000000=
57081 344800 1132600 01409 01419 4
20100323210000 000 000 000 000 278 005 2025 260 000 260 010 2022 0000 0082 0086 2032 0081 2007 054 049 2031 059 -005 10042 10043 2024 10034 2003 0049 0063 2044 0049 2100 0064 0067 2025 0064 2100 0080 0089 0097 0098 0091 0092 0095 0117 //// 10215 ///// ///// ////
000000000000000000000000000000000000000000000000000000000000000000000000000000000000000000000000000000000000000000000000=
57080 344400 1125800 01652 01661 4
20100323210000 206 010 197 010 204 012 2038 209 014 209 020 2036 0000 0081 0082 2001 0080 2019 049 046 2028 053 -020 10015 10015 2100 10010 2006 0060 0063 2004 0056 2046 0061 0063 2016 0061 2043 0079 0090 0097 0100 0092 0087 0088 0119 //// 10217 ///// ///// ////
000000000000000000000000000000000000000000000000000000000000000000000000000000000000000000000000000000000000000000000000=
57082 342800 1130100 04271 04284 4
20100323210000 350 029 339 028 316 032 2004 355 026 322 046 2053 0000 0074 0076 2009 0073 2047 039 038 2006 040 -056 09703 09703 2100 09696 2029 0069 0072 2009 0067 2036 0052 0054 2002 0052 2037 0067 0078 0087 0093 0097 0099 0099 //// //// 10218 ///// ///// ////
000000000000000000000000000000000000000000000000000000000000000000000000000000000000000000000000000000000000000000000000=
57295 323700 1142100 00785 00802 4
20100323210000 329 014 323 013 348 016 2001 305 008 001 025 2017 0000 0058 0058 2100 0057 2001 088 088 2031 081 0040 10114 10115 2059 10101 2011 0057 0057 2051 0056 2009 0063 0063 2051 0063 2001 0080 0083 0088 0095 0101 0102 0101 0128 //// 10214 ///// ///// ////
000000000000000000000000000000000000000000000000000000000000000000000000000000000000000000000000000000000000000000000000=
57189 330800 1135700 00646 00655 4
20100323210000 000 000 000 000 298 025 2024 268 000 305 035 2020 0000 0064 0064 2100 0062 2002 097 097 2008 093 0060 10135 10137 2046 10120 2002 0061 0062 2023 0060 2004 0070 0070 2002 0068 2023 0081 0088 0093 0097 0098 0097 0097 0122 //// 10216 ///// ///// ////
000000000000000000000000000000000000000000000000000000000000000000000000000000000000000000000000000000000000000000000000=
57194 331700 1141600 00598 00609 4
20100323210000 283 015 289 015 295 024 2044 274 017 305 035 2039 0000 0062 0064 2001 0060 2037 094 093 2001 089 0053 10141 10143 2053 10123 2005 0058 0058 2007 0057 2016 0068 0069 2001 0067 2045 0082 0088 0094 0096 0096 0096 0097 0126 //// 10216 ///// ///// ////
000000000000000000000000000000000000000000000000000000000000000000000000000000000000000000000000000000000000000000000000=
57197 330000 1142000 00489 00545 4
20100323210000 237 001 269 008 290 013 2048 240 000 293 019 2038 0000 0063 0063 2100 0062 2008 096 096 2001 092 0057 10148 10151 2055 10133 2001 0054 0054 2057 0050 2014 0067 0067 2100 0066 2044 0076 0082 0087 0089 0102 0102 0099 0125 //// 10216 ///// ///// ////
000000000000000000000000000000000000000000000000000000000000000000000000000000000000000000000000000000000000000000000000=
57294 325000 1140100 00836 00846 4
20100323210000 262 005 281 004 283 011 2035 263 005 288 014 2032 0000 0062 0062 2100 0060 2013 096 096 2001 091 0056 10107 10110 2047 10096 2013 0061 0061 2048 0059 2014 0064 0064 2058 0063 2011 0073 0082 0090 0095 0101 0108 0102 0118 //// 10212 ///// ///// ////
000000000000000000000000000000000000000000000000000000000000000000000000000000000000000000000000000000000000000000000000=
57292 325800 1143800 00444 00453 4
20100323210000 292 013 294 010 294 010 2100 296 005 296 022 2056 0000 0058 0058 2016 0057 2037 094 094 2001 087 0049 10162 10162 2059 10146 2005 0057 0057 2058 0055 2012 0064 0065 2013 0064 2100 0075 0083 0090 0098 0102 0104 0104 0133 //// 10218 ///// ///// ////
000000000000000000000000000000000000000000000000000000000000000000000000000000000000000000000000000000000000000000000000=
57195 333700 1143700 00466 00476 4
20100323210000 290 006 277 007 339 010 2038 071 005 324 019 2034 0000 0074 0074 2100 0073 2001 090 089 2001 093 0059 10160 10161 2054 10141 2021 0068 0068 2052 0066 2001 0069 0070 2001 0069 2059 0078 0087 0096 0101 0102 0098 0101 0142 //// 10219 ///// ///// ////
000000000000000000000000000000000000000000000000000000000000000000000000000000000000000000000000000000000000000000000000=
57193 334700 1143100 00526 00541 4
20100323210000 291 014 299 014 303 015 2041 291 009 336 028 2040 0000 0076 0077 2036 0075 2013 089 088 2036 093 0059 10155 10155 2100 10136 2018 0069 0069 2036 0067 2018 0073 0075 2025 0073 2100 0087 0093 0099 0103 0105 0101 0104 0131 //// 10222 ///// ///// ////
000000000000000000000000000000000000000000000000000000000000000000000000000000000000000000000000000000000000000000000000
100 010 010 010 1000 /////////////////////SCP 5// 0000 6///1 0//// 70004 1//// 2//// 3//// /// /// /// // 911// 915// 919// 934// 939//=
58101 335200 1152900 00413 00428 4
20100323210000 031 009 037 010 063 016 2048 029 010 085 021 2002 0000 0060 0064 2022 0059 2057 077 073 2019 072 0023 10161 10161 2100 10152 2044 0055 0058 2019 0053 2057 0057 0057 2031 0057 2004 0076 0082 0089 0095 0100 0098 0099 0130 //// 10214 ///// ///// ////
000000000000000000000000000000000000000000000000000000000000000000000000000000000000000000000000000000000000000000000000=
57098 340500 1142400 00583 00593 4
20100323210000 271 012 267 012 272 013 2045 290 011 265 018 2041 0000 0075 0076 2001 0074 2028 089 088 2019 092 0058 10147 10147 2100 10128 2012 0068 0068 2059 0065 2037 0072 0074 2001 0072 2059 0080 0087 0092 0097 0101 0096 0097 0129 //// 10220 ///// ///// ////
000000000000000000000000000000000000000000000000000000000000000000000000000000000000000000000000000000000000000000000000=
57088 340900 1133000 01161 01177 4
20100323210000 072 007 062 005 347 008 2001 079 006 037 012 2011 0000 0083 0085 2015 0083 2100 074 069 2012 081 0039 10073 10073 2100 10065 2002 0066 0071 2017 0066 2058 0065 0067 2013 0065 2100 0079 0090 0098 0102 0101 0100 0101 0126 //// 10217 ///// ///// ////
000000000000000000000000000000000000000000000000000000000000000000000000000000000000000000000000000000000000000000000000=
57182 335100 1133000 00805 00814 4
20100323210000 338 001 243 000 158 016 2025 355 003 161 023 2023 0000 0077 0078 2001 0077 2100 086 085 2001 090 0055 10115 10115 2100 10110 2001 0069 0073 2024 0068 2005 0073 0074 2006 0073 2100 0086 0097 0105 0107 0108 0104 0107 0139 //// 10215 ///// ///// ////
000000000000000000000000000000000000000000000000000000000000000000000000000000000000000000000000000000000000000000000000=
57297 320800 1140300 01145 01154 4
20100323210000 323 020 324 020 312 025 2026 308 020 322 036 2022 0000 0053 0053 2034 0052 2023 094 093 2001 084 0044 10070 10071 2056 10061 2003 0052 0054 2034 0050 2004 0058 0059 2008 0058 2049 0067 0076 0086 0093 0110 0117 0114 //// //// 10213 ///// ///// ////
000000000000000000000000000000000000000000000000000000000000000000000000000000000000000000000000000000000000000000000000
080 010 010 010 1500 /////////////////////SCP 5// 1060 6///1 0//// 70175 1//// 2//// 3//// /// /// /// // 911// 915// 919// 934// 939//=
57390 314800 1140400 07335 07347 4
20100323210000 013 045 014 044 015 045 2058 347 062 015 102 2056 0001 0008 0010 2054 0007 2027 100 100 2100 065 0008 09319 09323 2043 09315 2023 0012 0012 2051 0010 2032 0018 0019 2059 0016 2001 0029 0039 0053 0063 0083 0094 //// //// //// 10207 ///// ///// ////
000000000000000100000000000000000000000000000000000000000000000000000000000000000000000000000000000000000000000000000000=
58207 321000 1150300 00428 00440 4
20100323210000 032 032 041 028 033 032 2017 037 031 034 044 2023 0001 0059 0059 2100 0059 2100 091 089 2001 084 0045 10147 10150 2001 10145 2044 0054 0054 2042 0053 2003 0066 0066 2100 0065 2001 0057 0075 0082 0090 0108 0114 0112 0138 //// 10202 ///// ///// ////
000000000000000000000000000000000000000000000000000000000000000000000000000000000000000000000000000100000000000000000000=
58208 321000 1153700 00429 00439 4
20100323210000 071 015 059 016 035 022 2010 087 016 025 034 2010 0001 0059 0059 2100 0057 2001 085 084 2004 079 0036 10149 10155 2021 10148 2001 0056 0056 2054 0054 2001 0060 0060 2100 0058 2001 0066 0076 0083 0091 0107 0112 0111 0139 //// 10204 ///// ///// ////
000000000000000000000000000000000000000000000000000001000000000000000000000000000000000000000000000000000000000000000000
080 010 010 010 1200 /////////////////////SCP 5// 6066 6///1 0//// 70250 1//// 2//// 3//// /// /// /// // 911// 915// 919// 934// 939//=
53986 351900 1135300 00732 00740 4
20100323210000 188 016 188 017 187 024 2050 139 005 192 038 2044 0000 0093 0096 2001 0093 2100 062 059 2001 073 0024 10123 10124 2058 10115 2001 0084 0086 2050 0082 2009 0072 0073 2051 0072 2010 0087 0093 0098 0101 0097 0093 0097 0127 //// 10213 ///// ///// ////
000000000000000000000000000000000000000000000000000000000000000000000000000000000000000000000000000000000000000000000000
110 010 000 010 2800 /////////////////////ACP 07/ 0000 6///1 0//// 7//// 1//// 2//// 3//// /// /// /// // 911// 915// 919// 934// 939//=
53994 352300 1140400 00700 00712 4
20100323210000 206 016 209 016 209 016 2057 222 015 220 026 2050 0000 0086 0086 2100 0084 2001 064 062 2001 071 0022 10128 10128 2100 10117 2001 0071 0075 2054 0063 2023 0064 0065 2055 0062 2024 0080 0092 0099 0101 0093 0088 0094 0127 //// 10215 ///// ///// ////
000000000000000000000000000000000000000000000000000000000000000000000000000000000000000000000000000000000000000000000000=
53998 351200 1143900 00616 00625 4
20100323210000 226 015 233 017 242 020 2053 218 016 232 031 2044 0000 0079 0080 2033 0077 2004 065 063 2033 069 0017 10143 10143 2100 10128 2012 0066 0069 2052 0052 2011 0060 0061 2054 0053 2002 0076 0088 0095 0099 0098 0094 0095 0128 //// 10220 ///// ///// ////
000000000000000000000000000000000000000000000000000000000000000000000000000000000000000000000000000000000000000000000000=
57051 344800 1111200 04099 04117 4
20100323210000 PPC 001 PPC 000 132 011 2035 PPC 001 139 019 2034 0000 0080 0082 2047 0077 2023 036 034 2048 039 -062 09721 09726 2009 09717 2029 0051 0063 2045 0047 2026 0063 0065 2001 0063 2100 0082 0092 0098 0101 0090 0086 0085 0114 //// 10215 ///// ///// ////
////////////////////////////////////////////////////////////////////////////////////////////////////////////////////////
100 010 000 010 3800 /////////////////////ASP 02/ 0000 6///1 0//// 7//// 1//// 2//// 3//// /// /// /// // 911// 915// 919// 934// 939//=
57063 344600 1114600 05236 05236 4
20100323210000 232 008 215 009 247 016 2001 234 006 223 022 2001 0000 0057 0061 2001 0056 2036 050 048 2012 046 -039 09588 09591 2001 09586 2053 0028 0043 2005 0028 2059 0041 0045 2005 0041 2100 0063 0073 0079 0082 0076 0077 0083 0110 //// 10216 ///// ///// ////
000000000000000000000000000000000000000000000000000000000000000000000000000000000000000000000000000000000000000000000000=
57067 340300 1110200 05688 05699 4
20100323210000 234 004 230 005 237 015 2003 251 008 240 018 2002 0000 0045 0046 2021 0044 2045 076 076 2059 064 0006 09541 09541 2059 09537 2034 0046 0052 2007 0046 2100 0056 0056 2046 0056 2007 0070 0079 0090 0086 0092 0097 0094 0122 //// 10227 ///// ///// ////
000000000000000000000000000000000000000000000000000000000000000000000000000000000000000000000000000000000000000000000000
100 010 000 010 3600 /////////////////////ACP 07/ 0000 6///1 0//// 70001 1//// 2//// 3//// /// /// /// // 911// 915// 919// 934// 939//=
57056 343200 1105300 03904 03909 4
20100323210000 274 003 246 005 093 015 2028 268 003 111 019 2026 0000 0077 0077 2100 0073 2020 045 044 2049 047 -035 09747 09752 2004 09745 2039 0051 0054 2001 0051 2100 0065 0068 2001 0065 2100 0081 0092 0098 0100 0091 0089 0092 0118 //// 10217 ///// ///// ////
000000000000000000000000000000000000000000000000000000000000000000000000000000000000000000000000000000000000000000000000=
58007 340400 1151800 00472 00532 4
20100323210000 335 003 265 002 343 006 2031 026 001 305 016 2004 0000 0072 0075 2040 0072 2058 067 064 2025 068 0015 10151 10152 2058 10141 2037 0060 0066 2034 0057 2051 0065 0067 2001 0065 2045 0081 0090 0096 0100 0102 0099 0102 0131 //// 10217 ///// ///// ////
000000000000000000000000000000000000000000000000000000000000000000000000000000000000000000000000000000000000000000000000=
58006 342300 1155300 00463 00506 4
20100323210000 031 008 034 009 007 011 2022 004 009 007 019 2025 0000 0063 0065 2028 0063 2059 065 063 2027 062 0002 10154 10155 2044 10152 2012 0050 0053 2003 0050 2057 0053 0055 2001 0053 2100 0066 0078 0085 0091 0094 0092 0097 0127 //// 10217 ///// ///// ////
000000000000000000000000000000000000000000000000000000000000000000000000000000000000000000000000000000000000000000000000=
58111 335800 1162700 00325 00325 4
20100323210000 077 013 079 012 134 012 2017 074 013 133 023 2021 0000 0062 0063 2002 0062 2100 075 072 2001 071 0021 10168 10172 2047 10163 2018 0051 0053 2016 0050 2001 0056 0056 2001 0056 2015 0067 0075 0082 0088 0095 0097 0104 0138 //// 10208 ///// ///// ////
000000000000000000000000000000000000000000000000000000000000000000000000000000000000000000000000000000000000000000000000
120 010 000 010 3000 /////////////////////ACP 07/ 0000 6///1 0//// 70014 1//// 2//// 3//// /// /// /// // 911// 915// 919// 934// 939//=
58017 341500 1160800 00410 00420 4
20100323210000 046 009 041 006 016 010 2033 049 006 023 019 2024 0000 0063 0065 2001 0061 2025 069 069 2058 066 0010 10158 10160 2055 10155 2004 0046 0050 2005 0046 2025 0055 0057 2024 0055 2056 0073 0083 0090 0094 0098 0097 0102 0128 //// 10210 ///// ///// ////
000000000000000000000000000000000000000000000000000000000000000000000000000000000000000000000000000000000000000000000000=
58001 342600 1150600 00563 00569 4
20100323210000 000 000 000 000 113 008 2017 237 000 111 013 2012 0000 0065 0073 2009 0065 2100 080 068 2001 077 0033 10150 10150 2100 10135 2023 0055 0062 2011 0055 2100 0061 0063 2001 0061 2059 0072 0079 0085 0088 0090 0087 0093 0126 //// 10220 ///// ///// ////
000000000000000000000000000000000000000000000000000000000000000000000000000000000000000000000000000000000000000000000000=
58005 342700 1154000 00501 00511 4
20100323210000 352 009 019 007 031 012 2033 004 010 049 015 2045 0000 0068 0069 2001 0068 2100 062 058 2001 061 0000 10151 10151 2100 10146 2001 0045 0048 2051 0044 2012 0055 0058 2001 0055 2049 0072 0084 0088 0092 0097 0095 0102 0132 0001 10214 ///// ///// ////
000000000000000000000000000000000000000000000000000000000000000000000000000000000000000000000000000000000000000000000000
140 010 000 010 2900 /////////////////////ASR 01/ 0000 6///1 0//// 7//// 1//// 2//// 3//// /// /// /// // 911// 915// 919// 934// 939//=
58008 342800 1152000 00544 00592 4
20100323210000 000 000 000 000 073 006 2046 203 001 080 011 2039 0000 0065 0073 2001 0064 2053 067 063 2001 065 0008 10143 10144 2059 10134 2030 0047 0051 2001 0047 2055 0060 0061 2001 0058 2058 0068 0076 0083 0088 0094 0093 0097 0129 //// 10216 ///// ///// ////
000000000000000000000000000000000000000000000000000000000000000000000000000000000000000000000000000000000000000000000000=
58004 343900 1150900 00606 00616 4
20100323210000 252 010 194 003 192 007 2016 248 015 248 015 2100 0000 0074 0076 2001 0074 2058 066 065 2002 068 0015 10143 10143 2100 10130 2024 0057 0062 2010 0056 2056 0064 0066 2002 0064 2059 0077 0091 0093 0097 0101 0098 0101 0127 //// 10219 ///// ///// ////
000000000000000000000000000000000000000000000000000000000000000000000000000000000000000000000000000000000000000000000000=
54817 355900 1155200 00421 00434 4
20100323210000 131 005 129 004 147 008 2021 139 006 150 014 2024 0000 0047 0051 2001 0045 2024 076 071 2005 065 0008 10160 10160 2100 10152 2006 0033 0033 2100 0011 2007 0033 0033 2100 0024 2016 0051 0067 0077 0081 0082 0075 0087 0116 //// 10214 ///// ///// ////
000000000000000000000000000000000000000000000000000000000000000000000000000000000000000000000000000000000000000000000000=
54900 354200 1150100 00537 00541 4
20100323210000 229 016 230 014 227 016 2009 223 015 232 021 2055 0000 0072 0072 2059 0070 2037 066 064 2001 067 0013 10146 10146 2100 10137 2023 0053 0053 2100 -004 2001 0047 0047 2100 0030 2001 0067 0081 0088 0092 0087 0079 0082 0110 //// 10212 ///// ///// ////
000000000000000000000000000000000000000000000000000000000000000000000000000000000000000000000000000000000000000000000000=
54901 360500 1151000 00475 00478 4
20100323210000 190 021 187 020 183 025 2018 192 022 175 030 2016 0000 0058 0060 2012 0055 2051 066 061 2001 061 -001 10147 10147 2025 10141 2004 0042 0042 2100 0034 2005 0035 0035 2028 0029 2001 0053 0068 0078 0083 0085 0078 0075 0105 //// 10206 ///// ///// ////
000000000000000000000000000000000000000000000000000000000000000000000000000000000000000000000000000000000000000000000000=
54903 355100 1152900 00457 00506 4
20100323210000 212 004 193 005 174 016 2013 218 007 206 024 2010 0000 0064 0067 2048 0060 2001 060 058 2046 058 -008 10148 10148 2100 10140 2004 0042 0057 2049 0028 2020 0036 0038 2050 0025 2019 0059 0075 0083 0086 0082 0078 0089 0114 //// 10210 ///// ///// ////
000000000000000000000000000000000000000000000000000000000000000000000000000000000000000000000000000000000000000000000000=
57184 333800 1132200 00834 00847 4
20100323210000 118 008 111 006 152 014 2014 116 007 155 021 2013 0000 0078 0080 2001 0078 2100 087 086 2008 092 0058 10105 10110 2033 10105 2100 0076 0081 2001 0075 2050 0078 0079 2001 0078 2050 0090 0100 0104 0109 0101 0101 0103 0129 //// 10209 ///// ///// ////
000000000000000000000000000000000000000000000000000000000000000000000000000000000000000000000000000000000000000000000000=
57177 332000 1133200 00898 00913 4
20100323210000 262 001 293 000 304 013 2001 265 000 321 016 2001 0000 0073 0076 2001 0073 2100 090 088 2001 092 0058 10102 10106 2030 10099 2002 0067 0070 2001 0066 2054 0075 0076 2001 0075 2059 0065 0089 0088 0102 0106 0104 0104 0121 //// 10214 ///// ///// ////
000000000000000000000000000000000000000000000000000000000000000000000000000000000000000000000000000000000000000000000000=
57075 341000 1125200 02031 02043 4
20100323210000 279 016 277 016 276 016 2059 279 015 262 020 2055 0000 0077 0079 2008 0076 2001 071 063 2005 075 0028 09969 09970 2054 09962 2027 0069 0073 2003 0061 2040 0063 0065 2018 0063 2039 0078 0089 0096 0099 0105 0102 0095 0117 //// 10218 ///// ///// ////
000000000000000000000000000000000000000000000000000000000000000000000000000000000000000000000000000000000000000000000000=
57173 334500 1125300 01457 01468 4
20100323210000 190 016 185 015 304 015 2001 167 019 167 019 2100 0000 0078 0078 2100 0073 2020 075 075 2100 079 0037 10040 10040 2100 10028 2001 0071 0071 2059 0067 2044 0069 0070 2001 0069 2100 0085 0094 0101 0103 0105 0102 0103 0134 //// 10220 ///// ///// ////
000000000000000000000000000000000000000000000000000000000000000000000000000000000000000000000000000000000000000000000000=
57180 335900 1131200 01175 01186 4
20100323210000 096 012 093 011 093 011 2100 094 014 313 015 2001 0000 0075 0084 2021 0075 2100 082 071 2001 085 0046 10072 10072 2100 10064 2001 0064 0071 2010 0064 2100 0068 0069 2001 0067 2055 0080 0090 0097 0101 0101 0098 0100 0131 //// 10217 ///// ///// ////
000000000000000000000000000000000000000000000000000000000000000000000000000000000000000000000000000000000000000000000000=
57181 335300 1130300 01364 01380 4
20100323210000 000 000 349 006 345 018 2019 344 000 336 026 2015 0000 0073 0075 2033 0072 2049 083 081 2032 085 0046 10051 10051 2100 10043 2030 0065 0068 2033 0065 2059 0068 0069 2003 0068 2053 0080 0092 0099 0104 0103 0100 0101 0129 //// 10220 ///// ///// ////
000000000000000000000000000000000000000000000000000000000000000000000000000000000000000000000000000000000000000000000000=
57171 334600 1130700 01420 01430 4
20100323210000 356 018 008 018 350 026 2034 352 019 352 030 2029 0000 0080 0080 2100 0078 2030 077 075 2049 083 0042 10039 10039 2100 10031 2005 0074 0076 2045 0074 2100 0072 0074 2001 0072 2100 0085 0093 0100 0105 0111 0113 0113 0124 //// 10214 ///// ///// ////
000000000000000000000000000000000000000000000000000000000000000000000000000000000000000000000000000000000000000000000000=
57175 330300 1121400 01914 01922 4
20100323210000 313 022 304 021 278 023 2004 313 019 271 034 2002 0000 0072 0080 2030 0072 2053 076 070 2031 077 0033 09981 09987 2005 09978 2034 0057 0061 2001 0057 2100 0065 0068 2001 0065 2100 0082 0095 0104 0110 0109 0108 0109 0138 //// 10216 ///// ///// ////
000000000000000000000000000000000000000000000000000000000000000000000000000000000000000000000000000000000000000000000000=
57156 331800 1113000 02503 02523 4
20100323210000 307 020 295 017 286 019 2002 001 033 001 033 2100 0000 0076 0076 2100 0074 2027 074 074 2100 077 0033 09916 09916 2052 09909 2014 0066 0068 2027 0064 2006 0064 0064 2005 0064 2025 0080 0089 0098 0104 0105 0112 0116 0142 //// 10224 ///// ///// ////
000000000000000000000000000000000000000000000000000000000000000000000000000000000000000000000000000000000000000000000000
100 010 000 010 3300 /////////////////////ACP 07/ 0000 6///1 0//// 70004 1//// 2//// 3//// /// /// /// // 911// 915// 919// 934// 939//=
57271 323300 1122300 00879 00897 4
20100323210000 317 007 336 010 295 018 2016 305 009 288 026 2012 0000 0081 0081 2057 0078 2008 084 084 2058 091 0056 10099 10107 2011 10098 2057 0068 0068 2015 0065 2032 0074 0075 2003 0074 2059 0086 0095 0103 0109 0106 0107 0112 0139 //// 10210 ///// ///// ////
000000000000000000000000000000000000000000000000000000000000000000000000000000000000000000000000000000000000000000000000=
57261 330700 1113100 02330 02345 4
20100323210000 116 021 124 017 124 017 2100 104 023 104 023 2100 0000 0073 0075 2001 0073 2100 088 088 2100 090 0054 09928 09929 2036 09921 2002 0067 0069 2005 0067 2059 0072 0074 2003 0072 2057 0085 0095 0101 0105 0119 0123 0126 //// //// 10214 ///// ///// ////
000000000000000000000000000000000000000000000000000000000000000000000000000000000000000000000000000000000000000000000000=
57285 322300 1132500 01530 01492 4
20100323210000 345 009 338 009 305 012 2027 347 011 322 018 2023 0001 0064 0065 2029 0063 2001 085 085 2027 082 0041 10029 10033 2044 10024 2009 0058 0061 2026 0058 2041 0065 0065 2059 0064 2001 0077 0085 0093 0100 0107 0109 0109 0135 //// 10213 ///// ///// ////
000000000000000000000000000000000000000000000000000000000000000000000000000000000000000000000000000000000000000000000000
070 010 000 010 3200 /////////////////////ACP 07/ 6066 6///1 0//// 70130 1//// 2//// 3//// /// /// /// // 911// 915// 919// 934// 939//=
57273 324100 1125100 01095 01105 4
20100323210000 000 000 024 002 320 013 2017 043 000 327 017 2017 0000 0072 0076 2003 0072 2100 081 077 2018 082 0042 10077 10081 2021 10075 2051 0064 0066 2023 0064 2059 0073 0073 2008 0073 2052 0086 0095 0102 0108 0113 0112 0111 0136 //// 10213 ///// ///// ////
000000000000000000000000000000000000000000000000000000000000000000000000000000000000000000000000000000000000000000000000=
57187 330400 1125600 01180 01193 4
20100323210000 162 009 172 012 188 018 2054 159 009 226 023 2019 0000 0075 0075 2100 0073 2001 081 081 2100 084 0045 10056 10063 2017 10056 2100 0069 0069 2055 0067 2035 0074 0075 2003 0074 2054 0085 0090 0101 0107 0115 0112 0108 0132 //// 10203 ///// ///// ////
000000000000000000000000000000000000000000000000000000000000000000000000000000000000000000000000000000000000000000000000=
57169 330300 1115200 01591 01600 4
20100323210000 335 015 326 019 323 019 2059 336 009 330 031 2056 0000 0083 0083 2100 0080 2045 077 077 2100 084 0045 10022 10024 2001 10019 2023 0071 0079 2037 0069 2001 0071 0072 2027 0071 2059 0086 0095 0102 0107 0107 0106 0107 0133 //// 10218 ///// ///// ////
000000000000000000000000000000000000000000000000000000000000000000000000000000000000000000000000000000000000000000000000=
57176 332900 1122500 02311 02304 4
20100323210000 000 000 223 005 203 009 2038 181 001 192 011 2031 0000 0081 0083 2046 0079 2011 058 054 2039 063 0003 09937 09939 2052 09929 2028 0068 0071 2040 0068 2001 0070 0071 2009 0070 2032 0085 0094 0101 0108 0113 0113 0111 0130 //// 10217 ///// ///// ////
000000000000000000000000000000000000000000000000000000000000000000000000000000000000000000000000000000000000000000000000=
57179 331700 1130000 01604 01616 4
20100323210000 227 007 177 006 170 021 2040 229 008 161 032 2038 0000 0074 0077 2026 0074 2045 090 090 2100 093 0059 10014 10021 2021 10013 2001 0063 0066 2029 0063 2013 0073 0074 2003 0073 2044 0084 0092 0097 0101 0104 0104 0104 0132 //// 10212 ///// ///// ////
000000000000000000000000000000000000000000000000000000000000000000000000000000000000000000000000000000000000000000000000=
57274 324200 1120700 01076 01088 4
20100323210000 349 004 339 007 296 018 2012 319 005 288 028 2011 0000 0076 0079 2001 0075 2035 079 079 2052 082 0042 10080 10086 2002 10075 2044 0069 0072 2008 0069 2049 0077 0079 2001 0077 2058 0091 0099 0107 0113 0120 0118 0114 0140 //// 10214 ///// ///// ////
000000000000000000000000000000000000000000000000000000000000000000000000000000000000000000000000000000000000000000000000=
57065 343000 1121100 01949 01964 4
20100323210000 258 009 263 011 265 028 2040 274 012 263 039 2039 0000 0083 0087 2003 0083 2059 047 043 2001 051 -023 09979 09982 2042 09973 2016 0063 0064 2008 0061 2036 0065 0067 2009 0065 2100 0084 0095 0101 0105 0102 0103 0109 0138 //// 10218 ///// ///// ////
000000000000000000000000000000000000000000000000000000000000000000000000000000000000000000000000000000000000000000000000=
57074 342500 1122500 01973 01989 4
20100323210000 122 006 148 002 109 006 2020 113 008 091 013 2011 0000 0081 0084 2013 0080 2058 075 069 2010 081 0039 09978 09981 2049 09971 2020 0067 0070 2017 0066 2036 0069 0070 2003 0069 2058 0085 0094 0101 0105 0105 0103 0102 0125 //// 10220 ///// ///// ////
000000000000000000000000000000000000000000000000000000000000000000000000000000000000000000000000000000000000000000000000=
57070 344400 1120700 03640 03595 4
20100323210000 034 007 030 012 354 035 2016 043 006 350 043 2010 0000 0081 0081 2001 0080 2049 037 036 2059 040 -057 09778 09782 2036 09776 2056 0065 0073 2012 0065 2100 0056 0058 2011 0055 2057 0071 0082 0089 0092 0092 0091 0094 0122 //// 10211 ///// ///// ////
000000000000000000000000000000000000000000000000000000000000000000000000000000000000000000000000000000000000000000000000=
57162 340900 1120500 03258 03275 4
20100323210000 252 008 240 007 037 009 2022 249 010 302 013 2012 0000 0073 0074 2001 0073 2100 067 064 2021 068 0016 09821 09823 2039 09813 2006 0059 0059 2044 0054 2038 0059 0061 2004 0059 2100 0074 0083 0091 0096 0097 0097 0100 0132 //// 10218 ///// ///// ////
000000000000000000000000000000000000000000000000000000000000000000000000000000000000000000000000000000000000000000000000=
57078 340900 1122800 03365 03340 4
20100323210000 046 002 022 002 205 010 2007 054 003 212 016 2001 0000 0070 0073 2011 0070 2059 066 065 2015 066 0011 09814 09815 2053 09805 2015 0053 0059 2007 0053 2034 0053 0055 2002 0053 2032 0067 0077 0085 0092 0098 0098 0096 0118 //// 10219 ///// ///// ////
000000000000000000000000000000000000000000000000000000000000000000000000000000000000000000000000000000000000000000000000=
57071 344900 1122600 03333 03332 4
20100323210000 PPC 002 241 006 285 013 2037 PPC 001 285 016 2033 0000 0078 0081 2007 0078 2030 041 035 2003 043 -046 09812 09815 2007 09809 2023 0049 0062 2003 0049 2059 0053 0053 2008 0053 2039 0071 0081 0087 0091 0091 0088 0090 0119 //// 10215 ///// ///// ////
000000000000000000000000000000000000000000000000000000000000000000000000000000000000000000000000000000000000000000000000
110 10- 000 10- 3400 /////////////////////ACR 04/ 0000 6///1 0//// 7//// 1//// 2//// 3//// /// /// /// // 911// 915// 919// 934// 939//=
57066 342300 1114000 03283 03298 4
20100323210000 288 007 247 005 296 006 2035 274 008 333 014 2035 0000 0075 0080 2001 0075 2100 059 051 2046 061 0000 09820 09823 2030 09815 2001 0055 0059 2011 0055 2025 0056 0058 2003 0056 2100 0072 0082 0089 0093 0094 0091 0089 0115 //// 10219 ///// ///// ////
000000000000000000000000000000000000000000000000000000000000000000000000000000000000000000000000000000000000000000000000=
57077 334700 1113900 07424 07388 4
20100323210000 240 025 242 026 242 026 2100 240 023 240 033 2058 0000 0043 0043 2100 0042 2012 076 076 2100 063 0004 09344 09344 2028 09337 2005 0034 0034 2001 0032 2022 0035 0035 2002 0035 2100 0045 0055 0062 0068 0084 0088 0090 0116 //// 10225 ///// ///// ////
000000000000000000000000000000000000000000000000000000000000000000000000000000000000000000000000000000000000000000000000
080 010 010 010 1500 /////////////////////SCP 5// 1000 6///1 0//// 70002 1//// 2//// 3//// /// /// /// // 911// 915// 919// 934// 939//=
57183 334800 1135500 00600 00615 4
20100323210000 304 007 297 009 273 016 2018 302 008 260 019 2018 0000 0070 0071 2002 0069 2019 090 090 2004 090 0055 10139 10140 2045 10123 2002 0063 0064 2001 0062 2057 0075 0076 2004 0075 2052 0087 0094 0101 0104 0104 0099 0096 0123 //// 10215 ///// ///// ////
000000000000000000000000000000000000000000000000000000000000000000000000000000000000000000000000000000000000000000000000=
57186 333600 1140300 00587 00598 4
20100323210000 302 009 307 010 318 014 2031 310 009 319 018 2020 0000 0072 0078 2001 0072 2100 089 080 2001 090 0055 10142 10144 2045 10126 2002 0065 0069 2002 0065 2040 0075 0076 2002 0074 2058 0086 0095 0100 0105 0106 0102 0101 0133 //// 10216 ///// ///// ////
000000000000000000000000000000000000000000000000000000000000000000000000000000000000000000000000000000000000000000000000=
57191 342900 1142900 00634 00642 4
20100323210000 170 012 177 009 142 013 2001 173 012 119 016 2001 0000 0083 0084 2001 0082 2023 075 069 2001 082 0041 10142 10142 2100 10125 2002 0075 0076 2001 0071 2050 0070 0070 2059 0069 2013 0080 0085 0089 0092 0096 0092 0094 0124 //// 10221 ///// ///// ////
000000000000000000000000000000000000000000000000000000000000000000000000000000000000000000000000000000000000000000000000=
53978 350500 1123800 01401 01409 4
20100323210000 132 002 113 004 240 014 2022 125 000 251 019 2015 0000 0080 0084 2026 0080 2100 061 056 2043 065 0009 10037 10041 2022 10035 2056 0059 0064 2020 0055 2049 0066 0068 2004 0066 2058 0083 0093 0098 0104 0093 0091 0096 0125 //// 10209 ///// ///// ////
000000000000000000000000000000000000000000000000000000000000000000000000000000000000000000000000000000000000000000000000=
53987 350600 1132500 00910 00918 4
20100323210000 203 005 194 010 187 021 2019 203 003 184 027 2027 0000 0083 0084 2053 0080 2001 063 062 2017 069 0017 10100 10103 2028 10093 2001 0068 0078 2018 0066 2005 0072 0076 2001 0071 2050 0085 0094 0099 0104 0100 0097 0099 0127 //// 10212 ///// ///// ////
000000000000000000000000000000000000000000000000000000000000000000000000000000000000000000000000000000000000000000000000=
57079 345700 1130200 01064 01069 4
20100323210000 230 009 231 010 227 020 2013 243 010 215 030 2007 0000 0076 0081 2003 0076 2100 066 058 2002 069 0017 10081 10082 2015 10078 2001 0060 0069 2010 0059 2053 0063 0065 2001 0063 2058 0081 0088 0094 0097 0099 0095 0094 0120 //// 10212 ///// ///// ////
000000000000000000000000000000000000000000000000000000000000000000000000000000000000000000000000000000000000000000000000=
53972 350700 1125500 01196 01210 4
20100323210000 280 006 295 006 225 008 2027 268 006 223 011 2025 0000 0091 0094 2028 0091 2100 049 040 2028 057 -010 10065 10067 2020 10063 2001 0048 0050 2029 0048 2100 0069 0070 2007 0069 2100 0086 0096 0104 0109 0099 0097 0108 0136 //// 10212 ///// ///// ////
000000000000000000000000000000000000000000000000000000000000000000000000000000000000000000000000000000000000000000000000=
57072 345500 1124500 01275 01285 4
20100323210000 179 010 209 012 222 012 2059 152 008 189 016 2025 0000 0074 0075 2011 0071 2039 063 055 2009 065 0008 10055 10058 2011 10054 2003 0058 0058 2059 0053 2023 0058 0059 2001 0058 2056 0073 0085 0091 0094 0090 0086 0085 0113 //// 10212 ///// ///// ////
000000000000000000000000000000000000000000000000000000000000000000000000000000000000000000000000000000000000000000000000=
53982 351400 1131600 01120 01135 4
20100323210000 231 008 241 010 220 014 2033 260 006 217 026 2033 0000 0102 0102 2100 0092 2005 038 037 2058 047 -035 10070 10071 2031 10063 2004 0066 0066 2058 0064 2019 0071 0072 2041 0071 2022 0089 0098 0104 0108 0100 0097 0100 0131 //// 10208 ///// ///// ////
000000000000000000000000000000000000000000000000000000000000000000000000000000000000000000000000000000000000000000000000=
53979 350900 1130500 01200 01211 4
20100323210000 285 012 280 012 241 016 2030 290 012 239 020 2008 0000 0090 0092 2007 0088 2037 046 045 2051 053 -020 10066 10067 2024 10059 2001 0073 0076 2011 0065 2001 0057 0058 2009 0056 2043 0083 0093 0102 0105 0098 0098 0103 0132 //// 10214 ///// ///// ////
000000000000000000000000000000000000000000000000000000000000000000000000000000000000000000000000000000000000000000000000=
53974 353700 1141100 00723 00739 4
20100323210000 224 016 220 020 207 025 2005 220 013 212 039 2001 0000 0088 0092 2001 0088 2100 059 055 2001 067 0012 10124 10124 2100 10113 2007 0071 0077 2001 0068 2054 0072 0074 2001 0071 2054 0085 0095 0101 0103 0092 0089 0096 0124 //// 10214 ///// ///// ////
000000000000000000000000000000000000000000000000000000000000000000000000000000000000000000000000000000000000000000000000=
53990 354300 1141900 00795 00805 4
20100323210000 186 035 182 032 195 032 2021 184 040 184 040 2100 0000 0075 0080 2003 0075 2100 067 063 2003 069 0018 10114 10114 2100 10105 2006 0071 0076 2023 0071 2052 0062 0063 2001 0061 2053 0081 0091 0095 0099 0093 0082 0082 0110 //// 10213 ///// ///// ////
000000000000000000000000000000000000000000000000000000000000000000000000000000000000000000000000000000000000000000000000=
53993 355600 1145500 00516 00524 4
20100323210000 228 021 223 020 208 021 2050 219 025 222 033 2040 0000 0079 0079 2100 0069 2001 061 061 2100 065 0009 10145 10145 2100 10137 2001 0070 0070 2058 0055 2001 0048 0048 2100 0041 2001 0062 0075 0083 0085 0085 0074 0074 0108 //// 10209 ///// ///// ////
000000000000000000000000000000000000000000000000000000000000000000000000000000000000000000000000000000000000000000000000=
53889 360400 1134900 03068 03086 4
20100323210000 240 006 243 006 247 006 2015 241 006 273 010 2013 0000 0071 0071 2100 0067 2001 044 044 2100 044 -043 09830 09831 2054 09827 2032 0048 0056 2012 0042 2042 0054 0054 2058 0053 2028 0066 0075 0081 0087 0081 0073 0087 0098 //// 10203 ///// ///// ////
000000000000000000000000000000000000000000000000000000000000000000000000000000000000000000000000000000000000000000000000=
53995 353300 1143000 00625 00645 4
20100323210000 193 024 191 023 191 023 2059 192 027 195 033 2049 0000 0077 0077 2100 0074 2001 064 063 2020 067 0013 10134 10134 2100 10124 2011 0070 0070 2100 0060 2002 0064 0064 2100 0058 2001 0082 0093 0096 0099 0090 0085 0086 0116 //// 10213 ///// ///// ////
000000000000000000000000000000000000000000000000000000000000000000000000000000000000000000000000000000000000000000000000=
NNNN
