57090 344300 1135800 00781 00802 4
20100501180000 159 017 158 014 153 014 1756 147 016 147 032 1740 0000 0198 0198 1800 0190 1701 082 082 1800 189 0166 09985 09991 1701 09985 1758 0139 0146 1756 0120 1724 0154 0155 1755 0151 1729 0189 0205 0209 0210 0186 0152 0129 0131 //// 10077 ///// ///// ////
000000000000000000000000000000000000000000000000000000000000000000000000000000000000000000000000000000000000000000000000=
57083 344300 1133900 01104 01116 4
20100501180000 172 008 185 011 191 022 1745 135 011 155 042 1734 0000 0229 0232 1754 0208 1728 059 059 1800 165 0145 09944 09951 1701 09944 1800 0127 0143 1744 0107 1724 0161 0164 1744 0153 1733 0183 0194 0198 0199 0157 0137 0128 0130 0002 10071 ///// ///// ///
000000000000000000000000000000000000000000000000000000000000000000000000000000000000000000000000000000000000000000000000=
57086 342300 1134300 01166 01168 4
20100501180000 154 014 160 021 160 022 1757 147 014 161 036 1755 0000 0186 0190 1701 0185 1748 080 079 1705 171 0151 09949 09954 1702 09949 1800 0165 0165 1759 0148 1701 0161 0161 1800 0157 1715 0182 0194 0198 0196 0170 0137 0122 0124 //// 10084 ///// ///// ////
000000000000000000000000000000000000000000000000000000000000000000000000000000000000000000000000000000000000000000000000=
57085 343200 1132000 02599 02648 4
20100501180000 337 022 337 020 341 021 1752 341 020 338 029 1759 0000 0197 0197 1800 0194 1701 073 071 1701 167 0147 09779 09784 1713 09779 1757 0171 0177 1709 0165 1732 0152 0153 1709 0152 1750 0172 0186 0191 0189 0174 0142 0125 0128 //// 10080 ///// ///// ////
000000000000000000000000000000000000000000000000000000000000000000000000000000000000000000000000000000000000000000000000=
57081 344800 1132600 01409 01419 4
20100501180000 279 007 299 008 267 011 1734 248 004 302 019 1732 0000 0194 0199 1701 0190 1724 061 056 1701 137 0117 09909 09915 1701 09909 1757 0103 0112 1735 0099 1727 0148 0154 1701 0148 1800 0183 0198 0205 0199 0155 0138 0125 0122 //// 10071 ///// ///// ////
000000000000000000000000000000000000000000000000000000000000000000000000000000000000000000000000000000000000000000000000=
57084 343000 1130300 11784 11790 4
20100501180000 269 071 269 065 258 076 1728 265 087 274 095 1704 0000 0174 0182 1706 0174 1800 054 040 1701 107 0080 08795 08802 1701 08795 1800 0135 0140 1741 0131 1701 0131 0135 1739 0131 1800 0149 0164 0170 0168 0126 //// //// //// //// 10073 ///// ///// ////
000000000000000000000000000000000000000000000000000000000000000000000000000000000000000000000000000000000000000000000000=
57080 344400 1125800 01652 01661 4
20100501180000 186 003 169 004 243 006 1718 353 000 282 014 1717 0000 0170 0180 1701 0169 1751 065 058 1701 126 0104 09886 09890 1701 09886 1749 0104 0109 1742 0103 1701 0140 0144 1701 0140 1800 0180 0198 0205 0204 0155 0131 0119 0123 //// 10077 ///// ///// ////
000000000000000000000000000000000000000000000000000000000000000000000000000000000000000000000000000000000000000000000000=
57082 342800 1130100 04271 04284 4
20100501180000 042 008 026 006 032 015 1711 043 009 038 023 1707 0000 0191 0201 1741 0191 1800 060 045 1718 133 0112 09601 09605 1705 09601 1757 0160 0162 1755 0143 1705 0160 0163 1701 0160 1758 0191 0208 0215 0214 0166 0140 0126 //// //// 10084 ///// ///// ////
000000000000000000000000000000000000000000000000000000000000000000000000000000000000000000000000000000000000000000000000=
57290 330000 1140100 00827 00838 4
20100501180000 235 009 233 010 246 025 1704 240 013 246 038 1702 0000 0218 0234 1703 0218 1757 071 065 1705 185 0163 09997 10003 1701 09997 1759 0142 0174 1706 0141 1756 0174 0192 1706 0174 1757 0202 0213 0214 0213 0170 0145 0130 0135 //// 10093 ///// ///// ////
000000000000000000000000000000000000000000000000000000000000000000000000000000000000000000000000000000000000000000000000
120 000 000 000 //// //////////////////////// /// 0000 6///1 0//// 7//// 10298 2//// 3//// /// /// /// // 911// 915// 919// 934// 939//=
57295 323700 1142100 00785 00802 4
20100501180000 200 017 200 017 212 018 1734 178 010 215 037 1717 0000 0202 0209 1701 0201 1755 078 074 1701 185 0162 10006 10011 1702 10006 1759 0142 0147 1704 0137 1750 0179 0186 1703 0179 1756 0213 0215 0213 0208 0160 0142 0129 0132 //// 10099 ///// ///// ////
000000000000000000000000000000000000000000000000000000000000000000000000000000000000000000000000000000000000000000000000=
57189 330800 1135700 00646 00655 4
20100501180000 183 009 195 010 207 013 1742 158 008 181 025 1740 0000 0172 0175 1703 0172 1722 092 091 1747 180 0159 10016 10023 1701 10016 1800 0118 0123 1707 0118 1750 0158 0165 1701 0158 1800 0189 0201 0205 0205 0152 0135 0124 0127 //// 10092 ///// ///// ////
000000000000000000000000000000000000000000000000000000000000000000000000000000000000000000000000000000000000000000000000=
57194 331700 1141600 00598 00609 4
20100501180000 183 021 180 016 218 027 1716 195 031 203 036 1710 0000 0206 0212 1701 0206 1800 075 073 1701 182 0160 10020 10025 1701 10020 1800 0144 0165 1701 0137 1757 0156 0170 1702 0155 1759 0192 0202 0205 0202 0152 0134 0123 0128 //// 10090 ///// ///// ////
000000000000000000000000000000000000000000000000000000000000000000000000000000000000000000000000000000000000000000000000=
57197 330000 1142000 00489 00545 4
20100501180000 194 019 189 016 189 016 1800 218 024 215 032 1757 0000 0184 0188 1701 0181 1734 092 090 1711 195 0171 10032 10036 1721 10032 1759 0118 0124 1755 0103 1727 0159 0162 1701 0157 1740 0199 0206 0208 0202 0164 0143 0127 0128 //// 10095 ///// ///// ////
000000000000000000000000000000000000000000000000000000000000000000000000000000000000000000000000000000000000000000000000=
57294 325000 1140100 00836 00846 4
20100501180000 210 012 212 014 213 015 1758 203 016 220 029 1757 0000 0195 0195 1800 0185 1736 086 086 1800 195 0171 09995 10000 1701 09995 1759 0155 0155 1719 0134 1750 0164 0169 1701 0161 1750 0194 0204 0206 0199 0155 0142 0127 0126 //// 10093 ///// ///// ////
000000000000000000000000000000000000000000000000000000000000000000000000000000000000000000000000000000000000000000000000=
57292 325800 1143800 00444 00453 4
20100501180000 206 017 207 020 211 022 1714 212 030 209 046 1719 0000 0208 0212 1723 0208 1800 080 079 1731 196 0172 10046 10050 1701 10046 1758 0172 0172 1800 0166 1705 0180 0184 1701 0180 1757 0203 0211 0212 0211 0177 0148 0132 0135 //// 10098 ///// ///// ////
000000000000000000000000000000000000000000000000000000000000000000000000000000000000000000000000000000000000000000000000=
57195 333700 1143700 00466 00476 4
20100501180000 258 007 252 008 233 012 1702 265 007 245 030 1701 0000 0203 0208 1703 0203 1800 078 077 1705 186 0163 10037 10043 1701 10037 1800 0157 0172 1701 0147 1733 0167 0175 1702 0167 1800 0194 0209 0216 0216 0166 0141 0128 0141 //// 10092 ///// ///// ////
000000000000000000000000000000000000000000000000000000000000000000000000000000000000000000000000000000000000000000000000=
57193 334700 1143100 00526 00541 4
20100501180000 179 004 174 004 180 007 1701 PPC 001 142 013 1737 0000 0187 0194 1702 0186 1758 088 086 1708 190 0167 10030 10036 1702 10030 1800 0152 0163 1701 0152 1800 0160 0169 1701 0160 1759 0185 0196 0202 0201 0168 0144 0130 0132 //// 10093 ///// ///// ////
000000000000000000000000000000000000000000000000000000000000000000000000000000000000000000000000000000000000000000000000
120 000 000 000 //// //////////////////////// /// 0000 6///1 0//// 7//// 10285 2//// 3//// /// /// /// // 911// 915// 919// 934// 939//=
58101 335200 1152900 00413 00428 4
20100501180000 170 016 174 014 170 014 1745 209 015 184 028 1757 0000 0179 0179 1800 0175 1736 083 083 1800 170 0150 10045 10051 1703 10044 1757 0122 0124 1746 0110 1726 0139 0140 1707 0137 1738 0177 0186 0190 0189 0154 0138 0125 0131 //// 10095 ///// ///// ////
000000000000000000000000000000000000000000000000000000000000000000000000000000000000000000000000000000000000000000000000=
57098 340500 1142400 00583 00593 4
20100501180000 182 017 182 018 160 019 1718 178 022 186 030 1752 0000 0184 0184 1800 0178 1701 090 090 1800 190 0167 10019 10025 1701 10019 1800 0157 0158 1707 0146 1740 0149 0152 1708 0149 1752 0163 0175 0182 0184 0165 0139 0124 0130 //// 10088 ///// ///// ////
000000000000000000000000000000000000000000000000000000000000000000000000000000000000000000000000000000000000000000000000=
57190 334500 1142400 00505 00516 4
20100501180000 162 012 161 013 179 018 1712 160 014 175 022 1701 0000 0166 0170 1701 0165 1754 093 091 1701 176 0155 10031 10036 1701 10030 1750 0120 0131 1704 0119 1757 0132 0141 1701 0131 1758 0171 0188 0198 0197 0175 0143 0128 0132 //// 10091 ///// ///// ////
000000000000000000000000000000000000000000000000000000000000000000000000000000000000000000000000000000000000000000000000=
57088 340900 1133000 01161 01177 4
20100501180000 162 005 142 005 125 013 1739 184 004 121 015 1738 0000 0155 0158 1701 0151 1743 095 093 1705 167 0147 09951 09956 1701 09951 1800 0123 0126 1731 0122 1755 0138 0143 1705 0138 1800 0177 0197 0206 0205 0147 0132 0126 0131 //// 10087 ///// ///// ////
000000000000000000000000000000000000000000000000000000000000000000000000000000000000000000000000000000000000000000000000=
57095 340700 1140900 00611 00622 4
20100501180000 174 017 172 015 172 015 1800 181 025 178 027 1757 0000 0184 0189 1705 0183 1757 092 090 1717 195 0171 10013 10018 1701 10013 1800 0127 0130 1728 0123 1751 0151 0155 1704 0151 1754 0182 0185 0203 0203 0162 0139 0126 0129 //// 10085 ///// ///// ////
000000000000000000000000000000000000000000000000000000000000000000000000000000000000000000000000000000000000000000000000=
57089 340200 1135200 00668 00681 4
20100501180000 228 016 224 016 223 019 1753 220 014 195 044 1750 0000 0207 0208 1752 0206 1737 072 072 1719 176 0155 10008 10013 1703 10008 1758 0175 0184 1751 0173 1704 0172 0175 1711 0172 1800 0188 0197 0202 0199 0159 0137 0127 0132 //// 10087 ///// ///// ////
000000000000000000000000000000000000000000000000000000000000000000000000000000000000000000000000000000000000000000000000
090 000 000 000 //// //////////////////////// /// 1000 6///1 0//// 7//// 10291 2//// 3//// /// /// /// // 911// 915// 919// 934// 939//=
57182 335100 1133000 00805 00814 4
20100501180000 230 015 234 018 206 021 1747 268 023 239 036 1740 0000 0220 0220 1800 0179 1703 072 072 1800 190 0167 09993 09998 1701 09992 1746 0183 0189 1756 0137 1702 0171 0171 1758 0155 1705 0198 0213 0218 0211 0173 0148 0133 0140 //// 10086 ///// ///// ////
000000000000000000000000000000000000000000000000000000000000000000000000000000000000000000000000000000000000000000000000=
57087 341200 1134800 00877 00885 4
20100501180000 212 015 213 016 215 019 1701 217 016 211 026 1744 0000 0189 0199 1701 0189 1800 086 082 1701 188 0165 09985 09990 1701 09985 1800 0160 0174 1701 0160 1735 0160 0166 1701 0160 1756 0186 0198 0202 0199 0154 0135 0124 0128 //// 10087 ///// ///// ////
000000000000000000000000000000000000000000000000000000000000000000000000000000000000000000000000000000000000000000000000=
57297 320800 1140300 01145 01154 4
20100501180000 203 037 208 029 209 032 1702 187 031 192 070 1755 0000 0233 0236 1706 0232 1759 071 071 1707 203 0177 09969 09973 1707 09969 1754 0195 0202 1704 0190 1740 0197 0203 1704 0196 1740 0215 0224 0228 0225 0185 0159 0140 //// //// 10101 ///// ///// ////
000000000000000000000000000000000000000000000000000000000000000000000000000000000000000000000000000000000000000000000000
100 000 000 000 //// //////////////////////// /// 0000 6///1 0//// 7//// 10307 2//// 3//// /// /// /// // 911// 915// 919// 934// 939//=
58301 314900 1152300 00916 00929 4
20100501180000 228 033 227 030 223 032 1740 232 028 220 041 1734 0000 0195 0196 1747 0192 1705 076 076 1800 172 0152 10002 10008 1704 10002 1800 0173 0173 1800 0164 1705 0181 0182 1701 0181 1759 0206 0215 0221 0220 0195 0161 0138 0134 //// 10109 ///// ///// ////
000000000000000000000000000000000000000000000000000000000000000000000000000000000000000000000000000000000000000000000000=
57298 321300 1143300 00554 00562 4
20100501180000 180 015 184 016 200 022 1718 158 018 200 035 1707 0000 0204 0215 1716 0204 1800 079 075 1716 189 0166 10039 10043 1701 10039 1800 0168 0173 1723 0163 1748 0169 0176 1721 0166 1753 0204 0213 0215 0209 0161 0143 0127 0137 //// 10104 ///// ///// ////
000000000000000000000000000000000000000000000000000000000000000000000000000000000000000000000000000000000000000000000000=
57390 314800 1140400 07335 07347 4
20100501180000 208 066 208 064 208 064 1800 214 090 197 122 1746 0000 0188 0189 1731 0185 1707 086 084 1701 187 0164 09290 09294 1701 09290 1800 0177 0179 1737 0172 1701 0157 0158 1753 0155 1729 0175 0181 0187 0185 0157 0128 //// //// //// 10110 ///// ///// ////
000000000000000000000000000000000000000000000000000000000000000000000000000000000000000000000000000000000000000000000000=
58208 321000 1153700 00429 00439 4
20100501180000 218 012 217 013 215 022 1729 222 010 208 028 1719 0000 0198 0204 1728 0198 1800 081 076 1727 187 0164 10053 10058 1701 10053 1800 0141 0176 1728 0140 1758 0177 0184 1701 0177 1800 0208 0227 0232 0232 0179 0157 0141 0142 //// 10104 ///// ///// ////
000000000000000000000000000000000000000000000000000000000000000000000000000000000000000000000000000000000000000000000000
120 000 000 000 //// //////////////////////// /// 0000 6///1 0//// 7//// 10302 2//// 3//// /// /// /// // 911// 915// 919// 934// 939//=
53989 350300 1135700 00766 00777 4
20100501180000 168 010 167 011 168 012 1759 156 011 164 020 1753 0000 0187 0194 1701 0185 1733 084 080 1701 181 0159 09984 09992 1701 09984 1800 0139 0142 1757 0120 1736 0146 0147 1756 0141 1745 0179 0197 0204 0202 0161 0136 0123 0126 //// 10074 ///// ///// ////
000000000000000000000000000000000000000000000000000000000000000000000000000000000000000000000000000000000000000000000000=
53986 351900 1135300 00732 00740 4
20100501180000 224 015 216 012 194 017 1727 251 019 192 029 1724 0000 0201 0204 1701 0198 1721 084 083 1701 198 0173 09989 09996 1701 09988 1747 0139 0157 1727 0128 1719 0146 0154 1701 0145 1754 0186 0196 0198 0197 0163 0139 0125 0130 //// 10074 ///// ///// ////
000000000000000000000000000000000000000000000000000000000000000000000000000000000000000000000000000000000000000000000000
080 000 000 000 //// //////////////////////// /// 1000 6///1 0//// 7//// 10303 2//// 3//// /// /// /// // 911// 915// 919// 934// 939//=
53988 351600 1134000 00776 00784 4
20100501180000 123 000 097 005 355 010 1739 144 005 355 013 1738 0000 0161 0173 1701 0161 1800 088 086 1701 161 0141 09978 09986 1701 09978 1800 0105 0114 1729 0105 1800 0128 0136 1701 0128 1800 0180 0196 0200 0199 0148 0132 0122 0128 //// 10069 ///// ///// ////
000000000000000000000000000000000000000000000000000000000000000000000000000000000000000000000000000000000000000000000000=
53998 351200 1143900 00616 00625 4
20100501180000 174 020 171 026 169 028 1754 187 016 187 045 1707 0000 0189 0197 1701 0189 1800 085 082 1701 186 0163 10004 10011 1702 10004 1758 0162 0165 1704 0160 1746 0164 0169 1701 0164 1800 0189 0198 0199 0195 0172 0141 0123 0130 //// 10076 ///// ///// ////
000000000000000000000000000000000000000000000000000000000000000000000000000000000000000000000000000000000000000000000000=
57051 344800 1111200 04099 04117 4
20100501180000 108 018 098 017 094 020 1740 119 021 130 037 1745 0000 0192 0199 1701 0192 1800 040 037 1708 089 0053 09606 09611 1702 09606 1757 0138 0141 1752 0129 1722 0147 0147 1751 0144 1722 0181 0196 0201 0200 0165 0131 0118 0120 //// 10069 ///// ///// ////
000000000000000000000000000000000000000000000000000000000000000000000000000000000000000000000000000000000000000000000000
150 000 000 000 //// //////////////////////// /// 0000 6///1 0//// 7//// 10323 2//// 3//// /// /// /// // 911// 915// 919// 934// 939//=
57063 344600 1114600 05236 05236 4
20100501180000 320 013 320 012 342 016 1727 302 014 347 020 1723 0000 0132 0136 1704 0131 1736 069 068 1718 105 0076 09488 09494 1701 09488 1800 0069 0071 1734 0068 1751 0111 0117 1701 0111 1800 0159 0175 0180 0176 0120 0111 0103 0111 //// 10079 ///// ///// ////
000000000000000000000000000000000000000000000000000000000000000000000000000000000000000000000000000000000000000000000000=
57067 340300 1110200 05688 05699 4
20100501180000 207 019 206 016 206 016 1800 212 017 209 026 1759 0000 0146 0156 1701 0146 1800 076 072 1701 126 0104 09453 09456 1704 09453 1800 0108 0112 1703 0105 1735 0155 0161 1702 0155 1800 0189 0202 0199 0205 0166 0145 0123 0125 //// 10095 ///// ///// ////
000000000000000000000000000000000000000000000000000000000000000000000000000000000000000000000000000000000000000000000000
180 000 000 000 //// //////////////////////// /// 0000 6///1 0//// 7//// 10305 2//// 3//// /// /// /// // 911// 915// 919// 934// 939//=
57056 343200 1105300 03904 03909 4
20100501180000 162 043 165 046 161 057 1741 147 034 167 113 1741 0000 0244 0250 1707 0244 1800 038 033 1701 116 0092 09624 09630 1718 09624 1754 0208 0214 1721 0208 1800 0195 0199 1707 0195 1759 0197 0205 0206 0203 0145 0129 0117 0121 //// 10060 ///// ///// ////
000000000000000000000000000000000000000000000000000000000000000000000000000000000000000000000000000000000000000000000000=
58007 340400 1151800 00472 00532 4
20100501180000 164 009 161 010 148 013 1749 220 004 142 022 1743 0000 0174 0186 1701 0172 1749 084 079 1701 167 0147 10030 10036 1701 10030 1800 0123 0133 1701 0116 1738 0143 0151 1701 0143 1800 0178 0191 0196 0194 0150 0136 0126 0132 //// 10092 ///// ///// ////
000000000000000000000000000000000000000000000000000000000000000000000000000000000000000000000000000000000000000000000000=
58006 342300 1155300 00463 00506 4
20100501180000 142 008 155 009 159 012 1724 178 011 139 020 1723 0000 0158 0164 1701 0157 1728 089 087 1701 160 0140 10038 10044 1702 10038 1759 0098 0104 1717 0098 1759 0127 0134 1701 0127 1759 0156 0177 0185 0187 0160 0138 0122 0127 //// 10097 ///// ///// ////
000000000000000000000000000000000000000000000000000000000000000000000000000000000000000000000000000000000000000000000000=
58111 335800 1162700 00325 00325 4
20100501180000 154 020 159 016 154 027 1701 133 019 153 036 1701 0000 0190 0198 1701 0188 1756 062 061 1703 136 0116 10061 10069 1705 10061 1800 0138 0144 1704 0138 1800 0145 0153 1701 0145 1757 0164 0175 0179 0180 0153 0137 0129 0138 //// 10099 ///// ///// ////
000000000000000000000000000000000000000000000000000000000000000000000000000000000000000000000000000000000000000000000000
150 000 000 000 //// //////////////////////// /// 0000 6///1 0//// 7//// 10276 2//// 3//// /// /// /// // 911// 915// 919// 934// 939//=
58017 341500 1160800 00410 00420 4
20100501180000 151 011 154 014 144 016 1738 139 003 156 034 1737 0000 0192 0193 1749 0190 1717 071 071 1754 158 0138 10045 10051 1708 10045 1800 0129 0130 1756 0120 1718 0148 0151 1701 0147 1759 0172 0182 0185 0184 0150 0137 0126 0129 //// 10094 ///// ///// ////
000000000000000000000000000000000000000000000000000000000000000000000000000000000000000000000000000000000000000000000000=
58001 342600 1150600 00563 00569 4
20100501180000 186 019 190 019 189 024 1743 181 017 201 035 1708 0000 0182 0184 1710 0182 1800 085 085 1715 178 0156 10021 10027 1701 10021 1759 0143 0152 1702 0138 1722 0145 0148 1701 0145 1759 0165 0175 0180 0179 0149 0128 0117 0126 //// 10087 ///// ///// ////
000000000000000000000000000000000000000000000000000000000000000000000000000000000000000000000000000000000000000000000000=
58005 342700 1154000 00501 00511 4
20100501180000 195 019 192 020 180 026 1740 197 027 152 038 1728 0000 0192 0193 1701 0189 1726 076 076 1800 169 0149 10031 10038 1704 10031 1800 0142 0148 1731 0133 1753 0148 0154 1701 0148 1724 0178 0189 0190 0187 0150 0132 0126 0133 0001 10090 ///// ///// ////
000000000000000000000000000000000000000000000000000000000000000000000000000000000000000000000000000000000000000000000000
150 000 000 000 //// //////////////////////// /// 0000 6///1 0//// 7//// 10283 2//// 3//// /// /// /// // 911// 915// 919// 934// 939//=
58008 342800 1152000 00544 00592 4
20100501180000 152 010 162 011 164 015 1718 147 008 167 023 1716 0000 0170 0181 1701 0170 1800 086 084 1702 167 0146 10019 10025 1701 10019 1759 0109 0137 1721 0108 1748 0138 0147 1720 0138 1800 0163 0177 0183 0183 0146 0133 0122 0129 //// 10088 ///// ///// ////
000000000000000000000000000000000000000000000000000000000000000000000000000000000000000000000000000000000000000000000000=
58004 343900 1150900 00606 00616 4
20100501180000 114 004 174 006 172 010 1701 139 009 192 028 1746 0000 0175 0180 1701 0175 1800 088 087 1704 176 0155 10013 10019 1703 10013 1800 0142 0150 1702 0131 1742 0148 0154 1702 0148 1758 0176 0196 0199 0199 0160 0137 0126 0129 //// 10085 ///// ///// ////
000000000000000000000000000000000000000000000000000000000000000000000000000000000000000000000000000000000000000000000000=
54817 355900 1155200 00421 00434 4
20100501180000 174 026 183 019 171 027 1703 173 016 195 046 1701 0000 0189 0196 1701 0188 1759 085 077 1701 186 0163 10028 10032 1702 10028 1800 0148 0156 1702 0142 1754 0146 0154 1701 0143 1754 0172 0181 0185 0181 0138 0119 0111 0114 //// 10078 ///// ///// ////
000000000000000000000000000000000000000000000000000000000000000000000000000000000000000000000000000000000000000000000000=
54902 355400 1150700 00495 00499 4
20100501180000 183 038 181 038 181 038 1800 178 035 187 066 1742 0000 0193 0195 1721 0193 1800 082 081 1711 183 0162 10008 10018 1704 10008 1759 0174 0178 1723 0174 1717 0157 0159 1723 0157 1800 0180 0187 0187 0184 0144 0117 0110 0115 //// 10066 ///// ///// ////
000000000000000000000000000000000000000000000000000000000000000000000000000000000000000000000000000000000000000000000000=
54900 354200 1150100 00537 00541 4
20100501180000 174 029 177 028 177 035 1722 156 028 187 058 1713 0000 0194 0199 1709 0194 1800 086 083 1711 194 0170 10008 10016 1702 10007 1758 0157 0166 1710 0157 1759 0158 0165 1702 0158 1800 0183 0190 0191 0186 0160 0129 0114 0115 //// 10071 ///// ///// ////
000000000000000000000000000000000000000000000000000000000000000000000000000000000000000000000000000000000000000000000000=
54901 360500 1151000 00475 00478 4
20100501180000 170 038 170 036 171 044 1732 181 033 192 067 1718 0000 0179 0183 1720 0179 1759 085 084 1701 174 0153 10010 10019 1701 10010 1800 0157 0162 1731 0157 1759 0152 0157 1703 0152 1800 0171 0179 0182 0180 0158 0132 0115 0115 //// 10065 ///// ///// ////
000000000000000000000000000000000000000000000000000000000000000000000000000000000000000000000000000000000000000000000000=
54903 355100 1152900 00457 00506 4
20100501180000 182 025 181 026 199 032 1701 153 019 175 055 1742 0000 0191 0199 1701 0191 1738 080 075 1701 177 0156 10014 10021 1724 10014 1800 0172 0181 1704 0170 1713 0158 0165 1701 0158 1800 0175 0185 0186 0182 0154 0128 0117 0116 //// 10073 ///// ///// ////
000000000000000000000000000000000000000000000000000000000000000000000000000000000000000000000000000000000000000000000000=
57184 333800 1132200 00834 00847 4
20100501180000 285 007 275 007 247 019 1705 291 006 212 041 1704 0000 0212 0227 1711 0212 1800 075 069 1711 189 0166 09989 09994 1701 09989 1800 0158 0182 1720 0158 1800 0162 0187 1710 0162 1800 0200 0213 0216 0215 0139 0132 0126 0132 //// 10086 ///// ///// ////
000000000000000000000000000000000000000000000000000000000000000000000000000000000000000000000000000000000000000000000000=
57177 332000 1133200 00898 00913 4
20100501180000 046 010 058 010 211 024 1719 054 009 214 039 1710 0000 0210 0234 1714 0210 1800 071 061 1718 176 0155 09984 09990 1701 09984 1800 0154 0187 1718 0152 1752 0166 0175 1719 0166 1800 0164 0199 0195 0206 0165 0143 0130 0125 //// 10089 ///// ///// ////
000000000000000000000000000000000000000000000000000000000000000000000000000000000000000000000000000000000000000000000000=
57075 341000 1125200 02031 02043 4
20100501180000 068 016 065 013 095 021 1731 082 016 096 027 1731 0000 0186 0194 1705 0185 1752 084 082 1710 180 0158 09854 09857 1706 09854 1800 0164 0175 1707 0162 1757 0156 0163 1706 0155 1757 0182 0199 0205 0204 0197 0157 0131 0126 //// 10089 ///// ///// ////
000000000000000000000000000000000000000000000000000000000000000000000000000000000000000000000000000000000000000000000000=
57173 334500 1125300 01457 01468 4
20100501180000 169 019 169 021 165 024 1745 181 019 178 040 1738 0000 0221 0222 1757 0171 1701 071 071 1800 189 0166 09915 09919 1701 09914 1756 0171 0174 1746 0143 1704 0183 0183 1746 0161 1706 0204 0216 0220 0215 0167 0144 0130 0135 //// 10083 ///// ///// ////
000000000000000000000000000000000000000000000000000000000000000000000000000000000000000000000000000000000000000000000000=
57180 335900 1131200 01175 01186 4
20100501180000 325 000 325 000 078 010 1704 262 000 076 013 1703 0000 0154 0157 1728 0152 1721 093 093 1800 163 0143 09950 09954 1701 09949 1751 0122 0137 1702 0122 1800 0150 0154 1701 0150 1759 0190 0208 0214 0210 0160 0141 0129 0133 //// 10087 ///// ///// ////
000000000000000000000000000000000000000000000000000000000000000000000000000000000000000000000000000000000000000000000000=
57181 335300 1130300 01364 01380 4
20100501180000 178 035 174 035 173 038 1703 181 034 161 050 1757 0000 0204 0209 1748 0195 1713 080 078 1751 192 0168 09930 09935 1701 09930 1800 0170 0171 1751 0164 1737 0174 0175 1751 0171 1718 0195 0207 0213 0214 0171 0144 0129 0132 //// 10088 ///// ///// ////
000000000000000000000000000000000000000000000000000000000000000000000000000000000000000000000000000000000000000000000000
110 10- 000 000 6600 /////////////////////CIE 002 0000 6///1 0//// 7//// 10294 2//// 3//// /// /// /// // 911// 915// 919// 934// 939//=
57175 330300 1121400 01914 01922 4
20100501180000 037 004 020 004 017 004 1759 001 001 043 008 1759 0000 0150 0162 1701 0149 1753 098 097 1726 167 0147 09879 09885 1705 09879 1759 0138 0145 1701 0137 1740 0159 0167 1701 0159 1800 0202 0217 0222 0217 0160 0144 0133 0139 //// 10102 ///// ///// ////
000000000000000000000000000000000000000000000000000000000000000000000000000000000000000000000000000000000000000000000000=
57156 331800 1113000 02503 02523 4
20100501180000 270 017 269 021 266 023 1752 282 025 271 042 1745 0000 0190 0202 1701 0190 1800 085 081 1701 187 0164 09811 09816 1701 09811 1756 0172 0175 1712 0172 1759 0178 0184 1701 0178 1800 0207 0215 0218 0214 0180 0156 0138 0143 //// 10100 ///// ///// ////
000000000000000000000000000000000000000000000000000000000000000000000000000000000000000000000000000000000000000000000000
130 002 000 000 6600 /////////////////////CIE 002 0000 6///1 0//// 7//// 10303 2//// 3//// /// /// /// // 911// 915// 919// 934// 939//=
57271 323300 1122300 00879 00897 4
20100501180000 084 007 045 002 285 008 1734 083 009 288 012 1731 0000 0185 0188 1702 0183 1743 091 089 1706 194 0170 09994 09998 1703 09994 1800 0131 0140 1715 0131 1758 0164 0167 1701 0164 1800 0204 0219 0224 0222 0165 0142 0135 0139 //// 10098 ///// ///// ////
000000000000000000000000000000000000000000000000000000000000000000000000000000000000000000000000000000000000000000000000=
57261 330700 1113100 02330 02345 4
20100501180000 124 013 162 010 162 010 1800 107 014 124 016 1759 0000 0185 0192 1701 0185 1800 090 087 1701 192 0168 09822 09827 1701 09822 1800 0160 0166 1704 0158 1744 0181 0187 1703 0181 1758 0214 0227 0230 0227 0195 0166 0148 //// //// 10090 ///// ///// ////
000000000000000000000000000000000000000000000000000000000000000000000000000000000000000000000000000000000000000000000000=
57285 322300 1132500 01530 01492 4
20100501180000 069 009 087 004 097 018 1711 060 014 150 036 1708 0000 0228 0235 1701 0225 1743 064 061 1701 178 0156 09929 09934 1701 09929 1756 0136 0170 1712 0136 1800 0174 0185 1715 0174 1800 0204 0218 0222 0221 0158 0140 0129 0135 //// 10099 ///// ///// ////
000000000000000000000000000000000000000000000000000000000000000000000000000000000000000000000000000000000000000000000000
120 000 000 000 //// //////////////////////// /// 0000 6///1 0//// 7//// 10307 2//// 3//// /// /// /// // 911// 915// 919// 934// 939//=
57273 324100 1125100 01095 01105 4
20100501180000 172 017 179 015 171 025 1717 170 020 192 040 1701 0000 0205 0213 1705 0203 1740 074 070 1706 178 0157 09970 09974 1701 09970 1755 0171 0184 1715 0170 1753 0181 0188 1706 0180 1750 0212 0223 0224 0220 0170 0149 0134 0138 //// 10097 ///// ///// ////
000000000000000000000000000000000000000000000000000000000000000000000000000000000000000000000000000000000000000000000000=
57187 330400 1125600 01180 01193 4
20100501180000 243 000 262 000 339 009 1725 242 000 330 013 1724 0000 0153 0162 1712 0150 1748 093 090 1701 162 0142 09952 09957 1701 09952 1800 0124 0130 1714 0123 1749 0163 0168 1701 0163 1800 0199 0204 0217 0215 0184 0155 0138 0136 //// 10091 ///// ///// ////
000000000000000000000000000000000000000000000000000000000000000000000000000000000000000000000000000000000000000000000000=
57178 330200 1123500 01292 01305 4
20100501180000 PPC 002 PPC 000 089 010 1746 282 005 049 017 1708 0000 0188 0194 1701 0188 1800 089 087 1701 193 0169 09948 09954 1701 09947 1752 0140 0154 1744 0140 1800 0166 0171 1711 0166 1800 0204 0214 0214 0210 0167 0144 0133 0134 0001 10099 ///// ///// ////
000000000000000000000000000000000000000000000000000000000000000000000000000000000000000000000000000000000000000000000000
040 000 000 000 //// //////////////////////// /// 1000 6///1 0//// 7//// 10285 2//// 3//// /// /// /// // 911// 915// 919// 934// 939//=
57169 330300 1115200 01591 01600 4
20100501180000 032 011 044 009 044 009 1800 038 013 038 013 1800 0000 0175 0178 1702 0164 1737 098 097 1714 196 0172 09914 09920 1707 09914 1746 0159 0166 1718 0159 1758 0156 0162 1709 0155 1752 0197 0211 0216 0214 0183 0149 0133 0135 //// 10099 ///// ///// ////
000000000000000000000000000000000000000000000000000000000000000000000000000000000000000000000000000000000000000000000000=
57176 332900 1122500 02311 02304 4
20100501180000 322 012 258 004 255 014 1701 327 014 271 019 1715 0000 0181 0193 1701 0181 1800 085 080 1701 176 0155 09837 09841 1703 09837 1800 0152 0164 1701 0152 1800 0174 0182 1701 0174 1800 0205 0217 0222 0221 0186 0158 0139 0136 //// 10101 ///// ///// ////
000000000000000000000000000000000000000000000000000000000000000000000000000000000000000000000000000000000000000000000000=
57179 331700 1130000 01604 01616 4
20100501180000 277 015 270 012 276 018 1744 274 015 271 020 1742 0000 0176 0177 1729 0173 1746 095 095 1741 191 0168 09913 09916 1702 09912 1745 0134 0135 1734 0131 1707 0165 0167 1701 0165 1749 0198 0210 0213 0212 0173 0144 0129 0134 //// 10100 ///// ///// ////
000000000000000000000000000000000000000000000000000000000000000000000000000000000000000000000000000000000000000000000000=
57274 324200 1120700 01076 01088 4
20100501180000 000 000 000 000 067 015 1704 333 000 074 024 1724 0000 0172 0182 1733 0172 1800 087 087 1742 171 0150 09969 09976 1705 09969 1800 0162 0173 1704 0162 1800 0169 0177 1702 0169 1800 0202 0214 0222 0223 0202 0175 0148 0145 //// 10095 ///// ///// ////
000000000000000000000000000000000000000000000000000000000000000000000000000000000000000000000000000000000000000000000000=
57065 343000 1121100 01949 01964 4
20100501180000 267 013 264 017 262 033 1739 263 016 246 049 1736 0000 0184 0196 1701 0184 1800 054 050 1701 114 0089 09855 09859 1721 09855 1800 0153 0157 1704 0152 1755 0159 0171 1701 0159 1800 0200 0215 0220 0218 0164 0143 0133 0138 //// 10079 ///// ///// ////
000000000000000000000000000000000000000000000000000000000000000000000000000000000000000000000000000000000000000000000000=
57074 342500 1122500 01973 01989 4
20100501180000 217 011 211 016 197 019 1754 254 013 243 040 1721 0000 0211 0214 1714 0211 1755 073 070 1702 183 0161 09855 09860 1702 09855 1751 0176 0182 1714 0172 1743 0182 0186 1702 0182 1747 0204 0213 0214 0209 0160 0141 0128 0130 //// 10081 ///// ///// ////
000000000000000000000000000000000000000000000000000000000000000000000000000000000000000000000000000000000000000000000000=
57076 344400 1124700 01895 01901 4
20100501180000 184 005 182 007 010 046 1701 211 004 013 042 1701 0000 0199 0228 1717 0199 1800 053 038 1716 123 0100 09855 09859 1701 09855 1800 0149 0199 1705 0149 1800 0149 0170 1701 0149 1800 0179 0191 0194 0191 0155 0133 0120 0125 //// 10073 ///// ///// ////
000000000000000000000000000000000000000000000000000000000000000000000000000000000000000000000000000000000000000000000000=
57070 344400 1120700 03640 03595 4
20100501180000 278 010 262 013 009 025 1713 271 009 009 030 1706 0000 0185 0198 1702 0184 1757 069 064 1715 147 0127 09668 09674 1704 09668 1757 0151 0172 1701 0142 1739 0149 0162 1708 0149 1800 0185 0195 0196 0190 0167 0137 0122 0125 //// 10075 ///// ///// ////
000000000000000000000000000000000000000000000000000000000000000000000000000000000000000000000000000000000000000000000000=
57162 340900 1120500 03258 03275 4
20100501180000 153 000 190 005 244 016 1728 170 003 269 025 1718 0000 0184 0186 1701 0184 1800 065 063 1701 137 0117 09707 09713 1701 09707 1800 0132 0156 1728 0132 1800 0155 0166 1728 0155 1800 0201 0215 0219 0216 0158 0141 0127 0134 //// 10079 ///// ///// ////
000000000000000000000000000000000000000000000000000000000000000000000000000000000000000000000000000000000000000000000000=
57078 340900 1122800 03365 03340 4
20100501180000 019 006 359 009 034 016 1741 012 006 035 024 1739 0000 0172 0183 1701 0170 1751 076 071 1701 149 0129 09704 09708 1702 09704 1800 0124 0129 1709 0124 1800 0146 0154 1701 0146 1800 0182 0200 0208 0206 0145 0132 0123 0124 //// 10085 ///// ///// ////
000000000000000000000000000000000000000000000000000000000000000000000000000000000000000000000000000000000000000000000000=
57071 344900 1122600 03333 03332 4
20100501180000 191 012 205 013 208 013 1759 187 013 209 015 1755 0000 0199 0211 1703 0199 1800 050 044 1703 116 0092 09698 09704 1710 09698 1758 0111 0116 1713 0111 1800 0151 0156 1701 0151 1800 0185 0197 0200 0197 0176 0138 0120 0123 //// 10076 ///// ///// ////
000000000000000000000000000000000000000000000000000000000000000000000000000000000000000000000000000000000000000000000000
120 000 000 000 //// //////////////////////// /// 0000 6///1 0//// 7//// 10297 2//// 3//// /// /// /// // 911// 915// 919// 934// 939//=
57066 342300 1114000 03283 03298 4
20100501180000 000 000 000 000 180 003 1715 274 000 175 007 1714 0000 0166 0175 1705 0166 1758 059 053 1702 111 0086 09702 09709 1702 09702 1800 0125 0129 1710 0125 1759 0149 0156 1701 0149 1759 0177 0184 0185 0179 0152 0134 0119 0120 //// 10076 ///// ///// ////
000000000000000000000000000000000000000000000000000000000000000000000000000000000000000000000000000000000000000000000000=
57077 334700 1113900 07424 07388 4
20100501180000 296 022 240 016 269 019 1713 285 025 265 029 1719 0000 0168 0171 1701 0165 1753 067 064 1701 128 0106 09273 09277 1704 09273 1800 0121 0127 1722 0117 1755 0136 0140 1706 0135 1754 0170 0185 0189 0188 0154 0127 0113 0117 //// 10093 ///// ///// ////
000000000000000000000000000000000000000000000000000000000000000000000000000000000000000000000000000000000000000000000000
220 000 000 000 //// //////////////////////// /// 0000 6///1 0//// 7//// 10302 2//// 3//// /// /// /// // 911// 915// 919// 934// 939//=
57183 334800 1135500 00600 00615 4
20100501180000 000 000 000 000 178 007 1740 293 000 226 013 1715 0000 0157 0164 1701 0156 1745 094 093 1711 168 0147 10015 10021 1701 10015 1800 0128 0136 1701 0128 1800 0141 0148 1701 0141 1800 0185 0196 0201 0200 0178 0145 0126 0125 //// 10087 ///// ///// ////
000000000000000000000000000000000000000000000000000000000000000000000000000000000000000000000000000000000000000000000000=
57186 333600 1140300 00587 00598 4
20100501180000 190 010 190 012 206 026 1701 204 009 201 027 1705 0000 0184 0195 1701 0184 1800 086 083 1727 182 0160 10018 10025 1701 10018 1800 0115 0134 1701 0115 1800 0149 0158 1701 0149 1800 0191 0205 0207 0207 0178 0149 0132 0136 //// 10087 ///// ///// ////
000000000000000000000000000000000000000000000000000000000000000000000000000000000000000000000000000000000000000000000000=
57191 342900 1142900 00634 00642 4
20100501180000 178 015 180 014 180 014 1755 164 015 178 029 1753 0000 0192 0196 1701 0192 1800 085 084 1701 189 0166 10011 10017 1701 10011 1800 0162 0166 1752 0155 1739 0169 0174 1701 0169 1758 0195 0205 0209 0207 0165 0139 0124 0127 //// 10085 ///// ///// ////
000000000000000000000000000000000000000000000000000000000000000000000000000000000000000000000000000000000000000000000000=
57096 343200 1144700 00597 00607 4
20100501180000 192 013 193 013 190 021 1716 191 010 203 040 1701 0000 0187 0193 1701 0187 1800 084 082 1701 181 0159 10011 10017 1701 10011 1800 0160 0174 1701 0159 1750 0152 0163 1701 0152 1800 0183 0197 0200 0195 0158 0136 0125 0129 //// 10081 ///// ///// ////
000000000000000000000000000000000000000000000000000000000000000000000000000000000000000000000000000000000000000000000000=
57091 344700 1141800 00737 00748 4
20100501180000 194 031 195 032 205 034 1731 195 030 184 054 1754 0000 0201 0208 1701 0201 1800 079 076 1701 186 0163 09991 09998 1701 09991 1800 0174 0178 1717 0174 1800 0173 0178 1701 0173 1758 0192 0200 0201 0187 0161 0139 0124 0119 //// 10077 ///// ///// ////
000000000000000000000000000000000000000000000000000000000000000000000000000000000000000000000000000000000000000000000000
110 000 000 000 //// //////////////////////// /// 0000 6///1 0//// 7//// 10294 2//// 3//// /// /// /// // 911// 915// 919// 934// 939//=
53978 350500 1123800 01401 01409 4
20100501180000 000 000 000 000 000 000 1800 158 000 184 001 1725 0000 0150 0159 1702 0150 1800 078 078 1728 133 0112 09910 09916 1713 09910 1759 0118 0123 1706 0118 1752 0141 0146 1702 0141 1758 0175 0190 0194 0195 0139 0127 0124 0130 //// 10073 ///// ///// ////
000000000000000000000000000000000000000000000000000000000000000000000000000000000000000000000000000000000000000000000000=
53987 350600 1132500 00910 00918 4
20100501180000 181 004 111 005 321 008 1701 178 004 009 013 1719 0000 0154 0165 1701 0152 1755 088 083 1703 154 0134 09967 09974 1702 09967 1757 0103 0112 1701 0101 1753 0146 0152 1701 0146 1800 0173 0189 0195 0197 0171 0145 0133 0132 //// 10073 ///// ///// ////
000000000000000000000000000000000000000000000000000000000000000000000000000000000000000000000000000000000000000000000000=
57079 345700 1130200 01064 01069 4
20100501180000 250 012 259 013 264 015 1754 251 012 265 019 1749 0000 0158 0163 1710 0158 1800 077 076 1701 138 0118 09949 09953 1701 09949 1800 0121 0126 1733 0121 1800 0140 0143 1701 0140 1800 0182 0191 0195 0193 0175 0145 0127 0126 //// 10073 ///// ///// ////
000000000000000000000000000000000000000000000000000000000000000000000000000000000000000000000000000000000000000000000000=
57072 345500 1124500 01275 01285 4
20100501180000 330 002 319 006 229 014 1704 330 000 231 018 1703 0000 0146 0152 1701 0146 1800 091 086 1713 151 0131 09927 09934 1701 09927 1800 0106 0111 1706 0104 1744 0131 0134 1701 0131 1800 0170 0186 0190 0188 0142 0127 0116 0118 //// 10076 ///// ///// ////
000000000000000000000000000000000000000000000000000000000000000000000000000000000000000000000000000000000000000000000000=
53982 351400 1131600 01120 01135 4
20100501180000 297 009 284 006 308 009 1704 331 007 311 012 1701 0000 0180 0198 1708 0179 1755 061 051 1701 126 0104 09940 09947 1702 09940 1800 0125 0131 1701 0125 1800 0149 0155 1708 0149 1800 0189 0202 0207 0205 0169 0143 0130 0135 //// 10071 ///// ///// ////
000000000000000000000000000000000000000000000000000000000000000000000000000000000000000000000000000000000000000000000000=
53979 350900 1130500 01200 01211 4
20100501180000 230 007 234 007 339 010 1703 233 009 002 015 1703 0000 0171 0182 1701 0166 1740 067 058 1703 131 0109 09935 09941 1701 09935 1800 0111 0122 1712 0111 1758 0129 0137 1701 0129 1800 0184 0201 0210 0209 0150 0139 0128 0133 //// 10075 ///// ///// ////
000000000000000000000000000000000000000000000000000000000000000000000000000000000000000000000000000000000000000000000000=
53992 353900 1143100 00582 00592 4
20100501180000 194 037 192 035 191 036 1738 201 050 207 058 1753 0000 0186 0187 1739 0185 1701 088 085 1703 188 0166 09997 10005 1701 09997 1800 0171 0171 1800 0166 1701 0159 0159 1738 0157 1707 0181 0188 0196 0194 0145 0127 0115 0122 //// 10065 ///// ///// ////
000000000000000000000000000000000000000000000000000000000000000000000000000000000000000000000000000000000000000000000000=
53974 353700 1141100 00723 00739 4
20100501180000 196 025 194 026 205 029 1710 195 022 212 056 1731 0000 0198 0207 1701 0196 1754 077 073 1701 178 0157 09981 09990 1707 09981 1800 0179 0184 1701 0178 1753 0174 0181 1701 0174 1756 0200 0212 0215 0211 0163 0137 0124 0129 //// 10066 ///// ///// ////
000000000000000000000000000000000000000000000000000000000000000000000000000000000000000000000000000000000000000000000000=
53990 354300 1141900 00795 00805 4
20100501180000 174 038 175 036 177 039 1701 167 036 184 048 1745 0000 0177 0195 1701 0176 1750 087 080 1701 176 0155 09970 09978 1701 09970 1800 0168 0185 1701 0167 1752 0153 0168 1701 0153 1800 0197 0210 0210 0208 0178 0140 0117 0116 //// 10063 ///// ///// ////
000000000000000000000000000000000000000000000000000000000000000000000000000000000000000000000000000000000000000000000000=
53991 355600 1142100 00743 00753 4
20100501180000 154 021 155 022 165 023 1750 117 019 198 057 1729 0000 0194 0202 1701 0194 1800 078 074 1701 176 0155 09972 09980 1701 09972 1800 0174 0180 1715 0163 1701 0163 0167 1718 0162 1741 0186 0197 0194 0196 0159 0135 0120 0122 //// 10059 ///// ///// ////
000000000000000000000000000000000000000000000000000000000000000000000000000000000000000000000000000000000000000000000000=
53889 360400 1134900 03068 03086 4
20100501180000 258 018 257 016 277 024 1701 269 021 249 037 1713 0000 0216 0229 1701 0216 1800 031 029 1701 080 0038 09705 09713 1701 09705 1800 0132 0185 1704 0116 1743 0146 0162 1701 0146 1759 0176 0189 0197 0202 0149 0122 0121 0107 //// 10052 ///// ///// ////
000000000000000000000000000000000000000000000000000000000000000000000000000000000000000000000000000000000000000000000000=
53995 353300 1143000 00625 00645 4
20100501180000 186 030 185 029 184 029 1758 173 050 173 050 1800 0000 0181 0181 1800 0174 1716 085 085 1701 176 0155 09995 10003 1701 09995 1800 0172 0172 1800 0156 1701 0158 0158 1800 0154 1717 0195 0209 0213 0212 0172 0140 0122 0123 //// 10070 ///// ///// ////
000000000000000000000000000000000000000000000000000000000000000000000000000000000000000000000000000000000000000000000000=
53898 360300 1142400 00629 00638 4
20100501180000 177 017 180 021 180 021 1800 170 023 187 033 1756 0000 0187 0190 1701 0184 1735 085 082 1701 183 0161 09984 09990 1701 09984 1759 0129 0129 1800 0101 1723 0146 0148 1701 0142 1748 0185 0195 0197 0191 0137 0120 0112 0119 //// 10058 ///// ///// ////
000000000000000000000000000000000000000000000000000000000000000000000000000000000000000000000000000000000000000000000000
130 000 000 000 //// //////////////////////// /// 0000 6///1 0//// 7//// 10295 2//// 3//// /// /// /// // 911// 915// 919// 934// 939//=
NNNN
