57293 324400 1145900 00380 00391 4
20100502000000 201 033 199 030 198 030 2359 195 037 196 048 2358 0000 0217 0217 0000 0188 2301 081 081 0000 210 0183 10058 10058 0000 10056 2301 0282 0282 0000 0209 2301 0263 0263 0000 0201 2301 0198 0192 0195 0196 0184 0156 0136 0136 //// 10104 ///// ///// ////
000000000000000000000000000000000000000000000000000000000000000000000000000000000000000000000000000000000000000000000000
200 000 000 000 //// //////////////////////// /// 0000 6///1 05506 7//// 10290 20153 3//// /// /// /// // 911// 915// 919// 934// 939//=
57192 334400 1145100 00455 00466 4
20100502000000 188 028 189 023 195 025 2340 192 035 164 047 2337 0000 0221 0221 0000 0199 2301 073 073 0000 194 0170 10036 10036 0000 10035 2301 0243 0243 0000 0190 2301 0231 0231 0000 0184 2301 0190 0190 0195 0195 0172 0149 0134 0141 //// 10090 ///// ///// ////
000000000000000000000000000000000000000000000000000000000000000000000000000000000000000000000000000000000000000000000000
150 000 000 000 //// //////////////////////// /// 0000 6///1 05604 7//// 10295 20183 3//// /// /// /// // 911// 915// 919// 934// 939//=
58100 333900 1151000 00414 00424 4
20100502000000 195 023 200 022 182 022 2309 229 035 187 038 2305 0000 0221 0221 0000 0199 2301 075 075 0000 199 0175 10045 10045 0000 10040 2301 0268 0268 0000 0224 2301 0293 0293 0000 0218 2301 0210 0196 0200 0204 0182 0154 0139 0141 //// 10094 ///// ///// ////
000000000000000000000000000000000000000000000000000000000000000000000000000000000000000000000000000000000000000000000000
090 000 000 000 //// //////////////////////// /// 1000 6///1 05605 7//// 10288 20171 3//// /// /// /// // 911// 915// 919// 934// 939//=
57095 340700 1140900 00611 00622 4
20100502000000 231 018 214 017 214 017 0000 215 012 200 033 2351 0000 0207 0207 0000 0187 2301 079 078 2359 193 0169 10010 10010 0000 10008 2327 0248 0248 0000 0187 2301 0241 0241 0000 0188 2301 0191 0169 0183 0186 0162 0140 0126 0129 //// 10082 ///// ///// ////
000000000000000000000000000000000000000000000000000000000000000000000000000000000000000000000000000000000000000000000000=
57296 322100 1144400 00489 00501 4
20100502000000 207 023 209 021 211 028 2323 176 017 220 045 2311 0000 0224 0224 0000 0204 2301 073 073 0000 198 0173 10046 10046 0000 10042 2301 0268 0269 2359 0216 2301 0288 0288 0000 0217 2301 0205 0198 0200 0201 0183 0155 0136 0133 //// 10104 ///// ///// ////
000000000000000000000000000000000000000000000000000000000000000000000000000000000000000000000000000000000000000000000000
080 000 000 000 //// //////////////////////// /// 1000 6///1 05505 7//// 10305 20175 3//// /// 000 /// // 911// 915// 919// 934// 939//=
57396 313800 1145100 01287 01297 4
20100502000000 199 052 196 054 194 056 2358 209 050 192 079 2354 0000 0237 0237 0000 0201 2301 060 060 0000 176 0155 09967 09967 0000 09963 2301 0279 0279 0000 0224 2301 0280 0280 0000 0211 2301 0202 0193 0196 0196 0188 0155 //// //// //// 10117 ///// ///// ////
000000000000000000000000000000000000000000000000000000000000000000000000000000000000000000000000000000000000000000000000=
58207 321000 1150300 00428 00440 4
20100502000000 211 037 206 033 196 037 2303 211 039 209 059 2358 0000 0238 0238 0000 0218 2301 064 064 0000 189 0166 10055 10055 0000 10051 2301 0283 0283 0000 0223 2301 0194 0194 0000 0183 2301 0249 0188 0187 0186 0158 0144 0133 0139 //// 10106 ///// ///// ////
000000000000000000000000000000000000000000000000000000000000000000000000000000000000000000000000000000000000000000000000=
58205 322800 1152600 00349 00360 4
20100502000000 227 016 221 016 218 019 2350 237 018 217 035 2341 0000 0240 0240 0000 0221 2301 064 064 0000 191 0168 10064 10064 0000 10060 2301 0296 0296 2359 0246 2301 0236 0236 0000 0195 2301 0210 0197 0192 0189 0174 0153 0138 0126 //// 10106 ///// ///// ////
000000000000000000000000000000000000000000000000000000000000000000000000000000000000000000000000000000000000000000000000=
57299 320100 1145400 00494 00506 4
20100502000000 179 035 178 035 178 035 0000 175 050 175 050 0000 0000 0235 0235 0000 0216 2301 067 067 0000 194 0170 10048 10048 0000 10044 2301 0286 0286 0000 0210 2301 0261 0261 0000 0201 2301 0212 0197 0191 0190 0186 0153 0134 0132 //// 10107 ///// ///// ////
000000000000000000000000000000000000000000000000000000000000000000000000000000000000000000000000000000000000000000000000
200 000 000 000 //// //////////////////////// /// 0000 6///1 05505 7//// 10308 20186 3//// /// 000 /// // 911// 915// 919// 934// 939//=
53997 350900 1141100 00711 00723 4
20100502000000 211 028 210 027 197 030 2337 197 023 183 045 2338 0000 0206 0206 0000 0186 2301 080 080 0000 194 0170 09987 09987 0000 09984 2301 0202 0202 0000 0174 2301 0240 0240 0000 0188 2301 0185 0179 0177 0182 0152 0135 0121 0125 //// 10071 ///// ///// ////
000000000000000000000000000000000000000000000000000000000000000000000000000000000000000000000000000000000000000000000000=
53994 352300 1140400 00700 00712 4
20100502000000 243 023 244 020 245 020 2358 256 036 256 036 0000 0000 0200 0200 0000 0175 2301 081 081 0000 189 0166 09982 09982 0000 09980 2301 0274 0276 2356 0186 2301 0280 0280 0000 0192 2301 0176 0169 0174 0177 0153 0131 0121 0129 //// 10065 ///// ///// ////
000000000000000000000000000000000000000000000000000000000000000000000000000000000000000000000000000000000000000000000000
090 000 000 /// //// //////////////////////// /// //// 6///1 0//// 7//// 1//// 2//// 3//// /// /// /// // 911// 915// 919// 934// 939//=
53985 352700 1134900 00964 00979 4
20100502000000 309 008 301 008 290 009 2358 268 009 268 017 2345 0000 0196 0196 0000 0181 2301 062 061 2347 141 0121 09952 09953 2307 09951 2358 0212 0212 0000 0170 2308 0211 0211 0000 0183 2301 0175 0178 0179 0180 0163 0136 0119 0122 //// 10065 ///// ///// ////
000000000000000000000000000000000000000000000000000000000000000000000000000000000000000000000000000000000000000000000000
140 000 000 000 //// //////////////////////// /// 0000 6///1 0//// 7//// 1//// 2//// 3//// /// /// /// // 911// 915// 919// 934// 939//=
53983 350200 1142500 00696 00708 4
20100502000000 212 040 209 037 209 037 0000 220 038 210 055 2358 0000 0216 0216 0000 0192 2301 083 083 0000 214 0186 09988 09989 2312 09987 2335 0247 0247 2359 0186 2301 0255 0255 0000 0188 2301 0187 0174 0174 0176 0141 0127 0117 0126 //// 10070 ///// ///// ////
000000000000000000000000000000000000000000000000000000000000000000000000000000000000000000000000000000000000000000000000=
57171 334600 1130700 01420 01430 4
20100502000000 185 040 185 035 186 042 2313 184 062 184 062 0000 0000 0225 0225 0000 0215 2301 078 078 0000 213 0185 09913 09913 0000 09909 2301 0257 0258 2359 0228 2301 0267 0268 2358 0220 2301 0208 0193 0192 0191 0188 0164 0142 0137 //// 10078 ///// ///// ////
000000000000000000000000000000000000000000000000000000000000000000000000000000000000000000000000000000000000000000000000=
57185 332700 1133500 00911 00921 4
20100502000000 233 018 242 019 233 029 2326 234 017 239 050 2326 0000 0236 0236 0000 0175 2301 070 070 0000 204 0178 09978 09978 0000 09975 2301 0254 0254 0000 0200 2305 0287 0287 0000 0200 2301 0195 0188 0192 0188 0175 0149 0129 0129 //// 10085 ///// ///// ////
000000000000000000000000000000000000000000000000000000000000000000000000000000000000000000000000000000000000000000000000
150 000 000 000 //// //////////////////////// /// 0000 6///1 05606 7//// 10300 20144 3//// /// /// /// // 911// 915// 919// 934// 939//=
53972 350700 1125500 01196 01210 4
20100502000000 251 017 247 018 225 020 2342 268 015 232 031 2338 0000 0214 0215 2354 0193 2301 058 058 0000 148 0128 09932 09932 0000 09929 2318 0191 0191 0000 0160 2301 0266 0266 0000 0190 2301 0185 0181 0185 0188 0163 0144 0133 0139 //// 10071 ///// ///// ////
000000000000000000000000000000000000000000000000000000000000000000000000000000000000000000000000000000000000000000000000
150 000 000 000 //// //////////////////////// /// 0000 6///1 05704 7//// 10302 20170 3//// /// /// 000 // 911// 915// 919// 934// 939//=
NNNN
