57090 344300 1135800 00781 00802 4
20100503140000 162 009 158 012 158 017 1315 161 009 153 041 1322 0000 0258 0262 1301 0257 1354 067 067 1400 223 0192 09952 09952 1400 09946 1301 0216 0229 1310 0211 1347 0228 0240 1301 0228 1357 0250 0255 0249 0243 0207 0164 0132 0132 //// 10043 ///// ///// ////
000000000000000000000000000000000000000000000000000000000000000000000000000000000000000000000000000000000000000000000000=
57083 344300 1133900 01104 01116 4
20100503140000 168 035 174 034 172 039 1323 141 033 192 058 1344 0000 0268 0273 1301 0268 1400 064 062 1301 225 0194 09911 09912 1357 09906 1304 0223 0225 1301 0222 1357 0237 0241 1301 0237 1358 0246 0247 0243 0236 0175 0145 0129 0131 0002 10037 ///// ///// ////
000000000000000000000000000000000000000000000000000000000000000000000000000000000000000000000000000000000000000000000000
120 10- 000 /// //// //////////////////CIEACR /// //// 6///1 0//// 7//// 1//// 2//// 3//// /// /// /// // 911// 915// 919// 934// 939//=
57086 342300 1134300 01166 01168 4
20100503140000 193 029 190 027 194 030 1348 164 020 192 054 1343 0000 0245 0252 1301 0244 1350 071 068 1302 218 0189 09910 09911 1332 09908 1301 0223 0225 1306 0218 1319 0228 0235 1301 0228 1340 0242 0244 0238 0227 0189 0146 0124 0124 //// 10043 ///// ///// ////
000000000000000000000000000000000000000000000000000000000000000000000000000000000000000000000000000000000000000000000000=
57085 343200 1132000 02599 02648 4
20100503140000 205 022 203 020 201 033 1323 223 014 203 065 1321 0000 0263 0265 1303 0263 1400 061 057 1301 209 0182 09741 09741 1338 09737 1309 0252 0257 1323 0252 1359 0229 0234 1301 0229 1358 0239 0241 0237 0226 0196 0155 0127 0129 //// 10039 ///// ///// ////
000000000000000000000000000000000000000000000000000000000000000000000000000000000000000000000000000000000000000000000000=
57081 344800 1132600 01409 01419 4
20100503140000 135 023 139 021 146 026 1301 144 014 147 061 1337 0000 0277 0285 1302 0277 1400 053 047 1302 197 0173 09875 09877 1335 09870 1301 0239 0248 1325 0235 1332 0241 0247 1303 0241 1400 0248 0250 0247 0232 0171 0146 0127 0122 //// 10035 ///// ///// ////
000000000000000000000000000000000000000000000000000000000000000000000000000000000000000000000000000000000000000000000000=
57084 343000 1130300 11784 11790 4
20100503140000 259 081 253 087 256 100 1339 245 071 240 128 1342 0000 0187 0190 1301 0187 1400 084 080 1301 181 0159 08766 08766 1400 08764 1345 0172 0176 1330 0172 1359 0182 0186 1330 0181 1359 0202 0211 0210 0201 0145 //// //// //// //// 10042 ///// ///// ////
000000000000000000000000000000000000000000000000000000000000000000000000000000000000000000000000000000000000000000000000=
57080 344400 1125800 01652 01661 4
20100503140000 208 021 200 020 199 042 1306 170 017 184 097 1303 0000 0275 0289 1304 0270 1353 049 041 1301 180 0158 09844 09846 1337 09841 1309 0210 0238 1313 0205 1355 0237 0253 1305 0237 1353 0251 0253 0247 0235 0172 0138 0121 0124 //// 10032 ///// ///// ////
000000000000000000000000000000000000000000000000000000000000000000000000000000000000000000000000000000000000000000000000=
57082 342800 1130100 04271 04284 4
20100503140000 156 014 278 012 317 018 1328 142 013 285 027 1327 0000 0252 0255 1303 0251 1355 059 056 1302 189 0166 09564 09566 1328 09563 1301 0237 0243 1331 0233 1315 0238 0242 1331 0237 1358 0251 0257 0255 0246 0184 0151 0128 //// //// 10043 ///// ///// ////
000000000000000000000000000000000000000000000000000000000000000000000000000000000000000000000000000000000000000000000000=
57295 323700 1142100 00785 00802 4
20100503140000 171 016 168 016 166 027 1305 189 017 181 057 1324 0000 0261 0268 1307 0261 1400 056 055 1325 189 0166 09959 09960 1345 09956 1302 0207 0221 1301 0206 1358 0242 0254 1321 0242 1400 0265 0259 0251 0239 0178 0152 0131 0132 //// 10050 ///// ///// ////
000000000000000000000000000000000000000000000000000000000000000000000000000000000000000000000000000000000000000000000000=
57189 330800 1135700 00646 00655 4
20100503140000 146 012 145 011 150 021 1336 156 011 158 035 1335 0000 0239 0245 1301 0239 1400 076 075 1301 225 0194 09974 09974 1400 09969 1301 0194 0196 1338 0192 1313 0230 0236 1301 0230 1400 0247 0251 0248 0240 0169 0142 0126 0128 //// 10049 ///// ///// ////
000000000000000000000000000000000000000000000000000000000000000000000000000000000000000000000000000000000000000000000000=
57194 331700 1141600 00598 00609 4
20100503140000 176 011 160 009 148 010 1312 198 016 203 028 1326 0000 0248 0249 1350 0248 1336 069 069 1348 216 0187 09980 09980 1400 09974 1301 0205 0224 1331 0205 1400 0221 0229 1316 0221 1400 0240 0244 0240 0230 0168 0141 0125 0128 //// 10050 ///// ///// ////
000000000000000000000000000000000000000000000000000000000000000000000000000000000000000000000000000000000000000000000000=
57197 330000 1142000 00489 00545 4
20100503140000 150 022 151 023 151 026 1334 150 020 113 039 1331 0000 0242 0246 1306 0242 1400 074 074 1400 223 0193 09988 09988 1400 09983 1301 0187 0197 1303 0186 1352 0223 0232 1304 0223 1400 0247 0249 0242 0230 0181 0151 0130 0129 //// 10050 ///// ///// ////
000000000000000000000000000000000000000000000000000000000000000000000000000000000000000000000000000000000000000000000000=
57294 325000 1140100 00836 00846 4
20100503140000 185 020 187 019 157 026 1301 181 024 175 034 1343 0000 0249 0256 1301 0247 1352 072 068 1301 227 0195 09949 09950 1351 09945 1301 0222 0235 1301 0220 1343 0236 0244 1301 0236 1359 0246 0245 0237 0223 0173 0151 0128 0127 //// 10045 ///// ///// ////
000000000000000000000000000000000000000000000000000000000000000000000000000000000000000000000000000000000000000000000000=
57292 325800 1143800 00444 00453 4
20100503140000 155 019 157 015 159 025 1323 153 023 142 055 1328 0000 0262 0266 1324 0262 1356 061 061 1330 207 0181 10002 10002 1354 09997 1301 0217 0223 1301 0217 1400 0237 0244 1301 0237 1400 0249 0251 0245 0237 0194 0157 0134 0135 //// 10054 ///// ///// ////
000000000000000000000000000000000000000000000000000000000000000000000000000000000000000000000000000000000000000000000000=
57195 333700 1143700 00466 00476 4
20100503140000 100 011 106 011 114 015 1327 147 008 156 027 1356 0000 0263 0267 1301 0263 1400 061 060 1301 209 0182 09996 09997 1351 09992 1301 0213 0233 1309 0213 1400 0234 0243 1301 0234 1359 0256 0264 0262 0252 0184 0149 0130 0141 //// 10050 ///// ///// ////
000000000000000000000000000000000000000000000000000000000000000000000000000000000000000000000000000000000000000000000000=
57193 334700 1143100 00526 00541 4
20100503140000 176 011 174 009 174 017 1318 122 008 158 038 1313 0000 0258 0263 1303 0258 1400 064 062 1335 213 0185 09990 09991 1343 09985 1301 0219 0224 1301 0219 1400 0230 0237 1302 0230 1400 0246 0250 0248 0240 0183 0150 0132 0132 //// 10052 ///// ///// ////
000000000000000000000000000000000000000000000000000000000000000000000000000000000000000000000000000000000000000000000000=
57196 332800 1145200 00420 00428 4
20100503140000 150 016 147 016 151 026 1334 167 017 139 046 1321 0000 0255 0258 1331 0255 1400 062 061 1338 202 0177 10004 10004 1400 10000 1301 0215 0233 1333 0212 1357 0217 0226 1301 0217 1400 0242 0247 0240 0227 0161 0139 0128 0132 //// 10053 ///// ///// ////
000000000000000000000000000000000000000000000000000000000000000000000000000000000000000000000000000000000000000000000000=
58101 335200 1152900 00413 00428 4
20100503140000 139 018 139 017 151 018 1301 130 022 170 040 1319 0000 0246 0257 1301 0246 1400 070 066 1324 216 0188 10010 10011 1348 10007 1301 0207 0227 1301 0207 1400 0219 0234 1301 0219 1400 0248 0245 0237 0225 0172 0144 0126 0131 //// 10059 ///// ///// ////
000000000000000000000000000000000000000000000000000000000000000000000000000000000000000000000000000000000000000000000000=
57098 340500 1142400 00583 00593 4
20100503140000 155 017 157 016 165 021 1339 155 014 178 033 1339 0000 0250 0252 1334 0249 1313 069 069 1400 219 0189 09979 09979 1400 09974 1301 0222 0229 1343 0220 1307 0216 0222 1301 0216 1400 0226 0231 0229 0224 0182 0147 0126 0130 //// 10047 ///// ///// ////
000000000000000000000000000000000000000000000000000000000000000000000000000000000000000000000000000000000000000000000000=
57088 340900 1133000 01161 01177 4
20100503140000 193 019 190 021 185 024 1331 228 012 187 033 1359 0000 0255 0264 1301 0255 1400 071 070 1301 232 0199 09906 09907 1332 09904 1301 0217 0231 1301 0217 1400 0230 0241 1301 0230 1400 0251 0256 0250 0239 0165 0139 0128 0131 //// 10040 ///// ///// ////
000000000000000000000000000000000000000000000000000000000000000000000000000000000000000000000000000000000000000000000000=
57182 335100 1133000 00805 00814 4
20100503140000 185 020 186 021 198 033 1301 200 023 206 064 1301 0000 0252 0264 1302 0252 1400 068 062 1310 218 0189 09949 09950 1342 09945 1301 0231 0247 1301 0230 1337 0235 0247 1301 0235 1400 0261 0265 0259 0241 0189 0155 0134 0139 //// 10042 ///// ///// ////
000000000000000000000000000000000000000000000000000000000000000000000000000000000000000000000000000000000000000000000000=
57087 341200 1134800 00877 00885 4
20100503140000 183 015 181 018 185 030 1309 170 016 192 045 1313 0000 0262 0270 1301 0262 1400 062 059 1301 211 0183 09943 09944 1342 09938 1301 0228 0246 1301 0228 1400 0234 0242 1301 0234 1400 0247 0251 0245 0234 0169 0141 0125 0128 //// 10044 ///// ///// ////
000000000000000000000000000000000000000000000000000000000000000000000000000000000000000000000000000000000000000000000000=
58301 314900 1152300 00916 00929 4
20100503140000 202 018 218 019 247 023 1349 217 017 249 031 1345 0000 0236 0238 1301 0231 1333 064 057 1351 186 0164 09956 09956 1400 09951 1301 0200 0203 1354 0186 1319 0221 0228 1301 0221 1400 0251 0259 0260 0253 0217 0173 0141 0134 //// 10062 ///// ///// ////
000000000000000000000000000000000000000000000000000000000000000000000000000000000000000000000000000000000000000000000000=
57298 321300 1143300 00554 00562 4
20100503140000 171 014 185 015 192 016 1358 194 013 186 023 1355 0000 0254 0259 1301 0251 1348 059 059 1400 191 0168 09991 09991 1400 09985 1301 0198 0205 1301 0198 1357 0227 0235 1301 0227 1354 0246 0248 0243 0231 0177 0149 0128 0138 //// 10055 ///// ///// ////
000000000000000000000000000000000000000000000000000000000000000000000000000000000000000000000000000000000000000000000000=
57390 314800 1140400 07335 07347 4
20100503140000 199 045 202 046 204 053 1353 192 026 186 139 1336 0000 0232 0236 1301 0232 1400 054 050 1301 153 0134 09244 09247 1325 09243 1301 0226 0229 1305 0225 1349 0205 0208 1301 0204 1342 0217 0220 0219 0210 0172 0138 //// //// //// 10054 ///// ///// ////
000000000000000000000000000000000000000000000000000000000000000000000000000000000000000000000000000000000000000000000000=
58208 321000 1153700 00429 00439 4
20100503140000 142 011 136 010 136 018 1323 126 009 135 026 1322 0000 0249 0254 1326 0247 1301 057 051 1341 179 0158 10010 10011 1340 10005 1302 0197 0215 1323 0197 1400 0232 0241 1301 0232 1400 0261 0275 0274 0266 0192 0165 0142 0142 //// 10060 ///// ///// ////
000000000000000000000000000000000000000000000000000000000000000000000000000000000000000000000000000000000000000000000000=
53989 350300 1135700 00766 00777 4
20100503140000 157 008 164 008 160 009 1345 128 007 195 023 1344 0000 0248 0252 1301 0247 1318 075 072 1301 235 0201 09954 09954 1400 09950 1301 0207 0210 1301 0205 1325 0217 0226 1301 0217 1400 0240 0246 0243 0234 0178 0144 0124 0126 //// 10043 ///// ///// ////
000000000000000000000000000000000000000000000000000000000000000000000000000000000000000000000000000000000000000000000000=
53997 350900 1141100 00711 00723 4
20100503140000 116 012 146 010 162 015 1331 093 017 163 022 1329 0000 0254 0259 1301 0254 1400 066 064 1301 214 0186 09961 09962 1354 09956 1301 0208 0214 1308 0208 1400 0225 0235 1301 0225 1400 0244 0247 0237 0230 0167 0142 0122 0125 //// 10044 ///// ///// ////
000000000000000000000000000000000000000000000000000000000000000000000000000000000000000000000000000000000000000000000000=
53986 351900 1135300 00732 00740 4
20100503140000 172 015 153 009 126 013 1336 192 010 147 027 1340 0000 0263 0270 1305 0263 1400 074 069 1304 253 0213 09959 09960 1347 09955 1301 0241 0246 1301 0236 1340 0230 0236 1301 0229 1358 0237 0237 0231 0224 0182 0149 0126 0131 //// 10043 ///// ///// ////
000000000000000000000000000000000000000000000000000000000000000000000000000000000000000000000000000000000000000000000000=
53988 351600 1134000 00776 00784 4
20100503140000 138 015 135 016 134 017 1359 172 017 147 027 1343 0000 0258 0263 1302 0258 1400 067 067 1400 223 0192 09947 09947 1400 09942 1305 0231 0234 1351 0228 1314 0231 0238 1301 0231 1400 0243 0243 0235 0226 0161 0137 0123 0128 //// 10036 ///// ///// ////
000000000000000000000000000000000000000000000000000000000000000000000000000000000000000000000000000000000000000000000000=
53998 351200 1143900 00616 00625 4
20100503140000 157 028 157 026 155 030 1329 164 037 150 048 1334 0000 0262 0269 1301 0262 1400 058 058 1357 197 0173 09974 09974 1356 09969 1301 0228 0235 1302 0228 1400 0236 0244 1301 0236 1400 0247 0248 0240 0227 0193 0152 0125 0130 //// 10045 ///// ///// ////
000000000000000000000000000000000000000000000000000000000000000000000000000000000000000000000000000000000000000000000000=
57051 344800 1111200 04099 04117 4
20100503140000 101 025 096 024 096 024 1400 102 030 077 050 1353 0000 0253 0257 1305 0253 1400 065 063 1316 210 0183 09558 09562 1342 09558 1301 0226 0229 1304 0221 1339 0230 0235 1303 0230 1359 0233 0234 0230 0222 0184 0139 0120 0121 //// 10017 ///// ///// ////
000000000000000000000000000000000000000000000000000000000000000000000000000000000000000000000000000000000000000000000000=
57063 344600 1114600 05236 05236 4
20100503140000 142 012 132 014 100 031 1304 111 006 091 051 1302 0000 0229 0236 1306 0229 1356 072 069 1306 201 0176 09448 09448 1400 09441 1305 0188 0205 1307 0188 1400 0208 0218 1304 0208 1400 0216 0216 0208 0197 0131 0116 0104 0111 //// 10031 ///// ///// ////
000000000000000000000000000000000000000000000000000000000000000000000000000000000000000000000000000000000000000000000000=
57067 340300 1110200 05688 05699 4
20100503140000 246 022 254 014 245 017 1301 277 028 277 028 1400 0000 0220 0231 1302 0220 1400 066 060 1301 174 0154 09396 09396 1359 09389 1349 0203 0216 1301 0198 1353 0225 0233 1301 0225 1400 0237 0237 0220 0232 0182 0157 0125 0125 //// 10031 ///// ///// ////
000000000000000000000000000000000000000000000000000000000000000000000000000000000000000000000000000000000000000000000000=
57056 343200 1105300 03904 03909 4
20100503140000 149 011 174 018 220 030 1301 099 018 113 057 1333 0000 0272 0279 1301 0267 1330 041 037 1301 148 0128 09581 09583 1356 09578 1308 0227 0241 1301 0221 1330 0243 0250 1301 0243 1352 0248 0252 0244 0233 0160 0135 0119 0121 //// 10013 ///// ///// ////
000000000000000000000000000000000000000000000000000000000000000000000000000000000000000000000000000000000000000000000000=
58007 340400 1151800 00472 00532 4
20100503140000 156 012 152 015 151 019 1302 150 017 150 035 1302 0000 0251 0259 1301 0251 1359 066 065 1326 210 0183 09996 09996 1400 09992 1301 0208 0225 1309 0208 1352 0225 0238 1301 0225 1400 0246 0247 0241 0229 0168 0142 0128 0132 //// 10057 ///// ///// ////
000000000000000000000000000000000000000000000000000000000000000000000000000000000000000000000000000000000000000000000000=
58006 342300 1155300 00463 00506 4
20100503140000 141 022 144 022 144 022 1400 173 019 175 043 1345 0000 0251 0256 1318 0251 1400 062 062 1400 198 0173 10008 10008 1352 10003 1302 0219 0227 1323 0215 1345 0222 0231 1301 0222 1400 0240 0248 0244 0234 0179 0145 0124 0128 //// 10066 ///// ///// ////
000000000000000000000000000000000000000000000000000000000000000000000000000000000000000000000000000000000000000000000000=
58111 335800 1162700 00325 00325 4
20100503140000 127 016 125 015 137 027 1310 125 013 130 049 1309 0000 0245 0260 1310 0245 1400 056 051 1310 172 0152 10032 10033 1346 10028 1301 0192 0202 1301 0192 1400 0214 0228 1301 0214 1400 0232 0239 0236 0228 0175 0146 0130 0139 //// 10069 ///// ///// ////
000000000000000000000000000000000000000000000000000000000000000000000000000000000000000000000000000000000000000000000000=
58017 341500 1160800 00410 00420 4
20100503140000 139 020 133 023 134 025 1352 139 019 113 051 1345 0000 0264 0266 1301 0264 1339 053 053 1358 182 0161 10016 10016 1353 10010 1301 0195 0204 1301 0195 1400 0222 0230 1301 0222 1400 0236 0238 0234 0225 0166 0145 0128 0130 //// 10064 ///// ///// ////
000000000000000000000000000000000000000000000000000000000000000000000000000000000000000000000000000000000000000000000000=
58001 342600 1150600 00563 00569 4
20100503140000 147 023 145 021 150 031 1310 119 025 144 050 1307 0000 0251 0258 1311 0251 1400 069 065 1302 220 0190 09987 09989 1350 09984 1301 0231 0240 1308 0227 1327 0219 0226 1307 0219 1400 0232 0235 0231 0221 0167 0136 0119 0126 //// 10052 ///// ///// ////
000000000000000000000000000000000000000000000000000000000000000000000000000000000000000000000000000000000000000000000000=
58005 342700 1154000 00501 00511 4
20100503140000 155 019 150 019 151 028 1302 144 017 158 043 1304 0000 0256 0265 1301 0256 1400 065 061 1301 213 0185 10000 10001 1347 09997 1301 0209 0223 1302 0209 1400 0224 0235 1301 0224 1400 0244 0248 0240 0228 0173 0138 0127 0133 0003 10058 ///// ///// ////
000000000000000000000000000000000000000000000000000000000000000000000000000000000000000000000000000000000000000000000000
160 010 000 /// //// //////////////////ACRCSI /// //// 6///1 0//// 7//// 1//// 2//// 3//// /// /// /// // 911// 915// 919// 934// 939//=
58008 342800 1152000 00544 00592 4
20100503140000 120 006 126 008 124 019 1301 189 008 147 042 1302 0000 0253 0260 1301 0253 1400 064 063 1346 206 0180 09987 09987 1400 09982 1301 0216 0233 1305 0216 1400 0222 0234 1301 0222 1400 0236 0239 0237 0227 0164 0141 0123 0130 //// 10055 ///// ///// ////
000000000000000000000000000000000000000000000000000000000000000000000000000000000000000000000000000000000000000000000000=
58004 343900 1150900 00606 00616 4
20100503140000 144 017 143 015 140 020 1335 085 013 133 047 1323 0000 0257 0263 1301 0257 1359 066 063 1301 218 0189 09982 09982 1400 09977 1302 0230 0247 1319 0230 1400 0233 0240 1301 0233 1400 0249 0259 0251 0242 0178 0144 0127 0129 //// 10052 ///// ///// ////
000000000000000000000000000000000000000000000000000000000000000000000000000000000000000000000000000000000000000000000000=
54817 355900 1155200 00421 00434 4
20100503140000 160 025 160 023 151 023 1309 150 026 173 043 1308 0000 0260 0261 1310 0259 1353 063 062 1309 212 0184 10002 10003 1355 09998 1306 0210 0211 1312 0209 1301 0234 0237 1305 0234 1400 0243 0243 0237 0222 0159 0125 0112 0113 //// 10052 ///// ///// ////
000000000000000000000000000000000000000000000000000000000000000000000000000000000000000000000000000000000000000000000000=
54902 355400 1150700 00495 00499 4
20100503140000 162 021 160 021 159 022 1353 164 019 170 038 1358 0000 0246 0253 1311 0246 1400 069 069 1359 213 0185 09986 09987 1350 09984 1301 0229 0236 1309 0229 1356 0221 0231 1303 0221 1400 0241 0241 0233 0221 0165 0126 0111 0115 //// 10043 ///// ///// ////
000000000000000000000000000000000000000000000000000000000000000000000000000000000000000000000000000000000000000000000000=
54900 354200 1150100 00537 00541 4
20100503140000 143 023 149 019 149 019 1400 142 019 136 038 1359 0000 0245 0252 1301 0245 1400 073 071 1303 224 0193 09983 09985 1346 09980 1301 0204 0204 1400 0195 1331 0221 0229 1301 0221 1400 0245 0246 0238 0225 0186 0139 0115 0115 //// 10045 ///// ///// ////
000000000000000000000000000000000000000000000000000000000000000000000000000000000000000000000000000000000000000000000000=
54901 360500 1151000 00475 00478 4
20100503140000 146 030 145 027 145 028 1328 142 026 147 040 1339 0000 0243 0248 1301 0242 1358 070 070 1400 213 0185 09990 09991 1346 09989 1301 0215 0222 1301 0214 1359 0224 0234 1301 0224 1400 0236 0236 0229 0218 0181 0144 0117 0115 //// 10045 ///// ///// ////
000000000000000000000000000000000000000000000000000000000000000000000000000000000000000000000000000000000000000000000000=
54903 355100 1152900 00457 00506 4
20100503140000 175 020 172 021 172 021 1400 189 018 167 033 1358 0000 0255 0261 1301 0255 1400 061 059 1301 199 0174 09991 09991 1355 09986 1302 0241 0247 1301 0232 1336 0229 0238 1301 0229 1355 0237 0240 0233 0221 0177 0137 0118 0116 //// 10049 ///// ///// ////
000000000000000000000000000000000000000000000000000000000000000000000000000000000000000000000000000000000000000000000000=
57184 333800 1132200 00834 00847 4
20100503140000 156 021 157 019 161 019 1356 139 027 187 038 1302 0000 0265 0266 1305 0263 1340 059 058 1309 204 0178 09942 09944 1349 09940 1301 0226 0229 1311 0223 1350 0238 0242 1311 0237 1347 0120 0264 0259 0249 0154 0137 0127 0133 //// 10038 ///// ///// ////
000000000000000000000000000000000000000000000000000000000000000000000000000000000000000000000000000000000000000000000000=
57177 332000 1133200 00898 00913 4
20100503140000 175 020 186 025 188 033 1345 153 030 215 059 1321 0000 0282 0284 1325 0273 1301 047 046 1313 180 0158 09937 09938 1326 09934 1301 0253 0258 1325 0229 1301 0242 0243 1344 0240 1301 0225 0253 0240 0242 0183 0152 0132 0126 //// 10040 ///// ///// ////
000000000000000000000000000000000000000000000000000000000000000000000000000000000000000000000000000000000000000000000000=
57075 341000 1125200 02031 02043 4
20100503140000 164 034 158 033 147 038 1342 155 039 138 053 1337 0000 0251 0257 1342 0242 1315 068 065 1339 217 0188 09810 09811 1314 09807 1346 0235 0241 1341 0214 1317 0226 0227 1346 0218 1319 0233 0241 0241 0234 0215 0171 0134 0127 //// 10041 ///// ///// ////
000000000000000000000000000000000000000000000000000000000000000000000000000000000000000000000000000000000000000000000000=
57173 334500 1125300 01457 01468 4
20100503140000 244 006 148 007 180 012 1301 245 007 175 024 1329 0000 0245 0255 1301 0245 1400 071 065 1301 218 0189 09869 09869 1400 09867 1316 0209 0214 1321 0209 1354 0232 0237 1314 0232 1352 0255 0260 0256 0243 0183 0152 0131 0135 //// 10036 ///// ///// ////
000000000000000000000000000000000000000000000000000000000000000000000000000000000000000000000000000000000000000000000000=
57180 335900 1131200 01175 01186 4
20100503140000 170 012 165 014 189 028 1319 191 013 189 040 1318 0000 0257 0260 1301 0256 1339 065 065 1400 215 0186 09904 09906 1328 09902 1312 0226 0234 1304 0221 1354 0232 0241 1301 0232 1355 0252 0258 0252 0238 0174 0148 0130 0133 //// 10039 ///// ///// ////
000000000000000000000000000000000000000000000000000000000000000000000000000000000000000000000000000000000000000000000000=
57181 335300 1130300 01364 01380 4
20100503140000 133 026 145 018 210 021 1328 133 024 142 032 1359 0000 0246 0246 1400 0235 1310 072 072 1400 223 0192 09885 09888 1326 09885 1400 0200 0203 1327 0200 1304 0228 0231 1301 0228 1358 0249 0257 0250 0244 0187 0152 0131 0133 //// 10042 ///// ///// ////
000000000000000000000000000000000000000000000000000000000000000000000000000000000000000000000000000000000000000000000000=
57175 330300 1121400 01914 01922 4
20100503140000 087 017 087 014 110 018 1315 088 014 091 042 1314 0000 0247 0250 1317 0246 1331 075 073 1320 233 0200 09825 09825 1354 09821 1301 0208 0211 1319 0207 1303 0239 0242 1308 0239 1400 0253 0256 0250 0238 0174 0150 0134 0139 //// 10043 ///// ///// ////
000000000000000000000000000000000000000000000000000000000000000000000000000000000000000000000000000000000000000000000000=
57156 331800 1113000 02503 02523 4
20100503140000 097 030 093 027 093 038 1315 111 029 105 059 1312 0000 0253 0256 1310 0252 1345 063 063 1317 203 0178 09754 09754 1400 09750 1302 0221 0223 1302 0221 1345 0243 0246 1301 0241 1343 0245 0243 0239 0230 0194 0164 0139 0143 //// 10039 ///// ///// ////
000000000000000000000000000000000000000000000000000000000000000000000000000000000000000000000000000000000000000000000000=
57271 323300 1122300 00879 00897 4
20100503140000 154 022 150 021 132 030 1330 113 006 122 050 1326 0000 0247 0247 1339 0245 1306 074 073 1339 230 0198 09933 09935 1343 09932 1324 0236 0236 1400 0230 1302 0240 0241 1312 0239 1345 0250 0252 0248 0240 0179 0148 0136 0139 //// 10035 ///// ///// ////
000000000000000000000000000000000000000000000000000000000000000000000000000000000000000000000000000000000000000000000000=
57285 322300 1132500 01530 01492 4
20100503140000 149 030 136 026 123 032 1350 144 051 119 063 1341 0000 0276 0277 1304 0275 1334 054 052 1302 199 0175 09877 09877 1400 09874 1324 0226 0227 1357 0217 1334 0247 0247 1353 0245 1331 0258 0263 0261 0253 0174 0146 0131 0135 //// ///// ///// ///// ////
////////////////////////////////////////////////////////////////////////////////////////////////////////////////////////=
57273 324100 1125100 01095 01105 4
20100503140000 134 014 138 012 167 026 1301 111 013 158 039 1308 0000 0258 0262 1305 0258 1400 059 058 1342 196 0172 09916 09916 1339 09913 1310 0240 0248 1304 0240 1400 0244 0250 1301 0244 1400 0258 0262 0255 0244 0184 0156 0136 0138 //// 10041 ///// ///// ////
000000000000000000000000000000000000000000000000000000000000000000000000000000000000000000000000000000000000000000000000=
57187 330400 1125600 01180 01193 4
20100503140000 114 019 113 017 103 017 1351 122 020 125 022 1358 0000 0243 0259 1301 0243 1400 072 065 1301 219 0189 09898 09899 1352 09897 1301 0229 0235 1315 0218 1332 0237 0243 1301 0237 1400 0255 0248 0251 0241 0196 0161 0140 0137 //// 10034 ///// ///// ////
000000000000000000000000000000000000000000000000000000000000000000000000000000000000000000000000000000000000000000000000=
57178 330200 1123500 01292 01305 4
20100503140000 118 015 118 015 129 019 1321 119 014 164 029 1315 0000 0248 0256 1321 0248 1400 071 069 1316 222 0192 09890 09892 1323 09888 1301 0220 0233 1318 0216 1349 0236 0241 1317 0236 1400 0251 0253 0246 0236 0180 0151 0134 0134 0001 10038 ///// ///// ////
000000000000000000000000000000000000000000000000000000000000000000000000000000000000000000000000000000000000000000000000
150 010 000 /// //// /////////////////////ACP /// //// 6///1 0//// 7//// 1//// 2//// 3//// /// /// /// // 911// 915// 919// 934// 939//=
57169 330300 1115200 01591 01600 4
20100503140000 073 024 065 027 062 027 1358 085 023 077 038 1358 0000 0240 0245 1309 0239 1324 080 078 1309 239 0203 09858 09858 1400 09855 1303 0218 0221 1301 0218 1358 0229 0232 1303 0228 1342 0241 0243 0241 0232 0197 0157 0135 0135 //// 10040 ///// ///// ////
000000000000000000000000000000000000000000000000000000000000000000000000000000000000000000000000000000000000000000000000=
57176 332900 1122500 02311 02304 4
20100503140000 335 014 344 012 344 012 1400 324 012 327 016 1359 0000 0245 0252 1301 0245 1400 068 065 1301 209 0182 09788 09789 1347 09783 1304 0221 0232 1301 0221 1400 0239 0246 1301 0239 1400 0256 0259 0257 0250 0200 0168 0141 0137 //// 10049 ///// ///// ////
000000000000000000000000000000000000000000000000000000000000000000000000000000000000000000000000000000000000000000000000=
57179 331700 1130000 01604 01616 4
20100503140000 192 014 185 013 242 017 1301 212 009 187 025 1349 0000 0245 0256 1301 0240 1350 074 068 1301 227 0196 09860 09861 1356 09859 1302 0212 0218 1301 0208 1343 0237 0243 1301 0237 1350 0252 0254 0249 0240 0187 0151 0131 0134 //// 10044 ///// ///// ////
000000000000000000000000000000000000000000000000000000000000000000000000000000000000000000000000000000000000000000000000=
57274 324200 1120700 01076 01088 4
20100503140000 151 036 149 031 153 043 1301 161 039 147 074 1309 0000 0254 0259 1320 0254 1400 070 067 1301 227 0195 09909 09909 1358 09904 1301 0242 0247 1315 0242 1358 0242 0246 1304 0242 1359 0252 0252 0251 0244 0214 0186 0151 0145 //// 10033 ///// ///// ////
000000000000000000000000000000000000000000000000000000000000000000000000000000000000000000000000000000000000000000000000=
57065 343000 1121100 01949 01964 4
20100503140000 180 019 179 017 141 022 1312 167 035 167 048 1312 0000 0272 0275 1301 0269 1351 046 046 1400 166 0146 09806 09806 1400 09801 1310 0208 0215 1301 0208 1400 0238 0246 1301 0236 1350 0252 0256 0253 0244 0181 0150 0135 0139 //// 10027 ///// ///// ////
000000000000000000000000000000000000000000000000000000000000000000000000000000000000000000000000000000000000000000000000=
57074 342500 1122500 01973 01989 4
20100503140000 154 004 071 005 153 013 1301 173 002 167 040 1308 0000 0260 0265 1320 0260 1400 059 057 1321 198 0174 09806 09806 1357 09802 1305 0218 0238 1320 0218 1400 0237 0246 1302 0237 1400 0252 0255 0249 0238 0177 0148 0129 0130 //// 10030 ///// ///// ////
000000000000000000000000000000000000000000000000000000000000000000000000000000000000000000000000000000000000000000000000=
57070 344400 1120700 03640 03595 4
20100503140000 071 017 065 019 085 030 1346 088 018 088 041 1343 0000 0241 0247 1301 0241 1359 067 065 1301 201 0176 09625 09625 1400 09620 1344 0223 0231 1301 0223 1400 0219 0230 1301 0219 1400 0232 0231 0224 0213 0184 0146 0124 0125 //// 10029 ///// ///// ////
000000000000000000000000000000000000000000000000000000000000000000000000000000000000000000000000000000000000000000000000=
57162 340900 1120500 03258 03275 4
20100503140000 119 008 154 006 191 010 1315 133 009 173 015 1312 0000 0252 0263 1301 0252 1400 056 050 1303 179 0158 09658 09661 1343 09655 1301 0204 0214 1311 0204 1400 0236 0244 1301 0236 1400 0253 0254 0250 0239 0171 0147 0129 0134 //// 10026 ///// ///// ////
000000000000000000000000000000000000000000000000000000000000000000000000000000000000000000000000000000000000000000000000=
57078 340900 1122800 03365 03340 4
20100503140000 153 025 141 028 139 037 1332 156 027 122 072 1331 0000 0265 0267 1334 0264 1312 051 049 1303 177 0155 09656 09656 1400 09653 1313 0220 0221 1358 0208 1310 0233 0234 1341 0231 1319 0240 0245 0242 0232 0159 0137 0125 0124 //// 10031 ///// ///// ////
000000000000000000000000000000000000000000000000000000000000000000000000000000000000000000000000000000000000000000000000=
57071 344900 1122600 03333 03332 4
20100503140000 075 024 075 023 073 026 1314 074 022 083 042 1313 0000 0248 0255 1319 0248 1400 060 059 1324 188 0165 09657 09657 1358 09654 1302 0213 0226 1315 0213 1400 0219 0229 1315 0219 1400 0236 0238 0233 0223 0195 0149 0122 0123 //// 10031 ///// ///// ////
000000000000000000000000000000000000000000000000000000000000000000000000000000000000000000000000000000000000000000000000=
57066 342300 1114000 03283 03298 4
20100503140000 042 004 324 003 259 007 1318 102 001 265 019 1313 0000 0245 0247 1334 0242 1314 073 073 1400 224 0193 09650 09654 1327 09649 1301 0204 0207 1321 0204 1400 0222 0227 1301 0222 1400 0220 0214 0205 0195 0163 0141 0122 0121 //// 10022 ///// ///// ////
000000000000000000000000000000000000000000000000000000000000000000000000000000000000000000000000000000000000000000000000=
57077 334700 1113900 07424 07388 4
20100503140000 237 016 187 028 112 051 1348 232 014 133 093 1346 0000 0233 0236 1347 0228 1332 053 052 1303 152 0132 09223 09224 1358 09216 1335 0215 0222 1348 0201 1327 0218 0221 1348 0215 1330 0222 0225 0220 0212 0169 0134 0114 0117 //// 10034 ///// ///// ////
000000000000000000000000000000000000000000000000000000000000000000000000000000000000000000000000000000000000000000000000=
57183 334800 1135500 00600 00615 4
20100503140000 176 037 175 035 178 036 1338 189 039 192 056 1333 0000 0247 0254 1301 0247 1354 071 068 1301 221 0191 09974 09974 1346 09970 1301 0228 0235 1301 0227 1349 0225 0234 1301 0225 1400 0245 0247 0243 0234 0196 0155 0129 0126 //// 10044 ///// ///// ////
000000000000000000000000000000000000000000000000000000000000000000000000000000000000000000000000000000000000000000000000=
57186 333600 1140300 00587 00598 4
20100503140000 170 021 175 025 178 031 1351 161 024 176 056 1301 0000 0259 0268 1308 0258 1348 067 063 1303 224 0193 09979 09979 1400 09972 1302 0219 0235 1304 0214 1342 0232 0243 1302 0232 1353 0252 0254 0248 0239 0196 0158 0135 0137 //// 10047 ///// ///// ////
000000000000000000000000000000000000000000000000000000000000000000000000000000000000000000000000000000000000000000000000=
57191 342900 1142900 00634 00642 4
20100503140000 165 013 161 015 148 022 1301 150 012 164 035 1320 0000 0254 0260 1301 0254 1400 068 066 1301 221 0191 09975 09975 1400 09968 1301 0229 0237 1301 0227 1354 0234 0242 1301 0234 1356 0248 0251 0248 0239 0182 0147 0126 0127 //// 10048 ///// ///// ////
000000000000000000000000000000000000000000000000000000000000000000000000000000000000000000000000000000000000000000000000=
57096 343200 1144700 00597 00607 4
20100503140000 148 020 149 020 152 028 1305 147 026 147 045 1301 0000 0249 0257 1301 0249 1400 064 061 1305 201 0176 09976 09976 1400 09971 1301 0221 0231 1303 0221 1400 0223 0234 1302 0223 1400 0244 0249 0241 0227 0173 0143 0126 0130 //// 10045 ///// ///// ////
000000000000000000000000000000000000000000000000000000000000000000000000000000000000000000000000000000000000000000000000=
57091 344700 1141800 00737 00748 4
20100503140000 189 022 187 026 179 032 1313 181 022 198 054 1312 0000 0267 0272 1301 0267 1400 059 056 1301 207 0180 09958 09959 1355 09952 1301 0232 0240 1312 0232 1400 0234 0243 1302 0234 1400 0245 0245 0239 0217 0179 0149 0126 0120 //// 10043 ///// ///// ////
000000000000000000000000000000000000000000000000000000000000000000000000000000000000000000000000000000000000000000000000=
53978 350500 1123800 01401 01409 4
20100503140000 075 023 078 026 081 032 1331 071 028 071 043 1327 0000 0251 0254 1318 0249 1308 067 066 1318 213 0185 09871 09871 1400 09868 1329 0231 0233 1337 0222 1308 0222 0223 1330 0221 1352 0229 0232 0226 0220 0156 0134 0125 0130 //// 10031 ///// ///// ////
000000000000000000000000000000000000000000000000000000000000000000000000000000000000000000000000000000000000000000000000=
53984 351400 1132800 00827 00837 4
20100503140000 063 017 047 017 041 018 1359 081 015 049 023 1359 0000 0230 0244 1307 0230 1400 083 077 1301 233 0200 09940 09940 1400 09935 1301 0206 0211 1330 0205 1359 0223 0232 1301 0223 1400 0236 0237 0227 0221 0180 0148 0125 0125 //// 10036 ///// ///// ////
000000000000000000000000000000000000000000000000000000000000000000000000000000000000000000000000000000000000000000000000=
53987 350600 1132500 00910 00918 4
20100503140000 120 012 117 015 099 019 1305 128 013 080 027 1302 0000 0238 0252 1301 0238 1400 082 079 1301 242 0205 09933 09934 1335 09928 1303 0210 0230 1301 0210 1400 0230 0239 1301 0230 1400 0243 0246 0242 0234 0187 0154 0135 0132 //// 10038 ///// ///// ////
000000000000000000000000000000000000000000000000000000000000000000000000000000000000000000000000000000000000000000000000=
57079 345700 1130200 01064 01069 4
20100503140000 117 012 092 012 083 016 1348 161 012 083 023 1347 0000 0234 0245 1309 0233 1349 078 074 1312 224 0193 09907 09908 1331 09905 1301 0209 0222 1307 0209 1358 0216 0226 1301 0216 1400 0234 0234 0229 0219 0190 0155 0129 0126 //// 10029 ///// ///// ////
000000000000000000000000000000000000000000000000000000000000000000000000000000000000000000000000000000000000000000000000=
57072 345500 1124500 01275 01285 4
20100503140000 303 012 308 012 328 015 1303 307 013 347 020 1301 0000 0221 0229 1301 0220 1342 087 084 1301 231 0198 09884 09884 1400 09881 1301 0192 0199 1301 0185 1348 0205 0213 1301 0204 1350 0226 0231 0225 0214 0158 0135 0118 0119 //// 10031 ///// ///// ////
000000000000000000000000000000000000000000000000000000000000000000000000000000000000000000000000000000000000000000000000=
53982 351400 1131600 01120 01135 4
20100503140000 031 018 026 017 026 017 1400 040 019 059 029 1302 0000 0267 0269 1301 0267 1400 064 063 1301 224 0193 09906 09906 1400 09900 1301 0238 0243 1301 0238 1357 0243 0249 1304 0243 1400 0248 0248 0241 0231 0186 0153 0132 0136 //// 10035 ///// ///// ////
000000000000000000000000000000000000000000000000000000000000000000000000000000000000000000000000000000000000000000000000=
53979 350900 1130500 01200 01211 4
20100503140000 056 020 056 017 068 017 1309 051 024 062 034 1308 0000 0258 0263 1301 0252 1335 068 064 1301 226 0194 09897 09899 1338 09895 1301 0221 0226 1301 0214 1331 0229 0235 1301 0227 1353 0246 0247 0244 0233 0165 0146 0129 0133 //// 10035 ///// ///// ////
000000000000000000000000000000000000000000000000000000000000000000000000000000000000000000000000000000000000000000000000=
53992 353900 1143100 00582 00592 4
20100503140000 187 038 180 039 180 039 1400 218 031 178 056 1354 0000 0260 0261 1301 0257 1324 067 067 1400 225 0194 09971 09972 1349 09968 1302 0237 0238 1356 0227 1319 0230 0232 1301 0229 1339 0240 0239 0239 0229 0164 0136 0117 0123 //// 10039 ///// ///// ////
000000000000000000000000000000000000000000000000000000000000000000000000000000000000000000000000000000000000000000000000=
53974 353700 1141100 00723 00739 4
20100503140000 212 011 210 010 211 014 1325 203 008 229 026 1321 0000 0262 0267 1301 0262 1400 070 069 1301 238 0203 09959 09959 1400 09955 1301 0230 0238 1301 0230 1400 0243 0251 1301 0243 1400 0254 0256 0251 0240 0182 0147 0125 0129 //// 10043 ///// ///// ////
000000000000000000000000000000000000000000000000000000000000000000000000000000000000000000000000000000000000000000000000=
53990 354300 1141900 00795 00805 4
20100503140000 192 041 196 038 196 038 1400 198 044 198 049 1359 0000 0243 0246 1301 0239 1331 079 078 1301 240 0204 09947 09948 1339 09944 1301 0238 0240 1301 0231 1325 0232 0236 1301 0230 1330 0249 0253 0244 0235 0196 0151 0120 0116 //// 10039 ///// ///// ////
000000000000000000000000000000000000000000000000000000000000000000000000000000000000000000000000000000000000000000000000=
53991 355600 1142100 00743 00753 4
20100503140000 147 010 140 010 158 016 1315 153 010 145 029 1308 0000 0251 0252 1301 0250 1320 073 073 1400 233 0199 09957 09959 1345 09952 1301 0226 0235 1342 0220 1352 0228 0237 1308 0228 1400 0242 0244 0232 0226 0176 0143 0122 0123 //// 10043 ///// ///// ////
000000000000000000000000000000000000000000000000000000000000000000000000000000000000000000000000000000000000000000000000=
53889 360400 1134900 03068 03086 4
20100503140000 071 014 063 012 324 016 1312 070 015 065 020 1348 0000 0247 0252 1301 0247 1400 067 064 1301 208 0182 09692 09692 1400 09690 1301 0211 0221 1310 0210 1338 0231 0238 1301 0231 1337 0239 0241 0241 0239 0167 0132 0122 0108 //// 10039 ///// ///// ////
000000000000000000000000000000000000000000000000000000000000000000000000000000000000000000000000000000000000000000000000=
53995 353300 1143000 00625 00645 4
20100503140000 161 019 163 019 168 029 1301 170 021 164 049 1307 0000 0245 0253 1311 0245 1400 071 070 1349 218 0189 09969 09969 1358 09964 1301 0234 0246 1304 0234 1400 0236 0244 1301 0236 1400 0260 0264 0258 0248 0193 0152 0125 0123 //// 10043 ///// ///// ////
000000000000000000000000000000000000000000000000000000000000000000000000000000000000000000000000000000000000000000000000=
NNNN
