57084 343000 1130300 11784 11790 4
20100503040000 207 019 220 031 232 040 0355 240 014 229 060 0350 0000 0232 0236 0343 0224 0327 061 056 0304 173 0153 08781 08786 0301 08781 0400 0329 0329 0400 0309 0318 0505 0505 0400 0472 0301 0305 0237 0197 0176 0137 //// //// //// //// 10055 ///// ///// ////
000000000000000000000000000000000000000000000000000000000000000000000000000000000000000000000000000000000000000000000000=
57290 330000 1140100 00827 00838 4
20100503040000 196 038 198 029 269 039 0304 265 055 237 089 0330 0000 0324 0324 0358 0314 0301 035 034 0351 170 0150 09967 09974 0301 09967 0357 0426 0443 0340 0399 0301 0496 0496 0400 0439 0301 0312 0259 0228 0216 0179 0150 0132 0135 //// 10062 ///// ///// ////
000000000000000000000000000000000000000000000000000000000000000000000000000000000000000000000000000000000000000000000000=
57188 332200 1140200 00559 00568 4
20100503040000 169 043 169 039 169 039 0400 161 042 153 068 0357 0000 0316 0316 0400 0296 0301 045 045 0359 209 0182 09995 10002 0301 09995 0400 0381 0393 0347 0368 0305 0543 0548 0354 0497 0312 0314 0250 0222 0206 0156 0136 0125 0134 //// 10060 ///// ///// ////
000000000000000000000000000000000000000000000000000000000000000000000000000000000000000000000000000000000000000000000000=
57281 324200 1131800 01422 01431 4
20100503040000 195 022 195 028 212 049 0333 223 021 203 094 0328 0000 0326 0326 0400 0313 0329 039 037 0348 192 0169 09897 09904 0309 09897 0359 0454 0454 0400 0391 0329 0500 0500 0400 0451 0306 0309 0256 0227 0211 0172 0144 0130 0135 //// 10060 ///// ///// ////
000000000000000000000000000000000000000000000000000000000000000000000000000000000000000000000000000000000000000000000000=
57196 332800 1145200 00420 00428 4
20100503040000 178 045 190 048 208 058 0339 170 042 171 095 0317 0000 0299 0300 0355 0291 0303 054 051 0333 228 0196 10022 10029 0301 10022 0400 0364 0367 0354 0340 0307 0475 0475 0400 0437 0307 0292 0240 0209 0194 0158 0138 0128 0133 //// 10071 ///// ///// ////
000000000000000000000000000000000000000000000000000000000000000000000000000000000000000000000000000000000000000000000000=
57099 340400 1145100 00526 00536 4
20100503040000 181 025 182 024 197 032 0301 186 025 203 070 0301 0000 0304 0304 0400 0288 0301 052 051 0336 226 0194 10006 10013 0301 10006 0400 0390 0411 0331 0370 0303 0445 0452 0349 0414 0301 0321 0255 0217 0200 0177 0145 0124 0132 //// 10067 ///// ///// ////
000000000000000000000000000000000000000000000000000000000000000000000000000000000000000000000000000000000000000000000000=
58104 332400 1150400 00412 00425 4
20100503040000 207 049 198 049 194 050 0359 217 048 187 082 0357 0000 0302 0304 0353 0294 0301 056 054 0355 240 0205 10026 10032 0301 10026 0400 0407 0414 0347 0396 0307 0510 0510 0400 0471 0301 0338 0267 0227 0210 0190 0151 0128 0135 //// 10075 ///// ///// ////
000000000000000000000000000000000000000000000000000000000000000000000000000000000000000000000000000000000000000000000000=
57198 333300 1143700 00463 00473 4
20100503040000 193 037 196 032 192 041 0347 187 053 201 065 0301 0000 0311 0312 0357 0301 0301 051 050 0330 230 0198 10014 10021 0306 10014 0400 0442 0450 0358 0410 0302 0501 0501 0400 0452 0302 0322 0260 0225 0209 0166 0147 0132 0139 //// 10068 ///// ///// ////
000000000000000000000000000000000000000000000000000000000000000000000000000000000000000000000000000000000000000000000000=
57192 334400 1145100 00455 00466 4
20100503040000 200 039 202 040 199 042 0327 223 053 234 098 0323 0000 0311 0311 0400 0300 0301 045 045 0400 203 0178 10016 10023 0301 10016 0400 0413 0430 0342 0399 0326 0478 0479 0359 0438 0301 0319 0259 0228 0212 0182 0153 0135 0141 //// 10069 ///// ///// ////
000000000000000000000000000000000000000000000000000000000000000000000000000000000000000000000000000000000000000000000000=
57190 334500 1142400 00505 00516 4
20100503040000 184 054 184 058 182 063 0330 164 034 166 096 0326 0000 0299 0299 0400 0287 0301 055 055 0400 232 0199 10005 10011 0301 10005 0400 0370 0376 0307 0349 0301 0511 0511 0400 0467 0301 0308 0253 0218 0200 0185 0150 0129 0132 //// 10064 ///// ///// ////
000000000000000000000000000000000000000000000000000000000000000000000000000000000000000000000000000000000000000000000000=
58100 333900 1151000 00414 00424 4
20100503040000 187 037 202 035 226 042 0319 170 034 234 078 0314 0000 0309 0311 0354 0299 0302 047 046 0350 210 0183 10024 10030 0301 10024 0400 0387 0402 0343 0359 0301 0546 0557 0345 0494 0302 0359 0285 0244 0224 0193 0160 0140 0141 //// 10072 ///// ///// ////
000000000000000000000000000000000000000000000000000000000000000000000000000000000000000000000000000000000000000000000000=
57095 340700 1140900 00611 00622 4
20100503040000 133 034 146 034 156 035 0356 116 024 150 061 0352 0000 0302 0302 0400 0288 0301 055 052 0321 236 0202 09989 09994 0301 09987 0352 0481 0488 0317 0457 0301 0526 0528 0359 0472 0301 0326 0247 0225 0208 0171 0146 0127 0130 //// 10060 ///// ///// ////
000000000000000000000000000000000000000000000000000000000000000000000000000000000000000000000000000000000000000000000000=
57089 340200 1135200 00668 00681 4
20100503040000 216 026 201 018 213 026 0342 240 024 209 050 0339 0000 0299 0300 0356 0284 0301 046 045 0358 194 0170 09981 09988 0304 09981 0400 0397 0406 0318 0375 0301 0480 0480 0400 0438 0301 0308 0253 0225 0208 0170 0142 0128 0132 //// 10059 ///// ///// ////
000000000000000000000000000000000000000000000000000000000000000000000000000000000000000000000000000000000000000000000000=
57297 320800 1140300 01145 01154 4
20100503040000 215 051 213 057 218 068 0355 203 054 220 121 0338 0000 0313 0315 0336 0309 0301 039 037 0313 178 0157 09941 09949 0311 09941 0359 0427 0428 0324 0391 0319 0520 0520 0400 0487 0319 0348 0287 0252 0231 0192 0166 0142 //// //// 10072 ///// ///// ////
000000000000000000000000000000000000000000000000000000000000000000000000000000000000000000000000000000000000000000000000=
57296 322100 1144400 00489 00501 4
20100503040000 222 044 223 044 219 053 0353 243 085 229 093 0337 0000 0321 0321 0400 0312 0301 034 033 0338 163 0143 10018 10026 0301 10017 0356 0381 0393 0303 0356 0343 0542 0542 0400 0509 0343 0330 0265 0229 0214 0192 0159 0137 0133 //// 10075 ///// ///// ////
000000000000000000000000000000000000000000000000000000000000000000000000000000000000000000000000000000000000000000000000=
57396 313800 1145100 01287 01297 4
20100503040000 197 046 202 050 207 067 0351 184 059 220 104 0349 0000 0322 0322 0400 0315 0301 027 026 0314 130 0108 09932 09940 0301 09932 0400 0405 0409 0319 0366 0351 0520 0520 0400 0481 0351 0333 0267 0230 0210 0196 0163 //// //// //// 10079 ///// ///// ////
000000000000000000000000000000000000000000000000000000000000000000000000000000000000000000000000000000000000000000000000=
58207 321000 1150300 00428 00440 4
20100503040000 216 041 213 044 219 062 0341 229 055 196 095 0331 0000 0327 0332 0351 0322 0301 029 026 0332 143 0124 10025 10034 0301 10025 0400 0426 0438 0350 0401 0319 0309 0309 0400 0286 0301 0515 0247 0220 0206 0168 0147 0134 0140 //// 10075 ///// ///// ////
000000000000000000000000000000000000000000000000000000000000000000000000000000000000000000000000000000000000000000000000=
58205 322800 1152600 00349 00360 4
20100503040000 231 037 227 033 227 033 0400 234 064 234 064 0400 0000 0332 0333 0359 0317 0301 032 031 0359 163 0143 10037 10044 0301 10035 0358 0405 0414 0351 0394 0314 0399 0403 0347 0376 0301 0340 0302 0270 0246 0184 0157 0139 0127 //// 10078 ///// ///// ////
000000000000000000000000000000000000000000000000000000000000000000000000000000000000000000000000000000000000000000000000=
57299 320100 1145400 00494 00506 4
20100503040000 200 046 196 047 201 057 0339 211 036 193 093 0326 0000 0322 0323 0358 0316 0301 032 029 0321 154 0134 10019 10028 0301 10019 0400 0394 0415 0351 0390 0325 0479 0494 0354 0466 0324 0360 0316 0278 0249 0194 0158 0135 0132 //// 10077 ///// ///// ////
000000000000000000000000000000000000000000000000000000000000000000000000000000000000000000000000000000000000000000000000=
53994 352300 1140400 00700 00712 4
20100503040000 069 036 072 031 078 045 0341 068 032 070 074 0340 0000 0281 0281 0400 0271 0301 056 054 0321 213 0185 09979 09985 0309 09979 0400 0384 0390 0356 0352 0306 0487 0488 0359 0438 0301 0297 0239 0212 0195 0163 0135 0122 0129 //// 10061 ///// ///// ////
000000000000000000000000000000000000000000000000000000000000000000000000000000000000000000000000000000000000000000000000=
53983 350200 1142500 00696 00708 4
20100503040000 197 046 206 046 210 049 0353 176 040 173 084 0330 0000 0300 0300 0400 0287 0301 052 050 0333 221 0191 09977 09985 0301 09976 0359 0385 0399 0323 0377 0301 0499 0505 0336 0462 0301 0329 0263 0228 0210 0151 0131 0118 0126 //// 10058 ///// ///// ////
000000000000000000000000000000000000000000000000000000000000000000000000000000000000000000000000000000000000000000000000=
57171 334600 1130700 01420 01430 4
20100503040000 188 069 190 064 190 064 0400 172 074 187 082 0329 0000 0295 0297 0341 0289 0301 052 050 0304 214 0186 09885 09893 0301 09885 0400 0344 0359 0310 0336 0301 0384 0410 0312 0384 0400 0327 0260 0231 0216 0200 0175 0144 0138 //// 10047 ///// ///// ////
000000000000000000000000000000000000000000000000000000000000000000000000000000000000000000000000000000000000000000000000=
57094 342400 1141300 00674 00685 4
20100503040000 183 026 178 025 175 028 0348 172 023 175 045 0335 0000 0291 0291 0400 0278 0319 054 054 0400 218 0188 09979 09985 0303 09979 0400 0449 0459 0356 0390 0320 0504 0505 0359 0437 0318 0318 0264 0233 0212 0184 0159 0131 0130 //// 10057 ///// ///// ////
000000000000000000000000000000000000000000000000000000000000000000000000000000000000000000000000000000000000000000000000=
53972 350700 1125500 01196 01210 4
20100503040000 099 055 098 052 098 052 0400 083 037 091 091 0359 0000 0286 0288 0353 0278 0301 052 051 0339 203 0178 09910 09918 0301 09910 0400 0341 0350 0352 0324 0301 0463 0485 0349 0447 0301 0279 0240 0219 0206 0173 0149 0134 0139 //// 10048 ///// ///// ////
000000000000000000000000000000000000000000000000000000000000000000000000000000000000000000000000000000000000000000000000=
NNNN
