57090 344300 1135800 00781 00802 4
20100502010000 180 019 184 022 186 026 0056 170 022 195 057 0053 0000 0244 0244 0100 0222 0001 071 071 0053 217 0188 09981 09982 0032 09981 0012 0324 0324 0100 0268 0001 0341 0341 0100 0263 0001 0216 0195 0189 0191 0181 0154 0129 0131 //// 10074 ///// ///// ////
000000000000000000000000000000000000000000000000000000000000000000000000000000000000000000000000000000000000000000000000=
57083 344300 1133900 01104 01116 4
20100502010000 184 012 177 015 175 018 0057 219 015 181 029 0053 0000 0267 0268 0050 0238 0001 051 050 0055 179 0157 09940 09942 0003 09940 0100 0428 0428 0100 0303 0001 0315 0315 0100 0251 0001 0211 0188 0180 0180 0156 0138 0127 0130 0003 10068 ///// ///// ////
000000000000000000000000000000000000000000000000000000000000000000000000000000000000000000000000000000000000000000000000
100 000 000 /// //// //////////////////////// /// //// 6///1 0//// 7//// 1//// 2//// 3//// /// /// /// // 911// 915// 919// 934// 939//=
57086 342300 1134300 01166 01168 4
20100502010000 214 035 201 040 201 040 0100 232 030 215 073 0058 0000 0236 0236 0100 0214 0001 070 070 0059 204 0178 09944 09944 0058 09943 0001 0339 0346 0052 0267 0001 0294 0294 0100 0232 0001 0213 0189 0184 0183 0168 0138 0122 0124 //// 10079 ///// ///// ////
000000000000000000000000000000000000000000000000000000000000000000000000000000000000000000000000000000000000000000000000=
57085 343200 1132000 02599 02648 4
20100502010000 335 012 315 011 323 020 0001 299 005 319 028 0011 0000 0237 0237 0100 0216 0001 064 064 0058 187 0165 09772 09774 0044 09772 0003 0315 0315 0058 0253 0001 0278 0278 0100 0213 0001 0202 0179 0176 0174 0171 0144 0126 0128 //// 10075 ///// ///// ////
000000000000000000000000000000000000000000000000000000000000000000000000000000000000000000000000000000000000000000000000=
57081 344800 1132600 01409 01419 4
20100502010000 345 007 346 005 330 008 0026 012 001 336 017 0018 0000 0243 0244 0057 0225 0001 045 044 0023 137 0116 09908 09910 0027 09908 0002 0333 0333 0100 0287 0001 0290 0290 0100 0233 0001 0204 0185 0183 0181 0154 0140 0125 0122 //// 10071 ///// ///// ////
000000000000000000000000000000000000000000000000000000000000000000000000000000000000000000000000000000000000000000000000=
57084 343000 1130300 11784 11790 4
20100502010000 307 035 289 042 288 055 0006 268 060 281 098 0021 0000 0224 0245 0012 0212 0001 041 036 0012 111 0085 08797 08797 0100 08793 0001 0256 0256 0100 0213 0001 0332 0332 0100 0252 0001 0197 0164 0155 0152 0125 //// //// //// //// 10080 ///// ///// ////
000000000000000000000000000000000000000000000000000000000000000000000000000000000000000000000000000000000000000000000000=
57080 344400 1125800 01652 01661 4
20100502010000 229 032 229 033 228 035 0051 232 041 254 064 0057 0000 0220 0220 0100 0203 0001 058 058 0059 153 0134 09885 09885 0036 09883 0007 0272 0272 0100 0225 0001 0317 0317 0100 0242 0001 0204 0183 0182 0183 0154 0132 0119 0123 //// 10077 ///// ///// ////
000000000000000000000000000000000000000000000000000000000000000000000000000000000000000000000000000000000000000000000000=
57082 342800 1130100 04271 04284 4
20100502010000 218 016 230 019 219 020 0048 237 020 240 034 0053 0000 0262 0262 0100 0240 0001 041 041 0056 139 0119 09594 09594 0040 09592 0003 0275 0275 0100 0235 0001 0329 0329 0100 0254 0001 0215 0197 0193 0193 0165 0142 0126 //// //// 10077 ///// ///// ////
000000000000000000000000000000000000000000000000000000000000000000000000000000000000000000000000000000000000000000000000=
57295 323700 1142100 00785 00802 4
20100502010000 195 022 203 028 195 030 0045 170 032 212 067 0043 0000 0247 0247 0100 0222 0001 068 068 0100 212 0184 10007 10008 0051 10005 0001 0340 0340 0100 0249 0001 0323 0323 0100 0260 0001 0230 0202 0197 0195 0161 0144 0129 0132 //// 10099 ///// ///// ////
000000000000000000000000000000000000000000000000000000000000000000000000000000000000000000000000000000000000000000000000=
57189 330800 1135700 00646 00655 4
20100502010000 213 021 217 019 195 019 0010 234 030 212 038 0056 0000 0246 0246 0100 0213 0001 074 074 0100 229 0197 10015 10017 0029 10015 0006 0242 0242 0100 0205 0001 0315 0315 0100 0243 0001 0213 0191 0186 0186 0151 0136 0125 0127 //// 10091 ///// ///// ////
000000000000000000000000000000000000000000000000000000000000000000000000000000000000000000000000000000000000000000000000=
57194 331700 1141600 00598 00609 4
20100502010000 186 032 185 031 195 031 0047 218 038 209 052 0055 0000 0246 0246 0100 0219 0001 070 070 0058 216 0188 10018 10020 0042 10018 0059 0326 0326 0100 0269 0002 0342 0342 0100 0267 0001 0210 0194 0189 0187 0153 0135 0123 0128 //// 10089 ///// ///// ////
000000000000000000000000000000000000000000000000000000000000000000000000000000000000000000000000000000000000000000000000=
57197 330000 1142000 00489 00545 4
20100502010000 191 027 187 028 190 029 0048 198 040 198 054 0021 0000 0242 0242 0100 0216 0001 081 080 0059 245 0207 10031 10032 0033 10030 0001 0348 0348 0100 0270 0001 0324 0324 0100 0252 0001 0207 0194 0189 0185 0163 0144 0128 0128 //// 10094 ///// ///// ////
000000000000000000000000000000000000000000000000000000000000000000000000000000000000000000000000000000000000000000000000=
57294 325000 1140100 00836 00846 4
20100502010000 234 022 238 022 239 023 0054 232 014 234 041 0045 0000 0246 0246 0100 0231 0001 073 073 0100 226 0194 09994 09995 0043 09994 0002 0277 0277 0100 0232 0001 0331 0331 0100 0261 0001 0213 0192 0187 0185 0155 0143 0128 0126 //// 10092 ///// ///// ////
000000000000000000000000000000000000000000000000000000000000000000000000000000000000000000000000000000000000000000000000=
57292 325800 1143800 00444 00453 4
20100502010000 196 028 202 037 204 041 0058 254 017 212 074 0051 0000 0240 0240 0100 0218 0001 074 074 0052 221 0191 10047 10047 0044 10044 0012 0286 0287 0058 0241 0001 0330 0330 0100 0271 0001 0223 0202 0196 0198 0177 0149 0132 0135 //// 10100 ///// ///// ////
000000000000000000000000000000000000000000000000000000000000000000000000000000000000000000000000000000000000000000000000=
57195 333700 1143700 00466 00476 4
20100502010000 241 015 239 016 242 024 0009 220 018 209 052 0032 0000 0246 0246 0100 0223 0001 065 065 0100 201 0176 10035 10037 0034 10035 0100 0316 0317 0059 0252 0002 0337 0337 0100 0260 0001 0235 0203 0196 0197 0167 0143 0128 0141 //// 10090 ///// ///// ////
000000000000000000000000000000000000000000000000000000000000000000000000000000000000000000000000000000000000000000000000=
57193 334700 1143100 00526 00541 4
20100502010000 182 009 179 014 176 016 0058 192 013 161 035 0051 0000 0239 0239 0100 0213 0001 071 070 0053 211 0183 10026 10028 0039 10025 0001 0273 0273 0100 0232 0001 0307 0307 0100 0249 0001 0216 0191 0185 0184 0169 0144 0131 0132 //// 10089 ///// ///// ////
000000000000000000000000000000000000000000000000000000000000000000000000000000000000000000000000000000000000000000000000=
57099 340400 1145100 00526 00536 4
20100502010000 193 019 199 020 200 022 0052 203 018 203 041 0048 0000 0233 0233 0100 0208 0001 072 071 0054 206 0180 10026 10026 0100 10025 0001 0312 0312 0100 0260 0002 0293 0293 0100 0230 0001 0212 0184 0176 0177 0166 0141 0123 0132 //// 10088 ///// ///// ////
000000000000000000000000000000000000000000000000000000000000000000000000000000000000000000000000000000000000000000000000=
58104 332400 1150400 00412 00425 4
20100502010000 207 040 208 037 208 037 0100 229 044 200 057 0051 0000 0239 0239 0100 0218 0001 073 073 0100 216 0188 10048 10049 0016 10047 0001 0320 0320 0100 0280 0002 0316 0316 0100 0250 0001 0227 0196 0189 0189 0179 0145 0127 0135 //// 10098 ///// ///// ////
000000000000000000000000000000000000000000000000000000000000000000000000000000000000000000000000000000000000000000000000=
57198 333300 1143700 00463 00473 4
20100502010000 195 028 196 026 191 029 0046 223 026 215 048 0004 0000 0242 0242 0100 0212 0001 069 069 0100 208 0182 10037 10038 0032 10036 0005 0322 0322 0058 0248 0005 0310 0310 0100 0240 0001 0213 0189 0184 0186 0157 0143 0131 0139 //// 10092 ///// ///// ////
000000000000000000000000000000000000000000000000000000000000000000000000000000000000000000000000000000000000000000000000=
58101 335200 1152900 00413 00428 4
20100502010000 209 024 201 018 195 023 0031 220 022 153 053 0026 0000 0242 0242 0100 0214 0001 070 070 0100 211 0184 10045 10047 0023 10044 0054 0346 0347 0059 0285 0001 0343 0343 0100 0263 0001 0208 0177 0172 0174 0154 0138 0125 0131 //// 10095 ///// ///// ////
000000000000000000000000000000000000000000000000000000000000000000000000000000000000000000000000000000000000000000000000=
57098 340500 1142400 00583 00593 4
20100502010000 201 037 202 034 192 036 0034 220 041 192 048 0024 0000 0236 0236 0100 0212 0001 072 072 0100 210 0183 10015 10016 0005 10014 0052 0309 0315 0058 0262 0001 0267 0267 0100 0222 0001 0217 0184 0170 0169 0164 0140 0125 0130 //// 10084 ///// ///// ////
000000000000000000000000000000000000000000000000000000000000000000000000000000000000000000000000000000000000000000000000=
57190 334500 1142400 00505 00516 4
20100502010000 190 032 192 034 191 037 0053 194 032 200 053 0053 0000 0236 0236 0100 0202 0001 075 075 0100 218 0189 10026 10028 0004 10026 0100 0302 0303 0057 0256 0001 0326 0326 0100 0255 0001 0205 0178 0173 0174 0173 0144 0128 0132 //// 10086 ///// ///// ////
000000000000000000000000000000000000000000000000000000000000000000000000000000000000000000000000000000000000000000000000=
57088 340900 1133000 01161 01177 4
20100502010000 248 023 244 023 237 032 0034 206 025 245 053 0020 0000 0241 0241 0100 0220 0001 072 071 0050 216 0187 09944 09946 0042 09943 0008 0311 0311 0100 0247 0001 0356 0356 0100 0276 0001 0224 0192 0186 0186 0148 0133 0127 0131 //// 10080 ///// ///// ////
000000000000000000000000000000000000000000000000000000000000000000000000000000000000000000000000000000000000000000000000=
57182 335100 1133000 00805 00814 4
20100502010000 220 038 227 032 222 038 0038 242 050 217 060 0031 0000 0251 0251 0100 0239 0001 066 066 0100 210 0183 09987 09988 0028 09986 0001 0337 0337 0100 0299 0001 0379 0379 0100 0302 0001 0230 0202 0200 0197 0176 0149 0133 0139 //// 10081 ///// ///// ////
000000000000000000000000000000000000000000000000000000000000000000000000000000000000000000000000000000000000000000000000=
57087 341200 1134800 00877 00885 4
20100502010000 218 028 216 033 213 037 0055 211 027 220 054 0054 0000 0229 0229 0100 0206 0001 077 077 0100 215 0187 09980 09980 0100 09979 0001 0298 0298 0100 0238 0001 0327 0327 0100 0251 0001 0212 0190 0184 0182 0155 0136 0124 0128 //// 10083 ///// ///// ////
000000000000000000000000000000000000000000000000000000000000000000000000000000000000000000000000000000000000000000000000=
58301 314900 1152300 00916 00929 4
20100502010000 207 058 201 057 199 058 0059 190 050 204 087 0057 0000 0271 0271 0100 0246 0001 051 051 0100 183 0161 10005 10007 0008 10005 0100 0279 0279 0059 0240 0007 0331 0331 0100 0268 0001 0229 0209 0204 0203 0191 0164 0138 0134 //// 10112 ///// ///// ////
000000000000000000000000000000000000000000000000000000000000000000000000000000000000000000000000000000000000000000000000=
57298 321300 1143300 00554 00562 4
20100502010000 208 044 203 042 203 042 0100 211 035 192 063 0058 0000 0251 0251 0100 0230 0001 065 065 0100 207 0181 10037 10039 0001 10037 0100 0240 0240 0057 0218 0001 0324 0324 0100 0261 0001 0219 0202 0199 0196 0163 0144 0127 0138 //// 10102 ///// ///// ////
000000000000000000000000000000000000000000000000000000000000000000000000000000000000000000000000000000000000000000000000=
57390 314800 1140400 07335 07347 4
20100502010000 198 072 198 071 202 088 0016 191 081 214 166 0021 0000 0200 0200 0100 0190 0002 078 078 0100 182 0160 09294 09294 0100 09291 0001 0256 0257 0056 0224 0001 0285 0285 0100 0220 0001 0195 0175 0172 0172 0157 0130 //// //// //// 10120 ///// ///// ////
000000000000000000000000000000000000000000000000000000000000000000000000000000000000000000000000000000000000000000000000=
58208 321000 1153700 00429 00439 4
20100502010000 226 043 224 046 223 056 0048 222 050 221 082 0025 0000 0267 0267 0100 0249 0001 056 054 0042 196 0172 10058 10059 0010 10057 0054 0326 0326 0100 0288 0001 0340 0340 0100 0279 0001 0243 0219 0212 0213 0180 0158 0141 0142 //// 10109 ///// ///// ////
000000000000000000000000000000000000000000000000000000000000000000000000000000000000000000000000000000000000000000000000=
53989 350300 1135700 00766 00777 4
20100502010000 191 020 196 020 195 022 0039 193 020 201 035 0015 0000 0228 0228 0100 0195 0001 065 065 0100 180 0159 09980 09982 0002 09980 0100 0365 0365 0100 0265 0001 0331 0331 0100 0236 0001 0212 0188 0184 0184 0162 0138 0123 0126 //// 10070 ///// ///// ////
000000000000000000000000000000000000000000000000000000000000000000000000000000000000000000000000000000000000000000000000=
53986 351900 1135300 00732 00740 4
20100502010000 221 036 221 034 214 039 0042 232 048 203 070 0024 0000 0248 0248 0100 0227 0001 050 050 0059 156 0137 09980 09982 0040 09980 0059 0326 0326 0100 0273 0001 0322 0322 0100 0249 0001 0205 0187 0182 0182 0162 0140 0125 0130 //// 10065 ///// ///// ////
000000000000000000000000000000000000000000000000000000000000000000000000000000000000000000000000000000000000000000000000=
53988 351600 1134000 00776 00784 4
20100502010000 203 034 204 034 203 035 0058 195 039 211 058 0056 0000 0235 0235 0100 0218 0001 056 053 0017 162 0142 09972 09974 0001 09972 0100 0338 0338 0100 0281 0001 0358 0358 0100 0269 0001 0206 0184 0179 0181 0149 0132 0122 0128 //// 10063 ///// ///// ////
000000000000000000000000000000000000000000000000000000000000000000000000000000000000000000000000000000000000000000000000=
53998 351200 1143900 00616 00625 4
20100502010000 208 054 210 043 210 043 0100 218 079 218 079 0100 0000 0237 0237 0100 0214 0001 070 070 0100 205 0179 09996 09999 0034 09995 0055 0285 0285 0100 0228 0001 0305 0305 0100 0239 0001 0208 0187 0182 0181 0171 0143 0123 0130 //// 10068 ///// ///// ////
000000000000000000000000000000000000000000000000000000000000000000000000000000000000000000000000000000000000000000000000=
57051 344800 1111200 04099 04117 4
20100502010000 107 008 096 009 095 018 0030 102 008 099 025 0026 0000 0214 0214 0100 0181 0001 045 045 0056 115 0090 09614 09615 0048 09613 0027 0283 0283 0100 0212 0001 0332 0332 0100 0238 0001 0195 0179 0180 0181 0160 0132 0118 0120 //// 10081 ///// ///// ////
000000000000000000000000000000000000000000000000000000000000000000000000000000000000000000000000000000000000000000000000=
57063 344600 1114600 05236 05236 4
20100502010000 250 014 260 012 278 016 0008 277 022 277 022 0100 0000 0234 0234 0100 0186 0001 048 048 0100 138 0118 09489 09490 0033 09489 0001 0362 0362 0100 0264 0001 0341 0341 0100 0238 0001 0174 0156 0157 0160 0121 0112 0104 0111 //// 10081 ///// ///// ////
000000000000000000000000000000000000000000000000000000000000000000000000000000000000000000000000000000000000000000000000=
57067 340300 1110200 05688 05699 4
20100502010000 198 019 206 020 213 028 0001 218 016 218 035 0006 0000 0194 0194 0100 0162 0001 064 064 0100 144 0124 09455 09457 0032 09455 0100 0321 0321 0100 0241 0001 0288 0288 0100 0202 0001 0193 0180 0182 0182 0166 0147 0123 0125 //// 10102 ///// ///// ////
000000000000000000000000000000000000000000000000000000000000000000000000000000000000000000000000000000000000000000000000=
57056 343200 1105300 03904 03909 4
20100502010000 279 008 258 013 017 019 0003 279 008 268 032 0048 0000 0237 0237 0100 0200 0001 044 044 0100 129 0107 09636 09637 0048 09635 0001 0310 0310 0100 0237 0001 0336 0336 0100 0249 0001 0218 0189 0184 0186 0146 0129 0118 0121 //// 10081 ///// ///// ////
000000000000000000000000000000000000000000000000000000000000000000000000000000000000000000000000000000000000000000000000=
58007 340400 1151800 00472 00532 4
20100502010000 189 019 188 027 189 029 0058 240 013 203 056 0024 0000 0237 0237 0100 0209 0001 072 071 0056 211 0184 10028 10030 0036 10028 0057 0279 0279 0100 0234 0003 0294 0294 0100 0233 0001 0195 0177 0175 0177 0150 0137 0127 0132 //// 10090 ///// ///// ////
000000000000000000000000000000000000000000000000000000000000000000000000000000000000000000000000000000000000000000000000=
58006 342300 1155300 00463 00506 4
20100502010000 195 032 195 027 204 036 0043 187 035 223 065 0037 0000 0233 0233 0100 0202 0001 072 072 0100 206 0180 10039 10040 0049 10036 0001 0321 0330 0058 0266 0004 0299 0299 0100 0229 0001 0206 0173 0165 0166 0160 0139 0123 0127 //// 10098 ///// ///// ////
000000000000000000000000000000000000000000000000000000000000000000000000000000000000000000000000000000000000000000000000=
58111 335800 1162700 00325 00325 4
20100502010000 192 036 182 032 183 035 0042 175 033 153 075 0041 0000 0230 0230 0100 0199 0001 071 071 0059 199 0175 10067 10069 0042 10067 0057 0206 0206 0100 0179 0001 0273 0273 0100 0227 0001 0200 0175 0167 0166 0153 0138 0129 0138 //// 10105 ///// ///// ////
000000000000000000000000000000000000000000000000000000000000000000000000000000000000000000000000000000000000000000000000=
58017 341500 1160800 00410 00420 4
20100502010000 170 029 173 026 155 027 0020 144 019 173 057 0044 0000 0229 0229 0100 0206 0001 075 075 0100 209 0182 10046 10047 0057 10045 0013 0252 0252 0057 0214 0001 0269 0269 0100 0211 0001 0194 0176 0171 0171 0151 0138 0126 0129 //// 10095 ///// ///// ////
000000000000000000000000000000000000000000000000000000000000000000000000000000000000000000000000000000000000000000000000=
58001 342600 1150600 00563 00569 4
20100502010000 204 045 208 037 208 037 0100 178 028 206 071 0054 0000 0231 0231 0100 0210 0001 071 071 0100 201 0176 10017 10018 0038 10016 0028 0280 0285 0059 0230 0001 0270 0270 0100 0219 0001 0197 0172 0166 0164 0149 0129 0118 0126 //// 10083 ///// ///// ////
000000000000000000000000000000000000000000000000000000000000000000000000000000000000000000000000000000000000000000000000=
58005 342700 1154000 00501 00511 4
20100502010000 199 040 196 033 214 040 0047 203 051 211 069 0045 0000 0240 0240 0100 0212 0001 067 067 0100 200 0175 10030 10032 0025 10029 0001 0308 0309 0058 0222 0001 0339 0339 0100 0260 0001 0203 0181 0172 0170 0150 0133 0126 0133 0001 10089 ///// ///// ////
000000000000000000000000000000000000000000000000000000000000000000000000000000000000000000000000000000000000000000000000=
58008 342800 1152000 00544 00592 4
20100502010000 174 028 175 026 189 036 0034 181 040 189 061 0031 0000 0232 0232 0100 0204 0001 071 071 0100 202 0177 10014 10016 0030 10014 0050 0336 0340 0059 0242 0001 0292 0292 0059 0234 0001 0201 0174 0167 0165 0147 0134 0122 0129 //// 10083 ///// ///// ////
000000000000000000000000000000000000000000000000000000000000000000000000000000000000000000000000000000000000000000000000=
58004 343900 1150900 00606 00616 4
20100502010000 213 024 205 021 199 026 0030 175 031 198 051 0056 0000 0233 0233 0100 0206 0001 070 070 0059 200 0175 10009 10010 0052 10008 0014 0314 0316 0055 0267 0006 0292 0292 0100 0232 0001 0208 0187 0177 0177 0160 0138 0126 0129 //// 10081 ///// ///// ////
000000000000000000000000000000000000000000000000000000000000000000000000000000000000000000000000000000000000000000000000=
54817 355900 1155200 00421 00434 4
20100502010000 193 033 190 038 188 043 0053 206 047 187 082 0046 0000 0235 0235 0100 0209 0031 073 073 0059 211 0184 10013 10014 0010 10012 0037 0269 0269 0059 0226 0001 0328 0328 0100 0251 0001 0202 0177 0172 0168 0139 0120 0111 0113 //// 10063 ///// ///// ////
000000000000000000000000000000000000000000000000000000000000000000000000000000000000000000000000000000000000000000000000=
54902 355400 1150700 00495 00499 4
20100502010000 191 040 191 047 192 048 0058 192 053 175 082 0049 0000 0237 0237 0100 0209 0001 068 068 0057 199 0174 09996 09998 0045 09996 0021 0294 0294 0100 0247 0001 0313 0313 0100 0240 0001 0199 0179 0173 0172 0144 0118 0110 0115 //// 10054 ///// ///// ////
000000000000000000000000000000000000000000000000000000000000000000000000000000000000000000000000000000000000000000000000=
54900 354200 1150100 00537 00541 4
20100502010000 188 040 188 045 186 048 0056 212 035 192 075 0009 0000 0234 0234 0100 0215 0001 073 073 0100 210 0183 09996 09998 0043 09995 0001 0289 0289 0100 0231 0001 0310 0310 0100 0244 0001 0203 0180 0173 0171 0158 0131 0114 0115 //// 10059 ///// ///// ////
000000000000000000000000000000000000000000000000000000000000000000000000000000000000000000000000000000000000000000000000=
54901 360500 1151000 00475 00478 4
20100502010000 184 056 182 052 178 054 0039 175 063 184 079 0030 0000 0229 0229 0100 0205 0001 073 073 0100 204 0178 09997 09999 0024 09996 0056 0269 0269 0059 0235 0022 0303 0303 0100 0238 0001 0200 0176 0169 0167 0157 0134 0115 0115 //// 10053 ///// ///// ////
000000000000000000000000000000000000000000000000000000000000000000000000000000000000000000000000000000000000000000000000=
54903 355100 1152900 00457 00506 4
20100502010000 197 059 205 055 201 055 0049 184 073 187 107 0048 0000 0235 0235 0100 0217 0001 066 066 0100 191 0168 10000 10003 0004 10000 0100 0294 0295 0058 0250 0001 0304 0304 0100 0247 0001 0200 0180 0173 0170 0154 0129 0117 0116 //// 10059 ///// ///// ////
000000000000000000000000000000000000000000000000000000000000000000000000000000000000000000000000000000000000000000000000=
57184 333800 1132200 00834 00847 4
20100502010000 223 018 248 018 242 021 0028 167 031 198 043 0022 0000 0251 0251 0100 0240 0001 067 067 0100 213 0185 09983 09984 0011 09982 0001 0245 0245 0100 0223 0001 0369 0369 0100 0305 0001 0227 0203 0197 0198 0141 0132 0126 0132 //// 10081 ///// ///// ////
000000000000000000000000000000000000000000000000000000000000000000000000000000000000000000000000000000000000000000000000=
57177 332000 1133200 00898 00913 4
20100502010000 253 026 233 037 229 054 0042 353 020 222 090 0041 0000 0256 0256 0100 0246 0001 061 060 0058 200 0175 09977 09979 0051 09976 0001 0350 0350 0100 0304 0001 0320 0320 0100 0260 0001 0203 0199 0182 0192 0166 0144 0130 0125 //// 10083 ///// ///// ////
000000000000000000000000000000000000000000000000000000000000000000000000000000000000000000000000000000000000000000000000=
57075 341000 1125200 02031 02043 4
20100502010000 143 011 137 011 124 012 0054 133 011 121 021 0052 0000 0231 0231 0100 0202 0001 071 071 0100 201 0176 09850 09851 0028 09849 0001 0312 0315 0057 0259 0002 0368 0368 0059 0284 0001 0233 0197 0189 0187 0194 0160 0132 0126 //// 10086 ///// ///// ////
000000000000000000000000000000000000000000000000000000000000000000000000000000000000000000000000000000000000000000000000=
57173 334500 1125300 01457 01468 4
20100502010000 192 029 195 024 195 024 0100 176 029 184 037 0057 0000 0239 0239 0100 0217 0001 069 068 0059 205 0179 09910 09911 0024 09909 0001 0331 0334 0047 0270 0001 0374 0374 0100 0293 0001 0221 0202 0200 0198 0168 0145 0130 0135 //// 10079 ///// ///// ////
000000000000000000000000000000000000000000000000000000000000000000000000000000000000000000000000000000000000000000000000=
57180 335900 1131200 01175 01186 4
20100502010000 237 019 236 024 244 028 0054 212 018 265 043 0053 0000 0232 0232 0100 0210 0001 076 074 0058 216 0187 09945 09946 0049 09944 0001 0322 0322 0100 0275 0005 0344 0344 0100 0251 0001 0215 0192 0189 0190 0160 0142 0129 0133 //// 10083 ///// ///// ////
000000000000000000000000000000000000000000000000000000000000000000000000000000000000000000000000000000000000000000000000=
57181 335300 1130300 01364 01380 4
20100502010000 210 018 256 008 256 008 0100 212 015 226 026 0059 0000 0235 0235 0100 0196 0001 079 079 0100 229 0196 09927 09927 0038 09926 0002 0307 0307 0100 0226 0001 0371 0371 0100 0263 0001 0223 0201 0193 0196 0170 0145 0129 0132 //// 10087 ///// ///// ////
000000000000000000000000000000000000000000000000000000000000000000000000000000000000000000000000000000000000000000000000=
57175 330300 1121400 01914 01922 4
20100502010000 260 026 259 026 256 029 0034 268 020 268 047 0058 0000 0224 0224 0100 0202 0001 078 078 0100 211 0184 09881 09881 0055 09879 0001 0297 0297 0100 0220 0001 0330 0330 0100 0258 0001 0214 0197 0196 0198 0160 0145 0133 0139 //// 10104 ///// ///// ////
000000000000000000000000000000000000000000000000000000000000000000000000000000000000000000000000000000000000000000000000=
57156 331800 1113000 02503 02523 4
20100502010000 297 025 300 022 276 030 0002 293 026 279 047 0016 0000 0216 0216 0100 0192 0001 066 066 0100 170 0150 09816 09816 0100 09814 0001 0242 0242 0100 0191 0001 0283 0283 0100 0233 0001 0215 0199 0199 0199 0179 0157 0138 0143 //// 10106 ///// ///// ////
000000000000000000000000000000000000000000000000000000000000000000000000000000000000000000000000000000000000000000000000=
57271 323300 1122300 00879 00897 4
20100502010000 225 021 219 027 219 034 0053 215 023 226 055 0050 0000 0229 0229 0100 0206 0001 082 082 0052 229 0197 10003 10004 0024 10000 0001 0327 0327 0100 0272 0001 0322 0322 0100 0262 0001 0221 0204 0202 0203 0164 0143 0135 0139 //// 10107 ///// ///// ////
000000000000000000000000000000000000000000000000000000000000000000000000000000000000000000000000000000000000000000000000=
57261 330700 1113100 02330 02345 4
20100502010000 103 011 093 013 093 016 0054 161 010 091 023 0044 0000 0222 0222 0100 0200 0001 072 071 0059 193 0169 09828 09829 0026 09827 0002 0287 0287 0100 0234 0001 0306 0306 0100 0235 0001 0220 0209 0208 0208 0196 0167 0148 //// //// 10097 ///// ///// ////
000000000000000000000000000000000000000000000000000000000000000000000000000000000000000000000000000000000000000000000000=
57285 322300 1132500 01530 01492 4
20100502010000 198 025 196 027 193 033 0053 187 033 220 071 0041 0000 0264 0264 0100 0248 0004 057 057 0059 196 0172 09929 09931 0030 09928 0005 0267 0267 0100 0234 0002 0324 0324 0100 0259 0001 0232 0210 0203 0202 0158 0141 0129 0135 //// ///// ///// ///// ////
////////////////////////////////////////////////////////////////////////////////////////////////////////////////////////=
57273 324100 1125100 01095 01105 4
20100502010000 233 041 226 040 226 042 0055 237 044 226 068 0040 0000 0243 0243 0100 0220 0001 067 067 0100 203 0178 09973 09973 0051 09970 0009 0305 0305 0100 0255 0001 0331 0331 0100 0259 0001 0220 0207 0204 0204 0171 0150 0135 0138 //// 10100 ///// ///// ////
000000000000000000000000000000000000000000000000000000000000000000000000000000000000000000000000000000000000000000000000=
57187 330400 1125600 01180 01193 4
20100502010000 217 047 226 048 232 049 0058 217 065 234 071 0057 0000 0231 0231 0100 0203 0001 078 077 0056 220 0191 09953 09954 0018 09951 0001 0300 0302 0053 0264 0001 0307 0307 0100 0241 0001 0217 0190 0196 0197 0184 0156 0138 0136 //// 10091 ///// ///// ////
000000000000000000000000000000000000000000000000000000000000000000000000000000000000000000000000000000000000000000000000=
57178 330200 1123500 01292 01305 4
20100502010000 232 033 225 027 223 038 0001 197 035 228 054 0011 0000 0229 0229 0100 0208 0001 075 075 0100 209 0182 09949 09950 0022 09946 0002 0335 0342 0059 0266 0001 0346 0346 0100 0260 0001 0216 0202 0197 0193 0167 0145 0133 0134 0003 10100 ///// ///// ////
000000000000000000000000000000000000000000000000000000000000000000000000000000000000000000000000000000000000000000000000
080 000 000 /// //// //////////////////////// /// //// 6///1 0//// 7//// 1//// 2//// 3//// /// /// /// // 911// 915// 919// 934// 939//=
57169 330300 1115200 01591 01600 4
20100502010000 202 010 234 009 279 013 0010 184 009 327 020 0009 0000 0230 0231 0059 0201 0001 078 077 0057 219 0190 09919 09919 0053 09918 0001 0211 0211 0100 0190 0001 0355 0355 0100 0278 0001 0219 0198 0196 0197 0179 0151 0133 0135 //// 10104 ///// ///// ////
000000000000000000000000000000000000000000000000000000000000000000000000000000000000000000000000000000000000000000000000=
57176 332900 1122500 02311 02304 4
20100502010000 215 011 177 011 109 011 0042 226 005 203 022 0058 0000 0222 0224 0055 0194 0001 067 065 0049 179 0158 09832 09833 0050 09832 0003 0319 0319 0100 0262 0008 0311 0311 0100 0239 0001 0217 0200 0198 0199 0184 0159 0139 0137 //// 10097 ///// ///// ////
000000000000000000000000000000000000000000000000000000000000000000000000000000000000000000000000000000000000000000000000=
57179 331700 1130000 01604 01616 4
20100502010000 208 048 211 045 209 050 0052 203 054 209 075 0047 0000 0224 0224 0100 0203 0001 082 082 0100 222 0192 09909 09911 0017 09909 0001 0315 0317 0056 0246 0001 0306 0306 0100 0242 0001 0210 0197 0194 0195 0171 0145 0129 0134 //// 10097 ///// ///// ////
000000000000000000000000000000000000000000000000000000000000000000000000000000000000000000000000000000000000000000000000=
57274 324200 1120700 01076 01088 4
20100502010000 209 013 215 012 230 019 0035 240 018 220 029 0035 0000 0227 0227 0100 0204 0001 073 073 0100 201 0176 09979 09980 0049 09977 0001 0338 0338 0100 0263 0001 0315 0315 0100 0246 0001 0223 0203 0202 0203 0202 0177 0148 0145 //// 10106 ///// ///// ////
000000000000000000000000000000000000000000000000000000000000000000000000000000000000000000000000000000000000000000000000=
57065 343000 1121100 01949 01964 4
20100502010000 262 024 268 023 261 027 0034 263 026 240 040 0010 0000 0204 0204 0100 0178 0001 054 054 0056 129 0108 09855 09858 0026 09855 0006 0203 0203 0100 0177 0001 0329 0329 0100 0245 0001 0211 0194 0194 0197 0164 0143 0133 0138 //// 10081 ///// ///// ////
000000000000000000000000000000000000000000000000000000000000000000000000000000000000000000000000000000000000000000000000=
57074 342500 1122500 01973 01989 4
20100502010000 250 010 235 011 209 015 0002 212 009 203 025 0001 0000 0227 0227 0100 0197 0031 068 068 0035 188 0165 09852 09854 0036 09852 0002 0292 0292 0100 0228 0002 0331 0331 0100 0235 0001 0209 0194 0192 0192 0159 0142 0128 0130 //// 10080 ///// ///// ////
000000000000000000000000000000000000000000000000000000000000000000000000000000000000000000000000000000000000000000000000=
57076 344400 1124700 01895 01901 4
20100502010000 273 033 269 033 265 035 0038 271 039 274 051 0013 0000 0220 0220 0100 0201 0001 061 060 0053 161 0141 09856 09857 0047 09855 0001 0263 0263 0100 0226 0003 0307 0307 0100 0236 0001 0197 0178 0174 0176 0155 0134 0121 0125 //// 10074 ///// ///// ////
000000000000000000000000000000000000000000000000000000000000000000000000000000000000000000000000000000000000000000000000=
57070 344400 1120700 03640 03595 4
20100502010000 263 020 254 018 274 029 0006 248 021 271 035 0005 0000 0227 0227 0100 0188 0001 055 055 0059 152 0132 09666 09668 0039 09666 0001 0317 0319 0058 0245 0001 0337 0337 0100 0244 0001 0191 0176 0176 0176 0167 0139 0122 0125 //// 10075 ///// ///// ////
000000000000000000000000000000000000000000000000000000000000000000000000000000000000000000000000000000000000000000000000=
57162 340900 1120500 03258 03275 4
20100502010000 074 006 153 007 181 010 0033 097 008 147 017 0031 0000 0226 0226 0100 0197 0001 056 053 0047 153 0134 09704 09708 0001 09704 0100 0250 0250 0100 0208 0001 0365 0365 0100 0267 0001 0214 0194 0195 0197 0159 0142 0128 0134 //// 10077 ///// ///// ////
000000000000000000000000000000000000000000000000000000000000000000000000000000000000000000000000000000000000000000000000=
57078 340900 1122800 03365 03340 4
20100502010000 187 005 181 006 164 008 0044 192 004 125 013 0042 0000 0217 0217 0100 0182 0001 060 059 0056 156 0136 09700 09702 0035 09700 0003 0366 0366 0100 0242 0001 0325 0325 0100 0239 0001 0207 0182 0180 0184 0147 0133 0123 0124 //// 10081 ///// ///// ////
000000000000000000000000000000000000000000000000000000000000000000000000000000000000000000000000000000000000000000000000=
57071 344900 1122600 03333 03332 4
20100502010000 144 035 155 027 155 027 0100 136 019 147 051 0059 0000 0232 0232 0100 0200 0001 051 051 0100 145 0125 09696 09699 0024 09696 0002 0320 0323 0056 0249 0001 0325 0325 0100 0240 0001 0200 0181 0179 0180 0173 0140 0121 0123 //// 10075 ///// ///// ////
000000000000000000000000000000000000000000000000000000000000000000000000000000000000000000000000000000000000000000000000=
57066 342300 1114000 03283 03298 4
20100502010000 213 003 172 002 237 004 0001 203 002 139 010 0057 0000 0217 0217 0100 0180 0001 059 059 0100 153 0133 09702 09705 0018 09702 0058 0217 0217 0100 0175 0001 0214 0218 0041 0182 0004 0169 0164 0167 0167 0152 0135 0120 0120 //// 10078 ///// ///// ////
000000000000000000000000000000000000000000000000000000000000000000000000000000000000000000000000000000000000000000000000=
57077 334700 1113900 07424 07388 4
20100502010000 243 025 245 029 240 036 0001 246 023 257 047 0012 0000 0220 0220 0100 0189 0001 050 050 0100 132 0111 09267 09269 0035 09267 0059 0310 0310 0100 0237 0001 0342 0342 0100 0251 0001 0193 0171 0168 0169 0156 0127 0113 0117 //// 10093 ///// ///// ////
000000000000000000000000000000000000000000000000000000000000000000000000000000000000000000000000000000000000000000000000=
57183 334800 1135500 00600 00615 4
20100502010000 221 027 223 025 221 031 0053 223 031 220 048 0037 0000 0231 0231 0100 0200 0001 076 075 0050 215 0186 10012 10013 0029 10011 0007 0308 0309 0059 0255 0001 0336 0336 0100 0260 0001 0202 0185 0183 0184 0177 0146 0127 0125 //// 10084 ///// ///// ////
000000000000000000000000000000000000000000000000000000000000000000000000000000000000000000000000000000000000000000000000=
57186 333600 1140300 00587 00598 4
20100502010000 200 040 199 040 199 040 0100 198 038 193 057 0059 0000 0241 0241 0100 0219 0001 072 071 0030 216 0187 10016 10018 0003 10016 0100 0303 0303 0100 0237 0001 0369 0369 0100 0284 0001 0219 0193 0188 0190 0177 0151 0133 0137 //// 10085 ///// ///// ////
000000000000000000000000000000000000000000000000000000000000000000000000000000000000000000000000000000000000000000000000=
57094 342400 1141300 00674 00685 4
20100502010000 210 040 218 033 218 033 0100 178 049 262 063 0052 0000 0235 0235 0100 0222 0001 072 072 0100 208 0182 09997 09998 0036 09995 0001 0275 0276 0056 0235 0001 0301 0303 0058 0242 0001 0218 0193 0186 0183 0175 0152 0129 0130 //// 10077 ///// ///// ////
000000000000000000000000000000000000000000000000000000000000000000000000000000000000000000000000000000000000000000000000=
57191 342900 1142900 00634 00642 4
20100502010000 224 017 223 016 194 018 0051 334 012 077 046 0050 0000 0250 0250 0100 0223 0001 064 064 0100 203 0177 10005 10007 0007 10004 0056 0305 0313 0054 0272 0002 0328 0328 0100 0264 0001 0227 0200 0192 0189 0166 0140 0124 0127 //// 10079 ///// ///// ////
000000000000000000000000000000000000000000000000000000000000000000000000000000000000000000000000000000000000000000000000=
57096 343200 1144700 00597 00607 4
20100502010000 211 024 214 025 215 028 0057 130 031 223 070 0054 0000 0245 0245 0100 0217 0001 065 064 0053 200 0175 10007 10008 0022 10006 0007 0289 0289 0100 0243 0001 0324 0324 0100 0249 0001 0214 0188 0181 0180 0159 0137 0125 0130 //// 10077 ///// ///// ////
000000000000000000000000000000000000000000000000000000000000000000000000000000000000000000000000000000000000000000000000=
57093 345100 1144900 00733 00740 4
20100502010000 216 047 218 046 222 054 0044 237 030 226 078 0023 0000 0241 0241 0100 0222 0001 067 067 0100 201 0176 09989 09990 0008 09989 0100 0295 0296 0058 0257 0003 0324 0324 0100 0256 0001 0213 0185 0179 0176 0165 0137 0122 0125 //// 10075 ///// ///// ////
000000000000000000000000000000000000000000000000000000000000000000000000000000000000000000000000000000000000000000000000=
57091 344700 1141800 00737 00748 4
20100502010000 212 056 218 053 218 053 0100 214 058 223 070 0055 0000 0232 0232 0100 0215 0001 068 068 0100 193 0170 09986 09989 0024 09985 0054 0284 0284 0058 0243 0001 0314 0314 0100 0253 0001 0216 0191 0185 0173 0164 0141 0124 0120 //// 10072 ///// ///// ////
000000000000000000000000000000000000000000000000000000000000000000000000000000000000000000000000000000000000000000000000=
53978 350500 1123800 01401 01409 4
20100502010000 293 013 284 011 221 012 0015 279 011 212 018 0024 0000 0233 0233 0100 0205 0001 053 053 0100 152 0132 09908 09909 0040 09907 0001 0305 0305 0100 0253 0001 0307 0307 0100 0234 0001 0199 0180 0175 0178 0139 0128 0124 0130 //// 10071 ///// ///// ////
000000000000000000000000000000000000000000000000000000000000000000000000000000000000000000000000000000000000000000000000=
53984 351400 1132800 00827 00837 4
20100502010000 230 047 234 047 236 048 0059 238 043 237 083 0059 0000 0233 0233 0100 0214 0001 053 053 0100 152 0132 09967 09970 0001 09967 0100 0260 0260 0100 0217 0001 0317 0317 0100 0247 0001 0195 0179 0173 0177 0163 0141 0124 0125 //// 10064 ///// ///// ////
000000000000000000000000000000000000000000000000000000000000000000000000000000000000000000000000000000000000000000000000=
53987 350600 1132500 00910 00918 4
20100502010000 250 030 243 029 255 031 0033 257 027 240 060 0056 0000 0230 0230 0100 0201 0001 060 060 0057 169 0148 09964 09966 0010 09963 0049 0311 0311 0100 0251 0001 0264 0264 0100 0210 0001 0203 0183 0179 0180 0167 0147 0133 0132 //// 10070 ///// ///// ////
000000000000000000000000000000000000000000000000000000000000000000000000000000000000000000000000000000000000000000000000=
57079 345700 1130200 01064 01069 4
20100502010000 261 036 263 034 259 038 0044 285 033 264 053 0038 0000 0223 0223 0100 0189 0001 062 062 0100 167 0147 09947 09948 0024 09946 0001 0295 0299 0053 0250 0001 0320 0320 0100 0240 0001 0190 0177 0176 0177 0174 0147 0127 0126 //// 10071 ///// ///// ////
000000000000000000000000000000000000000000000000000000000000000000000000000000000000000000000000000000000000000000000000=
57072 345500 1124500 01275 01285 4
20100502010000 253 029 255 027 256 032 0043 231 030 257 050 0040 0000 0227 0227 0100 0193 0001 048 048 0100 132 0111 09925 09927 0016 09925 0100 0293 0298 0050 0250 0001 0324 0324 0100 0242 0001 0193 0174 0172 0172 0142 0129 0117 0119 //// 10074 ///// ///// ////
000000000000000000000000000000000000000000000000000000000000000000000000000000000000000000000000000000000000000000000000=
53982 351400 1131600 01120 01135 4
20100502010000 222 027 233 028 254 042 0032 223 031 286 068 0004 0000 0261 0261 0100 0238 0001 043 039 0043 145 0126 09931 09934 0001 09931 0100 0260 0260 0100 0201 0001 0354 0354 0100 0275 0001 0209 0190 0187 0188 0168 0145 0131 0135 //// 10061 ///// ///// ////
000000000000000000000000000000000000000000000000000000000000000000000000000000000000000000000000000000000000000000000000=
53979 350900 1130500 01200 01211 4
20100502010000 241 022 240 021 230 023 0031 234 027 242 030 0057 0000 0235 0235 0100 0214 0001 059 054 0011 171 0150 09933 09934 0021 09932 0004 0308 0308 0059 0248 0001 0361 0361 0100 0273 0001 0209 0186 0186 0189 0152 0140 0128 0133 //// 10073 ///// ///// ////
000000000000000000000000000000000000000000000000000000000000000000000000000000000000000000000000000000000000000000000000=
53992 353900 1143100 00582 00592 4
20100502010000 211 051 209 054 209 056 0059 204 049 217 085 0057 0000 0230 0230 0100 0204 0001 069 067 0053 194 0170 09984 09988 0004 09984 0100 0270 0270 0056 0233 0002 0299 0299 0100 0234 0001 0204 0182 0180 0177 0147 0128 0116 0122 //// 10053 ///// ///// ////
000000000000000000000000000000000000000000000000000000000000000000000000000000000000000000000000000000000000000000000000=
53974 353700 1141100 00723 00739 4
20100502010000 190 036 195 038 200 044 0049 187 044 212 081 0054 0000 0231 0231 0100 0213 0001 059 059 0100 167 0147 09970 09972 0026 09970 0048 0259 0260 0058 0232 0001 0329 0329 0100 0267 0001 0220 0199 0194 0192 0164 0139 0124 0129 //// 10055 ///// ///// ////
000000000000000000000000000000000000000000000000000000000000000000000000000000000000000000000000000000000000000000000000=
53990 354300 1141900 00795 00805 4
20100502010000 187 076 187 072 187 072 0100 195 077 201 098 0032 0000 0231 0231 0100 0216 0001 062 062 0100 175 0154 09957 09959 0015 09957 0100 0290 0291 0057 0261 0001 0352 0352 0100 0288 0001 0217 0198 0191 0193 0179 0142 0118 0116 //// 10051 ///// ///// ////
000000000000000000000000000000000000000000000000000000000000000000000000000000000000000000000000000000000000000000000000=
53991 355600 1142100 00743 00753 4
20100502010000 207 022 201 019 199 023 0048 255 021 227 050 0023 0000 0246 0246 0100 0221 0001 055 055 0100 170 0150 09961 09961 0100 09960 0001 0328 0329 0059 0275 0001 0350 0350 0100 0267 0001 0213 0188 0177 0181 0159 0136 0121 0123 //// 10048 ///// ///// ////
000000000000000000000000000000000000000000000000000000000000000000000000000000000000000000000000000000000000000000000000=
53889 360400 1134900 03068 03086 4
20100502010000 355 015 003 013 013 014 0050 035 020 000 025 0048 0000 0252 0252 0100 0223 0001 031 030 0040 099 0069 09695 09696 0017 09694 0045 0366 0369 0056 0300 0001 0357 0357 0100 0265 0001 0238 0206 0191 0184 0146 0124 0121 0107 //// 10044 ///// ///// ////
000000000000000000000000000000000000000000000000000000000000000000000000000000000000000000000000000000000000000000000000=
53995 353300 1143000 00625 00645 4
20100502010000 200 042 196 039 203 055 0017 206 060 209 080 0019 0000 0234 0234 0100 0207 0001 065 065 0100 187 0165 09985 09985 0029 09984 0049 0310 0310 0100 0249 0003 0319 0319 0100 0241 0001 0219 0198 0188 0187 0169 0142 0123 0123 //// 10060 ///// ///// ////
000000000000000000000000000000000000000000000000000000000000000000000000000000000000000000000000000000000000000000000000=
NNNN
