57290 330000 1140100 00827 00838 4
20100503080000 173 028 288 021 177 026 0744 139 047 206 076 0740 0000 0323 0326 0736 0321 0716 043 040 0701 208 0181 09943 09946 0707 09942 0750 0340 0364 0725 0333 0715 0435 0459 0732 0425 0715 0334 0296 0261 0238 0180 0151 0132 0135 //// 10038 ///// ///// ////
000000000000000000000000000000000000000000000000000000000000000000000000000000000000000000000000000000000000000000000000=
57188 332200 1140200 00559 00568 4
20100503080000 152 044 151 044 154 046 0714 147 029 150 073 0706 0000 0295 0307 0701 0295 0800 052 049 0708 214 0186 09969 09975 0703 09968 0746 0303 0331 0701 0303 0800 0374 0454 0701 0374 0800 0322 0284 0253 0226 0157 0137 0125 0135 //// 10034 ///// ///// ////
000000000000000000000000000000000000000000000000000000000000000000000000000000000000000000000000000000000000000000000000=
57293 324400 1145900 00380 00391 4
20100503080000 189 019 187 023 177 038 0713 189 016 178 068 0710 0000 0299 0321 0708 0299 0800 054 042 0711 228 0196 10003 10009 0701 10001 0755 0354 0432 0707 0350 0746 0396 0500 0709 0396 0759 0342 0303 0269 0235 0193 0163 0138 0136 //// 10048 ///// ///// ////
000000000000000000000000000000000000000000000000000000000000000000000000000000000000000000000000000000000000000000000000=
57281 324200 1131800 01422 01431 4
20100503080000 157 018 155 022 177 035 0701 167 020 136 074 0722 0000 0304 0313 0701 0304 0757 049 045 0701 213 0185 09874 09879 0701 09874 0751 0340 0375 0701 0336 0754 0360 0407 0701 0359 0754 0317 0289 0261 0235 0175 0145 0130 0135 //// 10037 ///// ///// ////
000000000000000000000000000000000000000000000000000000000000000000000000000000000000000000000000000000000000000000000000=
57196 332800 1145200 00420 00428 4
20100503080000 173 028 173 035 184 043 0722 189 022 217 066 0718 0000 0301 0307 0707 0301 0800 050 046 0715 213 0185 09994 09999 0701 09993 0740 0348 0367 0734 0335 0725 0406 0439 0707 0398 0751 0321 0284 0245 0216 0158 0138 0128 0132 //// 10043 ///// ///// ////
000000000000000000000000000000000000000000000000000000000000000000000000000000000000000000000000000000000000000000000000=
57192 334400 1145100 00455 00466 4
20100503080000 161 019 173 024 180 037 0727 147 017 179 066 0723 0000 0313 0324 0706 0313 0800 043 038 0706 197 0172 09988 09992 0701 09988 0800 0342 0389 0703 0336 0757 0399 0467 0704 0397 0758 0353 0311 0267 0235 0182 0153 0135 0141 //// 10041 ///// ///// ////
000000000000000000000000000000000000000000000000000000000000000000000000000000000000000000000000000000000000000000000000=
58100 333900 1151000 00414 00424 4
20100503080000 181 021 183 023 169 037 0718 167 033 173 067 0734 0000 0316 0322 0732 0316 0800 042 040 0734 195 0171 09995 10000 0701 09995 0800 0354 0394 0726 0350 0748 0438 0504 0726 0436 0759 0375 0334 0290 0253 0193 0161 0140 0141 //// 10043 ///// ///// ////
000000000000000000000000000000000000000000000000000000000000000000000000000000000000000000000000000000000000000000000000=
57095 340700 1140900 00611 00622 4
20100503080000 139 029 149 032 154 038 0748 110 035 155 064 0701 0000 0300 0309 0719 0300 0800 054 051 0701 229 0197 09958 09963 0701 09958 0800 0337 0360 0718 0327 0754 0396 0428 0719 0386 0753 0329 0285 0264 0237 0172 0146 0127 0129 //// 10029 ///// ///// ////
000000000000000000000000000000000000000000000000000000000000000000000000000000000000000000000000000000000000000000000000=
57296 322100 1144400 00489 00501 4
20100503080000 204 033 210 033 210 047 0703 245 028 226 082 0718 0000 0325 0334 0701 0323 0745 031 027 0702 152 0132 09989 09995 0701 09989 0800 0342 0366 0704 0323 0740 0432 0486 0701 0411 0738 0341 0302 0261 0233 0192 0160 0137 0133 //// 10046 ///// ///// ////
000000000000000000000000000000000000000000000000000000000000000000000000000000000000000000000000000000000000000000000000=
57396 313800 1145100 01287 01297 4
20100503080000 188 033 202 043 200 073 0710 119 035 192 101 0709 0000 0315 0325 0701 0315 0800 032 027 0701 148 0128 09905 09907 0701 09904 0737 0339 0377 0701 0334 0757 0392 0461 0701 0389 0757 0344 0307 0269 0235 0201 0163 //// //// //// 10052 ///// ///// ////
000000000000000000000000000000000000000000000000000000000000000000000000000000000000000000000000000000000000000000000000=
58207 321000 1150300 00428 00440 4
20100503080000 192 047 193 042 196 062 0721 192 059 217 092 0712 0000 0328 0344 0701 0328 0800 026 021 0701 129 0108 09998 10002 0713 09998 0800 0340 0419 0701 0336 0755 0336 0351 0712 0336 0800 0401 0287 0252 0227 0169 0148 0134 0140 //// 10048 ///// ///// ////
000000000000000000000000000000000000000000000000000000000000000000000000000000000000000000000000000000000000000000000000=
58205 322800 1152600 00349 00360 4
20100503080000 200 020 196 021 186 032 0720 223 020 178 067 0732 0000 0338 0349 0725 0338 0800 025 022 0728 132 0110 10008 10012 0701 10007 0756 0376 0422 0712 0370 0757 0354 0397 0712 0353 0758 0340 0326 0306 0285 0184 0158 0139 0127 //// 10049 ///// ///// ////
000000000000000000000000000000000000000000000000000000000000000000000000000000000000000000000000000000000000000000000000=
57299 320100 1145400 00494 00506 4
20100503080000 208 031 203 029 193 046 0703 234 034 189 067 0707 0000 0319 0330 0701 0319 0800 034 027 0708 161 0141 09992 09995 0701 09992 0800 0336 0373 0703 0335 0751 0392 0455 0702 0392 0800 0355 0339 0316 0292 0197 0159 0135 0132 //// 10050 ///// ///// ////
000000000000000000000000000000000000000000000000000000000000000000000000000000000000000000000000000000000000000000000000=
53994 352300 1140400 00700 00712 4
20100503080000 058 017 056 019 048 021 0707 065 015 040 031 0753 0000 0288 0292 0737 0288 0800 065 062 0701 257 0216 09947 09950 0701 09947 0800 0320 0344 0736 0318 0758 0369 0399 0736 0369 0800 0312 0276 0245 0214 0164 0136 0122 0129 //// 10029 ///// ///// ////
000000000000000000000000000000000000000000000000000000000000000000000000000000000000000000000000000000000000000000000000=
53988 351600 1134000 00776 00784 4
20100503080000 054 024 050 026 059 029 0750 060 020 035 042 0732 0000 0291 0302 0705 0291 0800 062 053 0710 250 0211 09934 09938 0701 09932 0746 0318 0375 0702 0318 0758 0365 0425 0702 0365 0800 0304 0274 0244 0222 0158 0136 0123 0128 //// 10024 ///// ///// ////
000000000000000000000000000000000000000000000000000000000000000000000000000000000000000000000000000000000000000000000000=
53983 350200 1142500 00696 00708 4
20100503080000 168 036 168 035 168 040 0743 167 037 187 058 0745 0000 0290 0294 0701 0290 0800 065 062 0701 260 0218 09949 09952 0701 09949 0800 0315 0332 0707 0314 0740 0375 0414 0707 0375 0800 0330 0300 0270 0244 0152 0132 0118 0126 //// 10030 ///// ///// ////
000000000000000000000000000000000000000000000000000000000000000000000000000000000000000000000000000000000000000000000000=
57171 334600 1130700 01420 01430 4
20100503080000 169 071 174 073 176 075 0754 164 090 184 106 0749 0000 0293 0296 0754 0291 0722 055 053 0750 224 0193 09858 09864 0701 09858 0800 0309 0324 0736 0308 0758 0323 0347 0737 0323 0800 0302 0273 0252 0233 0203 0176 0144 0137 //// 10020 ///// ///// ////
000000000000000000000000000000000000000000000000000000000000000000000000000000000000000000000000000000000000000000000000=
57185 332700 1133500 00911 00921 4
20100503080000 187 033 191 030 188 035 0714 197 033 189 056 0714 0000 0312 0318 0727 0311 0744 044 040 0714 200 0175 09922 09926 0701 09921 0750 0329 0356 0724 0324 0741 0411 0454 0707 0411 0800 0316 0286 0257 0228 0184 0155 0130 0129 //// 10028 ///// ///// ////
000000000000000000000000000000000000000000000000000000000000000000000000000000000000000000000000000000000000000000000000=
57094 342400 1141300 00674 00685 4
20100503080000 172 037 178 031 178 031 0752 187 036 144 057 0737 0000 0297 0308 0705 0297 0800 057 056 0701 238 0203 09950 09955 0701 09950 0800 0341 0407 0701 0341 0759 0376 0448 0701 0376 0800 0331 0303 0273 0244 0186 0159 0131 0130 //// 10028 ///// ///// ////
000000000000000000000000000000000000000000000000000000000000000000000000000000000000000000000000000000000000000000000000=
57091 344700 1141800 00737 00748 4
20100503080000 176 032 188 043 187 053 0745 133 018 203 076 0745 0000 0303 0306 0711 0303 0800 049 046 0701 212 0184 09944 09949 0702 09942 0743 0309 0334 0715 0309 0800 0358 0407 0711 0358 0759 0322 0286 0250 0213 0175 0148 0125 0120 //// 10029 ///// ///// ////
000000000000000000000000000000000000000000000000000000000000000000000000000000000000000000000000000000000000000000000000=
53972 350700 1125500 01196 01210 4
20100503080000 079 028 075 028 072 040 0730 097 026 088 080 0727 0000 0290 0293 0701 0289 0740 057 056 0701 228 0196 09880 09883 0701 09877 0734 0277 0296 0701 0277 0800 0353 0398 0701 0353 0800 0288 0267 0244 0221 0174 0150 0134 0139 //// 10018 ///// ///// ////
000000000000000000000000000000000000000000000000000000000000000000000000000000000000000000000000000000000000000000000000=
53993 355600 1145500 00516 00524 4
20100503080000 209 021 206 019 184 028 0733 206 019 172 051 0725 0000 0297 0301 0717 0294 0744 053 052 0731 221 0191 09968 09972 0701 09966 0748 0347 0363 0715 0329 0744 0389 0427 0701 0380 0744 0301 0268 0234 0212 0183 0146 0117 0114 //// 10028 ///// ///// ////
000000000000000000000000000000000000000000000000000000000000000000000000000000000000000000000000000000000000000000000000=
53898 360300 1142400 00629 00638 4
20100503080000 197 015 195 011 173 019 0715 184 015 195 034 0701 0000 0281 0281 0800 0278 0715 062 060 0701 236 0201 09957 09962 0701 09957 0751 0359 0405 0706 0358 0759 0369 0409 0706 0369 0800 0288 0259 0232 0209 0151 0126 0113 0120 //// 10030 ///// ///// ////
000000000000000000000000000000000000000000000000000000000000000000000000000000000000000000000000000000000000000000000000=
NNNN
