57090 344300 1135800 00781 00802 4
20100325230000 161 009 160 009 127 016 2207 164 011 167 028 2237 0000 0017 0017 2300 0013 2217 080 079 2201 055 -014 10152 10154 2231 10151 2213 -016 -016 2300 -053 2201 -001 -001 2300 -016 2202 0037 0066 0080 0092 0098 0094 0088 0120 //// 10252 ///// ///// ////
000000000000000000000000000000000000000000000000000000000000000000000000000000000000000000000000000000000000000000000000=
57083 344300 1133900 01104 01116 4
20100325230000 270 006 350 006 083 012 2227 251 005 079 015 2224 0000 0019 0019 2300 0012 2219 070 066 2201 049 -030 10112 10113 2219 10110 2201 -036 -036 2300 -087 2214 -001 -001 2300 -020 2218 0040 0062 0079 0093 0099 0099 0104 0126 0000 10251 ///// ///// ////
000000000000000000000000000000000000000000000000000000000000000000000000000000000000000000000000000000000000000000000000
100 000 000 /// //// //////////////////////// /// //// 6///1 0//// 7//// 1//// 2//// 3//// /// /// /// // 911// 915// 919// 934// 939//=
57086 342300 1134300 01166 01168 4
20100325230000 165 014 158 018 153 020 2254 164 012 173 030 2257 0000 0016 0016 2300 0010 2240 077 076 2209 053 -020 10110 10111 2254 10110 2205 0021 0021 2300 -027 2201 0003 0003 2300 -011 2203 0031 0059 0079 0093 0098 0095 0095 0116 //// 10256 ///// ///// ////
000000000000000000000000000000000000000000000000000000000000000000000000000000000000000000000000000000000000000000000000=
57085 343200 1132000 02599 02648 4
20100325230000 333 030 333 028 333 028 2300 338 041 338 041 2300 0000 0033 0033 2300 0020 2208 060 059 2248 046 -037 09926 09929 2218 09926 2259 0029 0029 2300 -002 2208 0000 0000 2300 -015 2217 0032 0062 0080 0091 0100 0098 0095 0121 //// 10251 ///// ///// ////
000000000000000000000000000000000000000000000000000000000000000000000000000000000000000000000000000000000000000000000000=
57081 344800 1132600 01409 01419 4
20100325230000 269 007 272 006 266 008 2249 347 003 268 018 2231 0000 0027 0027 2254 0014 2226 053 051 2243 039 -059 10077 10077 2300 10073 2202 -002 -002 2300 -067 2201 0001 0001 2300 -023 2209 0033 0058 0079 0089 0089 0094 0097 0117 //// 10253 ///// ///// ////
000000000000000000000000000000000000000000000000000000000000000000000000000000000000000000000000000000000000000000000000=
57080 344400 1125800 01652 01661 4
20100325230000 312 009 254 009 187 016 2249 319 008 192 023 2244 0000 0018 0023 2253 -006 2207 051 046 2252 035 -073 10049 10052 2205 10047 2245 -016 -012 2252 -076 2217 -014 -014 2300 -031 2216 0034 0063 0082 0092 0089 0088 0090 0119 //// 10255 ///// ///// ////
000000000000000000000000000000000000000000000000000000000000000000000000000000000000000000000000000000000000000000000000=
57082 342800 1130100 04271 04284 4
20100325230000 334 014 327 015 306 024 2225 344 012 310 032 2217 0000 0014 0014 2300 0003 2220 063 056 2222 043 -049 09731 09735 2221 09731 2259 0013 0013 2300 -019 2205 -006 -006 2300 -020 2205 0030 0055 0074 0086 0093 0097 0101 //// //// 10254 ///// ///// ////
000000000000000000000000000000000000000000000000000000000000000000000000000000000000000000000000000000000000000000000000=
57295 323700 1142100 00785 00802 4
20100325230000 206 021 207 021 208 021 2259 223 013 203 036 2245 0000 0039 0039 2300 0035 2228 065 065 2300 052 -021 10168 10168 2258 10165 2217 0000 0000 2300 -016 2218 0016 0016 2300 0007 2216 0039 0057 0070 0083 0096 0099 0104 0127 //// 10268 ///// ///// ////
000000000000000000000000000000000000000000000000000000000000000000000000000000000000000000000000000000000000000000000000=
57189 330800 1135700 00646 00655 4
20100325230000 149 016 158 015 215 017 2214 144 014 223 022 2209 0000 0005 0005 2300 0001 2240 088 088 2216 056 -013 10181 10181 2242 10177 2201 -007 -007 2300 -033 2210 0007 0007 2300 -005 2218 0028 0048 0062 0075 0091 0096 0099 0122 //// 10264 ///// ///// ////
000000000000000000000000000000000000000000000000000000000000000000000000000000000000000000000000000000000000000000000000=
57194 331700 1141600 00598 00609 4
20100325230000 180 032 179 030 180 030 2254 187 029 173 051 2259 0000 0037 0037 2300 0024 2220 073 073 2300 058 -007 10185 10186 2252 10182 2215 0035 0035 2300 -006 2207 0017 0017 2300 0002 2217 0044 0061 0074 0082 0094 0095 0099 0126 //// 10261 ///// ///// ////
000000000000000000000000000000000000000000000000000000000000000000000000000000000000000000000000000000000000000000000000=
57294 325000 1140100 00836 00846 4
20100325230000 223 031 224 028 212 036 2225 209 038 226 054 2208 0000 0042 0042 2300 0032 2238 068 068 2300 056 -012 10155 10156 2250 10152 2221 0045 0045 2300 0022 2236 0014 0014 2300 0001 2203 0028 0050 0069 0082 0094 0105 0103 0119 //// 10261 ///// ///// ////
000000000000000000000000000000000000000000000000000000000000000000000000000000000000000000000000000000000000000000000000=
57195 333700 1143700 00466 00476 4
20100325230000 184 012 189 011 193 013 2244 223 011 138 031 2201 0000 0039 0039 2300 0035 2201 068 068 2300 055 -015 10205 10206 2243 10202 2226 0028 0029 2259 0003 2202 0009 0009 2300 -005 2202 0026 0053 0075 0088 0100 0099 0103 0141 //// 10264 ///// ///// ////
000000000000000000000000000000000000000000000000000000000000000000000000000000000000000000000000000000000000000000000000=
57193 334700 1143100 00526 00541 4
20100325230000 159 015 161 014 169 021 2246 147 016 195 039 2239 0000 0035 0035 2300 0029 2201 070 070 2259 055 -014 10196 10198 2253 10195 2227 0022 0022 2300 -015 2205 0013 0013 2300 -004 2206 0036 0056 0072 0085 0102 0102 0106 0131 //// 10264 ///// ///// ////
000000000000000000000000000000000000000000000000000000000000000000000000000000000000000000000000000000000000000000000000=
58101 335200 1152900 00413 00428 4
20100325230000 194 024 193 021 209 033 2220 164 027 226 059 2216 0000 0033 0034 2221 0032 2201 072 071 2220 056 -013 10216 10216 2256 10213 2229 0046 0046 2300 0011 2203 0007 0007 2300 -013 2201 0027 0048 0068 0082 0096 0098 0101 0131 //// 10270 ///// ///// ////
000000000000000000000000000000000000000000000000000000000000000000000000000000000000000000000000000000000000000000000000=
57098 340500 1142400 00583 00593 4
20100325230000 189 021 192 019 190 025 2203 184 023 194 039 2203 0000 0024 0024 2300 0019 2201 078 077 2202 057 -010 10188 10190 2246 10186 2201 0023 0023 2300 -021 2201 -001 -001 2300 -003 2201 0017 0040 0060 0075 0099 0097 0098 0129 //// 10263 ///// ///// ////
000000000000000000000000000000000000000000000000000000000000000000000000000000000000000000000000000000000000000000000000=
57182 335100 1133000 00805 00814 4
20100325230000 112 005 104 006 076 011 2205 104 005 074 014 2202 0000 0001 0002 2201 -001 2212 092 089 2212 057 -010 10155 10158 2204 10155 2300 -011 -011 2300 -043 2213 -004 -004 2300 -024 2217 0035 0070 0093 0104 0108 0106 0108 0139 //// 10257 ///// ///// ////
000000000000000000000000000000000000000000000000000000000000000000000000000000000000000000000000000000000000000000000000=
58207 321000 1150300 00428 00440 4
20100325230000 226 011 213 010 228 021 2206 202 015 220 030 2206 0000 0034 0042 2236 0034 2300 074 067 2230 058 -008 10218 10219 2213 10216 2253 0024 0024 2300 -011 2203 0026 0027 2201 0026 2252 -001 0051 0067 0080 0102 0110 0114 0137 //// 10273 ///// ///// ////
000000000000000000000000000000000000000000000000000000000000000000000000000000000000000000000000000000000000000000000000=
53986 351900 1135300 00732 00740 4
20100325230000 000 000 000 000 344 018 2211 063 000 344 022 2206 0000 0013 0021 2212 0012 2245 086 082 2221 058 -008 10157 10159 2201 10154 2246 -014 -014 2300 -056 2234 -016 -016 2300 -028 2229 0030 0054 0071 0084 0093 0094 0099 0127 //// 10250 ///// ///// ////
000000000000000000000000000000000000000000000000000000000000000000000000000000000000000000000000000000000000000000000000=
53994 352300 1140400 00700 00712 4
20100325230000 188 011 186 011 247 015 2202 181 013 256 020 2201 0000 0012 0013 2201 0006 2223 078 077 2201 052 -022 10158 10162 2201 10156 2244 -007 -007 2300 -076 2226 -031 -031 2300 -063 2226 0009 0047 0071 0086 0090 0090 0095 0127 //// 10247 ///// ///// ////
000000000000000000000000000000000000000000000000000000000000000000000000000000000000000000000000000000000000000000000000=
53998 351200 1143900 00616 00625 4
20100325230000 182 025 182 029 181 031 2256 164 028 187 045 2251 0000 0020 0020 2300 0016 2217 076 075 2201 054 -018 10171 10174 2215 10171 2259 0024 0024 2300 -011 2207 0004 0004 2300 -016 2211 0033 0060 0079 0091 0097 0096 0097 0128 //// 10249 ///// ///// ////
000000000000000000000000000000000000000000000000000000000000000000000000000000000000000000000000000000000000000000000000=
57051 344800 1111200 04099 04117 4
20100325230000 092 009 105 011 095 017 2201 068 004 097 026 2258 0000 0017 0017 2300 0013 2213 040 038 2238 028 -105 09745 09745 2259 09740 2201 -011 -011 2300 -050 2227 -011 -011 2300 -027 2231 0027 0055 0073 0084 0081 0086 0088 0114 //// 10247 ///// ///// ////
000000000000000000000000000000000000000000000000000000000000000000000000000000000000000000000000000000000000000000000000=
57063 344600 1114600 05236 05236 4
20100325230000 219 014 251 012 323 015 2245 215 014 291 020 2249 0000 -037 -035 2209 -043 2235 057 054 2210 026 -110 09617 09617 2257 09614 2223 -073 -073 2300 -105 2204 -052 -052 2300 -065 2222 0007 0037 0058 0071 0074 0077 0084 0110 //// 10260 ///// ///// ////
000000000000000000000000000000000000000000000000000000000000000000000000000000000000000000000000000000000000000000000000=
57067 340300 1110200 05688 05699 4
20100325230000 228 010 217 009 285 009 2221 232 011 229 013 2259 0000 -036 -030 2201 -038 2253 078 073 2224 037 -069 09570 09570 2300 09565 2211 -040 -040 2300 -055 2214 -013 -013 2259 -016 2230 0024 0049 0077 0066 0085 0093 0096 0122 //// 10269 ///// ///// ////
000000000000000000000000000000000000000000000000000000000000000000000000000000000000000000000000000000000000000000000000=
57056 343200 1105300 03904 03909 4
20100325230000 000 000 000 000 123 010 2213 035 000 125 014 2205 0000 -018 -016 2221 -021 2201 058 053 2219 031 -090 09772 09772 2300 09767 2201 -055 -055 2300 -077 2203 -033 -033 2300 -046 2206 0011 0047 0072 0086 0087 0090 0093 0118 //// 10254 ///// ///// ////
000000000000000000000000000000000000000000000000000000000000000000000000000000000000000000000000000000000000000000000000=
58007 340400 1151800 00472 00532 4
20100325230000 186 011 191 008 181 012 2206 192 014 192 020 2201 0000 0012 0012 2300 0009 2238 077 075 2202 051 -024 10201 10202 2210 10199 2240 -003 -002 2258 -033 2220 -010 -010 2300 -021 2204 0028 0056 0075 0087 0095 0100 0103 0131 //// 10268 ///// ///// ////
000000000000000000000000000000000000000000000000000000000000000000000000000000000000000000000000000000000000000000000000=
58006 342300 1155300 00463 00506 4
20100325230000 179 014 184 016 172 018 2231 170 013 173 021 2225 0000 -009 -009 2300 -019 2238 076 073 2222 043 -046 10210 10212 2247 10209 2204 -023 -023 2300 -080 2208 -018 -018 2300 -030 2210 0010 0038 0058 0075 0094 0094 0098 0126 //// 10274 ///// ///// ////
000000000000000000000000000000000000000000000000000000000000000000000000000000000000000000000000000000000000000000000000=
58111 335800 1162700 00325 00325 4
20100325230000 163 021 159 021 158 030 2248 139 025 150 049 2245 0000 0028 0028 2300 0024 2213 063 062 2248 047 -035 10235 10235 2254 10233 2203 0008 0008 2300 -022 2202 0003 0003 2300 -004 2215 0023 0042 0057 0070 0089 0097 0106 0138 //// 10276 ///// ///// ////
000000000000000000000000000000000000000000000000000000000000000000000000000000000000000000000000000000000000000000000000=
58017 341500 1160800 00410 00420 4
20100325230000 172 016 175 017 167 026 2226 167 015 161 046 2216 0000 0031 0031 2300 0028 2238 064 064 2300 049 -030 10217 10218 2258 10215 2208 0038 0038 2300 -010 2205 0012 0012 2300 -007 2206 0034 0056 0071 0082 0097 0097 0103 0128 //// 10270 ///// ///// ////
000000000000000000000000000000000000000000000000000000000000000000000000000000000000000000000000000000000000000000000000=
58001 342600 1150600 00563 00569 4
20100325230000 197 029 195 024 195 024 2300 195 023 184 042 2258 0000 0019 0019 2300 0015 2221 074 074 2205 052 -022 10190 10191 2204 10188 2237 0026 0026 2300 -006 2211 0012 0012 2300 -007 2210 0021 0040 0057 0069 0088 0089 0094 0126 //// 10262 ///// ///// ////
000000000000000000000000000000000000000000000000000000000000000000000000000000000000000000000000000000000000000000000000=
58005 342700 1154000 00501 00511 4
20100325230000 203 036 205 042 204 045 2256 200 027 217 072 2259 0000 0045 0045 2300 0039 2201 058 058 2300 049 -030 10199 10201 2208 10199 2300 0037 0037 2300 0011 2209 0018 0018 2300 -006 2201 0033 0055 0068 0080 0095 0097 0103 0131 0000 10263 ///// ///// ////
000000000000000000000000000000000000000000000000000000000000000000000000000000000000000000000000000000000000000000000000
160 000 000 /// //// //////////////////////// /// //// 6///1 0//// 7//// 1//// 2//// 3//// /// /// /// // 911// 915// 919// 934// 939//=
58008 342800 1152000 00544 00592 4
20100325230000 189 022 180 018 191 019 2234 189 020 189 037 2258 0000 0023 0023 2300 0017 2203 068 068 2300 049 -030 10188 10189 2212 10186 2253 0007 0007 2300 -023 2202 0013 0013 2300 -007 2201 0016 0038 0054 0069 0092 0094 0099 0129 //// 10263 ///// ///// ////
000000000000000000000000000000000000000000000000000000000000000000000000000000000000000000000000000000000000000000000000=
58004 343900 1150900 00606 00616 4
20100325230000 155 010 156 011 153 013 2242 130 006 139 027 2257 0000 0017 0017 2300 0007 2228 074 074 2300 051 -024 10182 10183 2220 10179 2243 0021 0021 2300 -042 2214 -003 -003 2300 -010 2222 0024 0053 0068 0081 0098 0100 0102 0127 //// 10260 ///// ///// ////
000000000000000000000000000000000000000000000000000000000000000000000000000000000000000000000000000000000000000000000000=
54817 355900 1155200 00421 00434 4
20100325230000 176 029 181 031 183 032 2256 164 035 184 062 2255 0000 0030 0030 2300 0025 2201 062 060 2221 047 -036 10198 10198 2245 10196 2216 0044 0044 2300 0007 2211 0000 0000 2300 -012 2206 0016 0037 0055 0065 0080 0079 0088 0116 //// 10253 ///// ///// ////
000000000000000000000000000000000000000000000000000000000000000000000000000000000000000000000000000000000000000000000000=
54900 354200 1150100 00537 00541 4
20100325230000 181 022 182 023 178 027 2228 184 018 173 041 2235 0000 0012 0012 2300 0007 2234 079 076 2201 053 -020 10179 10180 2207 10178 2238 0002 0002 2300 -022 2218 -008 -008 2300 -026 2216 0022 0048 0067 0079 0083 0082 0084 0110 //// 10247 ///// ///// ////
000000000000000000000000000000000000000000000000000000000000000000000000000000000000000000000000000000000000000000000000=
54901 360500 1151000 00475 00478 4
20100325230000 177 031 172 033 171 036 2222 181 029 175 046 2232 0000 0011 0011 2300 0006 2232 076 074 2201 050 -027 10182 10184 2240 10182 2300 0020 0020 2300 -010 2220 -004 -004 2300 -020 2218 0017 0041 0058 0069 0081 0080 0078 0105 //// 10242 ///// ///// ////
000000000000000000000000000000000000000000000000000000000000000000000000000000000000000000000000000000000000000000000000=
54903 355100 1152900 00457 00506 4
20100325230000 199 034 200 031 196 034 2232 195 020 181 061 2245 0000 0024 0024 2300 0020 2215 066 063 2201 048 -033 10185 10186 2242 10183 2226 0023 0023 2300 0007 2201 0004 0004 2300 -010 2205 0030 0052 0066 0074 0079 0081 0091 0114 //// 10249 ///// ///// ////
000000000000000000000000000000000000000000000000000000000000000000000000000000000000000000000000000000000000000000000000=
57184 333800 1132200 00834 00847 4
20100325230000 136 011 123 009 181 013 2209 133 011 234 023 2214 0000 0037 0045 2214 0037 2300 070 063 2201 056 -013 10151 10153 2204 10151 2300 0020 0020 2300 0007 2205 0015 0015 2300 -003 2202 0037 0063 0077 0091 0098 0102 0104 0129 //// 10257 ///// ///// ////
000000000000000000000000000000000000000000000000000000000000000000000000000000000000000000000000000000000000000000000000=
57177 332000 1133200 00898 00913 4
20100325230000 351 008 347 007 270 017 2226 355 013 278 023 2224 0000 0007 0007 2300 0002 2201 089 088 2249 057 -009 10148 10148 2300 10145 2201 -005 -005 2300 -029 2201 0001 0001 2300 -001 2218 0005 0045 0056 0081 0101 0103 0106 0121 //// 10263 ///// ///// ////
000000000000000000000000000000000000000000000000000000000000000000000000000000000000000000000000000000000000000000000000=
57075 341000 1125200 02031 02043 4
20100325230000 348 007 349 005 033 015 2201 004 008 233 022 2226 0000 -003 0014 2205 -004 2236 082 073 2203 049 -030 10004 10007 2213 10001 2240 -001 -001 2300 -029 2224 -008 -008 2300 -018 2222 0025 0052 0070 0081 0097 0100 0097 0117 //// 10258 ///// ///// ////
000000000000000000000000000000000000000000000000000000000000000000000000000000000000000000000000000000000000000000000000=
57173 334500 1125300 01457 01468 4
20100325230000 116 010 108 008 080 010 2205 113 011 071 013 2203 0000 0004 0004 2300 -001 2228 083 081 2223 052 -021 10069 10073 2211 10069 2300 0002 0002 2300 -032 2205 -002 -002 2300 -008 2212 0036 0061 0079 0088 0100 0102 0105 0133 //// 10252 ///// ///// ////
000000000000000000000000000000000000000000000000000000000000000000000000000000000000000000000000000000000000000000000000=
57180 335900 1131200 01175 01186 4
20100325230000 078 018 082 016 072 018 2209 067 015 065 024 2207 0000 -004 0003 2223 -004 2300 088 085 2228 052 -021 10110 10111 2201 10109 2257 -017 -017 2300 -046 2202 -011 -011 2300 -028 2217 0020 0053 0075 0091 0099 0100 0102 0131 //// 10258 ///// ///// ////
000000000000000000000000000000000000000000000000000000000000000000000000000000000000000000000000000000000000000000000000=
57181 335300 1130300 01364 01380 4
20100325230000 000 000 000 000 330 006 2234 308 000 237 010 2217 0000 -017 -011 2201 -018 2254 090 088 2208 049 -031 10086 10089 2216 10086 2259 -018 -018 2300 -041 2213 -010 -010 2300 -017 2218 0022 0050 0071 0085 0095 0100 0103 0129 //// 10259 ///// ///// ////
000000000000000000000000000000000000000000000000000000000000000000000000000000000000000000000000000000000000000000000000=
57171 334600 1130700 01420 01430 4
20100325230000 159 039 158 038 153 042 2225 166 040 164 049 2206 0000 0054 0054 2300 0050 2201 069 069 2300 062 0002 10075 10077 2201 10075 2300 0054 0054 2300 0041 2201 0033 0033 2300 0021 2201 0051 0069 0084 0095 0107 0110 0115 0125 //// 10252 ///// ///// ////
000000000000000000000000000000000000000000000000000000000000000000000000000000000000000000000000000000000000000000000000=
57175 330300 1121400 01914 01922 4
20100325230000 054 015 053 016 053 016 2300 046 015 088 024 2218 0000 0009 0011 2247 0006 2201 088 087 2228 057 -009 10028 10028 2300 10026 2217 -019 -019 2300 -028 2216 -002 -002 2300 -005 2227 0035 0063 0085 0099 0103 0107 0111 0138 //// 10267 ///// ///// ////
000000000000000000000000000000000000000000000000000000000000000000000000000000000000000000000000000000000000000000000000=
57156 331800 1113000 02503 02523 4
20100325230000 293 017 297 021 298 023 2257 299 015 288 035 2224 0000 0020 0023 2203 0020 2250 065 063 2203 046 -039 09953 09953 2300 09951 2201 0017 0020 2218 0016 2258 0001 0001 2300 -009 2219 0037 0059 0079 0091 0099 0109 0117 0142 //// 10263 ///// ///// ////
000000000000000000000000000000000000000000000000000000000000000000000000000000000000000000000000000000000000000000000000=
57271 323300 1122300 00879 00897 4
20100325230000 157 014 154 011 148 014 2242 133 021 164 026 2206 0000 0026 0028 2210 0024 2246 083 081 2215 061 0000 10152 10152 2300 10148 2228 -005 -005 2300 -021 2235 0009 0009 2300 0001 2231 0040 0065 0083 0096 0100 0106 0114 0139 //// 10264 ///// ///// ////
000000000000000000000000000000000000000000000000000000000000000000000000000000000000000000000000000000000000000000000000=
57261 330700 1113100 02330 02345 4
20100325230000 283 007 274 007 258 009 2250 304 008 332 013 2246 0000 0021 0021 2300 0016 2211 075 075 2300 053 -019 09965 09965 2300 09961 2209 -005 -005 2300 -012 2214 0011 0011 2300 0002 2221 0040 0063 0079 0090 0110 0119 0128 //// //// 10254 ///// ///// ////
000000000000000000000000000000000000000000000000000000000000000000000000000000000000000000000000000000000000000000000000=
57285 322300 1132500 01530 01492 4
20100325230000 120 006 275 007 169 041 2204 029 017 167 063 2202 0000 0072 0078 2205 0064 2227 040 033 2248 041 -055 10081 10081 2244 10078 2201 0038 0046 2204 0006 2228 0021 0021 2300 0011 2227 0043 0061 0076 0089 0102 0107 0110 0135 //// ///// ///// ///// ////
////////////////////////////////////////////////////////////////////////////////////////////////////////////////////////=
57273 324100 1125100 01095 01105 4
20100325230000 049 008 028 006 030 009 2216 068 006 012 020 2211 0000 0010 0012 2215 0009 2250 082 080 2224 054 -017 10127 10127 2258 10124 2201 0003 0003 2300 -015 2212 0010 0010 2300 0001 2227 0040 0063 0080 0094 0108 0110 0113 0136 //// 10265 ///// ///// ////
000000000000000000000000000000000000000000000000000000000000000000000000000000000000000000000000000000000000000000000000=
57187 330400 1125600 01180 01193 4
20100325230000 345 005 342 004 336 010 2207 335 007 329 013 2205 0000 0000 0000 2300 -008 2217 093 092 2201 057 -010 10108 10110 2221 10107 2247 -008 -008 2300 -034 2222 0001 0001 2300 -001 2227 0032 0052 0074 0087 0109 0110 0110 0132 //// 10257 ///// ///// ////
000000000000000000000000000000000000000000000000000000000000000000000000000000000000000000000000000000000000000000000000=
57169 330300 1115200 01591 01600 4
20100325230000 050 006 026 005 351 015 2214 057 006 347 021 2209 0000 0005 0010 2201 0003 2254 090 088 2206 057 -009 10066 10066 2300 10063 2208 0016 0018 2231 0010 2248 -002 -002 2300 -007 2217 0034 0057 0075 0089 0099 0105 0109 0133 //// 10265 ///// ///// ////
000000000000000000000000000000000000000000000000000000000000000000000000000000000000000000000000000000000000000000000000=
57176 332900 1122500 02311 02304 4
20100325230000 351 009 001 008 330 017 2204 347 008 327 019 2213 0000 0011 0011 2255 0007 2206 074 073 2255 049 -030 09984 09984 2205 09981 2246 -005 -005 2300 -026 2227 0002 0002 2300 0000 2225 0034 0054 0070 0084 0109 0111 0113 0130 //// 10269 ///// ///// ////
000000000000000000000000000000000000000000000000000000000000000000000000000000000000000000000000000000000000000000000000=
57179 331700 1130000 01604 01616 4
20100325230000 251 011 247 014 259 017 2201 243 008 251 019 2255 0000 0020 0020 2300 0010 2235 084 081 2227 059 -004 10062 10064 2210 10062 2252 -013 -013 2259 -038 2215 0007 0007 2300 0000 2211 0036 0057 0071 0082 0100 0104 0106 0132 //// 10263 ///// ///// ////
000000000000000000000000000000000000000000000000000000000000000000000000000000000000000000000000000000000000000000000000=
57274 324200 1120700 01076 01088 4
20100325230000 059 013 066 015 058 016 2247 066 014 071 023 2257 0000 0024 0025 2259 0015 2225 079 079 2300 057 -009 10126 10127 2256 10122 2208 0007 0007 2300 -014 2225 0019 0019 2300 0009 2229 0047 0066 0084 0098 0113 0114 0116 0140 //// 10261 ///// ///// ////
000000000000000000000000000000000000000000000000000000000000000000000000000000000000000000000000000000000000000000000000=
57065 343000 1121100 01949 01964 4
20100325230000 259 019 262 020 271 028 2238 257 024 268 041 2229 0000 0003 0003 2300 0001 2224 038 038 2259 024 -124 10011 10016 2202 10009 2222 -007 -007 2300 -013 2201 -007 -007 2300 -020 2208 0037 0064 0082 0095 0097 0102 0111 0138 //// 10254 ///// ///// ////
000000000000000000000000000000000000000000000000000000000000000000000000000000000000000000000000000000000000000000000000=
57074 342500 1122500 01973 01989 4
20100325230000 215 009 217 009 217 009 2300 220 010 229 019 2255 0000 0023 0023 2201 0018 2239 066 066 2300 048 -034 10009 10012 2209 10008 2245 0006 0007 2259 -031 2213 0005 0005 2300 -011 2213 0043 0067 0085 0096 0098 0102 0103 0125 //// 10254 ///// ///// ////
000000000000000000000000000000000000000000000000000000000000000000000000000000000000000000000000000000000000000000000000=
57070 344400 1120700 03640 03595 4
20100325230000 272 007 283 006 046 024 2213 291 003 054 031 2216 0000 0007 0020 2202 0007 2300 046 042 2201 030 -096 09811 09811 2201 09807 2212 -008 -003 2218 -028 2235 -015 -015 2300 -028 2201 0028 0058 0076 0085 0089 0091 0096 0122 //// 10253 ///// ///// ////
000000000000000000000000000000000000000000000000000000000000000000000000000000000000000000000000000000000000000000000000=
57162 340900 1120500 03258 03275 4
20100325230000 222 013 236 012 258 015 2225 240 016 257 021 2221 0000 0005 0008 2201 0005 2300 057 053 2201 036 -070 09851 09856 2201 09851 2300 -006 -005 2258 -023 2209 -011 -011 2300 -022 2220 0029 0058 0078 0092 0094 0097 0102 0131 //// 10253 ///// ///// ////
000000000000000000000000000000000000000000000000000000000000000000000000000000000000000000000000000000000000000000000000=
57078 340900 1122800 03365 03340 4
20100325230000 000 000 034 004 224 011 2204 293 000 257 025 2203 0000 0001 0006 2205 0000 2247 063 057 2212 039 -061 09844 09847 2203 09842 2236 -029 -029 2300 -058 2232 -017 -017 2300 -025 2233 0016 0042 0063 0079 0094 0098 0098 0118 //// 10255 ///// ///// ////
000000000000000000000000000000000000000000000000000000000000000000000000000000000000000000000000000000000000000000000000=
57071 344900 1122600 03333 03332 4
20100325230000 312 028 316 024 321 031 2243 313 018 327 043 2238 0000 0032 0032 2300 0024 2217 062 062 2253 048 -034 09841 09847 2201 09839 2234 0016 0016 2300 -029 2201 -001 -001 2300 -023 2201 0032 0057 0073 0084 0088 0088 0092 0119 //// 10249 ///// ///// ////
000000000000000000000000000000000000000000000000000000000000000000000000000000000000000000000000000000000000000000000000=
57066 342300 1114000 03283 03298 4
20100325230000 253 009 247 005 247 005 2300 296 005 260 015 2257 0000 0003 0003 2255 0001 2216 051 051 2300 032 -086 09850 09850 2300 09846 2219 -020 -020 2300 -037 2212 -022 -022 2300 -036 2209 0017 0047 0070 0083 0090 0090 0091 0115 //// 10255 ///// ///// ////
000000000000000000000000000000000000000000000000000000000000000000000000000000000000000000000000000000000000000000000000=
57077 334700 1113900 07424 07388 4
20100325230000 095 008 094 009 111 012 2246 083 011 251 023 2218 0000 -018 -010 2201 -020 2251 072 064 2201 039 -062 09371 09371 2255 09369 2222 -034 -034 2300 -057 2217 -019 -019 2300 -023 2220 0017 0038 0052 0063 0080 0085 0092 0115 //// 10264 ///// ///// ////
000000000000000000000000000000000000000000000000000000000000000000000000000000000000000000000000000000000000000000000000=
57183 334800 1135500 00600 00615 4
20100325230000 174 006 195 007 211 012 2224 175 004 209 017 2233 0000 0007 0007 2300 0000 2205 085 085 2300 055 -015 10181 10181 2257 10180 2209 -012 -012 2300 -041 2216 0009 0009 2300 0001 2211 0039 0061 0078 0090 0101 0099 0098 0122 //// 10258 ///// ///// ////
000000000000000000000000000000000000000000000000000000000000000000000000000000000000000000000000000000000000000000000000=
57186 333600 1140300 00587 00598 4
20100325230000 132 007 151 008 190 031 2220 136 007 195 044 2219 0000 0031 0038 2208 0024 2239 071 065 2206 054 -016 10186 10187 2236 10182 2211 0001 0001 2300 -021 2230 0016 0016 2300 -002 2206 0037 0063 0079 0093 0103 0103 0103 0133 //// 10261 ///// ///// ////
000000000000000000000000000000000000000000000000000000000000000000000000000000000000000000000000000000000000000000000000=
57091 344700 1141800 00737 00748 4
20100325230000 211 044 216 042 218 043 2232 211 044 214 056 2244 0000 0034 0034 2300 0030 2227 068 066 2202 053 -019 10160 10163 2201 10159 2220 0025 0025 2300 -001 2214 0024 0024 2300 0004 2214 0052 0077 0092 0093 0103 0101 0102 0122 //// 10253 ///// ///// ////
000000000000000000000000000000000000000000000000000000000000000000000000000000000000000000000000000000000000000000000000=
53978 350500 1123800 01401 01409 4
20100325230000 171 010 162 009 278 022 2201 192 009 279 026 2201 0000 0005 0027 2205 0005 2300 067 059 2205 042 -049 10074 10081 2201 10074 2254 -015 -015 2300 -043 2222 -005 -005 2300 -018 2222 0032 0060 0079 0095 0091 0093 0098 0125 //// 10249 ///// ///// ////
000000000000000000000000000000000000000000000000000000000000000000000000000000000000000000000000000000000000000000000000=
53987 350600 1132500 00910 00918 4
20100325230000 251 021 244 016 208 018 2244 248 021 215 027 2241 0000 0017 0017 2300 0007 2216 074 074 2300 051 -024 10141 10141 2300 10134 2211 0016 0016 2300 -047 2212 0006 0006 2300 -009 2215 0036 0061 0078 0093 0099 0099 0101 0127 //// 10256 ///// ///// ////
000000000000000000000000000000000000000000000000000000000000000000000000000000000000000000000000000000000000000000000000=
57079 345700 1130200 01064 01069 4
20100325230000 223 006 247 007 267 022 2214 226 005 265 027 2211 0000 -001 -001 2300 -011 2221 081 080 2201 049 -030 10118 10120 2208 10117 2224 -012 -012 2300 -046 2231 -012 -012 2300 -029 2203 0038 0059 0076 0088 0098 0096 0096 0120 //// 10252 ///// ///// ////
000000000000000000000000000000000000000000000000000000000000000000000000000000000000000000000000000000000000000000000000=
57072 345500 1124500 01275 01285 4
20100325230000 044 008 004 009 311 014 2246 043 009 253 020 2204 0000 -014 -001 2210 -016 2244 089 085 2214 049 -030 10090 10099 2201 10090 2300 -032 -032 2300 -063 2228 -024 -024 2300 -040 2223 0021 0053 0073 0084 0087 0087 0087 0113 //// 10251 ///// ///// ////
000000000000000000000000000000000000000000000000000000000000000000000000000000000000000000000000000000000000000000000000=
53982 351400 1131600 01120 01135 4
20100325230000 286 017 282 017 288 023 2237 288 015 292 033 2232 0000 0045 0045 2300 0036 2216 039 039 2300 033 -083 10110 10111 2255 10104 2201 0015 0015 2300 -008 2201 0005 0005 2300 -016 2212 0045 0070 0089 0100 0100 0098 0101 0131 //// 10251 ///// ///// ////
000000000000000000000000000000000000000000000000000000000000000000000000000000000000000000000000000000000000000000000000=
53979 350900 1130500 01200 01211 4
20100325230000 283 017 283 022 281 027 2250 284 017 273 036 2247 0000 0022 0028 2215 0016 2201 061 051 2211 044 -045 10106 10108 2248 10102 2202 0021 0021 2300 -038 2201 -009 -009 2300 -057 2202 0029 0063 0086 0100 0100 0100 0105 0132 //// 10257 ///// ///// ////
000000000000000000000000000000000000000000000000000000000000000000000000000000000000000000000000000000000000000000000000=
53974 353700 1141100 00723 00739 4
20100325230000 216 021 207 019 206 027 2213 206 019 220 048 2233 0000 0020 0025 2201 0020 2259 070 065 2201 049 -029 10152 10156 2204 10151 2250 -003 -003 2300 -017 2204 -002 -002 2300 -012 2204 0031 0056 0075 0086 0090 0092 0097 0124 //// 10245 ///// ///// ////
000000000000000000000000000000000000000000000000000000000000000000000000000000000000000000000000000000000000000000000000=
53990 354300 1141900 00795 00805 4
20100325230000 190 018 188 019 184 022 2238 195 019 186 027 2236 0000 -016 -016 2300 -025 2227 090 085 2201 049 -030 10143 10147 2201 10143 2300 0010 0010 2300 -044 2218 -018 -018 2300 -057 2210 0022 0053 0070 0084 0092 0085 0084 0110 //// 10245 ///// ///// ////
000000000000000000000000000000000000000000000000000000000000000000000000000000000000000000000000000000000000000000000000=
53991 355600 1142100 00743 00753 4
20100325230000 230 012 243 013 208 017 2210 192 012 192 030 2213 0000 0009 0009 2300 0006 2243 076 075 2201 050 -028 10146 10149 2201 10146 2300 0005 0005 2300 -011 2213 -010 -010 2300 -022 2211 0027 0054 0067 0082 0088 0085 0088 0118 //// 10241 ///// ///// ////
000000000000000000000000000000000000000000000000000000000000000000000000000000000000000000000000000000000000000000000000=
53993 355600 1145500 00516 00524 4
20100325230000 205 025 205 022 212 025 2243 205 031 242 041 2239 0000 0013 0013 2300 0010 2228 076 073 2201 051 -025 10178 10178 2300 10177 2202 0025 0025 2300 -005 2218 -006 -006 2300 -025 2222 0019 0046 0063 0071 0083 0076 0076 0108 //// 10244 ///// ///// ////
000000000000000000000000000000000000000000000000000000000000000000000000000000000000000000000000000000000000000000000000=
53889 360400 1134900 03068 03086 4
20100325230000 306 006 317 005 221 008 2209 326 007 232 012 2203 0000 -002 -002 2300 -010 2220 074 073 2202 045 -043 09863 09867 2201 09862 2243 0005 0005 2300 -062 2202 -032 -032 2300 -046 2225 -002 0019 0037 0052 0076 0076 0089 0098 //// 10245 ///// ///// ////
000000000000000000000000000000000000000000000000000000000000000000000000000000000000000000000000000000000000000000000000=
53995 353300 1143000 00625 00645 4
20100325230000 169 022 167 019 172 025 2214 161 023 181 033 2211 0000 0010 0010 2300 0000 2201 078 078 2257 051 -024 10162 10167 2208 10162 2300 0021 0021 2300 -023 2201 -014 -014 2300 -032 2201 0021 0049 0064 0078 0087 0088 0088 0116 //// 10243 ///// ///// ////
000000000000000000000000000000000000000000000000000000000000000000000000000000000000000000000000000000000000000000000000=
NNNN
