57090 344300 1135800 00781 00802 4
20100501070000 188 017 189 018 191 022 0653 181 016 192 051 0630 0000 0298 0302 0645 0296 0604 026 026 0700 109 0083 10004 10013 0601 10004 0700 0390 0402 0645 0375 0617 0491 0519 0601 0491 0700 0329 0271 0231 0206 0172 0151 0128 0131 //// 10097 ///// ///// ////
000000000000000000000000000000000000000000000000000000000000000000000000000000000000000000000000000000000000000000000000=
57083 344300 1133900 01104 01116 4
20100501070000 288 026 279 023 229 027 0641 284 029 322 049 0621 0000 0317 0317 0700 0308 0601 013 011 0618 061 -001 09963 09971 0601 09963 0700 0541 0585 0601 0521 0647 0469 0495 0601 0464 0641 0310 0260 0220 0192 0146 0135 0126 0129 0003 10092 ///// ///// ////
000000000000000000000000000000000000000000000000000000000000000000000000000000000000000000000000000000000000000000000000
160 008 000 /// //// //////////////////CIEFCB /// //// 6///1 0//// 7//// 1//// 2//// 3//// /// /// /// // 911// 915// 919// 934// 939//=
57086 342300 1134300 01166 01168 4
20100501070000 187 034 194 034 198 037 0601 218 026 203 058 0621 0000 0281 0282 0613 0276 0601 035 035 0700 133 0112 09968 09974 0601 09968 0700 0314 0354 0613 0311 0644 0442 0476 0612 0442 0700 0319 0260 0217 0189 0158 0135 0122 0123 //// 10104 ///// ///// ////
000000000000000000000000000000000000000000000000000000000000000000000000000000000000000000000000000000000000000000000000=
57085 343200 1132000 02599 02648 4
20100501070000 269 022 267 010 279 019 0625 274 035 274 035 0700 0000 0307 0307 0659 0295 0631 020 019 0658 088 0052 09794 09802 0602 09794 0658 0395 0402 0658 0379 0601 0433 0448 0608 0433 0639 0320 0252 0211 0181 0159 0140 0125 0128 //// 10097 ///// ///// ////
000000000000000000000000000000000000000000000000000000000000000000000000000000000000000000000000000000000000000000000000=
57081 344800 1132600 01409 01419 4
20100501070000 250 007 316 010 252 012 0619 257 014 302 040 0610 0000 0312 0313 0644 0304 0601 016 014 0618 073 0024 09931 09940 0601 09931 0658 0449 0474 0611 0439 0643 0472 0489 0609 0472 0656 0330 0270 0228 0191 0146 0138 0125 0122 //// 10095 ///// ///// ////
000000000000000000000000000000000000000000000000000000000000000000000000000000000000000000000000000000000000000000000000=
57080 344400 1125800 01652 01661 4
20100501070000 221 023 235 029 230 035 0603 209 031 218 060 0649 0000 0303 0303 0700 0287 0601 017 014 0647 073 0026 09904 09916 0603 09904 0700 0374 0399 0615 0366 0656 0496 0517 0616 0493 0656 0339 0274 0223 0194 0147 0130 0119 0123 //// 10096 ///// ///// ////
000000000000000000000000000000000000000000000000000000000000000000000000000000000000000000000000000000000000000000000000=
57082 342800 1130100 04271 04284 4
20100501070000 308 033 320 039 320 039 0700 296 025 322 081 0652 0000 0300 0300 0700 0291 0601 011 011 0657 047 -036 09616 09621 0604 09616 0658 0419 0476 0601 0415 0654 0474 0507 0621 0473 0658 0330 0279 0236 0206 0155 0138 0125 //// //// 10103 ///// ///// ////
000000000000000000000000000000000000000000000000000000000000000000000000000000000000000000000000000000000000000000000000=
57295 323700 1142100 00785 00802 4
20100501070000 191 027 204 025 199 034 0607 181 031 201 059 0642 0000 0294 0294 0700 0285 0601 043 040 0645 176 0155 10019 10028 0601 10019 0658 0453 0503 0602 0453 0700 0429 0488 0602 0429 0700 0326 0259 0224 0199 0154 0141 0129 0131 //// 10113 ///// ///// ////
000000000000000000000000000000000000000000000000000000000000000000000000000000000000000000000000000000000000000000000000=
57189 330800 1135700 00646 00655 4
20100501070000 237 028 235 027 250 039 0631 246 026 257 080 0635 0000 0289 0289 0658 0282 0601 048 046 0647 191 0168 10034 10041 0601 10034 0700 0299 0308 0618 0297 0650 0416 0438 0605 0416 0700 0303 0258 0227 0204 0144 0134 0124 0127 //// 10111 ///// ///// ////
000000000000000000000000000000000000000000000000000000000000000000000000000000000000000000000000000000000000000000000000=
57194 331700 1141600 00598 00609 4
20100501070000 234 035 246 029 253 033 0601 223 021 223 058 0627 0000 0283 0283 0700 0275 0601 053 050 0617 204 0178 10040 10047 0604 10040 0659 0377 0392 0627 0369 0658 0483 0501 0604 0481 0658 0306 0258 0221 0196 0145 0133 0122 0127 //// 10111 ///// ///// ////
000000000000000000000000000000000000000000000000000000000000000000000000000000000000000000000000000000000000000000000000=
57197 330000 1142000 00489 00545 4
20100501070000 172 012 171 014 154 022 0605 119 014 201 043 0611 0000 0289 0294 0645 0282 0606 052 048 0639 207 0181 10049 10055 0601 10049 0700 0390 0405 0601 0383 0654 0476 0504 0602 0474 0657 0294 0255 0218 0194 0156 0142 0127 0128 //// 10113 ///// ///// ////
000000000000000000000000000000000000000000000000000000000000000000000000000000000000000000000000000000000000000000000000=
57294 325000 1140100 00836 00846 4
20100501070000 236 009 231 014 221 026 0609 232 014 187 054 0608 0000 0299 0300 0644 0291 0604 044 040 0642 186 0163 10010 10016 0601 10010 0658 0406 0423 0628 0374 0650 0478 0496 0631 0458 0650 0315 0256 0212 0185 0147 0141 0127 0126 //// 10108 ///// ///// ////
000000000000000000000000000000000000000000000000000000000000000000000000000000000000000000000000000000000000000000000000=
57195 333700 1143700 00466 00476 4
20100501070000 246 019 250 019 260 025 0604 249 015 223 044 0645 0000 0293 0293 0700 0283 0616 041 041 0700 167 0147 10057 10063 0601 10057 0700 0371 0402 0615 0367 0658 0490 0512 0605 0490 0700 0354 0293 0242 0210 0158 0140 0128 0141 //// 10112 ///// ///// ////
000000000000000000000000000000000000000000000000000000000000000000000000000000000000000000000000000000000000000000000000=
57193 334700 1143100 00526 00541 4
20100501070000 204 013 222 006 188 015 0648 181 042 181 042 0700 0000 0284 0284 0700 0277 0607 048 046 0641 186 0163 10050 10057 0602 10050 0700 0409 0419 0637 0385 0601 0421 0429 0601 0396 0616 0317 0266 0230 0200 0161 0143 0130 0132 //// 10113 ///// ///// ////
000000000000000000000000000000000000000000000000000000000000000000000000000000000000000000000000000000000000000000000000=
58101 335200 1152900 00413 00428 4
20100501070000 194 019 206 023 206 023 0659 164 025 181 057 0653 0000 0277 0279 0645 0276 0618 047 044 0610 175 0154 10065 10073 0601 10065 0700 0373 0403 0631 0368 0658 0460 0488 0606 0460 0700 0310 0246 0202 0178 0147 0137 0125 0131 //// 10116 ///// ///// ////
000000000000000000000000000000000000000000000000000000000000000000000000000000000000000000000000000000000000000000000000=
57098 340500 1142400 00583 00593 4
20100501070000 200 032 201 033 217 041 0611 192 037 220 067 0610 0000 0278 0278 0700 0271 0601 055 051 0607 205 0179 10038 10044 0601 10038 0700 0364 0381 0648 0353 0601 0340 0350 0620 0340 0659 0297 0253 0211 0187 0154 0138 0124 0130 //// 10108 ///// ///// ////
000000000000000000000000000000000000000000000000000000000000000000000000000000000000000000000000000000000000000000000000=
57190 334500 1142400 00505 00516 4
20100501070000 203 025 204 025 190 034 0647 181 021 194 048 0612 0000 0280 0281 0659 0276 0607 053 048 0615 200 0175 10050 10056 0601 10050 0700 0355 0367 0601 0339 0638 0470 0492 0610 0467 0639 0337 0279 0228 0193 0161 0142 0127 0132 //// 10111 ///// ///// ////
000000000000000000000000000000000000000000000000000000000000000000000000000000000000000000000000000000000000000000000000=
57088 340900 1133000 01161 01177 4
20100501070000 235 036 221 034 227 034 0627 234 039 189 059 0656 0000 0294 0295 0651 0289 0601 032 032 0700 131 0110 09964 09971 0601 09964 0700 0358 0364 0644 0353 0628 0495 0534 0604 0495 0700 0355 0286 0230 0199 0140 0131 0126 0131 //// 10101 ///// ///// ////
000000000000000000000000000000000000000000000000000000000000000000000000000000000000000000000000000000000000000000000000=
57095 340700 1140900 00611 00622 4
20100501070000 202 024 220 021 223 027 0609 204 029 215 042 0608 0000 0293 0295 0651 0283 0601 043 039 0634 175 0154 10031 10037 0601 10031 0700 0425 0450 0613 0425 0700 0491 0516 0607 0491 0700 0337 0262 0230 0200 0153 0138 0125 0129 //// 10104 ///// ///// ////
000000000000000000000000000000000000000000000000000000000000000000000000000000000000000000000000000000000000000000000000=
57182 335100 1133000 00805 00814 4
20100501070000 210 029 197 029 188 036 0640 200 027 178 054 0640 0000 0301 0301 0700 0295 0640 043 039 0648 183 0162 10007 10015 0601 10007 0700 0412 0431 0601 0398 0640 0551 0582 0601 0551 0700 0344 0270 0225 0195 0168 0147 0133 0139 //// 10101 ///// ///// ////
000000000000000000000000000000000000000000000000000000000000000000000000000000000000000000000000000000000000000000000000=
57087 341200 1134800 00877 00885 4
20100501070000 204 035 201 030 185 037 0601 184 047 178 056 0615 0000 0287 0288 0653 0280 0609 048 043 0609 189 0166 10001 10008 0601 10001 0700 0372 0398 0601 0370 0659 0459 0504 0601 0458 0659 0317 0267 0222 0194 0147 0134 0124 0128 //// 10104 ///// ///// ////
000000000000000000000000000000000000000000000000000000000000000000000000000000000000000000000000000000000000000000000000=
57298 321300 1143300 00554 00562 4
20100501070000 197 012 223 018 189 031 0604 195 011 181 054 0636 0000 0300 0301 0635 0292 0601 039 035 0652 165 0145 10047 10056 0601 10047 0700 0276 0285 0627 0276 0659 0489 0516 0626 0488 0659 0318 0260 0220 0195 0154 0143 0127 0138 //// 10113 ///// ///// ////
000000000000000000000000000000000000000000000000000000000000000000000000000000000000000000000000000000000000000000000000=
58208 321000 1153700 00429 00439 4
20100501070000 255 014 264 018 288 027 0626 230 008 267 042 0633 0000 0295 0296 0641 0291 0607 039 036 0602 161 0141 10065 10072 0601 10064 0657 0382 0409 0612 0375 0602 0453 0474 0601 0452 0658 0344 0291 0251 0221 0171 0157 0141 0142 //// 10116 ///// ///// ////
000000000000000000000000000000000000000000000000000000000000000000000000000000000000000000000000000000000000000000000000=
53989 350300 1135700 00766 00777 4
20100501070000 193 016 191 017 221 025 0609 198 014 277 044 0606 0000 0300 0300 0700 0293 0601 030 026 0606 127 0105 10006 10015 0601 10005 0659 0399 0434 0605 0399 0700 0505 0528 0605 0505 0700 0340 0279 0232 0200 0152 0135 0122 0126 //// 10097 ///// ///// ////
000000000000000000000000000000000000000000000000000000000000000000000000000000000000000000000000000000000000000000000000=
53986 351900 1135300 00732 00740 4
20100501070000 198 036 193 026 207 041 0637 229 033 181 071 0635 0000 0298 0299 0654 0293 0612 029 026 0635 122 0099 10011 10019 0607 10011 0700 0375 0394 0653 0369 0633 0464 0490 0601 0464 0700 0300 0249 0212 0188 0152 0137 0124 0130 //// 10097 ///// ///// ////
000000000000000000000000000000000000000000000000000000000000000000000000000000000000000000000000000000000000000000000000=
53988 351600 1134000 00776 00784 4
20100501070000 186 025 176 023 185 030 0628 195 022 223 047 0623 0000 0296 0296 0700 0284 0604 026 026 0700 108 0081 10002 10009 0601 10002 0700 0423 0446 0601 0422 0629 0511 0535 0614 0511 0700 0326 0268 0222 0194 0141 0131 0122 0128 //// 10093 ///// ///// ////
000000000000000000000000000000000000000000000000000000000000000000000000000000000000000000000000000000000000000000000000=
53998 351200 1143900 00616 00625 4
20100501070000 228 025 224 028 221 030 0601 254 021 234 056 0643 0000 0292 0292 0700 0283 0601 026 021 0625 105 0077 10028 10035 0604 10028 0700 0396 0432 0619 0396 0700 0452 0478 0620 0452 0700 0314 0253 0208 0181 0160 0140 0123 0130 //// 10101 ///// ///// ////
000000000000000000000000000000000000000000000000000000000000000000000000000000000000000000000000000000000000000000000000=
57051 344800 1111200 04099 04117 4
20100501070000 145 005 162 009 157 015 0645 257 008 085 028 0636 0000 0313 0314 0643 0301 0611 012 012 0659 055 -015 09621 09632 0603 09621 0700 0458 0480 0618 0436 0610 0548 0573 0606 0546 0657 0321 0258 0217 0190 0154 0130 0118 0120 //// 10088 ///// ///// ////
000000000000000000000000000000000000000000000000000000000000000000000000000000000000000000000000000000000000000000000000=
57063 344600 1114600 05236 05236 4
20100501070000 241 040 247 035 289 044 0618 226 038 288 082 0602 0000 0304 0304 0659 0299 0601 014 013 0645 061 -001 09504 09511 0604 09504 0657 0445 0467 0636 0443 0617 0520 0540 0607 0520 0700 0302 0237 0188 0161 0116 0110 0103 0111 //// 10100 ///// ///// ////
000000000000000000000000000000000000000000000000000000000000000000000000000000000000000000000000000000000000000000000000=
57067 340300 1110200 05688 05699 4
20100501070000 303 015 278 015 061 018 0646 302 008 060 041 0619 0000 0301 0304 0654 0292 0601 014 014 0601 060 -003 09447 09457 0602 09447 0700 0444 0447 0608 0428 0647 0481 0494 0608 0480 0601 0319 0246 0178 0203 0155 0144 0122 0125 //// 10094 ///// ///// ////
000000000000000000000000000000000000000000000000000000000000000000000000000000000000000000000000000000000000000000000000=
57056 343200 1105300 03904 03909 4
20100501070000 148 007 165 013 154 017 0652 113 007 156 031 0643 0000 0313 0317 0642 0304 0608 012 012 0700 055 -015 09644 09655 0601 09644 0700 0465 0492 0634 0465 0700 0551 0575 0617 0551 0659 0368 0293 0228 0193 0139 0128 0117 0121 //// 10090 ///// ///// ////
000000000000000000000000000000000000000000000000000000000000000000000000000000000000000000000000000000000000000000000000=
58007 340400 1151800 00472 00532 4
20100501070000 200 026 196 025 200 029 0603 226 021 229 054 0633 0000 0275 0276 0646 0271 0610 047 046 0659 173 0152 10050 10059 0602 10050 0700 0334 0365 0622 0334 0700 0441 0453 0624 0441 0700 0297 0242 0204 0182 0143 0136 0126 0132 //// 10113 ///// ///// ////
000000000000000000000000000000000000000000000000000000000000000000000000000000000000000000000000000000000000000000000000=
58006 342300 1155300 00463 00506 4
20100501070000 219 034 225 031 197 038 0644 220 019 220 072 0612 0000 0275 0275 0700 0271 0626 046 045 0614 169 0149 10056 10065 0601 10056 0700 0371 0378 0611 0358 0643 0428 0446 0604 0427 0652 0326 0268 0220 0187 0151 0137 0122 0127 //// 10116 ///// ///// ////
000000000000000000000000000000000000000000000000000000000000000000000000000000000000000000000000000000000000000000000000=
58111 335800 1162700 00325 00325 4
20100501070000 192 029 195 030 189 035 0624 187 029 184 059 0621 0000 0273 0276 0614 0272 0637 039 034 0613 141 0121 10081 10088 0602 10081 0658 0238 0250 0603 0237 0658 0360 0390 0604 0359 0655 0276 0237 0202 0177 0144 0136 0129 0138 //// 10119 ///// ///// ////
000000000000000000000000000000000000000000000000000000000000000000000000000000000000000000000000000000000000000000000000=
58017 341500 1160800 00410 00420 4
20100501070000 216 018 214 025 226 040 0631 198 019 237 079 0624 0000 0279 0279 0700 0271 0603 043 041 0645 162 0142 10061 10072 0602 10061 0700 0298 0306 0607 0290 0633 0409 0423 0601 0408 0659 0279 0231 0198 0177 0144 0136 0126 0129 //// 10110 ///// ///// ////
000000000000000000000000000000000000000000000000000000000000000000000000000000000000000000000000000000000000000000000000=
58001 342600 1150600 00563 00569 4
20100501070000 216 032 218 032 206 035 0610 209 035 232 059 0658 0000 0272 0272 0656 0267 0612 051 050 0659 184 0162 10041 10050 0605 10041 0658 0318 0346 0609 0318 0700 0390 0413 0601 0390 0700 0294 0240 0201 0173 0141 0127 0117 0126 //// 10108 ///// ///// ////
000000000000000000000000000000000000000000000000000000000000000000000000000000000000000000000000000000000000000000000000=
58005 342700 1154000 00501 00511 4
20100501070000 245 041 246 038 218 051 0617 268 047 219 086 0616 0000 0281 0281 0700 0274 0617 040 040 0700 152 0132 10048 10059 0602 10048 0700 0387 0412 0607 0380 0656 0465 0502 0607 0458 0654 0295 0247 0207 0180 0141 0131 0125 0133 0004 10108 ///// ///// ////
000000000000000000000000000000000000000000000000000000000000000000000000000000000000000000000000000000000000000000000000
150 000 000 /// //// //////////////////////// /// //// 6///1 0//// 7//// 1//// 2//// 3//// /// /// /// // 911// 915// 919// 934// 939//=
58008 342800 1152000 00544 00592 4
20100501070000 229 035 239 031 208 035 0605 237 019 212 068 0603 0000 0280 0283 0657 0270 0605 043 043 0646 163 0143 10039 10047 0603 10038 0648 0393 0427 0618 0388 0605 0416 0437 0621 0415 0639 0302 0246 0208 0176 0139 0132 0122 0129 //// 10109 ///// ///// ////
000000000000000000000000000000000000000000000000000000000000000000000000000000000000000000000000000000000000000000000000=
58004 343900 1150900 00606 00616 4
20100501070000 245 026 227 027 237 033 0628 240 025 237 058 0653 0000 0279 0283 0651 0274 0601 043 042 0655 162 0142 10034 10042 0602 10034 0700 0371 0384 0621 0353 0630 0430 0451 0616 0429 0656 0324 0273 0224 0196 0151 0136 0125 0129 //// 10106 ///// ///// ////
000000000000000000000000000000000000000000000000000000000000000000000000000000000000000000000000000000000000000000000000=
54817 355900 1155200 00421 00434 4
20100501070000 198 025 182 024 186 027 0604 187 038 173 054 0651 0000 0274 0274 0700 0264 0606 037 035 0652 135 0114 10051 10059 0601 10051 0700 0325 0356 0620 0319 0655 0484 0510 0615 0479 0655 0311 0249 0205 0173 0130 0118 0110 0114 //// 10102 ///// ///// ////
000000000000000000000000000000000000000000000000000000000000000000000000000000000000000000000000000000000000000000000000=
54902 355400 1150700 00495 00499 4
20100501070000 234 029 216 026 187 031 0618 240 026 192 047 0613 0000 0281 0281 0700 0272 0607 027 027 0700 103 0074 10038 10046 0601 10038 0700 0369 0376 0654 0355 0604 0500 0516 0609 0496 0649 0312 0254 0207 0176 0134 0116 0110 0115 //// 10096 ///// ///// ////
000000000000000000000000000000000000000000000000000000000000000000000000000000000000000000000000000000000000000000000000=
54900 354200 1150100 00537 00541 4
20100501070000 137 016 154 022 167 030 0635 167 024 167 050 0626 0000 0280 0280 0655 0275 0601 035 032 0614 132 0111 10037 10043 0604 10037 0700 0365 0390 0621 0360 0643 0459 0486 0604 0459 0659 0310 0252 0205 0175 0148 0128 0113 0114 //// 10100 ///// ///// ////
000000000000000000000000000000000000000000000000000000000000000000000000000000000000000000000000000000000000000000000000=
54901 360500 1151000 00475 00478 4
20100501070000 208 039 190 036 187 040 0646 201 033 184 059 0643 0000 0275 0275 0700 0268 0601 036 031 0647 132 0111 10041 10049 0601 10041 0700 0371 0396 0612 0368 0651 0436 0461 0606 0434 0658 0308 0251 0206 0176 0146 0131 0114 0115 //// 10097 ///// ///// ////
000000000000000000000000000000000000000000000000000000000000000000000000000000000000000000000000000000000000000000000000=
54903 355100 1152900 00457 00506 4
20100501070000 227 031 230 032 230 033 0601 232 023 240 061 0616 0000 0275 0276 0651 0268 0601 031 031 0637 114 0089 10041 10047 0605 10041 0659 0355 0382 0627 0354 0620 0442 0467 0604 0442 0700 0304 0246 0201 0175 0143 0127 0117 0116 //// 10100 ///// ///// ////
000000000000000000000000000000000000000000000000000000000000000000000000000000000000000000000000000000000000000000000000=
57184 333800 1132200 00834 00847 4
20100501070000 207 028 195 028 188 031 0657 192 021 159 048 0651 0000 0284 0289 0643 0283 0626 048 046 0614 186 0163 10004 10010 0601 10004 0700 0283 0299 0620 0283 0700 0474 0523 0604 0463 0656 0347 0280 0240 0208 0135 0131 0125 0132 //// 10103 ///// ///// ////
000000000000000000000000000000000000000000000000000000000000000000000000000000000000000000000000000000000000000000000000=
57177 332000 1133200 00898 00913 4
20100501070000 235 026 228 032 206 039 0629 231 029 220 068 0643 0000 0294 0295 0611 0289 0601 037 037 0700 152 0132 10000 10007 0601 10000 0700 0376 0394 0604 0361 0628 0419 0446 0603 0419 0659 0299 0269 0217 0202 0157 0142 0130 0125 //// 10107 ///// ///// ////
000000000000000000000000000000000000000000000000000000000000000000000000000000000000000000000000000000000000000000000000=
57075 341000 1125200 02031 02043 4
20100501070000 130 016 116 017 138 020 0617 164 012 127 029 0613 0000 0287 0293 0642 0279 0601 038 029 0632 150 0130 09869 09876 0601 09869 0700 0398 0410 0636 0387 0616 0502 0539 0611 0493 0655 0364 0292 0241 0207 0181 0156 0131 0126 //// 10106 ///// ///// ////
000000000000000000000000000000000000000000000000000000000000000000000000000000000000000000000000000000000000000000000000=
57173 334500 1125300 01457 01468 4
20100501070000 104 020 091 020 093 023 0617 105 012 090 037 0647 0000 0294 0299 0631 0292 0601 043 027 0624 176 0155 09929 09936 0601 09929 0700 0394 0418 0632 0385 0638 0532 0574 0608 0527 0656 0334 0275 0233 0203 0158 0143 0129 0135 //// 10100 ///// ///// ////
000000000000000000000000000000000000000000000000000000000000000000000000000000000000000000000000000000000000000000000000=
57180 335900 1131200 01175 01186 4
20100501070000 233 029 222 028 222 028 0700 229 031 209 044 0629 0000 0291 0293 0653 0284 0603 032 032 0700 129 0107 09965 09971 0601 09965 0700 0370 0401 0625 0370 0700 0538 0566 0604 0538 0700 0355 0287 0234 0198 0153 0140 0128 0133 //// 10103 ///// ///// ////
000000000000000000000000000000000000000000000000000000000000000000000000000000000000000000000000000000000000000000000000=
57181 335300 1130300 01364 01380 4
20100501070000 192 023 191 021 213 024 0633 195 027 203 044 0631 0000 0292 0292 0659 0284 0601 044 036 0646 178 0157 09947 09954 0602 09947 0659 0358 0425 0601 0358 0700 0532 0560 0615 0530 0655 0363 0300 0241 0205 0160 0142 0129 0132 //// 10108 ///// ///// ////
000000000000000000000000000000000000000000000000000000000000000000000000000000000000000000000000000000000000000000000000=
57175 330300 1121400 01914 01922 4
20100501070000 187 027 195 029 220 034 0634 181 046 223 060 0625 0000 0278 0278 0658 0271 0611 057 053 0634 213 0185 09889 09897 0601 09889 0658 0321 0328 0601 0321 0700 0498 0518 0601 0495 0647 0336 0278 0232 0205 0154 0143 0132 0139 //// 10113 ///// ///// ////
000000000000000000000000000000000000000000000000000000000000000000000000000000000000000000000000000000000000000000000000=
57156 331800 1113000 02503 02523 4
20100501070000 163 027 171 029 172 034 0656 184 024 192 057 0617 0000 0293 0295 0648 0284 0601 037 035 0650 151 0131 09810 09821 0601 09810 0700 0360 0404 0601 0360 0700 0495 0527 0608 0495 0657 0342 0279 0232 0204 0171 0155 0137 0143 //// 10100 ///// ///// ////
000000000000000000000000000000000000000000000000000000000000000000000000000000000000000000000000000000000000000000000000=
57271 323300 1122300 00879 00897 4
20100501070000 201 038 174 027 172 028 0647 215 038 181 050 0645 0000 0281 0282 0653 0274 0602 055 054 0635 209 0182 10010 10020 0607 10010 0659 0381 0405 0617 0381 0700 0476 0503 0606 0476 0700 0339 0285 0242 0216 0157 0141 0134 0139 //// 10115 ///// ///// ////
000000000000000000000000000000000000000000000000000000000000000000000000000000000000000000000000000000000000000000000000=
57261 330700 1113100 02330 02345 4
20100501070000 353 023 352 022 356 025 0601 349 022 027 046 0636 0000 0299 0299 0700 0291 0601 034 034 0700 143 0124 09824 09835 0601 09824 0700 0448 0477 0607 0442 0638 0515 0538 0606 0515 0700 0340 0289 0249 0220 0186 0164 0147 //// //// 10094 ///// ///// ////
000000000000000000000000000000000000000000000000000000000000000000000000000000000000000000000000000000000000000000000000=
57285 322300 1132500 01530 01492 4
20100501070000 203 023 206 025 190 026 0655 175 045 223 068 0655 0000 0303 0306 0632 0298 0612 032 032 0634 138 0118 09941 09948 0602 09941 0700 0346 0392 0601 0319 0611 0454 0500 0601 0421 0611 0348 0295 0252 0220 0151 0139 0129 0135 //// ///// ///// ///// ////
////////////////////////////////////////////////////////////////////////////////////////////////////////////////////////=
57273 324100 1125100 01095 01105 4
20100501070000 204 038 229 038 235 044 0627 178 035 212 075 0639 0000 0278 0278 0700 0272 0618 049 047 0639 183 0161 09985 09995 0603 09985 0700 0335 0359 0601 0335 0700 0471 0499 0601 0471 0700 0322 0274 0234 0208 0163 0148 0134 0138 //// 10114 ///// ///// ////
000000000000000000000000000000000000000000000000000000000000000000000000000000000000000000000000000000000000000000000000=
57187 330400 1125600 01180 01193 4
20100501070000 209 040 199 033 208 044 0610 226 062 226 062 0700 0000 0279 0280 0657 0270 0601 053 050 0649 199 0174 09966 09973 0603 09965 0659 0375 0387 0644 0364 0608 0464 0483 0603 0464 0700 0329 0263 0233 0209 0176 0153 0137 0136 //// 10105 ///// ///// ////
000000000000000000000000000000000000000000000000000000000000000000000000000000000000000000000000000000000000000000000000=
57178 330200 1123500 01292 01305 4
20100501070000 184 028 192 028 230 037 0601 178 029 234 059 0617 0000 0283 0284 0654 0275 0601 049 046 0633 188 0166 09959 09967 0601 09959 0700 0398 0415 0652 0391 0628 0513 0544 0610 0512 0659 0312 0265 0229 0206 0160 0144 0133 0134 0005 10111 ///// ///// ////
000000000000000000000000000000000000000000000000000000000000000000000000000000000000000000000000000000000000000000000000
250 000 000 /// //// //////////////////////// /// //// 6///1 0//// 7//// 1//// 2//// 3//// /// /// /// // 911// 915// 919// 934// 939//=
57169 330300 1115200 01591 01600 4
20100501070000 171 032 172 036 149 042 0624 167 020 173 067 0634 0000 0288 0289 0639 0279 0608 051 049 0639 202 0177 09921 09930 0602 09921 0659 0337 0341 0644 0332 0624 0477 0487 0612 0468 0638 0339 0279 0240 0209 0173 0148 0132 0135 //// 10106 ///// ///// ////
000000000000000000000000000000000000000000000000000000000000000000000000000000000000000000000000000000000000000000000000=
57176 332900 1122500 02311 02304 4
20100501070000 113 042 126 045 119 046 0657 102 063 125 080 0654 0000 0283 0288 0634 0283 0648 040 037 0614 154 0134 09843 09848 0610 09842 0659 0352 0363 0610 0340 0652 0452 0483 0609 0450 0652 0339 0290 0251 0221 0175 0157 0138 0136 //// 10110 ///// ///// ////
000000000000000000000000000000000000000000000000000000000000000000000000000000000000000000000000000000000000000000000000=
57179 331700 1130000 01604 01616 4
20100501070000 233 034 210 042 207 050 0655 277 035 203 067 0649 0000 0274 0275 0638 0268 0602 054 052 0651 197 0173 09926 09933 0601 09926 0658 0409 0429 0635 0399 0644 0463 0484 0601 0459 0657 0314 0261 0225 0203 0163 0143 0128 0134 //// 10114 ///// ///// ////
000000000000000000000000000000000000000000000000000000000000000000000000000000000000000000000000000000000000000000000000=
57274 324200 1120700 01076 01088 4
20100501070000 160 030 161 030 146 034 0650 181 035 125 062 0645 0000 0279 0281 0652 0277 0646 053 048 0601 199 0174 09982 09994 0601 09982 0700 0351 0383 0601 0349 0657 0467 0489 0621 0460 0656 0350 0298 0256 0225 0191 0174 0147 0144 //// 10109 ///// ///// ////
000000000000000000000000000000000000000000000000000000000000000000000000000000000000000000000000000000000000000000000000=
57074 342500 1122500 01973 01989 4
20100501070000 191 015 192 013 192 013 0700 029 005 167 036 0612 0000 0312 0313 0657 0299 0605 021 020 0644 095 0063 09868 09877 0601 09868 0659 0414 0417 0657 0387 0603 0529 0562 0611 0529 0700 0340 0275 0225 0195 0152 0140 0127 0129 //// 10097 ///// ///// ////
000000000000000000000000000000000000000000000000000000000000000000000000000000000000000000000000000000000000000000000000=
57076 344400 1124700 01895 01901 4
20100501070000 205 020 214 023 177 027 0632 184 014 229 043 0646 0000 0295 0295 0700 0280 0601 024 022 0651 099 0068 09874 09884 0601 09874 0700 0363 0399 0601 0360 0632 0495 0515 0609 0489 0656 0324 0263 0209 0180 0148 0132 0120 0125 //// 10093 ///// ///// ////
000000000000000000000000000000000000000000000000000000000000000000000000000000000000000000000000000000000000000000000000=
57070 344400 1120700 03640 03595 4
20100501070000 119 025 150 022 135 041 0617 133 024 158 067 0641 0000 0308 0310 0654 0295 0615 018 018 0700 080 0038 09679 09689 0601 09679 0659 0423 0425 0655 0396 0616 0507 0519 0603 0501 0616 0312 0239 0197 0174 0158 0136 0121 0125 //// 10089 ///// ///// ////
000000000000000000000000000000000000000000000000000000000000000000000000000000000000000000000000000000000000000000000000=
57162 340900 1120500 03258 03275 4
20100501070000 350 009 075 010 103 020 0644 106 007 094 033 0642 0000 0299 0299 0700 0288 0601 024 017 0634 101 0072 09721 09730 0601 09721 0700 0351 0362 0601 0337 0644 0544 0583 0602 0544 0657 0349 0276 0230 0201 0153 0140 0127 0134 //// 10096 ///// ///// ////
000000000000000000000000000000000000000000000000000000000000000000000000000000000000000000000000000000000000000000000000=
57078 340900 1122800 03365 03340 4
20100501070000 078 025 084 024 084 024 0700 091 026 077 040 0652 0000 0295 0295 0700 0283 0601 026 023 0643 107 0080 09718 09727 0602 09718 0657 0515 0569 0610 0514 0657 0490 0524 0620 0490 0659 0352 0286 0233 0196 0141 0131 0123 0123 //// 10101 ///// ///// ////
000000000000000000000000000000000000000000000000000000000000000000000000000000000000000000000000000000000000000000000000=
57071 344900 1122600 03333 03332 4
20100501070000 091 035 094 026 107 033 0638 097 038 080 055 0629 0000 0294 0295 0657 0286 0601 023 022 0657 094 0061 09715 09726 0601 09715 0659 0411 0426 0613 0409 0655 0498 0517 0601 0498 0700 0318 0255 0213 0186 0162 0137 0120 0123 //// 10096 ///// ///// ////
000000000000000000000000000000000000000000000000000000000000000000000000000000000000000000000000000000000000000000000000=
57066 342300 1114000 03283 03298 4
20100501070000 013 006 117 006 172 009 0648 330 008 122 028 0621 0000 0317 0317 0656 0311 0625 016 016 0654 075 0028 09714 09722 0601 09714 0659 0400 0408 0652 0395 0601 0518 0524 0611 0518 0659 0290 0213 0173 0158 0145 0134 0120 0120 //// 10091 ///// ///// ////
000000000000000000000000000000000000000000000000000000000000000000000000000000000000000000000000000000000000000000000000=
57077 334700 1113900 07424 07388 4
20100501070000 269 030 288 041 292 057 0634 268 024 282 114 0628 0000 0299 0301 0656 0295 0603 009 009 0635 038 -064 09272 09278 0603 09272 0659 0403 0433 0601 0398 0655 0494 0531 0619 0487 0655 0318 0255 0206 0176 0147 0125 0112 0117 //// 10100 ///// ///// ////
000000000000000000000000000000000000000000000000000000000000000000000000000000000000000000000000000000000000000000000000=
57185 332700 1133500 00911 00921 4
20100501070000 257 023 256 020 238 031 0644 239 025 237 061 0643 0000 0294 0294 0700 0287 0603 040 039 0629 164 0144 10000 10007 0601 10000 0700 0369 0381 0626 0361 0620 0512 0538 0601 0511 0649 0315 0265 0226 0196 0166 0147 0128 0128 //// 10108 ///// ///// ////
000000000000000000000000000000000000000000000000000000000000000000000000000000000000000000000000000000000000000000000000=
57183 334800 1135500 00600 00615 4
20100501070000 241 036 241 030 258 040 0601 237 033 246 068 0615 0000 0277 0278 0654 0272 0602 053 053 0658 197 0173 10034 10041 0601 10034 0700 0343 0377 0609 0340 0651 0477 0503 0609 0477 0700 0302 0252 0217 0194 0165 0143 0126 0125 //// 10106 ///// ///// ////
000000000000000000000000000000000000000000000000000000000000000000000000000000000000000000000000000000000000000000000000=
57186 333600 1140300 00587 00598 4
20100501070000 225 046 236 040 242 043 0634 222 051 243 065 0631 0000 0286 0288 0649 0281 0603 044 044 0700 172 0152 10038 10045 0601 10038 0700 0379 0415 0611 0367 0633 0482 0522 0611 0482 0700 0320 0262 0221 0198 0167 0148 0132 0137 //// 10108 ///// ///// ////
000000000000000000000000000000000000000000000000000000000000000000000000000000000000000000000000000000000000000000000000=
57094 342400 1141300 00674 00685 4
20100501070000 190 018 181 018 205 026 0607 234 028 243 042 0605 0000 0284 0288 0622 0279 0612 048 036 0628 186 0163 10022 10029 0601 10022 0700 0445 0461 0601 0417 0605 0464 0493 0601 0464 0700 0331 0278 0238 0206 0164 0149 0128 0129 //// 10102 ///// ///// ////
000000000000000000000000000000000000000000000000000000000000000000000000000000000000000000000000000000000000000000000000=
57191 342900 1142900 00634 00642 4
20100501070000 211 013 213 015 201 016 0654 167 011 179 037 0646 0000 0295 0298 0643 0290 0601 037 035 0647 153 0133 10032 10037 0601 10032 0700 0370 0419 0604 0361 0656 0475 0505 0604 0467 0609 0336 0281 0238 0206 0156 0138 0124 0127 //// 10107 ///// ///// ////
000000000000000000000000000000000000000000000000000000000000000000000000000000000000000000000000000000000000000000000000=
57096 343200 1144700 00597 00607 4
20100501070000 201 031 204 029 204 029 0700 223 026 159 054 0657 0000 0287 0290 0655 0283 0601 044 042 0604 173 0153 10031 10038 0601 10031 0700 0320 0348 0604 0320 0700 0457 0487 0602 0455 0659 0330 0268 0211 0183 0150 0136 0125 0129 //// 10102 ///// ///// ////
000000000000000000000000000000000000000000000000000000000000000000000000000000000000000000000000000000000000000000000000=
57091 344700 1141800 00737 00748 4
20100501070000 236 026 234 026 213 039 0605 248 025 214 058 0620 0000 0291 0294 0638 0283 0604 029 022 0608 117 0093 10010 10019 0603 10010 0700 0326 0360 0612 0326 0700 0451 0491 0610 0451 0700 0330 0264 0215 0179 0154 0138 0124 0120 //// 10097 ///// ///// ////
000000000000000000000000000000000000000000000000000000000000000000000000000000000000000000000000000000000000000000000000=
53978 350500 1123800 01401 01409 4
20100501070000 195 024 202 027 195 029 0652 198 028 161 046 0632 0000 0298 0298 0658 0284 0602 027 026 0625 113 0088 09927 09937 0601 09927 0700 0316 0333 0601 0316 0700 0471 0500 0615 0471 0700 0319 0261 0216 0188 0132 0126 0123 0130 //// 10091 ///// ///// ////
000000000000000000000000000000000000000000000000000000000000000000000000000000000000000000000000000000000000000000000000=
53984 351400 1132800 00827 00837 4
20100501070000 186 018 209 022 208 033 0614 182 019 198 051 0606 0000 0292 0294 0631 0287 0601 025 024 0638 101 0072 09995 10001 0601 09995 0700 0356 0382 0631 0348 0657 0472 0501 0603 0471 0655 0301 0247 0206 0187 0153 0138 0123 0125 //// 10093 ///// ///// ////
000000000000000000000000000000000000000000000000000000000000000000000000000000000000000000000000000000000000000000000000=
53987 350600 1132500 00910 00918 4
20100501070000 231 035 242 033 217 040 0603 206 021 243 085 0643 0000 0299 0299 0656 0283 0601 024 021 0643 101 0072 09987 09995 0601 09987 0659 0380 0396 0649 0377 0618 0391 0407 0603 0391 0700 0312 0261 0223 0196 0160 0144 0132 0132 //// 10094 ///// ///// ////
000000000000000000000000000000000000000000000000000000000000000000000000000000000000000000000000000000000000000000000000=
57079 345700 1130200 01064 01069 4
20100501070000 238 043 236 035 235 040 0610 232 045 221 063 0606 0000 0299 0299 0700 0285 0601 022 022 0700 093 0059 09963 09974 0601 09963 0700 0362 0370 0656 0353 0640 0481 0503 0616 0481 0700 0278 0235 0202 0181 0163 0143 0127 0126 //// 10087 ///// ///// ////
000000000000000000000000000000000000000000000000000000000000000000000000000000000000000000000000000000000000000000000000=
57072 345500 1124500 01275 01285 4
20100501070000 207 026 215 029 226 035 0639 189 027 217 058 0637 0000 0298 0298 0700 0286 0601 023 023 0700 096 0065 09943 09952 0601 09943 0700 0383 0394 0621 0372 0639 0513 0542 0607 0512 0659 0311 0248 0203 0178 0134 0127 0116 0119 //// 10093 ///// ///// ////
000000000000000000000000000000000000000000000000000000000000000000000000000000000000000000000000000000000000000000000000=
53982 351400 1131600 01120 01135 4
20100501070000 281 018 269 024 225 040 0610 260 031 212 071 0630 0000 0293 0293 0700 0280 0601 027 025 0621 110 0084 09958 09964 0603 09958 0700 0376 0391 0626 0376 0700 0479 0512 0615 0479 0700 0313 0264 0222 0197 0157 0142 0130 0135 //// 10089 ///// ///// ////
000000000000000000000000000000000000000000000000000000000000000000000000000000000000000000000000000000000000000000000000=
53979 350900 1130500 01200 01211 4
20100501070000 220 038 235 035 233 044 0631 217 037 228 061 0628 0000 0286 0286 0700 0275 0601 031 028 0628 121 0098 09952 09962 0601 09952 0700 0362 0386 0607 0362 0700 0520 0545 0607 0520 0700 0333 0271 0226 0197 0145 0138 0128 0133 //// 10093 ///// ///// ////
000000000000000000000000000000000000000000000000000000000000000000000000000000000000000000000000000000000000000000000000=
53992 353900 1143100 00582 00592 4
20100501070000 193 027 195 030 214 034 0639 179 029 201 053 0638 0000 0286 0286 0700 0278 0603 025 019 0614 098 0067 10026 10033 0601 10026 0700 0352 0390 0617 0349 0659 0463 0497 0601 0458 0658 0314 0260 0219 0187 0137 0126 0115 0122 //// 10095 ///// ///// ////
000000000000000000000000000000000000000000000000000000000000000000000000000000000000000000000000000000000000000000000000=
53974 353700 1141100 00723 00739 4
20100501070000 191 032 179 033 179 033 0700 206 045 173 069 0607 0000 0292 0292 0700 0284 0602 028 028 0700 113 0088 10011 10018 0603 10011 0700 0362 0388 0624 0357 0616 0476 0507 0612 0473 0656 0339 0281 0233 0203 0152 0136 0123 0128 //// 10097 ///// ///// ////
000000000000000000000000000000000000000000000000000000000000000000000000000000000000000000000000000000000000000000000000=
53990 354300 1141900 00795 00805 4
20100501070000 176 038 174 041 171 046 0607 176 030 164 059 0651 0000 0281 0283 0636 0274 0618 042 034 0626 160 0140 10001 10009 0601 10001 0700 0378 0384 0627 0366 0619 0495 0518 0601 0494 0659 0326 0269 0219 0192 0164 0138 0117 0116 //// 10095 ///// ///// ////
000000000000000000000000000000000000000000000000000000000000000000000000000000000000000000000000000000000000000000000000=
53991 355600 1142100 00743 00753 4
20100501070000 168 030 159 029 154 038 0647 201 030 159 068 0625 0000 0290 0290 0700 0283 0601 018 016 0629 072 0023 10008 10016 0601 10008 0700 0366 0385 0601 0352 0645 0465 0504 0601 0462 0646 0318 0262 0212 0187 0149 0134 0120 0122 //// 10096 ///// ///// ////
000000000000000000000000000000000000000000000000000000000000000000000000000000000000000000000000000000000000000000000000=
53993 355600 1145500 00516 00524 4
20100501070000 249 026 226 023 212 025 0655 267 027 178 041 0648 0000 0291 0292 0621 0284 0603 024 021 0614 097 0065 10032 10040 0601 10032 0700 0389 0414 0619 0381 0637 0505 0539 0619 0505 0654 0323 0259 0208 0179 0154 0133 0115 0114 //// 10093 ///// ///// ////
000000000000000000000000000000000000000000000000000000000000000000000000000000000000000000000000000000000000000000000000=
53889 360400 1134900 03068 03086 4
20100501070000 246 017 198 020 133 023 0631 269 014 173 038 0630 0000 0307 0308 0617 0303 0604 009 009 0700 040 -058 09730 09739 0601 09730 0700 0406 0430 0610 0396 0631 0526 0553 0625 0526 0700 0385 0335 0295 0259 0136 0121 0120 0107 //// 10084 ///// ///// ////
000000000000000000000000000000000000000000000000000000000000000000000000000000000000000000000000000000000000000000000000=
53995 353300 1143000 00625 00645 4
20100501070000 193 038 191 029 183 033 0611 161 030 167 055 0605 0000 0283 0284 0652 0279 0610 030 030 0700 115 0091 10023 10030 0604 10023 0700 0377 0384 0615 0371 0655 0497 0518 0601 0496 0655 0359 0302 0250 0212 0158 0139 0122 0122 //// 10098 ///// ///// ////
000000000000000000000000000000000000000000000000000000000000000000000000000000000000000000000000000000000000000000000000=
NNNN
