ZCZC
FSCI50 BFLB 072050
2009090800时洛阳市气象台订正预报产品
SPCC 2009090800
1
57073 112.25 34.40 154.5 6 21
12 999.9 999.9 999.9 999.9 999.9 999.9 999.9 999.9 999.9 999.9 999.9 999.9 999.9 999.9 999.9 999.9 999.9 999.9 3.0 0.0 0.0
24 999.9 999.9 999.9 999.9 999.9 999.9 999.9 999.9 999.9 999.9 19.0 15.0 999.9 999.9 999.9 999.9 999.9 999.9 3.0 0.0 0.0
36 999.9 999.9 999.9 999.9 999.9 999.9 999.9 999.9 999.9 999.9 999.9 999.9 999.9 999.9 999.9 999.9 999.9 999.9 1.0 0.0 0.0
48 999.9 999.9 999.9 999.9 999.9 999.9 999.9 999.9 999.9 999.9 19.0 14.0 999.9 999.9 999.9 999.9 999.9 999.9 3.0 0.0 0.0
60 999.9 999.9 999.9 999.9 999.9 999.9 999.9 999.9 999.9 999.9 999.9 999.9 999.9 999.9 999.9 999.9 999.9 999.9 1.0 0.0 0.0
72 999.9 999.9 999.9 999.9 999.9 999.9 999.9 999.9 999.9 999.9 20.0 15.0 999.9 999.9 999.9 999.9 999.9 999.9 0.0 0.0 0.0
NNNN