ZCZC
FSCI50 BFLB 132050
2009091400时洛阳市气象台订正预报产品
SPCC 2009091400
1
57073 112.25 34.40 154.5 6 21
12 999.9 999.9 999.9 999.9 999.9 999.9 999.9 999.9 999.9 999.9 999.9 999.9 999.9 999.9 999.9 999.9 999.9 999.9 3.0 0.0 0.0
24 999.9 999.9 999.9 999.9 999.9 999.9 999.9 999.9 999.9 999.9 23.0 17.0 999.9 999.9 999.9 999.9 999.9 999.9 1.0 0.0 0.0
36 999.9 999.9 999.9 999.9 999.9 999.9 999.9 999.9 999.9 999.9 999.9 999.9 999.9 999.9 999.9 999.9 999.9 999.9 2.0 0.0 0.0
48 999.9 999.9 999.9 999.9 999.9 999.9 999.9 999.9 999.9 999.9 21.0 16.0 999.9 999.9 999.9 999.9 999.9 999.9 3.0 0.0 0.0
60 999.9 999.9 999.9 999.9 999.9 999.9 999.9 999.9 999.9 999.9 999.9 999.9 999.9 999.9 999.9 999.9 999.9 999.9 2.0 0.0 0.0
72 999.9 999.9 999.9 999.9 999.9 999.9 999.9 999.9 999.9 999.9 20.0 17.0 999.9 999.9 999.9 999.9 999.9 999.9 3.0 0.0 0.0
NNNN