ZCZC
FSCI50 BFLB 102050
2009091100时洛阳市气象台订正预报产品
SPCC 2009091100
1
57073 112.25 34.40 154.5 6 21
12 999.9 999.9 999.9 999.9 999.9 999.9 999.9 999.9 999.9 999.9 999.9 999.9 999.9 999.9 999.9 999.9 999.9 999.9 3.0 0.0 0.0
24 999.9 999.9 999.9 999.9 999.9 999.9 999.9 999.9 999.9 999.9 22.0 17.0 999.9 999.9 999.9 999.9 999.9 999.9 2.0 0.0 0.0
36 999.9 999.9 999.9 999.9 999.9 999.9 999.9 999.9 999.9 999.9 999.9 999.9 999.9 999.9 999.9 999.9 999.9 999.9 2.0 8.0 2.0
48 999.9 999.9 999.9 999.9 999.9 999.9 999.9 999.9 999.9 999.9 23.0 16.0 999.9 999.9 999.9 999.9 999.9 999.9 1.0 0.0 0.0
60 999.9 999.9 999.9 999.9 999.9 999.9 999.9 999.9 999.9 999.9 999.9 999.9 999.9 999.9 999.9 999.9 999.9 999.9 3.0 0.0 0.0
72 999.9 999.9 999.9 999.9 999.9 999.9 999.9 999.9 999.9 999.9 24.0 16.0 999.9 999.9 999.9 999.9 999.9 999.9 3.0 0.0 0.0
NNNN