

降水预报：

    站号  总降水次数  正确次数   空报次数  漏报次数  正确率(%)
-----------------------------------------------------------------
     57065         5         0         1         4         0
     57066         2         0         1         1         0
     57070         3         0         1         2         0
     57071         2         0         1         1         0
     57074         4         1         1         2        25
     57076         4         0         1         3         0
     57077         6         0         5         1         0
     57078         4         1         2         1        25
     57162         3         0         2         1         0

     总计         33         2        15        16   6.06061


最高温度：

    站号  总预报次数  正确次数   偏高次数  偏低次数  正确率(%)
-----------------------------------------------------------------
     57065         6         6         0         0       100
     57066         6         6         0         0       100
     57070         6         6         0         0       100
     57071         6         6         0         0       100
     57074         6         6         0         0       100
     57076         6         6         0         0       100
     57077         6         6         0         0       100
     57078         6         6         0         0       100
     57162         6         6         0         0       100

     总计         54        54         0         0       100


最低温度：

    站号  总预报次数  正确次数   偏高次数  偏低次数  正确率(%)
-----------------------------------------------------------------
     57065         6         6         0         0       100
     57066         6         6         0         0       100
     57070         6         6         0         0       100
     57071         6         6         0         0       100
     57074         6         6         0         0       100
     57076         6         6         0         0       100
     57077         6         6         0         0       100
     57078         6         5         1         0   83.3333
     57162         6         6         0         0       100

     总计         54        53         1         0   98.1481

