  8  9 11 12 25 31 11
  8 14 23 25 28 32 16
  1  6 22 23 24 26  4
 11 20 25 26 27 30  8
  2  3  4  6 17 31  8
  1  5 16 21 22 26 11
  6 10 12 14 16 22  6
  2  3 15 17 19 25 16
  3  7  8 18 20 22  3
  1  2 18 21 25 29 14
  1 11 16 26 31 33 16
  1  4 10 13 18 25 15
  3  6  7 11 13 33 10
  1  9 16 21 22 23  5
  3  5  7 16 22 27  5
  3  5  9 11 27 31  4
  5  7 20 21 22 30  8
  9 10 19 21 27 31  5
  6  9 13 16 24 28 11
  9 10 19 23 26 31  9
  3  5 18 20 27 33  1
  3  7 13 16 19 32 16
  1 13 15 23 28 32  2
  4  7 19 24 26 32  9
  3 10 21 22 27 28  6
  6  7 11 12 18 25  1
  3  8 11 13 25 31 12
  4 10 16 18 25 32 15
  3  7  9 10 26 32  1
  3  5  7 11 17 27 13
  1  5 10 16 20 26  2
  5 12 15 24 27 33  5
  4 18 23 25 26 31 10
  7 11 14 16 25 32 11
  2  9 10 12 13 17 11
  2  4  7 15 24 28  3
  1  4  7  8 13 14  4
  3  7 12 13 20 33  2
  2  8  9 18 24 28 10
 12 18 21 24 25 29  8
  2  7 10 17 23 29 14
  2  8 12 14 20 32  4
  7  9 25 27 30 32  1
  4  6  8 18 20 33 11
 15 16 18 21 22 30 14
  8 18 27 29 30 32  6
  3  4 14 27 31 33  5
  2  3  5 11 19 20 12
  4  8 13 18 26 30 11
  9 10 20 22 30 32  8
  1  6  8 18 29 32  7
  3  5 18 19 24 32  2
  5 10 13 15 19 29  2
 14 18 22 23 24 33  9
  2 11 17 30 31 32  7
  5 11 13 27 30 31  2
  3  7  8 15 19 28  3
  2  4 10 28 29 33  6
  1  3  4  5  8 21  9
  5  8 14 22 27 29 16
  2 12 17 19 29 30 12
  6 10 12 14 20 27 10
 11 14 18 20 21 26  5
  5 15 17 18 25 32 15
  9 14 15 19 24 33 13
  1  8 16 18 19 29  4
  3  4 14 20 21 25 14
  4  6  7 23 25 32  1
  6  8 14 21 28 29  2
  6 12 15 16 20 31  2
 13 16 17 22 30 32  3
  8 13 15 25 27 28  3
  5  9 11 19 28 31  2
  2  4  8 13 14 33 16
  1  6 14 21 30 31  9
  6  8 15 17 18 30 12
  3  4 11 12 14 32 12
 11 18 19 22 23 28  1
  6 11 13 17 21 23 11
  5 11 16 24 32 33  8
  4  7 19 21 25 31  7
  2  6  9 16 21 23 16
 10 15 17 24 26 28 12
  8 17 20 29 30 33  9
  1  6  7 11 20 23  5
  1  2  8 16 19 29  5
  1  3  4  6  7 29 14
  7  8 10 13 25 27  7
  5 11 18 19 20 21  9
 14 17 21 29 31 32 12
  2  6 11 22 28 29  2
  1  3 16 18 23 28  5
 10 13 16 17 18 27 11
  2  3  7  8 26 29  7
  3 14 16 26 27 33 13
  1  5  8 13 18 25  2
  4 14 18 19 31 33  2
  2 11 12 15 17 28 12
  2  4 16 18 23 30  6
  2  6  7  9 19 26 14
  1 12 18 21 28 30 10
  9 13 20 21 24 32  8
  3  8 10 11 14 30  5
  3 13 16 19 32 33  8
  1  3  9 11 26 31 12
 13 14 15 19 24 30 10
  6  7 19 24 27 29  1
  3 11 14 19 21 30  5
 10 11 16 23 31 33 16
  3 14 21 23 30 31 10
  1  4  8 12 29 31  6
  2  9 12 14 23 25 16
  3  4 11 17 18 28  9
  4  8 16 24 30 32 16
  4  6 10 12 19 31  1
  3 16 21 22 27 30  4
  6  8  9 11 19 21 10
  3  8 13 20 29 30 11
  2  3  9 22 24 27 11
  1  4 14 16 26 29 10
  3 16 18 22 23 26  3
  8  9 17 25 27 32  6
  3  7 13 17 32 33  2
  2  4  7 10 18 27 10
  3  6  9 11 25 31 13
  5 10 16 20 28 31 14
  4 11 16 23 29 31 14
  1 12 18 20 21 26 11
  5  9 10 24 25 32 14
  1 18 20 22 26 33  5
  3  4  8 18 22 30 15
  1 13 16 20 24 26  9
  5 15 18 27 29 32  5
  3  5  7 21 26 28  4
  3 10 15 25 28 33 16
  3  8 14 17 30 32  5
  2  4 14 15 25 27 15
  1  4  5 18 19 25 10
  4 12 15 17 22 32 14
  6 10 14 22 26 27 11
  1  5  6 16 24 30 12
  3  7 10 13 25 33 10
  5  9 11 12 22 27 15
  5  6 14 20 21 22  1
  2  4  9 10 20 26 14
  7 14 18 20 30 33 13
  1  7 11 20 30 33 10
  1 14 20 25 27 31 15
  1  3  4  6 16 22  8
  8  9 12 18 25 27 12
  2  3  5 11 15 32 15
  4  8 12 13 23 29  1
  1  4 15 17 27 31  1
  3  9 13 23 28 30  5
  2  7 23 26 28 31  7
  4 10 13 16 22 29  6
  1 15 20 29 31 32  8
 10 16 19 22 26 27 16
 16 18 22 23 25 31 11
  1  8 11 18 19 23  5
  7  8 14 21 23 25  5
  4  9 11 17 18 26  8
 10 14 17 21 27 31  9
 11 15 17 21 22 24  5
  4 19 21 22 23 31  4
 10 13 18 26 28 30 12
  4  6 20 25 29 31  3
  6 14 22 26 30 33  1
  3  4  9 22 26 33  1
  1 12 21 22 30 32  2
  9 14 18 22 27 29 12
  4 15 21 30 31 33  5
  3  4 11 17 19 30  1
  2  8 13 16 24 33  9
 15 19 23 30 32 33  6
 12 13 14 18 31 32 13
  2  3 20 25 28 32  6
  4  5  6  8 22 24  3
  3  4  6 27 31 33  6
  6  8 14 15 24 33  9
  1  2 14 20 27 30  2
  1  3  7  8 10 30  5
  6 14 20 22 23 26  9
  5 16 21 22 32 33  9
  1 10 20 26 28 29 15
  8 10 14 20 27 29 16
  5 14 17 18 28 33  2
  4  9 13 15 31 33 11
  1  8 11 16 17 22 15
  9 12 14 18 27 33 13
  1  5 17 18 23 26 13
  2  6  8 20 24 30  9
  1  6  8 13 17 30  7
  2 12 14 19 28 33 10
  5 12 14 15 20 31  1
  3  7 22 27 28 31 11
 12 14 15 25 28 31  6
  1  4 13 19 20 24 11
  9 12 20 26 27 28 16
  1 11 18 26 30 32  3
  9 12 18 23 24 27  5
  6  7 10 11 18 23 16
 11 14 15 20 26 27 12
  1  5  9 13 18 33 14
  1  3 17 20 21 29 16
 15 16 17 18 24 33 13
  2 12 16 18 19 23  5
  2  8 11 16 20 21 14
  7  8 12 21 22 24  7
  2 11 15 20 23 29 11
  1 13 16 18 19 22  1
  3 11 20 24 25 26  1
  4  5  8  9 12 30  5
  4  6 10 24 26 31  6
  2  6 18 21 24 25  8
  1 12 17 21 25 28 12
  7  9 18 19 26 29 10
  3 13 15 23 28 29  9
 14 16 18 21 22 32  4
 15 17 20 22 26 29  9
  6 11 13 17 20 32  8
  3  5 17 22 31 33 12
  8  9 12 13 19 33  9
  4 10 17 21 29 32 14
 10 21 22 23 25 33 11
  1  3 15 19 25 33  4
  5 13 16 18 27 29 12
  2  3  5 20 21 24  8
  5 11 12 19 29 31  1
  2  3 11 13 20 27  2
  5 16 20 22 29 30  8
  3  7 10 14 30 33 10
  7  8 11 16 17 24 13
  6  8 11 18 30 33  5
  4  8 17 28 29 30 13
  3 12 14 21 24 28 11
  4  5 15 21 23 24  8
 18 22 23 24 26 30  1
  5 13 17 19 25 30 11
  5 15 19 23 30 32 14
  5 10 15 17 27 29 11
  1 12 22 23 24 25 14
  3  4 17 18 21 31  8
 11 13 15 21 23 25  8
  4  5 28 29 31 33 11
  3  5  7 10 28 30  4
  1 11 17 27 28 31  2
 11 24 26 27 30 32  3
  2  6  7 17 27 30 16
  2  6 12 15 25 31  7
  6 10 12 13 17 20  3
  9 13 19 25 29 32 12
  2 17 20 22 28 32  3
 13 18 23 29 31 32  8
  6  7 10 14 20 21  4
  2 10 18 21 30 31  5
  5 12 13 16 23 32  3
  3 16 23 26 28 31 11
  3 10 16 18 21 28  4
 15 22 25 26 28 33  3
 16 19 22 28 31 32  3
  2 14 17 19 22 30 10
  2 12 23 24 25 32 14
  4  7 10 16 17 21  9
  3  9 13 21 27 29 13
  2 10 15 16 17 33 13
 15 20 22 23 27 31  6
  5 18 20 24 26 31  9
  3 10 12 16 31 32 14
  8 13 15 17 20 32 14
  3  4  7  9 14 19  8
  5  7 14 16 17 27  4
  6  8 11 14 16 27 15
  1  2 18 22 29 32  3
  3  4 17 19 24 32  5
  2  7  9 11 21 27  6
  4 13 14 19 23 28  8
  2  3  4 13 16 27 13
  1  2  5 20 21 22  9
  5  9 21 23 26 29  6
  4  6 13 22 26 32  7
  1 13 14 17 24 26  5
  3  4  8 31 32 33  2
  1  7 13 17 23 30 16
  2  3  9 15 29 32  3
  6 14 26 29 32 33  7
  1  5  6 12 16 21 11
  9 11 13 27 31 33 10
  5  7  8 14 27 31 11
  4  6 12 19 27 29  8
  5  6  8 20 26 30  6
  3  5  9 18 28 32 16
  4 16 18 27 32 33  7
  8 21 22 23 26 32 14
  3 19 20 24 26 27 11
  4  8 17 27 28 31  7
  2  4  5  6 16 20 12
  7 13 16 21 26 28  9
  1 12 15 19 21 28  3
  7  4  5 21 26 29  1
 12 27 14  5 21  1  3
 19  4 13 12 30 11  5
 14 20 18 10  3  7  2
 16 11 25 23 21 32  7
  3 29 15 23 24 17 13
  7 28  6 15 30 27 10
  7 24 11 28 19 20  2
 20 28  7  3 17  8 15
 15 19 14  1 27  8  9
 10 17 32  3 15 20  8
  7 17 10 29 22 12  5
  3 16 19  5 12  8 15
  4  8 12 17  7  6  7
  2 33  7 23 20 32 10
  3 20  5 22 11  6 13
  9 23 33 25 15  3 12
 27 16  5 25 14 18 13
 13  1 15  5 25 21 11
  4 13 26 14 30 18  1
  1  7 14 16 18 25 11
  2  4 10 18 27 29 15
  2 12  7 10 11 24  3
 25 20 15  9  3  5 16
  5 10 14 20 27 33  3
 14 23 29  2  4 33 15
  4 25 11 23  6 14 12
 13 26 19  8 25  2  9
  6 31 14 18 32 28  3
  5 31  6 19 33 10 11
 13 18 12 25 11 17  7
 32 14  1 30  4  7  9
 32 31  7 25  1 20 12
 18  6  1 13 32 30 14
  1 20 11 18 22  7  2
 15  4  9 26 12 31 16
 28 22 27  6 17 32  3
 15 30 14  6  8  4 10
 33 18  3 12 23 30  2
 15 21 10 27  7  6  6
 26 18 27 22 20 15  3
 30 29  4 28 12 22 16
 25 16 19 24  7 10  9
 31  3 17 15  5 13  4
 12 30 29 10  3 24  6
  9 25 26 24 10 20 11
 13 31  1 11 24 26 13
 23 15 32  4 33 30  3
  4  2 23 21 30 33  9
  4 18 30 16 23  7  7
 14  6  5 24  2 31 12
 22  9 19 21 16 24 12
  4  2 31  9 14 16  3
 16 13 31 10 24 22  9
 33 15 12 31 22 19  1
 28 10  5 27 30 23 15
 26 17  4 33  5 18  4
 12 28  9 29 18 21  5
 33 27  3  5  9 23  3
 23  6 29 25 17  4 14
  8 31 19 28 26 13 10
 27 12 26 15 11  1 13
  9 21 25 29  1 32  3
  5 26 19 31 23 20 12
 24 18  3 20  7  1  7
 23 15 16  8  9 26  8
 24 11  7 12 27 29 12
 22 14  8 13  9 20 12
  1  7 15  2 20 19  3
  5 16  9  3 14 30 13
  7  1 19 20 11 14 12
 10  2 30 26 12  4  3
 14 12 32 26 27  1 16
 24 28 25  3  9 20  5
 15 20 32 26  3 11 11
 22 17 33 24  8 32 16
  4 22 28 11 25  9 13
 16 18 11 13 31 14 14
 29 26  6 18  9 20  9
  1  9  6  8 18 20  1
 20  6 24 33 10 19 11
  8 16 14 12  4 22 10
  4  8 26 14 16  3  4
 33  7 31 24  9 21 12
 33  1 25  8 13 10 13
 16 26 21  3 20 12 16
  2  4 10 25 28 11  5
 12 16 21 17 23 22 16
 18 32 30 10 27 23  8
 18 30  2 13 22 11  4
  2 11 23 12  7 20  7
  9 24 23 14 21  5  1
 33 25  9 21 12 31 13
 24  7 11 18 14 29  7
  6 21 26 10 25  4 10
  6  5 15 10 30 31 13
 19 31 27 17 12 29  9
 30  5 32 22 20 33  9
 29 17 13  5 18 21 14
  4  7 14 29 27 10  9
  1 14 17 32  2 30  1
 21 14 20  3 19  6  2
  2 26 32  9 20 12 13
  2  3  8 27 10 25 12
  6  7  8 10 16 28  2
  7  5  2  3  8 27 15
 16  9 22 18 24 20  5
 18  7 15 10  1 20 10
 18 22  6 17 16  1  9
  4  5  8  7 32  6  5
 30 16 27 26 11 21 15
 16 23 11 29 24  2  3
 30 21 24 32 12  1 13
 16 21  2 19 29 18  9
 28 11 27 20  7  4 16
 32  7 14 24 22 12 16
 26 19 31 21 12 20 15
 21 28 29 30 16 12 14
 28 17  5 25 32 18  9
  8  7 20 12 14 19  7
 19 20 15 25  5 29  3
 16 20 32 10  4 23  7
  9 22 28 14  5  1  5
  2 14 21 22 30 27 14
  9 26 25 32 22  4 10
  3  1 32  6 21  4 15
  6 26 14 25 12 20  7
 32  7 13 10 11  1  7
  9 27 14  5 31 32 13
 19 20 21 10 25 15 12
 10 32  8 33 12 21  4
 31 24 26 30  6  2 16
 20 25 19 29 14 16  5
 12  6 11 19 13 22  8
 23 25 22  1  6  3  6
 25 10 31 27  2  6  3
 12  1 30  6 16  5 15
  4  9  8 16 29 17 15
 32 21 19 30 13 23  5
 20  7 24 19  8 16  6
  6  2 22 16 31  3  5
  9 13 15 30 11 22 15
 18  8 11 26 25 10  1
 31  2 29 22 17 27 14
 33 32 11 22 27 19 11
 33  7 20 17 15 23 15
 31  5  2 21  4 15 16
  5  9 20 26 28 33 15
  8  9  1 22 23  4  2
 22 12 19 31 15  9 16
  9 26 28 33 20  6 14
  8 27 28 23  1  7 14
 31 14 11 22  3 24 15
 32 30 18  7 13 16 10
  7 27  8 21 32 18 10
 20 25  6 18  9 33  6
  3  4  7 12 30 31 15
  1  3  7 14 24 25  7
  1  3  5  8 14 33  3
  2 16 20 30 31 33  1
  1  6  9 17 21 22  1
  8 10 23 25 31 32  7
  9 13 15 21 26 33  6
 11 16 18 20 26 31  2
 14 19 20 21 22 31 11
  6  8 10 17 30 31 14
  8 13 14 27 28 31 12
  1  8 12 13 18 20  7
 10 15 23 26 28 29 12
  7  9 10 21 23 30 12
  7 11 17 18 24 29  5
  2  3  5  9 16 21  2
  3  9 12 15 28 32  1
  2  9 14 19 25 26 15
  6  8  9 14 24 33 15
  5 10 21 22 26 33  2
  3 12 13 25 26 31  3
 10 19 20 26 29 31 14
  1  4 12 16 20 30 15
 19 22 27 28 30 32  1
  5  9 10 13 24 25  8
 11 14 20 27 32 33  5
  1  4  8 13 28 31  2
  9 13 14 21 30 33  1
  1 18 20 24 32 33 12
 14 17 20 25 28 30 14
  2 10 19 22 24 32 14
  1  3  7  8 25 26 14
 10 13 18 19 25 27  1
  3  8 11 29 30 32  1
  1  4  8 11 21 25 14
 14 16 27 28 30 33  6
  3 20 24 27 29 30 15
  3  5 21 24 27 32  6
  3  8 20 23 24 26 16
  7 13 14 17 19 30  3
  4  5 10 21 24 26  5
  8  9 10 14 16 26  7
  3  5 13 17 25 31  7
  7 18 21 26 27 28  7
  5  6 15 19 26 29 13
  2  7 13 16 23 28 16
  8 15 18 28 30 33 14
  3  8 16 17 21 29  6
 10 12 21 22 30 33  6
  2 11 15 20 22 29  5
  2  8 11 13 24 31 15
  1  6  7 13 16 32  4
  5 13 20 23 24 25  3
 13 14 27 29 32 33  8
 14 15 18 20 27 31  4
  7 10 13 16 27 28  7
  1 12 25 27 28 29 13
 13 16 19 20 23 33  9
  3  5 11 24 27 28 15
  4  7 11 19 23 26 10
  1  8 11 12 27 31 12
  5 21 23 25 28 32  4
  1 20 21 25 29 30  2
  6  8 19 25 29 32  7
  9 11 14 16 27 28 11
  2  3  4  9 24 25  2
  1 12 14 15 17 29  9
  2  3  9 10 15 29 11
  6  7 19 21 25 29  2
 11 12 14 16 25 29  9
  8  9 11 16 17 29  9
  1  7  8 11 27 31  6
  7 15 16 22 23 32 14
  1 12 18 26 27 28 13
  2  6  7 12 31 32  5
  4  9 10 21 22 24 10
  6 10 13 17 18 21  2
  8 10 17 22 25 29 14
  7 17 19 20 21 29 11
 10 16 18 25 26 29  3
 11 16 17 25 28 29  7
  3  4 11 17 20 26  5
  2 13 17 18 26 30  1
  2  8 26 27 30 32 16
  2  7 13 20 27 30 14
  1  4  8  9 19 20  1
  2  5  8 11 15 31 13
  3  6 19 20 21 24 11
  1  7  9 17 26 31  5
  9 13 20 22 24 32  5
  1  2  3  5 10 22 12
  1  5  9 10 18 32 11
  4 10 14 18 28 32 15
  7  8 10 24 29 33  4
  1 13 21 23 25 32  6
  1  8 14 17 19 30  3
  3 10 14 19 20 30  6
  5  9 11 17 26 27 10
  1  2  9 22 28 31  4
  5 10 11 23 24 32  4
  2  5  6  8 28 30  6
  5 12 14 15 25 31  9
  4  7  8 28 30 32  5
  1  3  5 18 22 23 13
  3  7 11 17 20 26 12
 12 14 21 29 30 32 13
  1  7 27 30 31 33  8
  1  4 13 23 28 30  3
  6  7  8 13 14 19 15
  1  9 10 16 22 24 11
  1  7 10 22 32 33 13
  4 12 17 20 25 28  9
  4 12 18 20 23 32  6
  9 11 13 16 17 18  7
 10 19 22 23 25 29  9
  3  5  6 17 26 33  8
 10 12 18 22 30 31 11
  1  2  3  7 10 25  7
 18 19 21 26 27 33 16
  3 10 21 22 24 33 12
  2  3  4  5 24 28 13
  5 12 16 18 26 30 13
 19  1  4 12 11 27 14
  2  6  7 10 17 33  3
  1  3 14 18 26 28  1
  7 17 18 19 30 31 14
  1  2 14 26 29 30  7
  9 20 24 25 28 30 10
 12 15 22 23 26 31  4
  7 12 23 26 29 30 11
  4 12 16 22 24 25  6
  1 13 16 18 29 20  2
 16 17 19 22 31 33 11
  2 12 19 22 27 32  1
  2 12 14 21 23 30 13
  3  6  8 11 19 27 11
  9 11 12 14 15 33 11
  1  2  4 17 18 19  8
  7 11 16 19 26 28 11
  9 19 25 27 32 33 11
  5 11 12 13 27 31 10
  3  7  8 20 24 32 14
  6 15 16 17 30 33 11
  4  6  8 12 15 30  1
  5  8  9 14 21 33 11
  1  6 12 19 20 32 14
  3  5 20 21 28 32  2
  2  4  6 17 21 28 11
  2  3  5  6 18 30  4
  9 11 16 28 32 33  2
 18 19 24 25 30 31 16
  8 17 21 26 28 29  7
  6 13 16 21 28 31 16
  2  5  9 21 31 33 12
 15 19 20 21 28 29 13
  1 12 13 23 30 31 11
  4 13 15 17 24 27  1
  2  8 17 23 24 26 13
  3  6  7 13 24 25 15
 10 12 20 28 30 31  9
  3 17 26 28 32 33 16
  7  8 10 11 17 26 11
  3  7 14 15 17 32  3
  2  5  9 16 32 33 15
  2  8 10 19 20 32 13
  3  5  7 10 15 20  7
  2  3 17 18 24 25 11
  4  5  6 12 14 23 16
  3  5 23 24 27 32  3
  5  7  8 24 25 27 16
  9 14 17 18 26 32  7
  7 21 24 25 27 28 15
  3  4  5  8 10 11  8
  8 13 14 16 23 25 14
  1  7 14 20 27 30 10
  4 11 25 27 29 30 13
 11 17 20 22 28 32  1
  2  6 13 14 23 27  7
  2  7 15 26 29 32 10
  6 13 16 20 28 32  7
  1 11 14 17 27 28 15
  8 13 15 26 29 31 16
  1  5 11 13 14 27 12
  2  7 15 17 22 30 14
  1 10 20 22 26 31  2
  2  7 11 12 14 32  8
 14 15 18 25 26 30  1
  7 10 25 26 27 32  4
  4  8 12 13 16 33  9
  5 16 19 20 25 28 13
  5  8 18 23 25 31  6
 11 17 28 30 31 33  6
  4 11 19 25 26 32 13
  3  5  7  8 21 31  2
  8 13 17 21 23 32 12
  2 12 16 17 27 30 12
  4  5 11 12 30 32 15
  1  2  8 13 17 24 13
  5  9 18 20 22 30  9
  5  8  9 14 17 23  8
  1  9 19 21 23 26  7
  1  3 10 21 26 27  6
  4  6 15 17 30 31 16
  4  6  7 10 13 25  3
  1  7 10 23 28 32 16
  4  9 19 20 21 26 12
 10 11 12 13 26 28 11
