57290 330000 1140100 00827 00838 4
20100321020000 097 030 102 036 103 038 0159 068 022 108 063 0150 0000 0136 0136 0200 0120 0101 036 034 0152 056 -012 10064 10073 0101 10064 0200 0198 0201 0151 0164 0102 0207 0207 0200 0158 0101 0127 0109 0107 0113 0108 0096 0100 0132 //// 10165 ///// ///// ////
000000000000000000000000000000000000000000000000000000000000000000000000000000000000000000000000000000000000000000000000=
57281 324200 1131800 01422 01431 4
20100321020000 129 039 129 041 123 055 0117 170 030 122 097 0113 0000 0160 0160 0200 0144 0101 019 016 0115 035 -076 09985 09994 0102 09985 0200 0231 0231 0200 0172 0101 0217 0217 0200 0163 0101 0124 0111 0113 0115 0109 0101 0103 0131 //// 10156 ///// ///// ////
000000000000000000000000000000000000000000000000000000000000000000000000000000000000000000000000000000000000000000000000=
57089 340200 1135200 00668 00681 4
20100321020000 195 014 182 013 166 018 0115 209 005 203 049 0136 0000 0120 0120 0156 0099 0101 042 041 0156 059 -005 10085 10092 0109 10083 0146 0155 0177 0152 0137 0101 0173 0182 0157 0124 0101 0103 0089 0092 0095 0098 0092 0097 0130 //// 10168 ///// ///// ////
000000000000000000000000000000000000000000000000000000000000000000000000000000000000000000000000000000000000000000000000=
57298 321300 1143300 00554 00562 4
20100321020000 134 020 135 017 131 030 0116 133 021 138 041 0110 0000 0147 0147 0200 0127 0101 041 038 0159 069 0016 10098 10105 0101 10098 0200 0205 0215 0158 0153 0101 0197 0197 0200 0126 0101 0132 0090 0118 0121 0116 0103 0098 0135 //// 10166 ///// ///// ////
000000000000000000000000000000000000000000000000000000000000000000000000000000000000000000000000000000000000000000000000=
53994 352300 1140400 00700 00712 4
20100321020000 226 015 225 015 202 021 0139 217 020 197 034 0138 0000 0113 0114 0155 0102 0101 029 028 0103 039 -061 10091 10096 0101 10090 0154 0200 0213 0125 0161 0109 0232 0232 0200 0172 0109 0105 0082 0085 0091 0092 0084 0091 0128 //// 10178 ///// ///// ////
000000000000000000000000000000000000000000000000000000000000000000000000000000000000000000000000000000000000000000000000=
53983 350200 1142500 00696 00708 4
20100321020000 145 054 146 056 146 063 0142 150 056 147 085 0139 0000 0114 0115 0137 0100 0101 036 033 0140 048 -031 10089 10098 0104 10089 0200 0155 0178 0129 0150 0155 0190 0199 0135 0157 0101 0106 0082 0081 0085 0087 0082 0085 0124 //// 10176 ///// ///// ////
000000000000000000000000000000000000000000000000000000000000000000000000000000000000000000000000000000000000000000000000=
57093 345100 1144900 00733 00740 4
20100321020000 163 043 161 043 161 043 0200 158 034 181 068 0153 0000 0117 0118 0153 0098 0101 031 030 0159 043 -049 10089 10098 0101 10089 0200 0161 0177 0152 0139 0113 0192 0197 0152 0139 0101 0101 0074 0077 0085 0093 0084 0090 0122 //// 10179 ///// ///// ////
000000000000000000000000000000000000000000000000000000000000000000000000000000000000000000000000000000000000000000000000=
NNNN
