2011020923 53898 3605 11440 0020 0000=
2011020923 53995 3555 11450 0057 0000=
2011020923 53889 3607 11382 0041 0021=
2011020923 53993 3593 11492 0020 0000=
2011020923 53991 3593 11435 0023 0000=
2011020923 53974 3562 11418 0035 0017=
2011020923 53992 3565 11452 0038 0016=
2011020923 53979 3515 11308 0046 0023=
2011020923 53982 3523 11327 0059 0000=
2011020923 57072 3492 11275 0057 0000=
2011020923 53984 3523 11347 0053 0000=
2011020923 57091 3478 11430 0020 0000=
2011020923 57093 3485 11482 0040 0000=
2011020923 57096 3453 11478 0001 0016=
2011020923 57191 3448 11448 0018 0000=
2011020923 57094 3440 11422 0015 0015=
2011020923 57183 3380 11392 0020 0000=
2011020923 57077 3378 11165 0008 0000=
2011020923 57066 3438 11167 0034 0000=
2011020923 57071 3482 11243 0050 0000=
2011020923 57078 3415 11247 0021 0000=
2011020923 57162 3415 11208 0020 0000=
2011020923 57070 3473 11212 0040 0000=
2011020923 57076 3473 11278 0041 0000=
2011020923 57074 3442 11240 0056 0000=
2011020923 57065 3450 11218 0035 0035=
2011020923 57178 3303 11258 0022 0000=
2011020923 57285 3238 11342 0021 0000=
2011020923 57175 3305 11223 0000 0000=
2011020923 57181 3388 11305 0025 0000=
2011020923 57173 3375 11288 0015 0000=
2011020923 57075 3417 11287 0015 0000=
2011020923 57177 3333 11353 0002 0014=
2011020923 57184 3363 11337 0010 0007=
2011020923 54901 3608 11517 0013 0000=
2011020923 54902 3590 11512 0002 0000=
2011020923 58005 3445 11567 0024 0000=
2011020923 58111 3397 11645 0018 0003=
2011020923 57056 3453 11088 0020 0000=
2011020923 57067 3405 11103 0020 0000=
2011020923 57063 3477 11177 0057 0000=
2011020923 57051 3480 11120 0003 0000=
2011020923 53983 3503 11442 0003 0000=
2011020923 53985 3545 11382 0032 0000=
2011020923 53988 3527 11367 0036 0000=
2011020923 53994 3538 11407 0041 0000=
2011020923 53986 3532 11388 0083 0000=
2011020923 53997 3515 11418 0023 0000=
2011020923 53989 3505 11395 0038 0000=
2011020923 58208 3217 11562 0038 0011=
2011020923 57390 3180 11407 0021 0000=
2011020923 57297 3213 11405 0023 0000=
2011020923 57087 3420 11380 0033 0012=
2011020923 57182 3385 11350 0003 0000=
2011020923 57089 3403 11387 0058 0000=
2011020923 57095 3412 11415 0028 0000=
2011020923 57088 3415 11350 0030 0000=
2011020923 57192 3373 11485 0040 0013=
2011020923 58101 3387 11548 0032 0000=
2011020923 57193 3378 11452 0051 0000=
2011020923 57082 3447 11302 0040 0000=
2011020923 57084 3450 11305 0092 0024=
2011020923 57081 3480 11343 0048 0000=
2011020923 57085 3453 11333 0038 0018=
2011020923 57086 3438 11372 0050 0000=
2011020923 57083 3472 11365 0050 0000=
2011020923 57090 3472 11397 0042 0021=
2011020923 57294 3283 11402 0045 0000=
2011020923 57189 3313 11395 0021 0011=
2011020923 57290 3300 11402 0026 0000=
NNNN
