57084 343000 1130300 11784 11790 4
20100501080000 190 021 167 019 240 036 0701 206 016 249 063 0717 0000 0237 0249 0728 0237 0800 018 011 0725 053 -020 08812 08818 0701 08812 0800 0280 0302 0707 0274 0748 0415 0457 0707 0415 0800 0305 0255 0207 0171 0115 //// //// //// //// 10100 ///// ///// ////
000000000000000000000000000000000000000000000000000000000000000000000000000000000000000000000000000000000000000000000000=
57290 330000 1140100 00827 00838 4
20100501080000 257 015 279 018 300 021 0749 310 013 310 039 0709 0000 0295 0297 0753 0292 0726 045 045 0735 186 0163 10007 10015 0702 10007 0759 0335 0394 0704 0335 0800 0439 0489 0701 0439 0800 0329 0281 0239 0213 0163 0144 0130 0135 //// 10104 ///// ///// ////
000000000000000000000000000000000000000000000000000000000000000000000000000000000000000000000000000000000000000000000000=
57188 332200 1140200 00559 00568 4
20100501080000 192 009 155 017 148 021 0756 220 010 161 038 0749 0000 0287 0291 0728 0287 0701 045 044 0729 177 0156 10035 10044 0703 10035 0800 0306 0327 0701 0306 0800 0476 0517 0703 0475 0756 0328 0271 0230 0200 0141 0131 0124 0134 //// 10101 ///// ///// ////
000000000000000000000000000000000000000000000000000000000000000000000000000000000000000000000000000000000000000000000000=
57293 324400 1145900 00380 00391 4
20100501080000 271 018 262 018 217 026 0702 275 015 217 035 0701 0000 0284 0285 0732 0281 0721 049 047 0703 190 0167 10064 10071 0701 10064 0800 0369 0390 0732 0363 0757 0411 0455 0701 0411 0800 0322 0276 0240 0207 0174 0154 0136 0136 //// 10110 ///// ///// ////
000000000000000000000000000000000000000000000000000000000000000000000000000000000000000000000000000000000000000000000000=
57196 332800 1145200 00420 00428 4
20100501080000 206 022 197 022 250 029 0716 206 031 234 054 0723 0000 0276 0278 0701 0275 0708 054 047 0741 199 0175 10055 10064 0701 10055 0800 0346 0356 0731 0335 0750 0391 0417 0704 0391 0800 0298 0253 0212 0184 0144 0134 0126 0132 //// 10106 ///// ///// ////
000000000000000000000000000000000000000000000000000000000000000000000000000000000000000000000000000000000000000000000000=
57099 340400 1145100 00526 00536 4
20100501080000 234 017 218 018 215 030 0719 276 011 203 056 0717 0000 0281 0281 0800 0277 0718 049 045 0730 186 0164 10041 10048 0701 10040 0752 0342 0349 0707 0328 0717 0386 0421 0701 0386 0800 0321 0271 0224 0192 0158 0139 0123 0132 //// 10104 ///// ///// ////
000000000000000000000000000000000000000000000000000000000000000000000000000000000000000000000000000000000000000000000000=
58104 332400 1150400 00412 00425 4
20100501080000 215 028 206 025 236 028 0711 211 028 234 042 0709 0000 0279 0287 0702 0279 0800 054 046 0718 203 0177 10058 10066 0701 10058 0800 0364 0389 0703 0363 0759 0415 0452 0701 0415 0800 0337 0288 0241 0208 0168 0142 0126 0135 //// 10108 ///// ///// ////
000000000000000000000000000000000000000000000000000000000000000000000000000000000000000000000000000000000000000000000000=
57192 334400 1145100 00455 00466 4
20100501080000 249 020 231 019 211 024 0709 263 026 178 045 0704 0000 0290 0295 0742 0289 0701 042 038 0733 168 0148 10048 10057 0701 10048 0800 0351 0397 0701 0351 0800 0393 0426 0701 0393 0800 0331 0279 0232 0200 0163 0147 0133 0140 //// 10102 ///// ///// ////
000000000000000000000000000000000000000000000000000000000000000000000000000000000000000000000000000000000000000000000000=
58100 333900 1151000 00414 00424 4
20100501080000 189 015 201 020 196 034 0743 144 018 221 052 0743 0000 0283 0288 0719 0278 0742 044 041 0703 169 0149 10054 10064 0702 10054 0800 0352 0368 0713 0334 0743 0460 0506 0701 0452 0743 0358 0306 0258 0220 0170 0151 0138 0141 //// 10104 ///// ///// ////
000000000000000000000000000000000000000000000000000000000000000000000000000000000000000000000000000000000000000000000000=
57089 340200 1135200 00668 00681 4
20100501080000 177 006 191 012 205 025 0704 153 015 195 051 0714 0000 0288 0291 0740 0285 0715 046 039 0702 182 0160 10018 10025 0705 10018 0800 0356 0383 0704 0352 0756 0400 0440 0701 0398 0758 0301 0259 0227 0202 0153 0135 0127 0132 //// 10097 ///// ///// ////
000000000000000000000000000000000000000000000000000000000000000000000000000000000000000000000000000000000000000000000000=
57297 320800 1140300 01145 01154 4
20100501080000 252 016 264 026 214 034 0731 254 020 263 060 0752 0000 0305 0307 0748 0298 0716 034 033 0733 148 0129 09972 09979 0701 09972 0800 0403 0436 0702 0396 0740 0476 0528 0702 0476 0800 0363 0311 0267 0231 0176 0157 0140 //// //// 10106 ///// ///// ////
000000000000000000000000000000000000000000000000000000000000000000000000000000000000000000000000000000000000000000000000=
57296 322100 1144400 00489 00501 4
20100501080000 252 020 256 023 257 025 0758 254 032 234 045 0747 0000 0304 0304 0800 0297 0701 036 035 0757 156 0137 10048 10054 0701 10048 0800 0338 0363 0716 0338 0800 0436 0488 0707 0436 0800 0333 0280 0234 0206 0173 0153 0136 0133 //// 10107 ///// ///// ////
000000000000000000000000000000000000000000000000000000000000000000000000000000000000000000000000000000000000000000000000=
57396 313800 1145100 01287 01297 4
20100501080000 190 056 199 049 199 049 0800 195 061 200 075 0738 0000 0296 0301 0701 0296 0800 031 029 0706 129 0107 09959 09964 0701 09959 0800 0349 0386 0701 0347 0753 0426 0482 0702 0426 0800 0342 0290 0245 0209 0178 0151 //// //// //// 10110 ///// ///// ////
000000000000000000000000000000000000000000000000000000000000000000000000000000000000000000000000000000000000000000000000=
58301 314900 1152300 00916 00929 4
20100501080000 238 033 222 029 211 037 0701 257 029 206 052 0724 0000 0312 0313 0748 0308 0708 026 024 0723 118 0094 09998 10006 0701 09998 0800 0283 0305 0701 0283 0800 0424 0468 0713 0424 0800 0333 0291 0254 0224 0180 0160 0138 0134 //// 10106 ///// ///// ////
000000000000000000000000000000000000000000000000000000000000000000000000000000000000000000000000000000000000000000000000=
57390 314800 1140400 07335 07347 4
20100501080000 219 044 218 045 217 049 0754 220 040 208 092 0747 0000 0248 0255 0702 0248 0800 049 045 0707 153 0134 09296 09302 0704 09296 0800 0308 0339 0704 0305 0759 0377 0433 0701 0376 0759 0319 0271 0224 0188 0145 0127 //// //// //// 10119 ///// ///// ////
000000000000000000000000000000000000000000000000000000000000000000000000000000000000000000000000000000000000000000000000=
58207 321000 1150300 00428 00440 4
20100501080000 239 013 241 019 250 034 0740 248 013 234 050 0733 0000 0309 0309 0800 0303 0705 034 031 0722 152 0132 10051 10060 0701 10051 0800 0372 0394 0701 0367 0740 0319 0324 0701 0319 0800 0480 0260 0221 0195 0150 0143 0133 0139 //// 10102 ///// ///// ////
000000000000000000000000000000000000000000000000000000000000000000000000000000000000000000000000000000000000000000000000=
58205 322800 1152600 00349 00360 4
20100501080000 185 013 245 015 270 024 0711 054 006 268 034 0711 0000 0304 0305 0758 0298 0701 036 036 0800 156 0137 10065 10073 0701 10065 0800 0354 0373 0727 0348 0759 0335 0354 0701 0334 0759 0316 0295 0272 0250 0168 0152 0137 0126 //// 10107 ///// ///// ////
000000000000000000000000000000000000000000000000000000000000000000000000000000000000000000000000000000000000000000000000=
57299 320100 1145400 00494 00506 4
20100501080000 244 039 243 037 239 039 0727 245 048 271 061 0701 0000 0305 0308 0745 0304 0715 030 029 0729 131 0110 10045 10052 0701 10045 0800 0360 0393 0705 0360 0800 0415 0460 0701 0415 0800 0354 0329 0300 0271 0176 0151 0133 0131 //// 10104 ///// ///// ////
000000000000000000000000000000000000000000000000000000000000000000000000000000000000000000000000000000000000000000000000=
53997 350900 1141100 00711 00723 4
20100501080000 190 013 192 018 212 028 0703 200 011 192 038 0737 0000 0292 0292 0800 0287 0701 029 026 0729 118 0094 10004 10014 0701 10004 0800 0363 0398 0701 0356 0752 0410 0453 0701 0410 0759 0304 0262 0217 0192 0144 0133 0121 0125 //// 10088 ///// ///// ////
000000000000000000000000000000000000000000000000000000000000000000000000000000000000000000000000000000000000000000000000=
53994 352300 1140400 00700 00712 4
20100501080000 202 023 204 023 203 029 0705 214 024 261 050 0714 0000 0298 0304 0728 0298 0800 029 024 0725 122 0099 10006 10012 0701 10006 0800 0394 0421 0722 0388 0750 0481 0532 0703 0477 0757 0339 0280 0233 0193 0143 0129 0121 0129 //// 10089 ///// ///// ////
000000000000000000000000000000000000000000000000000000000000000000000000000000000000000000000000000000000000000000000000=
53985 352700 1134900 00964 00979 4
20100501080000 315 011 317 010 278 018 0715 209 012 237 037 0714 0000 0298 0299 0705 0296 0718 027 023 0724 113 0088 09974 09982 0701 09974 0800 0352 0380 0703 0346 0755 0434 0478 0703 0426 0755 0282 0250 0210 0185 0152 0134 0118 0122 //// 10088 ///// ///// ////
000000000000000000000000000000000000000000000000000000000000000000000000000000000000000000000000000000000000000000000000=
53983 350200 1142500 00696 00708 4
20100501080000 222 013 228 013 231 020 0708 242 014 217 032 0713 0000 0304 0305 0735 0297 0709 029 023 0724 126 0104 10008 10016 0701 10008 0800 0313 0409 0701 0313 0800 0462 0507 0701 0462 0800 0346 0290 0248 0217 0133 0125 0117 0126 //// 10091 ///// ///// ////
000000000000000000000000000000000000000000000000000000000000000000000000000000000000000000000000000000000000000000000000=
57171 334600 1130700 01420 01430 4
20100501080000 152 041 153 040 153 040 0800 158 040 149 052 0759 0000 0285 0290 0739 0285 0800 046 042 0703 179 0158 09926 09934 0701 09926 0800 0336 0367 0713 0336 0800 0382 0432 0701 0381 0759 0328 0271 0233 0207 0175 0158 0141 0137 //// 10092 ///// ///// ////
000000000000000000000000000000000000000000000000000000000000000000000000000000000000000000000000000000000000000000000000=
57093 345100 1144900 00733 00740 4
20100501080000 185 022 192 032 206 039 0757 197 025 225 056 0726 0000 0284 0290 0736 0283 0710 035 033 0727 135 0115 10008 10016 0701 10008 0800 0350 0373 0723 0345 0759 0418 0479 0701 0417 0758 0318 0264 0220 0185 0154 0135 0122 0124 //// 10094 ///// ///// ////
000000000000000000000000000000000000000000000000000000000000000000000000000000000000000000000000000000000000000000000000=
53972 350700 1125500 01196 01210 4
20100501080000 239 022 215 022 230 027 0705 235 027 240 043 0704 0000 0298 0300 0735 0290 0701 027 025 0752 113 0088 09940 09952 0701 09940 0800 0303 0327 0701 0303 0800 0448 0500 0701 0448 0800 0300 0262 0228 0198 0154 0142 0133 0139 //// 10080 ///// ///// ////
000000000000000000000000000000000000000000000000000000000000000000000000000000000000000000000000000000000000000000000000=
53898 360300 1142400 00629 00638 4
20100501080000 162 044 163 041 165 043 0755 173 025 158 071 0717 0000 0291 0294 0740 0289 0753 023 015 0732 093 0059 10008 10018 0701 10008 0759 0430 0477 0706 0420 0751 0444 0497 0706 0444 0753 0298 0254 0213 0182 0130 0119 0111 0119 //// 10083 ///// ///// ////
000000000000000000000000000000000000000000000000000000000000000000000000000000000000000000000000000000000000000000000000=
NNNN
