57090 344300 1135800 00781 00802 4
20100501090000 157 022 164 020 164 030 0849 173 017 189 067 0833 0000 0289 0299 0801 0289 0900 039 028 0806 155 0136 09992 09995 0801 09991 0859 0327 0365 0801 0322 0851 0374 0433 0801 0374 0900 0311 0277 0246 0221 0176 0151 0128 0131 //// 10086 ///// ///// ////
000000000000000000000000000000000000000000000000000000000000000000000000000000000000000000000000000000000000000000000000=
57083 344300 1133900 01104 01116 4
20100501090000 162 038 164 041 159 049 0825 155 044 169 070 0819 0000 0293 0299 0801 0293 0900 030 028 0856 122 0099 09951 09954 0814 09951 0900 0319 0421 0801 0319 0900 0342 0405 0801 0342 0900 0295 0268 0235 0208 0149 0136 0127 0130 0004 10081 ///// ///// ////
000000000000000000000000000000000000000000000000000000000000000000000000000000000000000000000000000000000000000000000000
160 000 000 000 //// //////////////////////// /// 0000 6///1 0//// 7//// 1//// 2//// 3//// /// /// /// // 911// 915// 919// 934// 939//=
57086 342300 1134300 01166 01168 4
20100501090000 184 032 182 034 183 034 0859 156 033 173 058 0844 0000 0277 0285 0802 0277 0900 049 034 0810 182 0160 09954 09960 0801 09954 0856 0271 0293 0801 0271 0858 0350 0408 0801 0350 0900 0302 0266 0230 0201 0161 0135 0122 0123 //// 10090 ///// ///// ////
000000000000000000000000000000000000000000000000000000000000000000000000000000000000000000000000000000000000000000000000=
57085 343200 1132000 02599 02648 4
20100501090000 162 023 172 026 177 031 0853 167 019 181 054 0849 0000 0288 0300 0821 0288 0858 031 022 0830 123 0100 09781 09787 0801 09781 0900 0336 0367 0828 0328 0852 0345 0391 0801 0345 0900 0303 0260 0226 0195 0163 0140 0125 0128 //// 10086 ///// ///// ////
000000000000000000000000000000000000000000000000000000000000000000000000000000000000000000000000000000000000000000000000=
57081 344800 1132600 01409 01419 4
20100501090000 143 019 132 023 138 027 0814 156 019 113 047 0853 0000 0307 0312 0805 0305 0831 014 013 0851 062 0002 09915 09920 0801 09914 0855 0318 0389 0803 0318 0900 0366 0424 0801 0366 0900 0315 0279 0244 0205 0148 0138 0125 0122 //// 10079 ///// ///// ////
000000000000000000000000000000000000000000000000000000000000000000000000000000000000000000000000000000000000000000000000=
57080 344400 1125800 01652 01661 4
20100501090000 195 034 200 029 200 029 0900 203 036 212 051 0828 0000 0313 0316 0850 0310 0801 012 012 0900 055 -015 09887 09894 0803 09887 0900 0296 0335 0802 0296 0900 0401 0458 0801 0401 0900 0328 0286 0240 0209 0149 0130 0119 0123 //// 10079 ///// ///// ////
000000000000000000000000000000000000000000000000000000000000000000000000000000000000000000000000000000000000000000000000=
57082 342800 1130100 04271 04284 4
20100501090000 261 015 272 017 327 023 0804 195 013 007 039 0826 0000 0299 0306 0844 0299 0900 013 010 0837 055 -015 09602 09608 0804 09602 0900 0382 0449 0819 0376 0856 0386 0446 0801 0386 0900 0322 0290 0253 0222 0157 0139 0125 //// //// 10088 ///// ///// ////
000000000000000000000000000000000000000000000000000000000000000000000000000000000000000000000000000000000000000000000000=
57290 330000 1140100 00827 00838 4
20100501090000 093 023 089 023 088 023 0859 071 022 097 035 0859 0000 0284 0298 0826 0284 0900 054 044 0823 209 0182 10003 10007 0801 10002 0855 0280 0335 0801 0280 0900 0391 0441 0802 0391 0900 0320 0283 0245 0219 0163 0144 0130 0135 //// 10100 ///// ///// ////
000000000000000000000000000000000000000000000000000000000000000000000000000000000000000000000000000000000000000000000000
140 000 000 000 //// //////////////////////// /// 0000 6///1 0//// 7//// 1//// 2//// 3//// /// /// /// // 911// 915// 919// 934// 939//=
57295 323700 1142100 00785 00802 4
20100501090000 167 020 183 019 205 021 0812 181 021 178 053 0803 0000 0295 0297 0802 0294 0817 041 040 0839 169 0149 10007 10012 0803 10007 0855 0307 0376 0801 0307 0900 0339 0399 0802 0339 0900 0309 0266 0236 0210 0155 0141 0129 0131 //// 10101 ///// ///// ////
000000000000000000000000000000000000000000000000000000000000000000000000000000000000000000000000000000000000000000000000=
57189 330800 1135700 00646 00655 4
20100501090000 190 020 193 020 240 027 0807 201 019 271 046 0822 0000 0285 0295 0817 0285 0900 057 047 0822 222 0192 10021 10025 0803 10021 0858 0266 0286 0819 0266 0900 0337 0380 0801 0337 0900 0295 0266 0240 0216 0146 0134 0124 0127 //// 10098 ///// ///// ////
000000000000000000000000000000000000000000000000000000000000000000000000000000000000000000000000000000000000000000000000=
57194 331700 1141600 00598 00609 4
20100501090000 192 024 173 017 188 028 0823 203 024 198 049 0809 0000 0284 0287 0806 0283 0846 053 050 0818 205 0179 10026 10030 0802 10025 0855 0326 0370 0807 0325 0858 0391 0444 0802 0391 0900 0298 0266 0234 0208 0146 0133 0122 0127 //// 10097 ///// ///// ////
000000000000000000000000000000000000000000000000000000000000000000000000000000000000000000000000000000000000000000000000=
57197 330000 1142000 00489 00545 4
20100501090000 141 019 154 015 179 018 0849 142 019 153 035 0816 0000 0283 0290 0803 0283 0900 059 051 0809 227 0195 10036 10040 0804 10035 0859 0297 0359 0801 0297 0900 0372 0429 0801 0372 0900 0289 0263 0231 0206 0158 0142 0127 0129 //// 10100 ///// ///// ////
000000000000000000000000000000000000000000000000000000000000000000000000000000000000000000000000000000000000000000000000=
57294 325000 1140100 00836 00846 4
20100501090000 050 016 057 016 039 031 0814 052 014 052 048 0813 0000 0287 0293 0801 0287 0859 061 053 0804 240 0204 09997 10000 0801 09997 0841 0344 0375 0807 0344 0900 0388 0438 0801 0388 0900 0305 0265 0225 0196 0148 0141 0127 0126 //// 10096 ///// ///// ////
000000000000000000000000000000000000000000000000000000000000000000000000000000000000000000000000000000000000000000000000=
57292 325800 1143800 00444 00453 4
20100501090000 271 002 248 006 219 020 0801 263 000 212 032 0851 0000 0286 0289 0835 0281 0801 053 050 0856 207 0181 10050 10057 0802 10050 0859 0293 0333 0801 0293 0853 0379 0427 0801 0379 0900 0310 0275 0239 0214 0169 0147 0131 0135 //// 10103 ///// ///// ////
000000000000000000000000000000000000000000000000000000000000000000000000000000000000000000000000000000000000000000000000=
57195 333700 1143700 00466 00476 4
20100501090000 249 017 245 018 252 025 0801 212 017 254 047 0801 0000 0290 0294 0807 0289 0840 044 042 0810 176 0155 10041 10046 0801 10041 0900 0310 0357 0804 0308 0859 0371 0434 0801 0371 0900 0330 0298 0258 0225 0159 0141 0128 0141 //// 10096 ///// ///// ////
000000000000000000000000000000000000000000000000000000000000000000000000000000000000000000000000000000000000000000000000=
57193 334700 1143100 00526 00541 4
20100501090000 219 008 208 009 184 012 0838 243 003 147 039 0816 0000 0274 0281 0801 0274 0858 052 048 0841 190 0167 10036 10041 0803 10036 0900 0267 0285 0802 0263 0834 0293 0342 0804 0285 0857 0285 0267 0242 0214 0162 0143 0130 0132 //// 10099 ///// ///// ////
000000000000000000000000000000000000000000000000000000000000000000000000000000000000000000000000000000000000000000000000
150 000 000 000 //// //////////////////////// /// 0000 6///1 0//// 7//// 1//// 2//// 3//// /// /// /// // 911// 915// 919// 934// 939//=
57099 340400 1145100 00526 00536 4
20100501090000 179 015 200 017 200 023 0825 169 010 181 045 0834 0000 0276 0282 0809 0276 0900 049 047 0813 181 0159 10034 10040 0801 10034 0900 0271 0342 0801 0271 0900 0324 0386 0801 0324 0900 0307 0271 0230 0198 0159 0139 0123 0132 //// 10097 ///// ///// ////
000000000000000000000000000000000000000000000000000000000000000000000000000000000000000000000000000000000000000000000000=
57198 333300 1143700 00463 00473 4
20100501090000 187 024 195 021 197 027 0831 167 032 217 044 0809 0000 0282 0287 0815 0282 0900 050 047 0801 191 0168 10041 10048 0801 10041 0900 0312 0366 0803 0312 0900 0347 0401 0801 0347 0900 0301 0272 0238 0211 0151 0141 0131 0139 //// 10097 ///// ///// ////
000000000000000000000000000000000000000000000000000000000000000000000000000000000000000000000000000000000000000000000000=
58101 335200 1152900 00413 00428 4
20100501090000 238 015 214 020 209 028 0831 288 005 206 053 0823 0000 0274 0280 0815 0274 0859 049 046 0832 179 0157 10052 10057 0801 10052 0852 0272 0341 0801 0272 0900 0353 0413 0801 0353 0900 0297 0254 0216 0190 0148 0137 0125 0131 //// 10103 ///// ///// ////
000000000000000000000000000000000000000000000000000000000000000000000000000000000000000000000000000000000000000000000000=
57098 340500 1142400 00583 00593 4
20100501090000 193 032 194 035 219 041 0801 192 028 184 053 0837 0000 0274 0279 0829 0274 0900 052 048 0808 190 0167 10024 10030 0801 10024 0900 0316 0353 0805 0316 0900 0284 0315 0801 0284 0900 0276 0254 0222 0199 0156 0138 0124 0129 //// 10094 ///// ///// ////
000000000000000000000000000000000000000000000000000000000000000000000000000000000000000000000000000000000000000000000000=
57088 340900 1133000 01161 01177 4
20100501090000 190 025 201 026 194 030 0812 192 022 219 051 0804 0000 0298 0301 0819 0298 0900 030 027 0842 126 0104 09950 09956 0801 09950 0900 0296 0344 0801 0296 0900 0389 0459 0802 0389 0900 0329 0289 0245 0213 0141 0131 0126 0131 //// 10087 ///// ///// ////
000000000000000000000000000000000000000000000000000000000000000000000000000000000000000000000000000000000000000000000000=
57095 340700 1140900 00611 00622 4
20100501090000 153 015 183 016 190 021 0847 167 017 153 038 0840 0000 0288 0296 0817 0288 0900 047 040 0806 186 0164 10017 10023 0801 10017 0900 0280 0355 0801 0280 0900 0374 0439 0801 0374 0900 0316 0269 0245 0215 0154 0138 0125 0129 //// 10090 ///// ///// ////
000000000000000000000000000000000000000000000000000000000000000000000000000000000000000000000000000000000000000000000000=
57089 340200 1135200 00668 00681 4
20100501090000 204 011 198 011 216 027 0816 220 013 206 052 0815 0000 0285 0289 0807 0284 0853 046 042 0812 179 0158 10014 10017 0816 10014 0900 0324 0363 0806 0323 0859 0348 0400 0801 0348 0900 0291 0261 0232 0208 0153 0136 0127 0132 //// 10093 ///// ///// ////
000000000000000000000000000000000000000000000000000000000000000000000000000000000000000000000000000000000000000000000000
120 000 000 000 //// //////////////////////// /// 0000 6///1 0//// 7//// 1//// 2//// 3//// /// /// /// // 911// 915// 919// 934// 939//=
57182 335100 1133000 00805 00814 4
20100501090000 179 031 185 031 188 038 0829 200 032 164 060 0808 0000 0287 0297 0803 0287 0900 048 046 0805 189 0166 09995 09999 0801 09995 0900 0349 0388 0802 0344 0854 0420 0493 0801 0420 0900 0329 0283 0242 0207 0168 0147 0133 0139 //// 10090 ///// ///// ////
000000000000000000000000000000000000000000000000000000000000000000000000000000000000000000000000000000000000000000000000=
57297 320800 1140300 01145 01154 4
20100501090000 209 027 213 026 233 032 0823 220 039 189 055 0857 0000 0296 0307 0809 0296 0900 041 033 0805 170 0150 09968 09972 0801 09968 0852 0341 0408 0809 0340 0859 0405 0476 0802 0405 0900 0346 0309 0272 0238 0178 0157 0140 //// //// 10102 ///// ///// ////
000000000000000000000000000000000000000000000000000000000000000000000000000000000000000000000000000000000000000000000000
150 000 000 000 //// //////////////////////// /// 0000 6///1 0//// 7//// 1//// 2//// 3//// /// /// /// // 911// 915// 919// 934// 939//=
57298 321300 1143300 00554 00562 4
20100501090000 246 016 244 013 217 024 0801 223 017 248 036 0808 0000 0308 0308 0900 0301 0801 036 034 0835 160 0140 10035 10038 0801 10035 0900 0250 0264 0801 0250 0900 0385 0444 0802 0385 0900 0310 0270 0234 0206 0155 0143 0127 0137 //// 10101 ///// ///// ////
000000000000000000000000000000000000000000000000000000000000000000000000000000000000000000000000000000000000000000000000=
58208 321000 1153700 00429 00439 4
20100501090000 303 004 295 007 292 023 0803 295 004 298 030 0809 0000 0301 0302 0823 0295 0836 041 036 0818 175 0154 10051 10057 0803 10051 0900 0362 0392 0820 0340 0836 0369 0414 0801 0369 0900 0327 0298 0266 0236 0171 0157 0141 0142 //// 10102 ///// ///// ////
000000000000000000000000000000000000000000000000000000000000000000000000000000000000000000000000000000000000000000000000
200 000 000 000 //// //////////////////////// /// 0000 6///1 0//// 7//// 1//// 2//// 3//// /// /// /// // 911// 915// 919// 934// 939//=
53989 350300 1135700 00766 00777 4
20100501090000 118 011 150 010 196 021 0819 086 007 189 033 0815 0000 0298 0300 0811 0297 0823 030 029 0815 126 0104 09992 09996 0801 09991 0857 0273 0336 0810 0270 0857 0358 0452 0804 0358 0900 0313 0282 0246 0215 0153 0136 0122 0125 //// 10082 ///// ///// ////
000000000000000000000000000000000000000000000000000000000000000000000000000000000000000000000000000000000000000000000000=
53986 351900 1135300 00732 00740 4
20100501090000 214 028 209 020 205 035 0801 223 020 175 063 0803 0000 0300 0303 0821 0300 0849 023 019 0821 098 0066 09998 10002 0806 09998 0857 0338 0371 0814 0338 0900 0357 0414 0801 0357 0900 0286 0254 0224 0201 0155 0138 0124 0130 //// 10084 ///// ///// ////
000000000000000000000000000000000000000000000000000000000000000000000000000000000000000000000000000000000000000000000000
180 000 000 000 //// //////////////////////// /// 0000 6///1 0//// 7//// 1//// 2//// 3//// /// /// /// // 911// 915// 919// 934// 939//=
53988 351600 1134000 00776 00784 4
20100501090000 195 014 189 012 182 020 0809 211 015 172 032 0809 0000 0297 0301 0801 0297 0900 025 020 0801 104 0076 09987 09993 0801 09987 0900 0318 0378 0801 0299 0849 0361 0452 0801 0358 0857 0309 0275 0237 0208 0142 0131 0122 0128 //// 10078 ///// ///// ////
000000000000000000000000000000000000000000000000000000000000000000000000000000000000000000000000000000000000000000000000=
53998 351200 1143900 00616 00625 4
20100501090000 169 031 187 028 187 028 0900 167 041 167 041 0900 0000 0288 0296 0808 0288 0900 039 025 0801 154 0135 10014 10020 0803 10014 0858 0305 0361 0803 0305 0900 0357 0412 0801 0357 0900 0301 0262 0223 0194 0162 0140 0123 0130 //// 10087 ///// ///// ////
000000000000000000000000000000000000000000000000000000000000000000000000000000000000000000000000000000000000000000000000=
57051 344800 1111200 04099 04117 4
20100501090000 084 006 028 008 355 013 0841 108 008 015 036 0838 0000 0317 0323 0831 0317 0900 013 012 0841 061 -001 09602 09610 0801 09602 0850 0423 0452 0817 0417 0857 0428 0496 0802 0428 0900 0312 0270 0234 0205 0158 0131 0118 0120 //// 10069 ///// ///// ////
000000000000000000000000000000000000000000000000000000000000000000000000000000000000000000000000000000000000000000000000
200 002 000 000 7000 /////////////////////CIE 002 0000 6///1 0//// 7//// 1//// 2//// 3//// /// /// /// // 911// 915// 919// 934// 939//=
57063 344600 1114600 05236 05236 4
20100501090000 108 020 192 011 226 031 0803 128 030 251 043 0831 0000 0306 0307 0831 0302 0801 013 012 0853 057 -009 09487 09493 0801 09487 0900 0317 0408 0804 0317 0900 0410 0474 0801 0410 0900 0298 0252 0205 0173 0117 0110 0103 0111 //// 10084 ///// ///// ////
000000000000000000000000000000000000000000000000000000000000000000000000000000000000000000000000000000000000000000000000=
57067 340300 1110200 05688 05699 4
20100501090000 018 007 038 009 060 017 0810 026 012 060 036 0806 0000 0299 0305 0823 0298 0850 016 014 0855 067 0014 09432 09437 0801 09432 0853 0363 0414 0801 0363 0900 0383 0443 0801 0383 0900 0312 0262 0191 0222 0156 0144 0122 0125 //// 10080 ///// ///// ////
000000000000000000000000000000000000000000000000000000000000000000000000000000000000000000000000000000000000000000000000
200 000 000 000 //// //////////////////////// /// 0000 6///1 0//// 7//// 1//// 2//// 3//// /// /// /// // 911// 915// 919// 934// 939//=
57056 343200 1105300 03904 03909 4
20100501090000 343 012 009 012 013 018 0804 336 017 358 031 0815 0000 0319 0323 0827 0319 0848 013 011 0836 061 0001 09624 09631 0803 09624 0900 0367 0434 0803 0367 0900 0437 0506 0801 0437 0900 0348 0303 0248 0210 0139 0128 0117 0121 //// 10070 ///// ///// ////
000000000000000000000000000000000000000000000000000000000000000000000000000000000000000000000000000000000000000000000000=
58007 340400 1151800 00472 00532 4
20100501090000 204 019 192 021 204 024 0806 164 025 201 046 0816 0000 0272 0276 0810 0271 0858 051 048 0815 184 0162 10037 10043 0801 10037 0900 0275 0328 0802 0275 0900 0321 0384 0801 0321 0900 0286 0252 0219 0194 0144 0136 0126 0132 //// 10100 ///// ///// ////
000000000000000000000000000000000000000000000000000000000000000000000000000000000000000000000000000000000000000000000000=
58006 342300 1155300 00463 00506 4
20100501090000 221 026 220 029 214 032 0829 218 029 232 052 0843 0000 0269 0275 0802 0269 0854 047 046 0808 167 0146 10044 10049 0801 10044 0854 0321 0361 0801 0320 0859 0337 0391 0801 0337 0900 0304 0272 0234 0202 0152 0137 0122 0127 //// 10104 ///// ///// ////
000000000000000000000000000000000000000000000000000000000000000000000000000000000000000000000000000000000000000000000000=
58111 335800 1162700 00325 00325 4
20100501090000 196 031 180 030 175 034 0841 234 022 189 055 0835 0000 0267 0273 0832 0267 0900 045 039 0805 158 0138 10068 10072 0804 10067 0858 0209 0222 0801 0209 0900 0293 0329 0815 0293 0900 0258 0238 0212 0189 0147 0136 0129 0138 //// 10106 ///// ///// ////
000000000000000000000000000000000000000000000000000000000000000000000000000000000000000000000000000000000000000000000000
180 000 000 000 //// //////////////////////// /// 0000 6///1 0//// 7//// 1//// 2//// 3//// /// /// /// // 911// 915// 919// 934// 939//=
58017 341500 1160800 00410 00420 4
20100501090000 208 022 218 027 227 043 0809 139 006 232 069 0807 0000 0275 0279 0827 0274 0842 045 041 0809 165 0145 10050 10055 0801 10050 0859 0241 0268 0801 0241 0900 0312 0367 0801 0312 0900 0266 0237 0209 0188 0144 0136 0126 0129 //// 10099 ///// ///// ////
000000000000000000000000000000000000000000000000000000000000000000000000000000000000000000000000000000000000000000000000=
58001 342600 1150600 00563 00569 4
20100501090000 236 032 219 027 221 036 0801 243 035 215 061 0824 0000 0270 0273 0807 0269 0841 052 051 0809 185 0163 10028 10032 0802 10028 0854 0283 0310 0807 0283 0848 0315 0354 0801 0315 0900 0280 0248 0216 0187 0143 0127 0117 0126 //// 10095 ///// ///// ////
000000000000000000000000000000000000000000000000000000000000000000000000000000000000000000000000000000000000000000000000=
58005 342700 1154000 00501 00511 4
20100501090000 215 041 220 040 220 040 0900 209 028 228 066 0814 0000 0274 0283 0825 0274 0900 044 037 0827 161 0141 10037 10042 0801 10037 0900 0294 0351 0824 0294 0900 0345 0414 0801 0345 0900 0284 0254 0220 0193 0143 0131 0125 0133 0004 10097 ///// ///// ////
000000000000000000000000000000000000000000000000000000000000000000000000000000000000000000000000000000000000000000000000
150 000 000 000 //// //////////////////////// /// 0000 6///1 0//// 7//// 1//// 2//// 3//// /// /// /// // 911// 915// 919// 934// 939//=
58008 342800 1152000 00544 00592 4
20100501090000 223 019 208 024 193 036 0813 203 022 223 066 0812 0000 0274 0281 0801 0273 0848 047 046 0823 172 0151 10026 10030 0801 10026 0855 0319 0365 0801 0317 0859 0335 0382 0801 0335 0900 0285 0253 0224 0191 0140 0132 0122 0129 //// 10096 ///// ///// ////
000000000000000000000000000000000000000000000000000000000000000000000000000000000000000000000000000000000000000000000000=
58004 343900 1150900 00606 00616 4
20100501090000 249 016 215 017 238 025 0809 240 011 220 048 0825 0000 0279 0282 0838 0279 0831 047 044 0815 177 0156 10022 10025 0802 10021 0858 0329 0356 0803 0329 0900 0339 0396 0801 0339 0900 0307 0280 0240 0212 0153 0136 0126 0129 //// 10094 ///// ///// ////
000000000000000000000000000000000000000000000000000000000000000000000000000000000000000000000000000000000000000000000000=
54817 355900 1155200 00421 00434 4
20100501090000 185 023 197 022 189 032 0830 184 040 173 055 0824 0000 0272 0276 0801 0270 0829 033 029 0836 119 0095 10038 10043 0801 10038 0856 0249 0277 0801 0249 0900 0367 0427 0801 0367 0900 0293 0256 0220 0186 0131 0118 0110 0114 //// 10089 ///// ///// ////
000000000000000000000000000000000000000000000000000000000000000000000000000000000000000000000000000000000000000000000000=
54902 355400 1150700 00495 00499 4
20100501090000 182 042 184 034 186 039 0810 189 033 187 065 0849 0000 0274 0280 0801 0274 0900 032 031 0814 117 0093 10025 10030 0802 10025 0856 0314 0350 0801 0313 0856 0370 0444 0801 0370 0900 0300 0264 0224 0191 0136 0116 0110 0115 //// 10083 ///// ///// ////
000000000000000000000000000000000000000000000000000000000000000000000000000000000000000000000000000000000000000000000000=
54900 354200 1150100 00537 00541 4
20100501090000 186 024 183 026 197 035 0834 184 023 201 052 0832 0000 0282 0288 0822 0281 0859 032 027 0822 122 0100 10023 10028 0802 10023 0859 0296 0333 0801 0296 0859 0367 0422 0801 0367 0900 0299 0262 0222 0190 0152 0128 0114 0114 //// 10086 ///// ///// ////
000000000000000000000000000000000000000000000000000000000000000000000000000000000000000000000000000000000000000000000000=
54901 360500 1151000 00475 00478 4
20100501090000 155 044 159 038 166 042 0817 153 048 147 057 0826 0000 0267 0275 0801 0267 0900 040 035 0805 140 0120 10028 10033 0801 10028 0851 0281 0316 0801 0281 0900 0331 0390 0801 0331 0900 0291 0257 0221 0191 0150 0131 0114 0114 //// 10084 ///// ///// ////
000000000000000000000000000000000000000000000000000000000000000000000000000000000000000000000000000000000000000000000000=
54903 355100 1152900 00457 00506 4
20100501090000 212 019 202 026 203 031 0840 209 025 209 053 0821 0000 0279 0281 0821 0277 0842 028 024 0851 105 0077 10028 10033 0801 10028 0858 0310 0341 0805 0309 0857 0358 0409 0801 0358 0900 0290 0253 0216 0188 0146 0127 0117 0116 //// 10087 ///// ///// ////
000000000000000000000000000000000000000000000000000000000000000000000000000000000000000000000000000000000000000000000000=
57184 333800 1132200 00834 00847 4
20100501090000 181 015 177 016 198 027 0812 218 011 201 059 0811 0000 0286 0289 0808 0285 0832 049 043 0806 192 0168 09992 09995 0801 09991 0826 0260 0270 0803 0260 0859 0404 0448 0803 0400 0852 0332 0290 0256 0222 0135 0131 0125 0132 //// 10091 ///// ///// ////
000000000000000000000000000000000000000000000000000000000000000000000000000000000000000000000000000000000000000000000000=
57177 332000 1133200 00898 00913 4
20100501090000 207 029 211 029 209 038 0812 212 027 220 061 0810 0000 0292 0296 0801 0291 0855 040 036 0810 162 0142 09987 09991 0801 09986 0839 0339 0380 0806 0338 0851 0339 0385 0801 0339 0900 0282 0274 0230 0214 0158 0142 0129 0125 //// 10094 ///// ///// ////
000000000000000000000000000000000000000000000000000000000000000000000000000000000000000000000000000000000000000000000000=
57075 341000 1125200 02031 02043 4
20100501090000 131 024 133 026 121 030 0830 136 021 126 043 0826 0000 0276 0286 0801 0276 0900 047 037 0806 174 0153 09854 09859 0801 09853 0834 0339 0383 0803 0336 0857 0374 0453 0806 0373 0858 0329 0293 0254 0222 0184 0156 0131 0126 //// 10091 ///// ///// ////
000000000000000000000000000000000000000000000000000000000000000000000000000000000000000000000000000000000000000000000000=
57173 334500 1125300 01457 01468 4
20100501090000 193 032 188 032 188 037 0855 232 037 184 060 0849 0000 0289 0302 0825 0289 0900 043 029 0825 171 0151 09917 09920 0801 09916 0834 0326 0372 0816 0325 0854 0410 0480 0804 0408 0858 0323 0287 0250 0217 0159 0143 0129 0135 //// 10088 ///// ///// ////
000000000000000000000000000000000000000000000000000000000000000000000000000000000000000000000000000000000000000000000000=
57180 335900 1131200 01175 01186 4
20100501090000 164 019 179 021 221 029 0802 147 019 178 040 0817 0000 0295 0298 0806 0295 0900 032 028 0821 132 0111 09949 09956 0801 09949 0900 0356 0375 0806 0348 0855 0421 0489 0805 0421 0900 0339 0298 0253 0213 0154 0140 0128 0133 //// 10087 ///// ///// ////
000000000000000000000000000000000000000000000000000000000000000000000000000000000000000000000000000000000000000000000000=
57181 335300 1130300 01364 01380 4
20100501090000 158 033 164 037 153 040 0839 128 022 142 063 0835 0000 0280 0288 0801 0279 0858 052 044 0801 197 0172 09934 09938 0801 09933 0847 0260 0289 0801 0260 0900 0383 0461 0801 0383 0900 0340 0305 0259 0221 0163 0143 0129 0132 //// 10096 ///// ///// ////
000000000000000000000000000000000000000000000000000000000000000000000000000000000000000000000000000000000000000000000000
150 000 000 000 //// //////////////////////// /// 0000 6///1 0//// 7//// 1//// 2//// 3//// /// /// /// // 911// 915// 919// 934// 939//=
57175 330300 1121400 01914 01922 4
20100501090000 170 036 152 031 152 031 0900 178 032 133 049 0846 0000 0267 0280 0801 0267 0900 064 054 0801 224 0193 09877 09881 0802 09877 0834 0271 0307 0801 0271 0900 0391 0452 0801 0391 0900 0329 0291 0249 0218 0155 0143 0132 0139 //// 10101 ///// ///// ////
000000000000000000000000000000000000000000000000000000000000000000000000000000000000000000000000000000000000000000000000=
57156 331800 1113000 02503 02523 4
20100501090000 131 026 138 023 157 034 0805 133 024 139 058 0819 0000 0303 0303 0900 0297 0801 030 030 0850 129 0108 09798 09799 0801 09796 0838 0300 0327 0810 0300 0900 0376 0432 0805 0376 0900 0316 0283 0247 0218 0174 0155 0137 0143 //// 10088 ///// ///// ////
000000000000000000000000000000000000000000000000000000000000000000000000000000000000000000000000000000000000000000000000
250 000 000 000 //// //////////////////////// /// 0000 6///1 0//// 7//// 1//// 2//// 3//// /// /// /// // 911// 915// 919// 934// 939//=
57271 323300 1122300 00879 00897 4
20100501090000 184 034 187 038 188 039 0858 184 039 198 059 0844 0000 0282 0284 0809 0282 0821 056 053 0820 214 0186 09994 09996 0803 09993 0859 0330 0364 0812 0330 0857 0391 0441 0801 0390 0859 0323 0291 0257 0229 0159 0141 0134 0139 //// 10099 ///// ///// ////
000000000000000000000000000000000000000000000000000000000000000000000000000000000000000000000000000000000000000000000000=
57261 330700 1113100 02330 02345 4
20100501090000 317 021 315 023 310 028 0856 327 029 327 041 0854 0000 0302 0307 0803 0301 0856 035 029 0807 150 0131 09812 09814 0801 09810 0827 0380 0425 0801 0380 0900 0409 0466 0801 0409 0900 0331 0299 0265 0234 0187 0165 0147 //// //// 10082 ///// ///// ////
000000000000000000000000000000000000000000000000000000000000000000000000000000000000000000000000000000000000000000000000=
57285 322300 1132500 01530 01492 4
20100501090000 186 019 184 024 213 029 0803 088 008 167 073 0833 0000 0302 0306 0821 0302 0900 034 033 0852 146 0126 09927 09932 0801 09927 0857 0259 0313 0801 0259 0900 0380 0425 0801 0380 0900 0333 0302 0267 0236 0152 0139 0129 0135 //// 10100 ///// ///// ////
000000000000000000000000000000000000000000000000000000000000000000000000000000000000000000000000000000000000000000000000
150 000 000 000 //// //////////////////////// /// 0000 6///1 0//// 7//// 1//// 2//// 3//// /// /// /// // 911// 915// 919// 934// 939//=
57273 324100 1125100 01095 01105 4
20100501090000 254 029 252 027 215 034 0805 257 026 237 063 0803 0000 0288 0288 0859 0284 0806 044 044 0855 174 0153 09970 09973 0808 09970 0828 0283 0305 0804 0283 0900 0384 0435 0802 0384 0900 0318 0285 0248 0219 0164 0148 0134 0138 //// 10099 ///// ///// ////
000000000000000000000000000000000000000000000000000000000000000000000000000000000000000000000000000000000000000000000000=
57187 330400 1125600 01180 01193 4
20100501090000 187 019 200 021 214 031 0806 164 018 200 045 0806 0000 0279 0280 0822 0277 0809 052 047 0817 195 0171 09951 09957 0801 09951 0900 0328 0364 0804 0328 0900 0371 0422 0801 0371 0900 0319 0272 0248 0222 0176 0153 0137 0136 //// 10090 ///// ///// ////
000000000000000000000000000000000000000000000000000000000000000000000000000000000000000000000000000000000000000000000000=
57178 330200 1123500 01292 01305 4
20100501090000 122 029 140 025 173 025 0825 104 025 164 041 0821 0000 0278 0284 0809 0278 0900 052 045 0801 194 0170 09949 09952 0807 09948 0839 0346 0395 0803 0346 0859 0386 0458 0804 0386 0900 0305 0275 0244 0219 0161 0144 0133 0134 0001 10101 ///// ///// ////
000000000000000000000000000000000000000000000000000000000000000000000000000000000000000000000000000000000000000000000000
250 000 000 000 //// //////////////////////// /// 0000 6///1 0//// 7//// 1//// 2//// 3//// /// /// /// // 911// 915// 919// 934// 939//=
57169 330300 1115200 01591 01600 4
20100501090000 141 047 136 046 138 047 0834 139 045 136 064 0829 0000 0270 0285 0809 0270 0900 064 055 0802 228 0196 09910 09912 0802 09907 0845 0280 0319 0801 0280 0900 0376 0436 0801 0376 0900 0323 0286 0254 0222 0177 0148 0132 0135 //// 10096 ///// ///// ////
000000000000000000000000000000000000000000000000000000000000000000000000000000000000000000000000000000000000000000000000=
57176 332900 1122500 02311 02304 4
20100501090000 163 025 162 032 125 047 0824 178 034 122 075 0818 0000 0277 0283 0805 0277 0857 048 043 0806 178 0157 09835 09837 0807 09833 0845 0313 0337 0806 0310 0858 0363 0411 0802 0363 0900 0323 0294 0264 0236 0177 0157 0138 0137 //// 10102 ///// ///// ////
000000000000000000000000000000000000000000000000000000000000000000000000000000000000000000000000000000000000000000000000=
57179 331700 1130000 01604 01616 4
20100501090000 204 035 206 030 202 037 0823 206 039 187 056 0803 0000 0276 0278 0814 0274 0839 054 051 0818 199 0175 09913 09918 0801 09913 0859 0344 0387 0801 0330 0844 0373 0424 0801 0373 0900 0307 0271 0239 0215 0165 0143 0128 0134 //// 10101 ///// ///// ////
000000000000000000000000000000000000000000000000000000000000000000000000000000000000000000000000000000000000000000000000=
57274 324200 1120700 01076 01088 4
20100501090000 158 030 154 034 159 041 0829 130 040 150 066 0822 0000 0275 0279 0801 0275 0850 055 054 0803 202 0177 09968 09972 0806 09968 0858 0303 0329 0801 0303 0900 0378 0427 0801 0378 0900 0331 0302 0270 0239 0192 0174 0147 0144 //// 10095 ///// ///// ////
000000000000000000000000000000000000000000000000000000000000000000000000000000000000000000000000000000000000000000000000=
57074 342500 1122500 01973 01989 4
20100501090000 154 012 140 010 165 015 0846 175 009 173 044 0846 0000 0312 0318 0808 0312 0848 020 016 0836 091 0056 09853 09858 0801 09852 0855 0358 0403 0808 0351 0857 0414 0483 0801 0412 0857 0328 0288 0245 0211 0154 0140 0128 0129 //// 10082 ///// ///// ////
000000000000000000000000000000000000000000000000000000000000000000000000000000000000000000000000000000000000000000000000=
57076 344400 1124700 01895 01901 4
20100501090000 179 031 182 029 207 031 0801 181 034 200 049 0818 0000 0304 0305 0827 0301 0801 015 013 0817 065 0009 09855 09863 0801 09855 0900 0286 0321 0801 0286 0900 0379 0441 0801 0379 0900 0309 0272 0226 0194 0149 0132 0120 0125 //// 10074 ///// ///// ////
000000000000000000000000000000000000000000000000000000000000000000000000000000000000000000000000000000000000000000000000=
57070 344400 1120700 03640 03595 4
20100501090000 165 028 167 032 160 046 0835 170 046 167 074 0828 0000 0305 0312 0809 0305 0900 016 015 0858 070 0019 09665 09669 0801 09665 0857 0366 0405 0801 0366 0900 0400 0462 0801 0400 0900 0303 0252 0213 0186 0160 0136 0121 0125 //// 10076 ///// ///// ////
000000000000000000000000000000000000000000000000000000000000000000000000000000000000000000000000000000000000000000000000=
57162 340900 1120500 03258 03275 4
20100501090000 110 008 090 008 096 017 0828 077 006 114 027 0805 0000 0314 0314 0900 0306 0805 013 013 0900 060 -003 09704 09711 0801 09704 0900 0326 0349 0805 0326 0859 0443 0498 0801 0443 0900 0339 0291 0250 0216 0153 0140 0127 0134 //// 10078 ///// ///// ////
000000000000000000000000000000000000000000000000000000000000000000000000000000000000000000000000000000000000000000000000=
57078 340900 1122800 03365 03340 4
20100501090000 068 026 068 025 067 027 0854 054 021 068 044 0845 0000 0290 0299 0830 0290 0900 029 023 0835 116 0092 09703 09708 0801 09703 0859 0350 0442 0801 0350 0900 0384 0450 0801 0384 0900 0335 0297 0252 0213 0141 0131 0123 0124 //// 10086 ///// ///// ////
000000000000000000000000000000000000000000000000000000000000000000000000000000000000000000000000000000000000000000000000=
57071 344900 1122600 03333 03332 4
20100501090000 077 036 076 032 085 041 0821 060 033 097 063 0802 0000 0290 0295 0802 0290 0849 023 020 0819 092 0058 09699 09705 0801 09699 0854 0334 0378 0802 0334 0900 0386 0447 0801 0386 0900 0306 0266 0229 0200 0166 0137 0120 0123 //// 10081 ///// ///// ////
000000000000000000000000000000000000000000000000000000000000000000000000000000000000000000000000000000000000000000000000
200 000 000 000 //// //////////////////////// /// 0000 6///1 0//// 7//// 1//// 2//// 3//// /// /// /// // 911// 915// 919// 934// 939//=
57066 342300 1114000 03283 03298 4
20100501090000 000 000 000 000 167 007 0832 091 000 105 018 0826 0000 0310 0319 0804 0310 0900 016 015 0830 072 0023 09696 09702 0801 09696 0900 0252 0281 0839 0252 0900 0334 0416 0820 0334 0900 0284 0236 0194 0170 0146 0134 0120 0120 //// 10073 ///// ///// ////
000000000000000000000000000000000000000000000000000000000000000000000000000000000000000000000000000000000000000000000000=
57077 334700 1113900 07424 07388 4
20100501090000 084 039 084 029 304 035 0801 060 042 094 051 0856 0000 0290 0302 0827 0290 0900 013 009 0833 052 -022 09259 09263 0808 09259 0900 0324 0377 0802 0324 0900 0390 0454 0802 0390 0900 0310 0267 0224 0192 0147 0125 0112 0117 //// 10088 ///// ///// ////
000000000000000000000000000000000000000000000000000000000000000000000000000000000000000000000000000000000000000000000000
300 001 001 001 1300 //////////////////FCBCUU 100 0000 6///1 0//// 7//// 1//// 2//// 3//// /// /// /// // 911// 915// 919// 934// 939//=
57183 334800 1135500 00600 00615 4
20100501090000 202 023 211 020 217 028 0818 212 025 218 043 0841 0000 0280 0282 0827 0279 0848 057 052 0805 215 0187 10021 10025 0801 10020 0859 0316 0326 0853 0299 0824 0328 0416 0801 0326 0846 0285 0259 0231 0207 0168 0143 0126 0125 //// 10093 ///// ///// ////
000000000000000000000000000000000000000000000000000000000000000000000000000000000000000000000000000000000000000000000000=
57186 333600 1140300 00587 00598 4
20100501090000 195 029 196 029 202 036 0820 193 026 190 052 0852 0000 0281 0286 0801 0281 0900 053 047 0816 201 0176 10023 10028 0801 10023 0900 0326 0378 0803 0326 0900 0379 0445 0801 0379 0900 0310 0271 0234 0209 0168 0148 0132 0136 //// 10093 ///// ///// ////
000000000000000000000000000000000000000000000000000000000000000000000000000000000000000000000000000000000000000000000000=
57094 342400 1141300 00674 00685 4
20100501090000 192 017 199 018 206 025 0812 166 018 252 047 0830 0000 0279 0285 0824 0279 0900 045 043 0831 169 0149 10007 10012 0801 10007 0900 0352 0419 0801 0322 0853 0362 0427 0801 0362 0900 0311 0282 0251 0220 0166 0149 0128 0129 //// 10087 ///// ///// ////
000000000000000000000000000000000000000000000000000000000000000000000000000000000000000000000000000000000000000000000000=
57191 342900 1142900 00634 00642 4
20100501090000 191 013 183 015 186 018 0857 260 014 226 044 0856 0000 0284 0296 0806 0284 0900 047 035 0804 182 0160 10017 10023 0801 10017 0900 0263 0357 0801 0263 0856 0303 0421 0801 0303 0858 0300 0281 0250 0220 0157 0138 0123 0127 //// 10092 ///// ///// ////
000000000000000000000000000000000000000000000000000000000000000000000000000000000000000000000000000000000000000000000000=
57096 343200 1144700 00597 00607 4
20100501090000 207 026 208 025 207 030 0808 198 027 170 061 0801 0000 0283 0288 0802 0283 0900 045 042 0822 173 0152 10019 10022 0801 10018 0841 0273 0309 0801 0273 0900 0355 0417 0801 0355 0900 0315 0275 0227 0196 0151 0136 0125 0129 //// 10090 ///// ///// ////
000000000000000000000000000000000000000000000000000000000000000000000000000000000000000000000000000000000000000000000000=
57091 344700 1141800 00737 00748 4
20100501090000 188 027 186 031 210 039 0848 187 024 192 063 0810 0000 0286 0292 0803 0284 0850 034 032 0801 133 0112 09999 10002 0801 09999 0900 0270 0300 0802 0270 0858 0342 0405 0801 0342 0900 0308 0269 0230 0192 0155 0138 0124 0120 //// 10086 ///// ///// ////
000000000000000000000000000000000000000000000000000000000000000000000000000000000000000000000000000000000000000000000000
160 000 000 000 //// //////////////////////// /// 0000 6///1 0//// 7//// 1//// 2//// 3//// /// /// /// // 911// 915// 919// 934// 939//=
53978 350500 1123800 01401 01409 4
20100501090000 193 016 183 019 177 029 0816 209 016 164 047 0804 0000 0289 0293 0801 0287 0815 030 030 0900 119 0096 09911 09916 0801 09911 0859 0278 0298 0801 0278 0900 0372 0425 0801 0372 0900 0301 0266 0229 0201 0134 0127 0123 0130 //// 10075 ///// ///// ////
000000000000000000000000000000000000000000000000000000000000000000000000000000000000000000000000000000000000000000000000=
53984 351400 1132800 00827 00837 4
20100501090000 039 021 038 022 038 022 0859 043 018 043 030 0856 0000 0279 0302 0821 0279 0900 045 024 0804 169 0149 09981 09987 0801 09981 0900 0299 0338 0801 0299 0900 0368 0437 0801 0368 0900 0296 0259 0222 0200 0155 0138 0123 0125 //// 10079 ///// ///// ////
000000000000000000000000000000000000000000000000000000000000000000000000000000000000000000000000000000000000000000000000=
53987 350600 1132500 00910 00918 4
20100501090000 154 011 188 010 254 028 0813 156 009 265 054 0805 0000 0307 0314 0833 0306 0802 023 015 0855 102 0072 09974 09979 0802 09974 0856 0360 0379 0801 0359 0847 0333 0369 0801 0333 0900 0299 0267 0236 0208 0162 0144 0132 0132 //// 10080 ///// ///// ////
000000000000000000000000000000000000000000000000000000000000000000000000000000000000000000000000000000000000000000000000=
57079 345700 1130200 01064 01069 4
20100501090000 213 021 219 021 254 033 0801 212 020 260 041 0812 0000 0302 0306 0805 0301 0843 025 020 0831 107 0080 09946 09953 0801 09946 0900 0356 0364 0827 0347 0844 0371 0431 0801 0371 0900 0276 0246 0216 0192 0164 0144 0127 0125 //// 10070 ///// ///// ////
000000000000000000000000000000000000000000000000000000000000000000000000000000000000000000000000000000000000000000000000=
57072 345500 1124500 01275 01285 4
20100501090000 186 024 188 021 218 036 0806 166 027 214 055 0805 0000 0307 0307 0900 0302 0801 015 013 0850 066 0011 09923 09930 0801 09923 0900 0338 0363 0824 0338 0900 0399 0458 0801 0399 0900 0297 0257 0218 0190 0135 0127 0116 0118 //// 10072 ///// ///// ////
000000000000000000000000000000000000000000000000000000000000000000000000000000000000000000000000000000000000000000000000=
53982 351400 1131600 01120 01135 4
20100501090000 171 014 178 015 211 025 0816 164 010 238 037 0810 0000 0297 0297 0900 0293 0816 023 021 0838 096 0064 09945 09950 0801 09945 0900 0312 0353 0801 0312 0900 0398 0455 0801 0398 0900 0306 0272 0235 0208 0159 0141 0130 0135 //// 10077 ///// ///// ////
000000000000000000000000000000000000000000000000000000000000000000000000000000000000000000000000000000000000000000000000=
53979 350900 1130500 01200 01211 4
20100501090000 174 008 168 012 234 036 0802 228 006 214 054 0802 0000 0294 0296 0838 0290 0801 030 029 0805 123 0100 09938 09942 0801 09938 0900 0302 0339 0805 0302 0900 0427 0478 0804 0427 0900 0326 0282 0243 0211 0145 0138 0128 0133 //// 10078 ///// ///// ////
000000000000000000000000000000000000000000000000000000000000000000000000000000000000000000000000000000000000000000000000=
53992 353900 1143100 00582 00592 4
20100501090000 183 023 183 022 178 032 0829 193 017 195 046 0805 0000 0281 0285 0801 0280 0843 041 032 0802 156 0136 10010 10018 0801 10010 0900 0313 0333 0819 0309 0855 0360 0413 0801 0360 0900 0299 0267 0235 0203 0138 0126 0115 0122 //// 10079 ///// ///// ////
000000000000000000000000000000000000000000000000000000000000000000000000000000000000000000000000000000000000000000000000=
53974 353700 1141100 00723 00739 4
20100501090000 184 023 183 022 201 040 0830 161 025 201 069 0824 0000 0295 0299 0821 0294 0843 023 018 0814 095 0062 09996 10003 0801 09996 0900 0312 0341 0803 0307 0856 0363 0423 0803 0363 0900 0317 0286 0249 0219 0154 0136 0123 0129 //// 10082 ///// ///// ////
000000000000000000000000000000000000000000000000000000000000000000000000000000000000000000000000000000000000000000000000=
53990 354300 1141900 00795 00805 4
20100501090000 164 043 162 041 180 042 0808 161 047 167 057 0804 0000 0265 0279 0801 0265 0900 056 044 0803 194 0170 09986 09992 0801 09985 0852 0311 0359 0802 0311 0900 0369 0448 0802 0369 0900 0313 0277 0235 0207 0166 0138 0117 0115 //// 10081 ///// ///// ////
000000000000000000000000000000000000000000000000000000000000000000000000000000000000000000000000000000000000000000000000=
53991 355600 1142100 00743 00753 4
20100501090000 167 022 160 025 173 029 0818 080 018 170 056 0850 0000 0278 0286 0801 0278 0900 039 030 0801 146 0126 09991 09998 0801 09991 0900 0304 0350 0801 0304 0900 0358 0420 0801 0358 0900 0302 0268 0226 0201 0151 0134 0120 0122 //// 10079 ///// ///// ////
000000000000000000000000000000000000000000000000000000000000000000000000000000000000000000000000000000000000000000000000=
53993 355600 1145500 00516 00524 4
20100501090000 186 022 195 024 214 027 0847 222 025 181 045 0855 0000 0286 0296 0801 0286 0900 025 020 0801 098 0067 10018 10024 0801 10018 0900 0345 0380 0807 0341 0856 0390 0457 0801 0389 0859 0306 0267 0224 0193 0156 0134 0115 0114 //// 10079 ///// ///// ////
000000000000000000000000000000000000000000000000000000000000000000000000000000000000000000000000000000000000000000000000=
53889 360400 1134900 03068 03086 4
20100501090000 214 050 204 048 204 048 0900 188 035 210 090 0856 0000 0286 0299 0801 0286 0900 013 012 0856 051 -025 09719 09722 0801 09719 0900 0317 0355 0805 0313 0859 0381 0457 0801 0381 0900 0344 0321 0298 0272 0140 0121 0120 0107 //// 10075 ///// ///// ////
000000000000000000000000000000000000000000000000000000000000000000000000000000000000000000000000000000000000000000000000=
53995 353300 1143000 00625 00645 4
20100501090000 170 029 169 028 155 034 0807 147 018 150 048 0853 0000 0279 0281 0831 0277 0850 037 035 0802 139 0119 10008 10014 0801 10008 0900 0334 0360 0811 0332 0857 0387 0448 0801 0387 0900 0343 0310 0270 0233 0163 0139 0122 0123 //// 10084 ///// ///// ////
000000000000000000000000000000000000000000000000000000000000000000000000000000000000000000000000000000000000000000000000=
53898 360300 1142400 00629 00638 4
20100501090000 159 030 167 031 163 042 0805 178 047 170 064 0816 0000 0282 0292 0809 0282 0900 032 023 0802 122 0100 10002 10008 0802 10002 0855 0353 0422 0801 0353 0900 0378 0440 0801 0378 0900 0291 0256 0220 0188 0131 0119 0111 0119 //// 10077 ///// ///// ////
000000000000000000000000000000000000000000000000000000000000000000000000000000000000000000000000000000000000000000000000
160 000 000 000 //// //////////////////////// /// 0000 6///1 0//// 7//// 1//// 2//// 3//// /// /// /// // 911// 915// 919// 934// 939//=
NNNN
