57090 344300 1135800 00781 00802 4
20100503040000 179 036 179 032 164 039 0335 181 018 181 079 0342 0000 0302 0302 0354 0292 0301 048 047 0356 206 0180 09964 09970 0302 09964 0400 0422 0424 0352 0375 0321 0531 0532 0352 0470 0321 0309 0258 0230 0217 0194 0162 0131 0131 //// 10055 ///// ///// ////
000000000000000000000000000000000000000000000000000000000000000000000000000000000000000000000000000000000000000000000000=
57083 344300 1133900 01104 01116 4
20100503040000 162 051 157 042 171 048 0337 177 076 189 076 0337 0000 0311 0311 0400 0299 0301 041 041 0400 185 0163 09921 09927 0301 09921 0400 0537 0560 0323 0493 0301 0481 0484 0359 0428 0301 0304 0257 0227 0210 0168 0143 0129 0130 0002 10047 ///// ///// ////
000000000000000000000000000000000000000000000000000000000000000000000000000000000000000000000000000000000000000000000000
140 007 000 /// //// /////////////////////CIE /// //// 6///1 0//// 7//// 1//// 2//// 3//// /// /// /// // 911// 915// 919// 934// 939//=
57086 342300 1134300 01166 01168 4
20100503040000 191 047 177 043 178 044 0359 195 055 198 079 0332 0000 0290 0290 0400 0277 0301 054 054 0351 216 0188 09923 09930 0305 09923 0400 0367 0394 0332 0364 0359 0470 0472 0356 0420 0301 0306 0250 0220 0204 0180 0144 0124 0124 //// 10056 ///// ///// ////
000000000000000000000000000000000000000000000000000000000000000000000000000000000000000000000000000000000000000000000000=
57085 343200 1132000 02599 02648 4
20100503040000 185 050 201 043 205 052 0330 192 063 212 100 0324 0000 0296 0297 0357 0290 0314 045 045 0358 187 0164 09753 09760 0325 09752 0359 0378 0382 0320 0349 0312 0440 0440 0400 0397 0312 0307 0246 0218 0200 0186 0152 0127 0129 //// 10051 ///// ///// ////
000000000000000000000000000000000000000000000000000000000000000000000000000000000000000000000000000000000000000000000000=
57081 344800 1132600 01409 01419 4
20100503040000 117 030 117 026 136 028 0302 111 034 091 051 0342 0000 0309 0309 0400 0297 0301 041 040 0358 183 0161 09884 09893 0316 09884 0400 0457 0472 0330 0444 0304 0474 0477 0357 0433 0301 0314 0258 0229 0207 0164 0145 0127 0122 //// 10044 ///// ///// ////
000000000000000000000000000000000000000000000000000000000000000000000000000000000000000000000000000000000000000000000000=
57080 344400 1125800 01652 01661 4
20100503040000 032 027 043 029 041 030 0358 060 036 066 049 0351 0000 0289 0289 0400 0273 0331 057 055 0332 227 0195 09854 09865 0302 09854 0400 0368 0373 0323 0350 0303 0496 0496 0400 0456 0301 0314 0255 0222 0208 0165 0136 0120 0124 //// 10042 ///// ///// ////
000000000000000000000000000000000000000000000000000000000000000000000000000000000000000000000000000000000000000000000000=
57082 342800 1130100 04271 04284 4
20100503040000 175 028 169 032 169 032 0400 234 039 175 055 0353 0000 0293 0294 0357 0283 0301 042 041 0357 171 0151 09571 09579 0304 09571 0359 0406 0406 0400 0340 0305 0495 0501 0351 0466 0305 0313 0264 0234 0218 0178 0149 0127 //// //// 10048 ///// ///// ////
000000000000000000000000000000000000000000000000000000000000000000000000000000000000000000000000000000000000000000000000=
57295 323700 1142100 00785 00802 4
20100503040000 170 040 194 039 197 052 0309 181 031 203 090 0301 0000 0322 0322 0400 0311 0303 040 038 0341 192 0169 09979 09987 0302 09979 0357 0535 0543 0351 0492 0303 0502 0503 0355 0455 0303 0322 0253 0227 0212 0172 0149 0131 0132 //// 10070 ///// ///// ////
000000000000000000000000000000000000000000000000000000000000000000000000000000000000000000000000000000000000000000000000=
57293 324400 1145900 00380 00391 4
20100503040000 189 055 191 049 199 049 0315 220 039 171 080 0358 0000 0309 0310 0357 0299 0301 050 045 0358 223 0193 10031 10040 0301 10031 0400 0412 0429 0343 0394 0306 0516 0519 0356 0481 0301 0323 0262 0232 0212 0193 0163 0138 0136 //// 10076 ///// ///// ////
000000000000000000000000000000000000000000000000000000000000000000000000000000000000000000000000000000000000000000000000=
57189 330800 1135700 00646 00655 4
20100503040000 173 030 184 028 196 051 0309 167 035 201 087 0305 0000 0320 0320 0400 0304 0302 049 048 0353 233 0199 09987 09992 0305 09986 0358 0330 0330 0400 0304 0303 0485 0485 0400 0452 0303 0306 0257 0230 0213 0161 0140 0126 0127 //// 10061 ///// ///// ////
000000000000000000000000000000000000000000000000000000000000000000000000000000000000000000000000000000000000000000000000=
57194 331700 1141600 00598 00609 4
20100503040000 195 047 190 053 188 057 0358 195 041 209 105 0331 0000 0308 0308 0400 0294 0303 056 053 0353 249 0210 09994 10001 0301 09994 0400 0411 0418 0350 0391 0307 0491 0498 0349 0458 0306 0296 0249 0223 0207 0163 0139 0124 0128 //// 10064 ///// ///// ////
000000000000000000000000000000000000000000000000000000000000000000000000000000000000000000000000000000000000000000000000=
57197 330000 1142000 00489 00545 4
20100503040000 196 042 198 040 198 053 0331 232 074 203 107 0327 0000 0311 0311 0357 0300 0301 051 050 0358 230 0198 10005 10012 0304 10004 0341 0436 0444 0307 0424 0329 0511 0513 0358 0476 0301 0283 0245 0218 0203 0173 0149 0129 0129 //// 10067 ///// ///// ////
000000000000000000000000000000000000000000000000000000000000000000000000000000000000000000000000000000000000000000000000=
57294 325000 1140100 00836 00846 4
20100503040000 206 055 203 058 202 058 0358 203 070 198 103 0357 0000 0317 0317 0400 0309 0309 042 041 0358 196 0172 09966 09971 0305 09965 0357 0400 0405 0345 0378 0303 0478 0483 0345 0457 0302 0299 0248 0218 0203 0167 0148 0128 0126 //// 10062 ///// ///// ////
000000000000000000000000000000000000000000000000000000000000000000000000000000000000000000000000000000000000000000000000=
57292 325800 1143800 00444 00453 4
20100503040000 182 053 186 051 186 053 0352 181 057 187 105 0314 0000 0307 0307 0400 0294 0302 052 052 0400 230 0197 10021 10028 0303 10020 0358 0404 0414 0334 0386 0319 0481 0491 0339 0456 0319 0310 0256 0225 0214 0187 0155 0134 0135 //// 10073 ///// ///// ////
000000000000000000000000000000000000000000000000000000000000000000000000000000000000000000000000000000000000000000000000=
57195 333700 1143700 00466 00476 4
20100503040000 240 041 241 039 241 039 0400 283 026 206 084 0352 0000 0309 0310 0344 0300 0301 046 046 0400 205 0179 10014 10019 0301 10013 0357 0381 0409 0316 0381 0400 0503 0515 0346 0479 0301 0339 0276 0237 0219 0178 0147 0129 0141 //// 10068 ///// ///// ////
000000000000000000000000000000000000000000000000000000000000000000000000000000000000000000000000000000000000000000000000=
57193 334700 1143100 00526 00541 4
20100503040000 207 019 193 025 179 035 0340 206 014 218 088 0339 0000 0303 0303 0355 0292 0331 053 051 0335 229 0197 10006 10012 0306 10004 0352 0388 0392 0351 0347 0319 0437 0457 0327 0433 0310 0322 0264 0232 0212 0178 0148 0132 0132 //// 10068 ///// ///// ////
000000000000000000000000000000000000000000000000000000000000000000000000000000000000000000000000000000000000000000000000=
58101 335200 1152900 00413 00428 4
20100503040000 211 043 210 032 189 036 0318 189 077 212 114 0359 0000 0304 0305 0357 0296 0301 052 052 0400 226 0194 10028 10035 0310 10028 0358 0424 0432 0357 0399 0312 0507 0507 0358 0475 0311 0305 0242 0210 0196 0165 0142 0126 0131 //// 10077 ///// ///// ////
000000000000000000000000000000000000000000000000000000000000000000000000000000000000000000000000000000000000000000000000=
57098 340500 1142400 00583 00593 4
20100503040000 159 034 162 038 187 048 0346 161 029 192 078 0339 0000 0296 0296 0400 0285 0306 057 053 0345 236 0202 09994 10001 0301 09994 0400 0387 0389 0351 0368 0320 0369 0369 0400 0344 0304 0302 0252 0215 0199 0174 0145 0126 0130 //// 10062 ///// ///// ////
000000000000000000000000000000000000000000000000000000000000000000000000000000000000000000000000000000000000000000000000=
57088 340900 1133000 01161 01177 4
20100503040000 213 052 230 047 242 065 0323 220 068 240 112 0322 0000 0308 0309 0348 0299 0302 043 043 0400 191 0168 09918 09926 0302 09918 0400 0373 0376 0301 0360 0324 0528 0530 0359 0480 0303 0341 0270 0229 0211 0159 0138 0128 0131 //// 10051 ///// ///// ////
000000000000000000000000000000000000000000000000000000000000000000000000000000000000000000000000000000000000000000000000=
57182 335100 1133000 00805 00814 4
20100503040000 211 040 216 031 211 039 0344 195 053 245 074 0343 0000 0313 0313 0400 0303 0306 046 043 0334 210 0183 09962 09969 0304 09961 0358 0427 0434 0355 0407 0327 0583 0593 0355 0546 0302 0336 0264 0232 0214 0186 0153 0134 0140 //// 10054 ///// ///// ////
000000000000000000000000000000000000000000000000000000000000000000000000000000000000000000000000000000000000000000000000=
57087 341200 1134800 00877 00885 4
20100503040000 196 050 201 050 203 051 0359 175 047 204 082 0345 0000 0300 0301 0355 0289 0301 047 047 0400 199 0175 09957 09964 0301 09957 0400 0388 0404 0338 0382 0345 0521 0521 0356 0485 0301 0311 0257 0223 0206 0164 0140 0125 0128 //// 10058 ///// ///// ////
000000000000000000000000000000000000000000000000000000000000000000000000000000000000000000000000000000000000000000000000=
58301 314900 1152300 00916 00929 4
20100503040000 211 078 205 079 203 080 0359 217 080 212 117 0346 0000 0334 0336 0340 0324 0301 016 015 0320 082 0042 09975 09983 0301 09975 0400 0361 0365 0306 0356 0349 0489 0494 0358 0465 0301 0320 0274 0245 0227 0201 0171 0140 0134 //// 10080 ///// ///// ////
000000000000000000000000000000000000000000000000000000000000000000000000000000000000000000000000000000000000000000000000=
57298 321300 1143300 00554 00562 4
20100503040000 185 063 190 058 195 065 0329 192 082 183 096 0319 0000 0313 0313 0400 0303 0301 037 036 0340 169 0149 10010 10019 0301 10010 0400 0303 0304 0359 0292 0302 0469 0474 0340 0446 0302 0293 0246 0221 0208 0172 0148 0128 0138 //// 10074 ///// ///// ////
000000000000000000000000000000000000000000000000000000000000000000000000000000000000000000000000000000000000000000000000=
57390 314800 1140400 07335 07347 4
20100503040000 209 083 209 080 211 094 0326 189 187 189 187 0400 0000 0265 0268 0351 0260 0314 047 043 0301 163 0143 09269 09275 0301 09269 0400 0327 0348 0349 0315 0331 0444 0451 0350 0422 0301 0296 0240 0207 0189 0166 0136 //// //// //// 10080 ///// ///// ////
000000000000000000000000000000000000000000000000000000000000000000000000000000000000000000000000000000000000000000000000=
58208 321000 1153700 00429 00439 4
20100503040000 215 014 225 013 140 018 0303 135 010 199 035 0358 0000 0328 0329 0357 0310 0301 037 034 0324 184 0162 10029 10038 0301 10029 0400 0461 0483 0355 0439 0348 0521 0521 0400 0483 0301 0345 0281 0246 0228 0187 0163 0142 0142 //// 10079 ///// ///// ////
000000000000000000000000000000000000000000000000000000000000000000000000000000000000000000000000000000000000000000000000=
53989 350300 1135700 00766 00777 4
20100503040000 147 011 138 010 151 015 0327 148 023 177 033 0305 0000 0304 0304 0400 0286 0301 050 049 0338 217 0188 09967 09974 0301 09966 0357 0395 0411 0337 0369 0343 0527 0527 0400 0466 0305 0318 0259 0226 0209 0172 0143 0124 0126 //// 10056 ///// ///// ////
000000000000000000000000000000000000000000000000000000000000000000000000000000000000000000000000000000000000000000000000=
53997 350900 1141100 00711 00723 4
20100503040000 158 025 161 026 163 027 0359 121 024 183 043 0359 0000 0297 0298 0352 0280 0301 047 046 0358 196 0172 09975 09982 0301 09974 0354 0418 0430 0354 0392 0318 0483 0490 0351 0445 0301 0298 0250 0215 0203 0162 0140 0122 0125 //// 10058 ///// ///// ////
000000000000000000000000000000000000000000000000000000000000000000000000000000000000000000000000000000000000000000000000=
53986 351900 1135300 00732 00740 4
20100503040000 075 042 072 046 085 055 0346 066 039 083 082 0340 0000 0284 0284 0359 0277 0301 065 057 0301 251 0212 09975 09982 0304 09975 0357 0371 0374 0359 0350 0347 0443 0445 0359 0409 0301 0274 0235 0213 0203 0174 0146 0126 0130 //// 10060 ///// ///// ////
000000000000000000000000000000000000000000000000000000000000000000000000000000000000000000000000000000000000000000000000=
53988 351600 1134000 00776 00784 4
20100503040000 105 038 098 037 098 045 0317 121 030 080 070 0317 0000 0291 0292 0354 0283 0310 050 049 0345 201 0176 09964 09970 0301 09964 0400 0431 0433 0340 0384 0325 0509 0509 0400 0453 0302 0290 0242 0215 0203 0157 0136 0123 0128 //// 10054 ///// ///// ////
000000000000000000000000000000000000000000000000000000000000000000000000000000000000000000000000000000000000000000000000=
53985 352700 1134900 00964 00979 4
20100503040000 262 010 330 010 337 011 0335 299 007 040 027 0335 0000 0300 0301 0356 0293 0301 049 044 0326 208 0181 09942 09950 0302 09941 0357 0368 0379 0355 0347 0334 0455 0463 0354 0419 0301 0261 0232 0208 0197 0175 0142 0120 0123 //// 10053 ///// ///// ////
000000000000000000000000000000000000000000000000000000000000000000000000000000000000000000000000000000000000000000000000=
53998 351200 1143900 00616 00625 4
20100503040000 205 035 189 033 183 033 0359 192 027 156 055 0350 0000 0296 0296 0356 0283 0301 051 050 0357 211 0184 09991 09996 0302 09990 0358 0415 0422 0352 0387 0342 0471 0471 0400 0438 0325 0302 0247 0215 0200 0183 0149 0124 0130 //// 10063 ///// ///// ////
000000000000000000000000000000000000000000000000000000000000000000000000000000000000000000000000000000000000000000000000=
57051 344800 1111200 04099 04117 4
20100503040000 099 043 099 049 097 051 0354 099 029 094 088 0351 0000 0302 0303 0329 0292 0301 041 040 0332 176 0155 09558 09567 0303 09558 0400 0387 0412 0327 0370 0336 0464 0500 0327 0453 0336 0290 0242 0218 0205 0175 0137 0120 0120 //// 10016 ///// ///// ////
000000000000000000000000000000000000000000000000000000000000000000000000000000000000000000000000000000000000000000000000=
57063 344600 1114600 05236 05236 4
20100503040000 117 048 106 050 115 056 0311 116 050 105 088 0334 0000 0281 0282 0359 0264 0301 051 050 0354 194 0170 09454 09464 0308 09454 0359 0418 0433 0349 0395 0318 0475 0482 0349 0446 0318 0269 0218 0190 0178 0128 0114 0104 0111 //// 10040 ///// ///// ////
000000000000000000000000000000000000000000000000000000000000000000000000000000000000000000000000000000000000000000000000=
57067 340300 1110200 05688 05699 4
20100503040000 232 031 223 033 210 035 0354 257 036 178 072 0345 0000 0289 0289 0400 0275 0301 042 040 0347 167 0147 09395 09403 0301 09395 0358 0411 0422 0319 0382 0347 0441 0441 0359 0409 0301 0286 0233 0198 0210 0178 0154 0124 0125 //// 10026 ///// ///// ////
000000000000000000000000000000000000000000000000000000000000000000000000000000000000000000000000000000000000000000000000=
57056 343200 1105300 03904 03909 4
20100503040000 009 021 003 027 358 030 0334 009 027 012 048 0325 0000 0304 0319 0319 0303 0351 042 032 0311 182 0161 09579 09584 0305 09579 0356 0385 0415 0320 0378 0345 0437 0476 0308 0436 0350 0327 0275 0233 0214 0157 0133 0118 0121 //// 10011 ///// ///// ////
000000000000000000000000000000000000000000000000000000000000000000000000000000000000000000000000000000000000000000000000=
58007 340400 1151800 00472 00532 4
20100503040000 213 034 203 036 190 041 0341 246 067 192 078 0347 0000 0302 0302 0400 0289 0301 054 053 0338 232 0199 10014 10020 0302 10014 0359 0373 0374 0328 0349 0347 0446 0446 0400 0368 0301 0280 0233 0208 0197 0161 0141 0127 0132 //// 10075 ///// ///// ////
000000000000000000000000000000000000000000000000000000000000000000000000000000000000000000000000000000000000000000000000=
58006 342300 1155300 00463 00506 4
20100503040000 202 047 200 048 195 051 0301 223 035 184 085 0358 0000 0303 0305 0355 0293 0301 051 051 0359 220 0190 10024 10029 0301 10024 0355 0392 0409 0327 0378 0302 0469 0475 0355 0445 0302 0330 0264 0223 0200 0171 0143 0123 0128 //// 10082 ///// ///// ////
000000000000000000000000000000000000000000000000000000000000000000000000000000000000000000000000000000000000000000000000=
58111 335800 1162700 00325 00325 4
20100503040000 201 035 190 031 188 034 0338 184 030 218 066 0358 0000 0305 0306 0357 0294 0304 049 048 0351 214 0186 10049 10055 0302 10049 0357 0277 0278 0357 0270 0337 0435 0436 0358 0413 0333 0305 0252 0217 0198 0166 0144 0130 0138 //// 10086 ///// ///// ////
000000000000000000000000000000000000000000000000000000000000000000000000000000000000000000000000000000000000000000000000=
58017 341500 1160800 00410 00420 4
20100503040000 212 031 196 031 181 037 0324 212 026 181 071 0323 0000 0304 0304 0353 0293 0331 054 051 0354 234 0200 10032 10037 0306 10032 0400 0339 0352 0351 0322 0301 0446 0446 0400 0417 0301 0289 0239 0212 0198 0161 0143 0127 0129 //// 10080 ///// ///// ////
000000000000000000000000000000000000000000000000000000000000000000000000000000000000000000000000000000000000000000000000=
58001 342600 1150600 00563 00569 4
20100503040000 198 048 205 052 207 054 0356 187 039 195 088 0352 0000 0292 0292 0400 0284 0301 056 055 0351 227 0195 10003 10010 0306 10003 0400 0353 0364 0344 0339 0352 0402 0405 0345 0378 0301 0290 0239 0210 0193 0160 0134 0119 0126 //// 10068 ///// ///// ////
000000000000000000000000000000000000000000000000000000000000000000000000000000000000000000000000000000000000000000000000=
58005 342700 1154000 00501 00511 4
20100503040000 209 043 209 043 206 065 0338 211 069 248 095 0329 0000 0310 0310 0400 0296 0301 047 046 0321 211 0184 10017 10022 0305 10016 0359 0436 0436 0400 0400 0301 0524 0524 0400 0477 0308 0299 //// 0219 0200 0165 0136 0127 0133 0000 10075 ///// ///// ////
000000000000000000000000000000000000000000000000000000000000000000000000000000000000000000000000000000000000000000000000
160 010 000 /// //// /////////////////////CSI /// //// 6///1 0//// 7//// 1//// 2//// 3//// /// /// /// // 911// 915// 919// 934// 939//=
58008 342800 1152000 00544 00592 4
20100503040000 200 033 199 036 192 053 0346 181 041 201 093 0345 0000 0301 0301 0400 0291 0301 051 050 0330 218 0189 10002 10008 0302 10002 0359 0427 0437 0314 0383 0343 0439 0439 0400 0414 0344 0302 0248 0218 0197 0157 0139 0123 0129 //// 10070 ///// ///// ////
000000000000000000000000000000000000000000000000000000000000000000000000000000000000000000000000000000000000000000000000=
58004 343900 1150900 00606 00616 4
20100503040000 200 026 195 030 197 037 0315 288 015 198 074 0309 0000 0300 0300 0400 0288 0302 053 052 0333 225 0194 09997 10002 0309 09997 0358 0378 0416 0326 0364 0302 0450 0461 0330 0421 0301 0316 0265 0226 0209 0171 0142 0127 0129 //// 10067 ///// ///// ////
000000000000000000000000000000000000000000000000000000000000000000000000000000000000000000000000000000000000000000000000=
54817 355900 1155200 00421 00434 4
20100503040000 183 036 186 035 184 038 0354 164 049 164 080 0317 0000 0295 0297 0344 0287 0301 060 059 0346 247 0209 10014 10019 0314 10014 0359 0335 0354 0345 0331 0312 0503 0519 0345 0488 0301 0308 0247 0215 0194 0152 0123 0111 0113 //// 10064 ///// ///// ////
000000000000000000000000000000000000000000000000000000000000000000000000000000000000000000000000000000000000000000000000=
54902 355400 1150700 00495 00499 4
20100503040000 200 012 198 015 193 020 0339 277 013 167 034 0333 0000 0282 0282 0358 0267 0304 065 065 0400 249 0210 10001 10008 0301 10001 0400 0361 0368 0354 0340 0303 0465 0469 0346 0443 0301 0291 0241 0211 0195 0157 0124 0111 0115 //// 10058 ///// ///// ////
000000000000000000000000000000000000000000000000000000000000000000000000000000000000000000000000000000000000000000000000=
54900 354200 1150100 00537 00541 4
20100503040000 214 032 206 029 197 034 0350 206 039 218 050 0347 0000 0285 0286 0357 0272 0302 062 062 0358 241 0205 10000 10006 0305 10000 0353 0358 0391 0321 0358 0400 0453 0468 0343 0446 0302 0298 0245 0212 0196 0175 0136 0115 0115 //// 10062 ///// ///// ////
000000000000000000000000000000000000000000000000000000000000000000000000000000000000000000000000000000000000000000000000=
54901 360500 1151000 00475 00478 4
20100503040000 241 017 199 011 221 019 0319 232 012 234 033 0303 0000 0274 0275 0358 0261 0308 069 069 0334 252 0212 10007 10013 0312 10007 0351 0361 0372 0329 0346 0306 0437 0448 0327 0420 0301 0296 0241 0208 0190 0171 0142 0116 0115 //// 10062 ///// ///// ////
000000000000000000000000000000000000000000000000000000000000000000000000000000000000000000000000000000000000000000000000=
54903 355100 1152900 00457 00506 4
20100503040000 236 033 222 042 232 046 0337 240 038 237 076 0330 0000 0288 0291 0351 0279 0308 054 053 0359 214 0186 10003 10010 0301 10003 0400 0370 0399 0322 0370 0400 0445 0461 0328 0440 0308 0299 0245 0213 0197 0168 0135 0118 0116 //// 10061 ///// ///// ////
000000000000000000000000000000000000000000000000000000000000000000000000000000000000000000000000000000000000000000000000=
57184 333800 1132200 00834 00847 4
20100503040000 176 022 179 020 167 028 0324 234 032 215 049 0344 0000 0307 0307 0400 0296 0301 050 048 0302 221 0191 09957 09963 0301 09957 0400 0314 0320 0354 0302 0301 0524 0569 0353 0497 0304 0333 0270 0240 0222 0150 0136 0127 0133 //// 10053 ///// ///// ////
000000000000000000000000000000000000000000000000000000000000000000000000000000000000000000000000000000000000000000000000=
57177 332000 1133200 00898 00913 4
20100503040000 228 062 215 056 199 060 0303 242 062 198 103 0313 0000 0322 0324 0348 0314 0301 038 037 0329 183 0161 09947 09954 0301 09947 0400 0371 0420 0312 0371 0400 0461 0482 0347 0450 0301 0305 0269 0224 0218 0177 0150 0131 0125 //// 10050 ///// ///// ////
000000000000000000000000000000000000000000000000000000000000000000000000000000000000000000000000000000000000000000000000=
57075 341000 1125200 02031 02043 4
20100503040000 136 069 140 067 140 067 0400 117 065 138 088 0337 0000 0289 0290 0354 0280 0301 053 052 0345 211 0184 09815 09824 0301 09815 0400 0370 0376 0330 0359 0303 0479 0485 0352 0443 0303 0336 0269 0233 0214 0205 0169 0134 0126 //// 10047 ///// ///// ////
000000000000000000000000000000000000000000000000000000000000000000000000000000000000000000000000000000000000000000000000=
57173 334500 1125300 01457 01468 4
20100503040000 196 046 198 047 205 069 0315 204 049 189 117 0309 0000 0296 0296 0400 0290 0310 050 046 0336 207 0181 09880 09886 0301 09880 0400 0388 0400 0334 0369 0347 0497 0514 0334 0481 0354 0310 0263 0237 0220 0178 0150 0131 0135 //// 10046 ///// ///// ////
000000000000000000000000000000000000000000000000000000000000000000000000000000000000000000000000000000000000000000000000=
57180 335900 1131200 01175 01186 4
20100503040000 186 048 197 042 188 043 0349 187 046 214 075 0358 0000 0302 0303 0356 0292 0301 048 047 0345 206 0180 09916 09925 0304 09916 0400 0401 0406 0315 0377 0310 0541 0550 0354 0508 0305 0336 0267 0229 0209 0169 0146 0130 0133 //// 10051 ///// ///// ////
000000000000000000000000000000000000000000000000000000000000000000000000000000000000000000000000000000000000000000000000=
57181 335300 1130300 01364 01380 4
20100503040000 179 068 184 054 190 065 0316 184 093 184 093 0400 0000 0292 0295 0347 0285 0301 056 056 0400 227 0195 09897 09906 0301 09897 0358 0361 0384 0346 0359 0301 0508 0538 0346 0503 0312 0329 0270 0236 0221 0180 0150 0130 0133 //// 10054 ///// ///// ////
000000000000000000000000000000000000000000000000000000000000000000000000000000000000000000000000000000000000000000000000=
57175 330300 1121400 01914 01922 4
20100503040000 154 023 140 025 146 026 0345 181 007 136 051 0338 0000 0278 0278 0357 0274 0302 067 064 0315 250 0211 09840 09850 0303 09840 0400 0384 0452 0305 0383 0356 0462 0490 0305 0459 0342 0307 0258 0228 0214 0170 0149 0134 0139 //// 10059 ///// ///// ////
000000000000000000000000000000000000000000000000000000000000000000000000000000000000000000000000000000000000000000000000=
57156 331800 1113000 02503 02523 4
20100503040000 107 054 109 051 109 051 0400 105 034 111 073 0359 0000 0271 0272 0357 0262 0315 056 056 0358 201 0176 09767 09774 0315 09767 0358 0358 0358 0359 0312 0323 0407 0407 0358 0366 0322 0288 0248 0226 0215 0189 0162 0139 0143 //// 10053 ///// ///// ////
000000000000000000000000000000000000000000000000000000000000000000000000000000000000000000000000000000000000000000000000=
57271 323300 1122300 00879 00897 4
20100503040000 177 039 179 052 180 064 0307 167 053 198 101 0303 0000 0301 0301 0400 0297 0340 056 054 0348 239 0204 09953 09961 0302 09953 0357 0373 0389 0301 0349 0335 0444 0467 0301 0416 0341 0308 0262 0236 0222 0174 0147 0136 0139 //// 10055 ///// ///// ////
000000000000000000000000000000000000000000000000000000000000000000000000000000000000000000000000000000000000000000000000=
57261 330700 1113100 02330 02345 4
20100503040000 261 027 264 028 274 032 0354 276 024 250 045 0352 0000 0268 0269 0358 0259 0301 061 059 0358 215 0187 09779 09789 0306 09779 0400 0380 0406 0354 0350 0304 0413 0426 0355 0379 0301 0289 0261 0241 0229 0206 0171 0149 //// //// 10044 ///// ///// ////
000000000000000000000000000000000000000000000000000000000000000000000000000000000000000000000000000000000000000000000000=
57285 322300 1132500 01530 01492 4
20100503040000 177 056 180 062 185 067 0303 170 069 167 130 0359 0000 0310 0311 0348 0298 0302 041 040 0356 184 0162 09895 09903 0312 09894 0357 0364 0382 0352 0337 0303 0461 0480 0351 0427 0302 0328 0278 0248 0229 0169 0144 0130 0135 //// ///// ///// ///// ////
////////////////////////////////////////////////////////////////////////////////////////////////////////////////////////=
57273 324100 1125100 01095 01105 4
20100503040000 187 042 179 051 175 061 0355 181 046 181 099 0348 0000 0309 0309 0342 0302 0301 043 041 0335 192 0169 09931 09938 0311 09931 0400 0378 0403 0317 0376 0301 0477 0500 0341 0466 0301 0310 0265 0236 0222 0180 0154 0136 0138 //// 10056 ///// ///// ////
000000000000000000000000000000000000000000000000000000000000000000000000000000000000000000000000000000000000000000000000=
57187 330400 1125600 01180 01193 4
20100503040000 180 066 181 056 187 059 0340 187 097 187 097 0400 0000 0308 0308 0400 0297 0301 045 045 0400 200 0175 09913 09920 0301 09913 0400 0386 0406 0330 0365 0303 0484 0490 0357 0444 0303 0314 0250 0229 0215 0191 0160 0140 0137 //// 10049 ///// ///// ////
000000000000000000000000000000000000000000000000000000000000000000000000000000000000000000000000000000000000000000000000=
57178 330200 1123500 01292 01305 4
20100503040000 166 019 166 027 179 041 0352 068 012 200 065 0312 0000 0299 0299 0400 0292 0301 051 049 0312 215 0187 09908 09916 0301 09908 0400 0418 0436 0304 0383 0352 0503 0531 0336 0488 0351 0299 0257 0230 0214 0176 0149 0134 0134 0001 10056 ///// ///// ////
000000000000000000000000000000000000000000000000000000000000000000000000000000000000000000000000000000000000000000000000
250 10- 000 /// //// /////////////////////CIE /// //// 6///1 0//// 7//// 1//// 2//// 3//// /// /// /// // 911// 915// 919// 934// 939//=
57169 330300 1115200 01591 01600 4
20100503040000 118 029 123 029 156 036 0342 125 040 130 052 0354 0000 0268 0268 0400 0264 0330 072 069 0341 254 0213 09874 09881 0301 09874 0400 0283 0283 0400 0278 0329 0416 0421 0304 0395 0342 0292 0250 0229 0214 0189 0155 0134 0135 //// 10057 ///// ///// ////
000000000000000000000000000000000000000000000000000000000000000000000000000000000000000000000000000000000000000000000000=
57176 332900 1122500 02311 02304 4
20100503040000 166 040 184 049 188 051 0355 136 036 167 076 0342 0000 0286 0289 0334 0280 0313 047 047 0336 184 0162 09799 09808 0301 09799 0400 0371 0406 0334 0361 0348 0446 0466 0334 0436 0301 0314 0268 0239 0222 0192 0166 0140 0137 //// 10061 ///// ///// ////
000000000000000000000000000000000000000000000000000000000000000000000000000000000000000000000000000000000000000000000000=
57179 331700 1130000 01604 01616 4
20100503040000 183 052 186 053 194 058 0355 156 058 201 096 0347 0000 0299 0300 0346 0285 0303 051 050 0348 215 0187 09875 09883 0312 09875 0359 0415 0450 0310 0396 0323 0470 0484 0310 0445 0323 0298 0250 0224 0212 0179 0150 0130 0134 //// 10059 ///// ///// ////
000000000000000000000000000000000000000000000000000000000000000000000000000000000000000000000000000000000000000000000000=
57274 324200 1120700 01076 01088 4
20100503040000 156 043 163 040 163 040 0400 167 044 173 074 0351 0000 0292 0292 0359 0280 0301 054 054 0354 219 0189 09928 09938 0301 09928 0400 0385 0399 0305 0360 0329 0439 0442 0349 0404 0328 0306 0265 0242 0227 0210 0184 0150 0145 //// 10052 ///// ///// ////
000000000000000000000000000000000000000000000000000000000000000000000000000000000000000000000000000000000000000000000000=
57065 343000 1121100 01949 01964 4
20100503040000 040 045 051 034 048 045 0327 040 039 046 076 0324 0000 0296 0296 0359 0283 0306 049 049 0400 203 0178 09815 09827 0302 09815 0400 0304 0304 0359 0281 0302 0516 0517 0359 0478 0304 0323 0268 0236 0220 0176 0148 0134 0139 //// 10037 ///// ///// ////
000000000000000000000000000000000000000000000000000000000000000000000000000000000000000000000000000000000000000000000000=
57074 342500 1122500 01973 01989 4
20100503040000 094 014 086 017 082 020 0357 074 012 080 044 0351 0000 0316 0316 0400 0300 0301 045 045 0352 209 0182 09815 09825 0301 09814 0357 0391 0397 0328 0373 0301 0549 0549 0400 0492 0301 0321 0261 0227 0211 0171 0147 0129 0130 //// 10039 ///// ///// ////
000000000000000000000000000000000000000000000000000000000000000000000000000000000000000000000000000000000000000000000000=
57076 344400 1124700 01895 01901 4
20100503040000 029 038 039 033 008 042 0317 040 040 353 061 0327 0000 0295 0295 0400 0280 0315 048 048 0400 198 0173 09822 09833 0301 09822 0400 0352 0366 0355 0331 0301 0485 0491 0356 0453 0301 0301 0247 0211 0197 0166 0139 0122 0125 //// 10036 ///// ///// ////
000000000000000000000000000000000000000000000000000000000000000000000000000000000000000000000000000000000000000000000000=
57070 344400 1120700 03640 03595 4
20100503040000 085 054 086 044 091 055 0334 077 041 122 084 0343 0000 0287 0287 0400 0275 0302 049 048 0350 193 0169 09637 09647 0301 09637 0359 0390 0392 0359 0362 0317 0488 0489 0359 0458 0302 0282 0229 0205 0194 0179 0144 0123 0125 //// 10040 ///// ///// ////
000000000000000000000000000000000000000000000000000000000000000000000000000000000000000000000000000000000000000000000000=
57162 340900 1120500 03258 03275 4
20100503040000 112 012 116 012 090 013 0326 026 014 049 024 0325 0000 0287 0287 0400 0276 0301 051 048 0301 201 0176 09665 09676 0301 09665 0400 0340 0345 0329 0321 0347 0506 0528 0330 0488 0348 0316 0256 0228 0215 0168 0146 0129 0135 //// 10033 ///// ///// ////
000000000000000000000000000000000000000000000000000000000000000000000000000000000000000000000000000000000000000000000000=
57078 340900 1122800 03365 03340 4
20100503040000 071 024 064 030 077 032 0309 091 023 080 059 0354 0000 0294 0294 0400 0273 0302 052 051 0358 213 0185 09659 09672 0302 09659 0400 0509 0557 0327 0506 0343 0470 0497 0351 0458 0302 0319 0258 0222 0205 0156 0136 0124 0124 //// 10035 ///// ///// ////
000000000000000000000000000000000000000000000000000000000000000000000000000000000000000000000000000000000000000000000000=
57071 344900 1122600 03333 03332 4
20100503040000 342 047 339 045 359 049 0313 324 044 322 078 0356 0000 0279 0279 0339 0268 0301 056 054 0341 210 0183 09670 09680 0310 09670 0358 0401 0412 0339 0375 0301 0484 0487 0350 0450 0301 0293 0241 0215 0202 0187 0147 0122 0123 //// 10045 ///// ///// ////
000000000000000000000000000000000000000000000000000000000000000000000000000000000000000000000000000000000000000000000000=
57066 342300 1114000 03283 03298 4
20100503040000 160 004 165 006 109 008 0318 203 005 150 022 0315 0000 0277 0277 0322 0266 0301 055 052 0318 204 0178 09660 09671 0301 09660 0400 0313 0321 0344 0298 0334 0356 0405 0316 0353 0353 0239 0197 0182 0177 0159 0140 0121 0121 //// 10032 ///// ///// ////
000000000000000000000000000000000000000000000000000000000000000000000000000000000000000000000000000000000000000000000000=
57077 334700 1113900 07424 07388 4
20100503040000 142 083 121 058 133 063 0334 144 108 150 116 0337 0000 0294 0298 0351 0289 0334 028 028 0352 115 0090 09223 09230 0304 09223 0400 0386 0418 0303 0357 0335 0465 0494 0302 0432 0335 0292 0238 0204 0189 0166 0132 0114 0117 //// 10036 ///// ///// ////
000000000000000000000000000000000000000000000000000000000000000000000000000000000000000000000000000000000000000000000000=
57185 332700 1133500 00911 00921 4
20100503040000 204 048 200 049 203 050 0342 220 055 220 080 0311 0000 0320 0321 0354 0308 0301 041 039 0358 195 0171 09950 09956 0301 09950 0400 0382 0393 0305 0375 0314 0549 0549 0400 0522 0301 0304 0255 0226 0206 0182 0154 0130 0129 //// 10055 ///// ///// ////
000000000000000000000000000000000000000000000000000000000000000000000000000000000000000000000000000000000000000000000000=
57183 334800 1135500 00600 00615 4
20100503040000 172 036 176 030 193 032 0340 156 038 178 054 0353 0000 0298 0298 0356 0284 0331 062 060 0349 260 0217 09987 09995 0301 09987 0400 0416 0424 0353 0396 0304 0538 0546 0354 0503 0303 0298 0246 0218 0204 0186 0153 0128 0126 //// 10058 ///// ///// ////
000000000000000000000000000000000000000000000000000000000000000000000000000000000000000000000000000000000000000000000000=
57186 333600 1140300 00587 00598 4
20100503040000 171 043 165 037 186 047 0313 153 045 193 072 0312 0000 0311 0311 0400 0296 0301 052 051 0340 235 0201 09990 09997 0301 09990 0400 0451 0451 0400 0428 0342 0558 0564 0354 0532 0321 0322 0258 0225 0211 0187 0156 0134 0137 //// 10058 ///// ///// ////
000000000000000000000000000000000000000000000000000000000000000000000000000000000000000000000000000000000000000000000000=
57191 342900 1142900 00634 00642 4
20100503040000 169 025 166 024 162 025 0354 139 021 173 048 0333 0000 0299 0301 0347 0290 0301 050 049 0338 211 0184 09990 09996 0301 09990 0400 0362 0405 0327 0353 0354 0444 0486 0320 0440 0358 0315 0264 0232 0214 0176 0145 0125 0127 //// 10063 ///// ///// ////
000000000000000000000000000000000000000000000000000000000000000000000000000000000000000000000000000000000000000000000000=
57096 343200 1144700 00597 00607 4
20100503040000 194 035 194 034 196 036 0301 209 048 229 062 0314 0000 0303 0304 0356 0293 0301 050 048 0309 216 0187 09992 09998 0302 09992 0400 0368 0373 0354 0347 0330 0490 0496 0354 0451 0311 0313 0254 0215 0199 0168 0141 0126 0130 //// 10061 ///// ///// ////
000000000000000000000000000000000000000000000000000000000000000000000000000000000000000000000000000000000000000000000000=
57093 345100 1144900 00733 00740 4
20100503040000 182 031 186 035 214 045 0330 164 037 195 081 0343 0000 0303 0303 0400 0289 0301 046 046 0400 199 0174 09979 09985 0301 09979 0400 0404 0404 0400 0359 0324 0519 0519 0400 0472 0329 0315 0253 0218 0199 0176 0143 0123 0125 //// 10063 ///// ///// ////
000000000000000000000000000000000000000000000000000000000000000000000000000000000000000000000000000000000000000000000000=
57091 344700 1141800 00737 00748 4
20100503040000 202 063 199 052 199 052 0400 237 075 237 075 0400 0000 0296 0297 0351 0287 0301 043 041 0321 178 0157 09971 09977 0301 09970 0353 0398 0417 0340 0363 0301 0470 0484 0340 0424 0302 0313 0252 0218 0192 0175 0147 0125 0120 //// 10056 ///// ///// ////
000000000000000000000000000000000000000000000000000000000000000000000000000000000000000000000000000000000000000000000000=
53978 350500 1123800 01401 01409 4
20100503040000 118 055 122 050 109 060 0347 116 039 099 104 0342 0000 0277 0280 0324 0276 0345 063 058 0306 234 0200 09885 09893 0306 09885 0400 0321 0333 0303 0319 0346 0412 0428 0355 0410 0344 0286 0241 0213 0201 0151 0133 0124 0130 //// 10046 ///// ///// ////
000000000000000000000000000000000000000000000000000000000000000000000000000000000000000000000000000000000000000000000000=
53984 351400 1132800 00827 00837 4
20100503040000 081 036 081 039 089 055 0303 074 050 085 088 0308 0000 0288 0288 0400 0276 0301 060 056 0342 238 0203 09958 09964 0302 09958 0400 0385 0386 0358 0339 0302 0477 0477 0400 0414 0302 0276 0233 0207 0199 0174 0146 0125 0125 //// 10054 ///// ///// ////
000000000000000000000000000000000000000000000000000000000000000000000000000000000000000000000000000000000000000000000000=
53987 350600 1132500 00910 00918 4
20100503040000 101 043 090 044 090 050 0320 119 024 094 078 0301 0000 0288 0288 0400 0276 0304 059 059 0400 234 0200 09949 09956 0309 09949 0356 0402 0413 0341 0365 0305 0427 0427 0359 0378 0303 0305 0254 0226 0209 0178 0152 0134 0132 //// 10054 ///// ///// ////
000000000000000000000000000000000000000000000000000000000000000000000000000000000000000000000000000000000000000000000000=
57079 345700 1130200 01064 01069 4
20100503040000 065 051 063 054 084 059 0344 079 053 099 082 0309 0000 0284 0285 0351 0276 0301 059 056 0336 228 0196 09919 09929 0301 09919 0400 0354 0368 0351 0348 0301 0472 0492 0351 0453 0301 0268 0231 0208 0196 0184 0153 0129 0126 //// 10041 ///// ///// ////
000000000000000000000000000000000000000000000000000000000000000000000000000000000000000000000000000000000000000000000000=
57072 345500 1124500 01275 01285 4
20100503040000 079 038 081 039 082 040 0359 068 024 085 067 0304 0000 0291 0293 0357 0278 0301 054 053 0357 218 0188 09897 09907 0302 09897 0400 0373 0381 0343 0358 0301 0497 0506 0346 0461 0301 0290 0233 0205 0193 0154 0133 0118 0119 //// 10044 ///// ///// ////
000000000000000000000000000000000000000000000000000000000000000000000000000000000000000000000000000000000000000000000000=
53982 351400 1131600 01120 01135 4
20100503040000 065 040 069 041 071 050 0347 049 031 085 080 0306 0000 0297 0297 0400 0288 0301 048 044 0315 200 0175 09922 09929 0301 09921 0355 0351 0351 0400 0323 0301 0491 0491 0400 0438 0301 0291 0248 0223 0211 0180 0151 0132 0136 //// 10051 ///// ///// ////
000000000000000000000000000000000000000000000000000000000000000000000000000000000000000000000000000000000000000000000000=
53979 350900 1130500 01200 01211 4
20100503040000 102 046 089 048 073 052 0310 087 049 099 084 0310 0000 0285 0285 0400 0277 0301 055 052 0304 214 0186 09912 09919 0301 09912 0400 0362 0368 0344 0342 0311 0478 0480 0344 0435 0311 0297 0247 0223 0210 0162 0144 0129 0134 //// 10050 ///// ///// ////
000000000000000000000000000000000000000000000000000000000000000000000000000000000000000000000000000000000000000000000000=
53992 353900 1143100 00582 00592 4
20100503040000 341 023 330 023 326 023 0359 000 022 314 036 0309 0000 0264 0266 0332 0261 0301 068 065 0306 234 0200 09993 09999 0301 09993 0400 0338 0338 0400 0308 0311 0423 0423 0400 0385 0311 0283 0242 0218 0202 0159 0134 0117 0123 //// 10061 ///// ///// ////
000000000000000000000000000000000000000000000000000000000000000000000000000000000000000000000000000000000000000000000000=
53974 353700 1141100 00723 00739 4
20100503040000 043 030 056 027 046 038 0335 040 026 043 059 0332 0000 0286 0286 0359 0278 0303 046 046 0356 180 0159 09979 09985 0302 09979 0359 0361 0367 0356 0325 0304 0444 0456 0355 0394 0302 0299 0253 0227 0213 0176 0144 0125 0129 //// 10063 ///// ///// ////
000000000000000000000000000000000000000000000000000000000000000000000000000000000000000000000000000000000000000000000000=
53990 354300 1141900 00795 00805 4
20100503040000 029 037 029 037 016 049 0309 035 042 024 064 0308 0000 0260 0260 0400 0250 0306 058 052 0309 195 0171 09971 09978 0304 09971 0400 0331 0332 0354 0296 0308 0443 0445 0354 0378 0308 0280 0244 0220 0211 0190 0148 0119 0116 //// 10063 ///// ///// ////
000000000000000000000000000000000000000000000000000000000000000000000000000000000000000000000000000000000000000000000000=
53991 355600 1142100 00743 00753 4
20100503040000 346 030 358 029 042 034 0334 010 022 035 051 0332 0000 0260 0262 0346 0255 0319 041 039 0312 138 0117 09980 09986 0301 09980 0400 0321 0334 0344 0299 0313 0405 0409 0347 0375 0313 0278 0240 0212 0204 0171 0141 0121 0123 //// 10066 ///// ///// ////
000000000000000000000000000000000000000000000000000000000000000000000000000000000000000000000000000000000000000000000000=
53993 355600 1145500 00516 00524 4
20100503040000 314 013 285 013 049 016 0314 309 012 094 030 0326 0000 0279 0279 0400 0271 0302 066 064 0339 248 0210 09999 10006 0303 09999 0400 0365 0384 0334 0349 0356 0425 0446 0335 0422 0301 0283 0237 0209 0195 0182 0145 0117 0114 //// 10059 ///// ///// ////
000000000000000000000000000000000000000000000000000000000000000000000000000000000000000000000000000000000000000000000000=
53889 360400 1134900 03068 03086 4
20100503040000 104 036 097 036 094 040 0351 139 033 088 055 0346 0000 0282 0282 0400 0279 0301 045 045 0400 172 0151 09709 09715 0301 09709 0400 0341 0379 0301 0332 0349 0420 0434 0303 0410 0350 0318 0281 0255 0235 0158 0130 0122 0108 //// 10056 ///// ///// ////
000000000000000000000000000000000000000000000000000000000000000000000000000000000000000000000000000000000000000000000000=
53995 353300 1143000 00625 00645 4
20100503040000 223 007 328 013 308 019 0335 060 002 327 036 0340 0000 0279 0279 0400 0266 0304 062 061 0330 233 0199 09987 09993 0306 09987 0400 0387 0388 0359 0326 0302 0468 0468 0400 0409 0302 0311 0266 0232 0212 0181 0150 0124 0123 //// 10061 ///// ///// ////
000000000000000000000000000000000000000000000000000000000000000000000000000000000000000000000000000000000000000000000000=
53898 360300 1142400 00629 00638 4
20100503040000 015 026 020 023 015 030 0315 021 032 015 047 0332 0000 0263 0264 0358 0254 0324 042 039 0312 144 0124 09992 09998 0301 09992 0359 0387 0409 0354 0342 0316 0425 0430 0357 0376 0322 0259 0229 0210 0198 0150 0125 0113 0120 //// 10065 ///// ///// ////
000000000000000000000000000000000000000000000000000000000000000000000000000000000000000000000000000000000000000000000000=
NNNN
