57290 330000 1140100 00827 00838 4
20100503110000 359 014 059 016 204 021 1014 344 011 119 059 1017 0000 0287 0301 1001 0287 1100 054 050 1003 213 0185 09944 09946 1041 09943 1001 0240 0273 1001 0240 1100 0281 0335 1001 0281 1100 0291 0284 0264 0246 0182 0152 0132 0135 //// 10039 ///// ///// ////
000000000000000000000000000000000000000000000000000000000000000000000000000000000000000000000000000000000000000000000000=
57188 332200 1140200 00559 00568 4
20100503110000 154 037 156 032 154 042 1031 150 022 153 067 1030 0000 0270 0283 1001 0270 1100 058 054 1002 207 0180 09970 09971 1021 09968 1041 0245 0274 1001 0245 1100 0263 0320 1001 0263 1100 0283 0272 0256 0235 0159 0137 0125 0134 //// 10035 ///// ///// ////
000000000000000000000000000000000000000000000000000000000000000000000000000000000000000000000000000000000000000000000000=
57293 324400 1145900 00380 00391 4
20100503110000 162 017 165 017 157 021 1009 150 016 167 031 1008 0000 0258 0284 1009 0258 1100 062 053 1001 206 0180 10003 10005 1050 10001 1002 0239 0288 1001 0239 1100 0265 0304 1001 0265 1100 0294 0289 0272 0245 0195 0164 0138 0136 //// 10048 ///// ///// ////
000000000000000000000000000000000000000000000000000000000000000000000000000000000000000000000000000000000000000000000000=
57281 324200 1131800 01422 01431 4
20100503110000 133 026 131 023 136 029 1010 133 025 147 072 1007 0000 0274 0283 1001 0274 1100 057 054 1001 208 0181 09870 09873 1044 09870 1058 0259 0284 1001 0259 1100 0258 0289 1001 0258 1100 0276 0272 0259 0241 0179 0146 0131 0135 //// 10033 ///// ///// ////
000000000000000000000000000000000000000000000000000000000000000000000000000000000000000000000000000000000000000000000000=
57196 332800 1145200 00420 00428 4
20100503110000 163 022 160 022 153 028 1025 150 020 164 051 1007 0000 0274 0284 1001 0274 1100 063 059 1002 230 0197 09994 09994 1100 09990 1011 0248 0272 1005 0248 1100 0260 0291 1001 0260 1100 0278 0271 0251 0227 0159 0138 0128 0132 //// 10043 ///// ///// ////
000000000000000000000000000000000000000000000000000000000000000000000000000000000000000000000000000000000000000000000000=
57192 334400 1145100 00455 00466 4
20100503110000 164 017 168 015 159 019 1044 111 019 179 037 1040 0000 0284 0294 1001 0284 1100 055 054 1001 213 0185 09988 09988 1100 09985 1004 0248 0274 1001 0248 1100 0281 0313 1001 0281 1100 0302 0295 0273 0247 0184 0154 0135 0141 //// 10041 ///// ///// ////
000000000000000000000000000000000000000000000000000000000000000000000000000000000000000000000000000000000000000000000000=
58100 333900 1151000 00414 00424 4
20100503110000 154 019 151 021 154 025 1016 153 017 161 041 1015 0000 0284 0295 1001 0284 1100 051 048 1005 197 0173 09995 09995 1100 09993 1001 0278 0299 1003 0278 1100 0284 0323 1001 0284 1100 0309 0307 0290 0265 0196 0162 0140 0141 //// 10044 ///// ///// ////
000000000000000000000000000000000000000000000000000000000000000000000000000000000000000000000000000000000000000000000000=
57095 340700 1140900 00611 00622 4
20100503110000 143 024 146 027 148 030 1058 133 018 158 057 1057 0000 0271 0280 1001 0271 1100 069 066 1001 247 0209 09957 09958 1036 09955 1001 0231 0255 1001 0231 1100 0257 0287 1001 0257 1100 0278 0262 0261 0243 0175 0147 0127 0129 //// 10028 ///// ///// ////
000000000000000000000000000000000000000000000000000000000000000000000000000000000000000000000000000000000000000000000000=
57089 340200 1135200 00668 00681 4
20100503110000 165 011 148 016 149 020 1040 147 007 128 058 1051 0000 0277 0285 1001 0277 1100 057 055 1003 212 0184 09949 09949 1100 09949 1001 0249 0273 1001 0249 1100 0262 0292 1001 0262 1100 0273 0270 0259 0241 0173 0144 0129 0132 //// 10027 ///// ///// ////
000000000000000000000000000000000000000000000000000000000000000000000000000000000000000000000000000000000000000000000000=
57297 320800 1140300 01145 01154 4
20100503110000 160 026 169 024 175 034 1003 144 024 147 060 1011 0000 0286 0294 1001 0286 1100 053 049 1007 207 0181 09914 09914 1056 09913 1002 0252 0283 1001 0252 1100 0281 0314 1001 0281 1100 0296 0293 0281 0262 0199 0167 0143 //// //// 10045 ///// ///// ////
000000000000000000000000000000000000000000000000000000000000000000000000000000000000000000000000000000000000000000000000=
57296 322100 1144400 00489 00501 4
20100503110000 180 028 176 027 172 030 1049 195 035 189 049 1056 0000 0292 0303 1004 0292 1100 047 044 1001 190 0167 09991 09991 1100 09988 1001 0269 0285 1004 0269 1100 0265 0312 1001 0265 1100 0288 0283 0263 0242 0195 0161 0137 0133 //// 10048 ///// ///// ////
000000000000000000000000000000000000000000000000000000000000000000000000000000000000000000000000000000000000000000000000=
57396 313800 1145100 01287 01297 4
20100503110000 178 007 178 011 197 029 1001 164 007 189 040 1011 0000 0280 0296 1001 0280 1100 044 037 1001 166 0146 09905 09905 1100 09902 1001 0240 0288 1001 0240 1057 0265 0303 1001 0265 1100 0289 0285 0269 0244 0208 0164 //// //// //// 10053 ///// ///// ////
000000000000000000000000000000000000000000000000000000000000000000000000000000000000000000000000000000000000000000000000=
57390 314800 1140400 07335 07347 4
20100503110000 203 047 203 046 203 053 1001 214 030 203 103 1005 0000 0235 0238 1001 0235 1100 061 061 1100 177 0156 09242 09244 1012 09242 1100 0229 0239 1006 0229 1100 0227 0251 1001 0226 1058 0251 0246 0235 0215 0169 0138 //// //// //// 10056 ///// ///// ////
000000000000000000000000000000000000000000000000000000000000000000000000000000000000000000000000000000000000000000000000=
58207 321000 1150300 00428 00440 4
20100503110000 180 020 177 019 194 025 1015 197 012 220 043 1003 0000 0295 0306 1001 0295 1100 040 036 1001 165 0145 10000 10001 1039 09997 1001 0250 0288 1005 0246 1057 0278 0297 1001 0278 1100 0255 0269 0252 0234 0171 0148 0134 0140 //// 10050 ///// ///// ////
000000000000000000000000000000000000000000000000000000000000000000000000000000000000000000000000000000000000000000000000=
58205 322800 1152600 00349 00360 4
20100503110000 162 009 163 009 170 010 1026 231 014 189 018 1018 0000 0269 0301 1001 0269 1100 057 047 1001 202 0177 10010 10010 1100 10007 1001 0255 0288 1001 0254 1059 0267 0293 1001 0267 1100 0282 0287 0286 0277 0185 0158 0139 0127 //// 10052 ///// ///// ////
000000000000000000000000000000000000000000000000000000000000000000000000000000000000000000000000000000000000000000000000=
58208 321000 1153700 00429 00439 4
20100503110000 142 006 155 006 238 011 1001 132 007 160 010 1005 0000 0264 0291 1001 0264 1100 064 045 1008 220 0190 10002 10003 1042 09999 1008 0235 0276 1001 0235 1100 0273 0314 1001 0273 1100 0302 0304 0289 0269 0190 0164 0142 0142 //// 10053 ///// ///// ////
000000000000000000000000000000000000000000000000000000000000000000000000000000000000000000000000000000000000000000000000=
57299 320100 1145400 00494 00506 4
20100503110000 164 019 163 016 178 018 1009 133 028 133 028 1100 0000 0284 0292 1001 0284 1100 047 045 1001 182 0160 09992 09993 1020 09990 1001 0223 0260 1001 0223 1100 0264 0298 1001 0264 1100 0281 0288 0287 0279 0202 0159 0136 0132 //// 10050 ///// ///// ////
000000000000000000000000000000000000000000000000000000000000000000000000000000000000000000000000000000000000000000000000=
53994 352300 1140400 00700 00712 4
20100503110000 171 015 167 016 155 017 1008 203 014 164 025 1048 0000 0275 0284 1001 0275 1100 068 065 1001 250 0211 09944 09944 1100 09942 1003 0242 0276 1001 0240 1059 0261 0296 1001 0261 1100 0272 0262 0245 0221 0166 0136 0122 0129 //// 10026 ///// ///// ////
000000000000000000000000000000000000000000000000000000000000000000000000000000000000000000000000000000000000000000000000=
53988 351600 1134000 00776 00784 4
20100503110000 052 009 051 010 050 013 1044 054 010 060 018 1043 0000 0273 0287 1001 0273 1100 070 059 1003 254 0213 09931 09931 1100 09929 1050 0239 0277 1001 0239 1100 0264 0300 1001 0264 1100 0271 0262 0245 0228 0159 0137 0123 0128 //// 10021 ///// ///// ////
000000000000000000000000000000000000000000000000000000000000000000000000000000000000000000000000000000000000000000000000=
53983 350200 1142500 00696 00708 4
20100503110000 147 028 148 029 165 033 1001 150 023 147 049 1042 0000 0262 0273 1001 0262 1100 073 064 1001 248 0210 09945 09947 1031 09944 1048 0239 0259 1001 0239 1100 0258 0286 1001 0258 1100 0280 0277 0264 0249 0154 0132 0118 0126 //// 10026 ///// ///// ////
000000000000000000000000000000000000000000000000000000000000000000000000000000000000000000000000000000000000000000000000=
57171 334600 1130700 01420 01430 4
20100503110000 156 041 158 044 163 048 1054 153 035 161 063 1002 0000 0277 0283 1001 0275 1029 063 057 1001 234 0200 09859 09860 1040 09857 1010 0271 0286 1003 0271 1100 0265 0288 1002 0265 1100 0261 0258 0248 0236 0208 0177 0145 0138 //// 10021 ///// ///// ////
000000000000000000000000000000000000000000000000000000000000000000000000000000000000000000000000000000000000000000000000=
57076 344400 1124700 01895 01901 4
20100503110000 152 029 154 028 167 050 1018 147 028 178 079 1018 0000 0286 0293 1010 0286 1100 048 043 1011 188 0165 09795 09796 1050 09793 1001 0263 0277 1018 0263 1059 0266 0289 1001 0266 1100 0265 0259 0240 0221 0169 0140 0122 0125 //// 10010 ///// ///// ////
000000000000000000000000000000000000000000000000000000000000000000000000000000000000000000000000000000000000000000000000=
57093 345100 1144900 00733 00740 4
20100503110000 160 026 162 026 163 027 1057 141 033 164 052 1052 0000 0275 0285 1001 0275 1100 062 059 1007 228 0196 09948 09949 1005 09948 1100 0269 0282 1002 0267 1046 0266 0295 1001 0266 1100 0279 0270 0252 0228 0182 0144 0123 0125 //// 10033 ///// ///// ////
000000000000000000000000000000000000000000000000000000000000000000000000000000000000000000000000000000000000000000000000=
53984 351400 1132800 00827 00837 4
20100503110000 054 012 049 012 042 014 1034 054 012 046 019 1034 0000 0254 0265 1001 0254 1100 076 072 1014 246 0209 09925 09927 1001 09924 1033 0227 0258 1001 0227 1100 0254 0288 1001 0254 1100 0261 0253 0235 0223 0177 0147 0125 0125 //// 10022 ///// ///// ////
000000000000000000000000000000000000000000000000000000000000000000000000000000000000000000000000000000000000000000000000=
53972 350700 1125500 01196 01210 4
20100503110000 064 024 069 023 077 030 1001 018 020 077 042 1002 0000 0278 0283 1001 0278 1100 059 058 1001 220 0191 09878 09878 1100 09877 1012 0231 0249 1001 0231 1100 0263 0292 1001 0263 1100 0262 0256 0244 0227 0176 0151 0134 0139 //// 10016 ///// ///// ////
000000000000000000000000000000000000000000000000000000000000000000000000000000000000000000000000000000000000000000000000=
53993 355600 1145500 00516 00524 4
20100503110000 128 009 159 011 172 013 1056 136 009 188 025 1038 0000 0271 0281 1001 0271 1100 067 063 1004 240 0204 09966 09967 1049 09965 1004 0266 0285 1001 0266 1059 0263 0297 1001 0263 1100 0268 0259 0239 0220 0187 0146 0117 0114 //// 10026 ///// ///// ////
000000000000000000000000000000000000000000000000000000000000000000000000000000000000000000000000000000000000000000000000=
53898 360300 1142400 00629 00638 4
20100503110000 121 003 172 004 119 018 1019 105 003 097 026 1019 0000 0266 0275 1001 0266 1100 073 070 1002 254 0214 09955 09955 1100 09952 1007 0234 0279 1001 0234 1100 0265 0297 1001 0265 1100 0264 0254 0237 0216 0152 0127 0113 0120 //// 10028 ///// ///// ////
000000000000000000000000000000000000000000000000000000000000000000000000000000000000000000000000000000000000000000000000=
NNNN
