57090 344300 1135800 00781 00802 4
20100502090000 160 034 167 031 182 038 0833 161 035 164 077 0805 0000 0311 0318 0801 0311 0900 056 047 0805 253 0213 09933 09938 0802 09933 0856 0342 0384 0801 0342 0900 0397 0456 0801 0397 0900 0327 0292 0259 0235 0189 0156 0130 0131 //// 10025 ///// ///// ////
000000000000000000000000000000000000000000000000000000000000000000000000000000000000000000000000000000000000000000000000=
57083 344300 1133900 01104 01116 4
20100502090000 157 048 161 046 152 056 0828 160 051 141 080 0824 0000 0317 0324 0801 0317 0900 053 043 0801 248 0209 09894 09896 0801 09893 0847 0354 0427 0801 0354 0900 0377 0432 0801 0377 0900 0316 0286 0254 0227 0159 0140 0128 0130 0003 10021 ///// ///// ////
000000000000000000000000000000000000000000000000000000000000000000000000000000000000000000000000000000000000000000000000
140 000 000 000 //// //////////////////////// /// 0000 6///1 0//// 7//// 1//// 2//// 3//// /// /// /// // 911// 915// 919// 934// 939//=
57086 342300 1134300 01166 01168 4
20100502090000 183 051 182 045 180 047 0812 187 039 181 079 0859 0000 0294 0302 0801 0294 0900 061 058 0812 250 0211 09901 09903 0802 09901 0827 0295 0316 0802 0295 0900 0374 0427 0802 0374 0900 0319 0281 0245 0215 0173 0140 0123 0124 //// 10035 ///// ///// ////
000000000000000000000000000000000000000000000000000000000000000000000000000000000000000000000000000000000000000000000000=
57085 343200 1132000 02599 02648 4
20100502090000 177 023 178 023 181 038 0845 206 021 184 060 0838 0000 0311 0320 0801 0311 0851 041 035 0812 185 0163 09732 09734 0806 09732 0856 0354 0384 0817 0354 0900 0371 0419 0801 0371 0900 0328 0283 0248 0215 0177 0146 0126 0128 //// 10032 ///// ///// ////
000000000000000000000000000000000000000000000000000000000000000000000000000000000000000000000000000000000000000000000000=
57081 344800 1132600 01409 01419 4
20100502090000 154 033 148 032 140 038 0840 099 025 156 069 0831 0000 0331 0344 0803 0331 0900 031 024 0806 157 0137 09857 09859 0808 09857 0900 0339 0382 0801 0339 0900 0382 0430 0801 0382 0900 0329 0294 0261 0222 0156 0141 0126 0122 //// 10018 ///// ///// ////
000000000000000000000000000000000000000000000000000000000000000000000000000000000000000000000000000000000000000000000000=
57084 343000 1130300 11784 11790 4
20100502090000 239 038 237 032 236 035 0845 237 039 215 062 0843 0000 0259 0273 0802 0258 0857 038 030 0847 127 0105 08773 08775 0801 08772 0848 0254 0309 0808 0254 0900 0364 0447 0801 0364 0900 0312 0277 0235 0199 0128 //// //// //// //// 10043 ///// ///// ////
000000000000000000000000000000000000000000000000000000000000000000000000000000000000000000000000000000000000000000000000=
57082 342800 1130100 04271 04284 4
20100502090000 192 036 189 027 193 034 0827 187 029 170 060 0819 0000 0320 0328 0834 0320 0900 029 024 0824 138 0118 09556 09557 0801 09555 0810 0382 0436 0801 0381 0856 0400 0457 0801 0400 0900 0339 0310 0274 0242 0169 0144 0126 //// //// 10035 ///// ///// ////
000000000000000000000000000000000000000000000000000000000000000000000000000000000000000000000000000000000000000000000000=
57290 330000 1140100 00827 00838 4
20100502090000 304 011 269 015 311 022 0806 293 011 288 040 0813 0000 0334 0335 0801 0333 0816 033 032 0857 170 0149 09954 09959 0804 09954 0859 0300 0359 0801 0299 0859 0413 0468 0801 0413 0900 0337 0300 0262 0234 0172 0147 0131 0135 //// 10050 ///// ///// ////
000000000000000000000000000000000000000000000000000000000000000000000000000000000000000000000000000000000000000000000000
120 000 000 000 //// //////////////////////// /// 0000 6///1 0//// 7//// 1//// 2//// 3//// /// /// /// // 911// 915// 919// 934// 939//=
57295 323700 1142100 00785 00802 4
20100502090000 212 016 215 018 213 030 0810 268 017 181 053 0810 0000 0320 0330 0801 0320 0900 049 043 0801 233 0199 09965 09969 0801 09964 0858 0335 0403 0801 0335 0900 0384 0438 0801 0384 0900 0330 0285 0254 0227 0165 0145 0130 0132 //// 10057 ///// ///// ////
000000000000000000000000000000000000000000000000000000000000000000000000000000000000000000000000000000000000000000000000=
57189 330800 1135700 00646 00655 4
20100502090000 217 011 208 016 228 021 0815 192 013 226 036 0811 0000 0317 0324 0829 0316 0858 053 047 0812 248 0209 09973 09979 0801 09973 0858 0284 0307 0805 0284 0900 0366 0411 0802 0366 0900 0317 0286 0258 0232 0154 0137 0125 0127 //// 10048 ///// ///// ////
000000000000000000000000000000000000000000000000000000000000000000000000000000000000000000000000000000000000000000000000=
57194 331700 1141600 00598 00609 4
20100502090000 184 026 193 032 194 033 0857 173 018 173 056 0802 0000 0311 0318 0817 0311 0900 056 048 0831 253 0213 09978 09983 0801 09978 0857 0339 0387 0814 0339 0855 0398 0455 0807 0398 0900 0314 0282 0250 0223 0155 0136 0123 0127 //// 10048 ///// ///// ////
000000000000000000000000000000000000000000000000000000000000000000000000000000000000000000000000000000000000000000000000=
57197 330000 1142000 00489 00545 4
20100502090000 183 020 183 017 194 023 0801 187 024 203 039 0851 0000 0312 0321 0804 0312 0900 059 057 0802 268 0222 09989 09994 0801 09989 0857 0321 0379 0804 0321 0900 0394 0450 0801 0394 0900 0305 0279 0246 0220 0168 0146 0128 0129 //// 10052 ///// ///// ////
000000000000000000000000000000000000000000000000000000000000000000000000000000000000000000000000000000000000000000000000=
57294 325000 1140100 00836 00846 4
20100502090000 240 020 240 019 239 026 0801 263 016 240 050 0829 0000 0321 0328 0813 0321 0856 040 038 0832 191 0168 09952 09956 0801 09952 0859 0353 0396 0810 0353 0900 0408 0458 0801 0408 0900 0323 0284 0243 0212 0158 0144 0128 0126 //// 10049 ///// ///// ////
000000000000000000000000000000000000000000000000000000000000000000000000000000000000000000000000000000000000000000000000=
57292 325800 1143800 00444 00453 4
20100502090000 185 038 184 032 188 038 0807 187 037 173 062 0804 0000 0315 0318 0815 0315 0837 056 053 0843 259 0217 10003 10009 0801 10003 0858 0309 0341 0801 0309 0900 0384 0435 0801 0384 0900 0319 0286 0252 0228 0181 0151 0133 0135 //// 10055 ///// ///// ////
000000000000000000000000000000000000000000000000000000000000000000000000000000000000000000000000000000000000000000000000=
57195 333700 1143700 00466 00476 4
20100502090000 226 021 233 022 234 024 0816 257 018 257 051 0835 0000 0316 0327 0824 0316 0900 053 048 0801 246 0209 09991 09996 0801 09991 0900 0325 0368 0801 0325 0857 0389 0450 0801 0389 0900 0342 0310 0272 0240 0169 0144 0129 0141 //// 10046 ///// ///// ////
000000000000000000000000000000000000000000000000000000000000000000000000000000000000000000000000000000000000000000000000=
57193 334700 1143100 00526 00541 4
20100502090000 221 011 206 011 199 020 0803 156 019 173 070 0814 0000 0305 0311 0816 0305 0900 052 051 0817 227 0195 09985 09989 0802 09985 0849 0290 0300 0803 0285 0833 0311 0358 0803 0309 0855 0302 0283 0258 0231 0170 0145 0131 0132 //// 10047 ///// ///// ////
000000000000000000000000000000000000000000000000000000000000000000000000000000000000000000000000000000000000000000000000
150 000 000 000 //// //////////////////////// /// 0000 6///1 0//// 7//// 1//// 2//// 3//// /// /// /// // 911// 915// 919// 934// 939//=
57099 340400 1145100 00526 00536 4
20100502090000 188 018 192 026 212 037 0804 155 024 147 074 0828 0000 0304 0308 0813 0304 0900 058 054 0828 252 0212 09980 09983 0801 09980 0900 0295 0338 0811 0295 0900 0345 0400 0801 0345 0900 0323 0288 0247 0215 0168 0142 0123 0132 //// 10042 ///// ///// ////
000000000000000000000000000000000000000000000000000000000000000000000000000000000000000000000000000000000000000000000000=
58104 332400 1150400 00412 00425 4
20100502090000 189 032 190 033 197 038 0802 181 027 204 054 0801 0000 0299 0305 0801 0299 0900 065 059 0807 274 0226 10005 10010 0801 10005 0900 0355 0384 0801 0354 0859 0382 0434 0801 0382 0900 0341 0306 0265 0232 0181 0146 0127 0135 //// 10054 ///// ///// ////
000000000000000000000000000000000000000000000000000000000000000000000000000000000000000000000000000000000000000000000000=
57198 333300 1143700 00463 00473 4
20100502090000 195 029 190 026 192 035 0808 182 030 175 050 0803 0000 0311 0318 0823 0311 0900 057 054 0803 258 0216 09993 09999 0801 09993 0900 0336 0381 0801 0336 0900 0367 0421 0801 0367 0900 0322 0291 0255 0227 0158 0144 0131 0139 //// 10048 ///// ///// ////
000000000000000000000000000000000000000000000000000000000000000000000000000000000000000000000000000000000000000000000000=
58101 335200 1152900 00413 00428 4
20100502090000 213 029 206 026 207 033 0814 203 015 173 074 0815 0000 0300 0305 0801 0300 0858 062 057 0801 263 0219 10000 10005 0801 10000 0900 0297 0341 0801 0297 0900 0369 0422 0801 0369 0900 0311 0269 0232 0204 0156 0139 0125 0131 //// 10050 ///// ///// ////
000000000000000000000000000000000000000000000000000000000000000000000000000000000000000000000000000000000000000000000000=
57098 340500 1142400 00583 00593 4
20100502090000 175 045 179 044 194 056 0829 178 050 189 082 0807 0000 0302 0310 0801 0302 0900 061 050 0807 262 0218 09970 09972 0801 09969 0853 0340 0369 0806 0340 0900 0308 0336 0801 0308 0900 0295 0271 0239 0216 0166 0141 0125 0130 //// 10038 ///// ///// ////
000000000000000000000000000000000000000000000000000000000000000000000000000000000000000000000000000000000000000000000000=
57190 334500 1142400 00505 00516 4
20100502090000 205 036 203 038 201 049 0801 203 039 208 066 0827 0000 0298 0304 0801 0298 0900 060 057 0847 252 0212 09984 09988 0801 09984 0900 0333 0355 0804 0333 0859 0391 0447 0801 0391 0900 0323 0290 0251 0218 0174 0146 0128 0132 //// 10044 ///// ///// ////
000000000000000000000000000000000000000000000000000000000000000000000000000000000000000000000000000000000000000000000000=
57088 340900 1133000 01161 01177 4
20100502090000 231 033 228 039 227 050 0847 211 020 247 090 0846 0000 0317 0323 0801 0317 0900 047 044 0824 220 0190 09897 09900 0801 09897 0900 0317 0358 0801 0317 0900 0401 0460 0806 0401 0900 0345 0306 0262 0229 0150 0134 0127 0131 //// 10032 ///// ///// ////
000000000000000000000000000000000000000000000000000000000000000000000000000000000000000000000000000000000000000000000000=
57182 335100 1133000 00805 00814 4
20100502090000 198 035 208 040 216 047 0857 206 044 198 080 0855 0000 0310 0317 0824 0310 0900 048 046 0838 216 0187 09941 09946 0801 09941 0900 0367 0401 0815 0360 0855 0436 0505 0804 0433 0856 0347 0302 0261 0224 0177 0150 0133 0139 //// 10034 ///// ///// ////
000000000000000000000000000000000000000000000000000000000000000000000000000000000000000000000000000000000000000000000000=
57087 341200 1134800 00877 00885 4
20100502090000 203 042 199 043 197 055 0849 203 061 200 083 0845 0000 0305 0311 0803 0305 0900 053 052 0853 231 0198 09935 09936 0801 09934 0817 0343 0385 0804 0343 0900 0385 0448 0801 0385 0900 0320 0290 0253 0224 0157 0137 0124 0128 //// 10037 ///// ///// ////
000000000000000000000000000000000000000000000000000000000000000000000000000000000000000000000000000000000000000000000000=
57297 320800 1140300 01145 01154 4
20100502090000 192 042 208 046 200 051 0851 195 046 234 110 0857 0000 0313 0318 0801 0313 0858 041 040 0859 187 0165 09932 09936 0810 09931 0852 0350 0399 0805 0350 0900 0407 0473 0805 0407 0900 0356 0321 0287 0254 0189 0161 0141 //// //// 10063 ///// ///// ////
000000000000000000000000000000000000000000000000000000000000000000000000000000000000000000000000000000000000000000000000
120 000 000 000 //// //////////////////////// /// 0000 6///1 0//// 7//// 1//// 2//// 3//// /// /// /// // 911// 915// 919// 934// 939//=
58301 314900 1152300 00916 00929 4
20100502090000 210 053 215 055 218 065 0825 208 059 215 090 0844 0000 0310 0320 0805 0310 0900 040 033 0801 180 0158 09965 09967 0802 09964 0856 0297 0322 0803 0297 0900 0354 0406 0804 0354 0900 0316 0292 0266 0241 0196 0165 0139 0134 //// 10071 ///// ///// ////
000000000000000000000000000000000000000000000000000000000000000000000000000000000000000000000000000000000000000000000000=
57298 321300 1143300 00554 00562 4
20100502090000 204 029 201 036 205 052 0836 220 038 192 087 0821 0000 0315 0320 0808 0315 0900 043 040 0811 199 0174 09997 10000 0801 09997 0900 0275 0289 0801 0275 0900 0356 0396 0801 0356 0900 0306 0274 0243 0218 0165 0145 0127 0137 //// 10061 ///// ///// ////
000000000000000000000000000000000000000000000000000000000000000000000000000000000000000000000000000000000000000000000000=
57390 314800 1140400 07335 07347 4
20100502090000 208 068 208 068 210 071 0853 189 041 206 145 0848 0000 0262 0272 0814 0262 0900 051 046 0824 173 0153 09265 09269 0803 09265 0900 0298 0326 0813 0296 0849 0336 0389 0801 0336 0900 0307 0274 0237 0204 0157 0131 //// //// //// 10082 ///// ///// ////
000000000000000000000000000000000000000000000000000000000000000000000000000000000000000000000000000000000000000000000000=
58208 321000 1153700 00429 00439 4
20100502090000 226 040 225 039 227 055 0801 228 036 222 069 0811 0000 0314 0320 0804 0314 0900 040 037 0811 184 0162 10016 10019 0801 10016 0900 0335 0363 0805 0335 0900 0363 0405 0804 0363 0900 0327 0303 0275 0250 0180 0159 0141 0142 //// 10066 ///// ///// ////
000000000000000000000000000000000000000000000000000000000000000000000000000000000000000000000000000000000000000000000000
200 000 000 000 //// //////////////////////// /// 0000 6///1 0//// 7//// 1//// 2//// 3//// /// /// /// // 911// 915// 919// 934// 939//=
53989 350300 1135700 00766 00777 4
20100502090000 178 043 181 040 184 046 0811 188 051 182 083 0840 0000 0309 0320 0803 0309 0900 053 049 0801 237 0202 09926 09929 0801 09926 0900 0297 0332 0801 0297 0900 0386 0457 0801 0386 0900 0326 0295 0260 0230 0163 0139 0123 0126 //// 10015 ///// ///// ////
000000000000000000000000000000000000000000000000000000000000000000000000000000000000000000000000000000000000000000000000=
53986 351900 1135300 00732 00740 4
20100502090000 188 017 187 025 181 040 0802 150 030 187 070 0827 0000 0329 0331 0811 0329 0834 046 043 0821 230 0197 09934 09936 0802 09934 0859 0357 0383 0807 0357 0900 0377 0426 0801 0377 0900 0301 0269 0239 0216 0166 0142 0125 0130 //// 10018 ///// ///// ////
000000000000000000000000000000000000000000000000000000000000000000000000000000000000000000000000000000000000000000000000
130 000 000 000 //// //////////////////////// /// 0000 6///1 0//// 7//// 1//// 2//// 3//// /// /// /// // 911// 915// 919// 934// 939//=
53988 351600 1134000 00776 00784 4
20100502090000 133 009 115 013 188 027 0813 189 008 211 043 0803 0000 0333 0339 0808 0333 0900 048 035 0803 246 0208 09921 09924 0801 09921 0900 0355 0396 0801 0348 0839 0399 0471 0801 0399 0900 0324 0288 0249 0221 0149 0133 0123 0128 //// 10010 ///// ///// ////
000000000000000000000000000000000000000000000000000000000000000000000000000000000000000000000000000000000000000000000000=
53998 351200 1143900 00616 00625 4
20100502090000 159 044 163 041 177 048 0801 178 040 170 074 0839 0000 0304 0308 0826 0304 0900 058 053 0807 252 0212 09952 09955 0809 09952 0859 0320 0355 0801 0320 0859 0370 0411 0801 0370 0900 0312 0275 0239 0210 0175 0145 0124 0130 //// 10024 ///// ///// ////
000000000000000000000000000000000000000000000000000000000000000000000000000000000000000000000000000000000000000000000000=
57051 344800 1111200 04099 04117 4
20100502090000 091 008 098 013 186 015 0809 119 006 220 030 0807 0000 0354 0364 0834 0354 0900 012 010 0833 069 0017 09553 09559 0801 09553 0859 0454 0474 0827 0454 0900 0462 0533 0802 0462 0900 0333 0289 0253 0222 0171 0134 0119 0120 //// 10012 ///// ///// ////
000000000000000000000000000000000000000000000000000000000000000000000000000000000000000000000000000000000000000000000000
200 000 000 000 1000 /////////////////////CUU 100 0000 6///1 0//// 7//// 1//// 2//// 3//// /// /// /// // 911// 915// 919// 934// 939//=
57063 344600 1114600 05236 05236 4
20100502090000 241 031 238 038 234 046 0842 237 030 240 077 0838 0000 0334 0345 0801 0334 0859 016 015 0802 082 0042 09440 09444 0802 09440 0859 0353 0435 0801 0353 0900 0434 0513 0801 0434 0900 0319 0272 0223 0189 0122 0112 0104 0111 //// 10026 ///// ///// ////
000000000000000000000000000000000000000000000000000000000000000000000000000000000000000000000000000000000000000000000000=
57067 340300 1110200 05688 05699 4
20100502090000 171 030 180 032 182 039 0853 158 018 156 078 0848 0000 0313 0320 0801 0313 0854 020 015 0801 091 0057 09392 09396 0801 09392 0900 0369 0401 0801 0369 0900 0397 0446 0801 0397 0900 0325 0279 0210 0241 0168 0149 0123 0125 //// 10028 ///// ///// ////
000000000000000000000000000000000000000000000000000000000000000000000000000000000000000000000000000000000000000000000000=
57056 343200 1105300 03904 03909 4
20100502090000 037 015 033 015 023 017 0852 023 010 023 030 0845 0000 0348 0354 0814 0348 0858 020 015 0807 111 0085 09573 09580 0801 09573 0900 0411 0479 0801 0411 0900 0464 0534 0801 0464 0900 0376 0328 0272 0233 0147 0130 0118 0121 //// 10008 ///// ///// ////
000000000000000000000000000000000000000000000000000000000000000000000000000000000000000000000000000000000000000000000000=
58007 340400 1151800 00472 00532 4
20100502090000 168 022 180 025 175 034 0820 198 018 206 070 0805 0000 0297 0303 0803 0297 0855 064 059 0806 267 0222 09985 09989 0806 09985 0900 0302 0346 0801 0301 0859 0344 0402 0801 0344 0900 0299 0266 0234 0208 0153 0138 0127 0132 //// 10047 ///// ///// ////
000000000000000000000000000000000000000000000000000000000000000000000000000000000000000000000000000000000000000000000000=
58006 342300 1155300 00463 00506 4
20100502090000 186 038 191 034 194 041 0840 175 034 234 078 0812 0000 0294 0300 0813 0294 0900 061 058 0815 250 0211 09991 09994 0814 09991 0856 0337 0373 0812 0337 0900 0356 0401 0803 0356 0900 0320 0288 0251 0219 0162 0140 0123 0127 //// 10050 ///// ///// ////
000000000000000000000000000000000000000000000000000000000000000000000000000000000000000000000000000000000000000000000000=
58111 335800 1162700 00325 00325 4
20100502090000 205 039 197 033 196 041 0807 212 036 187 073 0813 0000 0297 0302 0801 0297 0900 058 055 0810 242 0206 10021 10024 0814 10020 0851 0243 0252 0801 0243 0900 0320 0354 0807 0320 0900 0283 0261 0234 0209 0158 0140 0129 0138 //// 10059 ///// ///// ////
000000000000000000000000000000000000000000000000000000000000000000000000000000000000000000000000000000000000000000000000
150 000 000 000 //// //////////////////////// /// 0000 6///1 0//// 7//// 1//// 2//// 3//// /// /// /// // 911// 915// 919// 934// 939//=
58017 341500 1160800 00410 00420 4
20100502090000 186 018 186 021 179 033 0814 226 013 184 078 0822 0000 0300 0304 0802 0299 0853 062 058 0824 263 0219 09999 10002 0803 09999 0859 0270 0289 0802 0270 0859 0330 0377 0801 0330 0900 0285 0257 0229 0207 0152 0139 0126 0129 //// 10047 ///// ///// ////
000000000000000000000000000000000000000000000000000000000000000000000000000000000000000000000000000000000000000000000000=
58001 342600 1150600 00563 00569 4
20100502090000 208 028 205 039 205 048 0835 209 032 187 083 0820 0000 0293 0297 0816 0293 0900 061 059 0828 249 0210 09973 09976 0805 09973 0854 0303 0326 0807 0303 0859 0329 0366 0801 0329 0900 0297 0265 0234 0205 0152 0130 0118 0126 //// 10039 ///// ///// ////
000000000000000000000000000000000000000000000000000000000000000000000000000000000000000000000000000000000000000000000000=
58005 342700 1154000 00501 00511 4
20100502090000 211 055 206 049 212 054 0826 218 063 198 085 0810 0000 0300 0306 0808 0300 0900 055 053 0801 233 0200 09983 09986 0801 09983 0900 0313 0364 0804 0313 0900 0358 0421 0803 0358 0900 0298 0270 0237 0209 0154 0133 0126 0133 0002 10042 ///// ///// ////
000000000000000000000000000000000000000000000000000000000000000000000000000000000000000000000000000000000000000000000000
150 000 000 000 //// //////////////////////// /// 0000 6///1 0//// 7//// 1//// 2//// 3//// /// /// /// // 911// 915// 919// 934// 939//=
58008 342800 1152000 00544 00592 4
20100502090000 188 032 195 036 200 049 0814 215 061 234 095 0805 0000 0301 0304 0828 0301 0900 056 052 0808 239 0204 09970 09974 0802 09970 0858 0338 0365 0806 0335 0854 0347 0382 0805 0347 0900 0300 0270 0242 0209 0149 0135 0122 0129 //// 10038 ///// ///// ////
000000000000000000000000000000000000000000000000000000000000000000000000000000000000000000000000000000000000000000000000=
58004 343900 1150900 00606 00616 4
20100502090000 189 026 198 035 201 036 0858 173 023 254 077 0837 0000 0300 0305 0802 0300 0859 058 055 0814 246 0208 09964 09968 0808 09963 0859 0336 0364 0802 0336 0857 0350 0397 0801 0350 0900 0320 0294 0255 0228 0162 0139 0126 0129 //// 10035 ///// ///// ////
000000000000000000000000000000000000000000000000000000000000000000000000000000000000000000000000000000000000000000000000=
54817 355900 1155200 00421 00434 4
20100502090000 173 033 177 028 191 040 0835 164 052 198 077 0834 0000 0303 0310 0813 0303 0900 053 047 0801 229 0197 09970 09974 0826 09969 0857 0285 0302 0809 0284 0857 0388 0438 0809 0388 0900 0309 0271 0236 0203 0142 0120 0111 0114 //// 10020 ///// ///// ////
000000000000000000000000000000000000000000000000000000000000000000000000000000000000000000000000000000000000000000000000=
54902 355400 1150700 00495 00499 4
20100502090000 190 046 190 045 199 063 0810 198 049 195 107 0808 0000 0297 0305 0801 0297 0900 060 052 0810 250 0211 09955 09959 0808 09955 0855 0326 0353 0806 0326 0900 0379 0432 0801 0379 0900 0307 0274 0238 0207 0148 0119 0111 0115 //// 10012 ///// ///// ////
000000000000000000000000000000000000000000000000000000000000000000000000000000000000000000000000000000000000000000000000=
54900 354200 1150100 00537 00541 4
20100502090000 185 044 184 040 181 048 0842 175 048 173 077 0847 0000 0301 0312 0801 0301 0900 062 056 0801 265 0220 09956 09959 0828 09956 0858 0308 0342 0801 0308 0900 0367 0419 0801 0367 0900 0311 0277 0240 0209 0166 0132 0114 0115 //// 10018 ///// ///// ////
000000000000000000000000000000000000000000000000000000000000000000000000000000000000000000000000000000000000000000000000=
54901 360500 1151000 00475 00478 4
20100502090000 191 072 190 073 192 074 0844 187 084 167 113 0815 0000 0294 0301 0804 0294 0900 055 052 0811 225 0194 09954 09957 0812 09954 0856 0300 0331 0801 0300 0900 0338 0389 0801 0338 0900 0297 0265 0233 0205 0163 0136 0115 0115 //// 10009 ///// ///// ////
000000000000000000000000000000000000000000000000000000000000000000000000000000000000000000000000000000000000000000000000=
54903 355100 1152900 00457 00506 4
20100502090000 202 043 196 051 204 056 0825 173 052 198 093 0856 0000 0299 0308 0802 0299 0900 054 049 0819 228 0196 09961 09963 0821 09960 0841 0328 0362 0803 0328 0859 0359 0410 0803 0359 0900 0301 0266 0232 0205 0159 0131 0117 0116 //// 10019 ///// ///// ////
000000000000000000000000000000000000000000000000000000000000000000000000000000000000000000000000000000000000000000000000=
57184 333800 1132200 00834 00847 4
20100502090000 215 018 192 026 200 035 0825 260 017 159 074 0801 0000 0306 0312 0801 0306 0900 049 045 0802 215 0187 09939 09943 0801 09939 0900 0279 0293 0801 0279 0856 0407 0460 0801 0401 0856 0344 0306 0272 0239 0143 0133 0126 0132 //// 10036 ///// ///// ////
000000000000000000000000000000000000000000000000000000000000000000000000000000000000000000000000000000000000000000000000=
57177 332000 1133200 00898 00913 4
20100502090000 243 042 235 044 224 052 0831 254 045 229 084 0847 0000 0319 0323 0803 0319 0900 033 033 0900 156 0136 09938 09942 0802 09937 0853 0353 0387 0802 0350 0859 0367 0416 0802 0367 0900 0300 0291 0247 0230 0167 0145 0130 0125 //// 10042 ///// ///// ////
000000000000000000000000000000000000000000000000000000000000000000000000000000000000000000000000000000000000000000000000=
57075 341000 1125200 02031 02043 4
20100502090000 132 026 132 028 127 044 0802 110 019 130 062 0834 0000 0298 0306 0801 0298 0900 062 055 0801 260 0217 09800 09804 0801 09800 0900 0352 0374 0805 0349 0857 0386 0426 0805 0386 0900 0337 0303 0268 0237 0198 0162 0132 0126 //// 10033 ///// ///// ////
000000000000000000000000000000000000000000000000000000000000000000000000000000000000000000000000000000000000000000000000=
57173 334500 1125300 01457 01468 4
20100502090000 199 051 198 050 194 055 0839 220 046 187 089 0819 0000 0309 0317 0801 0309 0900 044 041 0826 197 0172 09862 09865 0811 09862 0900 0335 0379 0815 0334 0857 0412 0478 0815 0412 0900 0334 0301 0267 0235 0169 0146 0130 0135 //// 10029 ///// ///// ////
000000000000000000000000000000000000000000000000000000000000000000000000000000000000000000000000000000000000000000000000=
57180 335900 1131200 01175 01186 4
20100502090000 184 028 188 027 188 038 0803 178 038 201 063 0802 0000 0308 0315 0801 0308 0900 053 050 0801 235 0201 09899 09901 0801 09899 0900 0353 0378 0812 0350 0857 0396 0488 0801 0396 0900 0351 0312 0269 0229 0162 0143 0129 0133 //// 10035 ///// ///// ////
000000000000000000000000000000000000000000000000000000000000000000000000000000000000000000000000000000000000000000000000=
57181 335300 1130300 01364 01380 4
20100502090000 190 044 191 045 194 059 0831 192 069 195 089 0828 0000 0299 0306 0818 0299 0856 053 052 0845 224 0193 09880 09884 0825 09880 0857 0274 0303 0801 0274 0900 0391 0445 0801 0391 0900 0349 0316 0275 0239 0174 0146 0129 0133 //// 10039 ///// ///// ////
000000000000000000000000000000000000000000000000000000000000000000000000000000000000000000000000000000000000000000000000
150 10- 000 000 6600 /////////////////////CIE 002 0000 6///1 0//// 7//// 1//// 2//// 3//// /// /// /// // 911// 915// 919// 934// 939//=
57175 330300 1121400 01914 01922 4
20100502090000 177 019 183 032 170 047 0804 178 028 178 079 0848 0000 0301 0301 0900 0298 0849 057 055 0807 243 0206 09833 09838 0802 09833 0856 0330 0364 0801 0330 0900 0419 0462 0804 0418 0859 0340 0302 0261 0230 0163 0146 0133 0139 //// 10054 ///// ///// ////
000000000000000000000000000000000000000000000000000000000000000000000000000000000000000000000000000000000000000000000000=
57156 331800 1113000 02503 02523 4
20100502090000 167 032 149 027 118 035 0802 198 035 139 056 0832 0000 0326 0332 0805 0326 0900 030 030 0858 148 0128 09755 09760 0802 09755 0900 0316 0355 0801 0316 0900 0395 0449 0801 0395 0900 0337 0302 0265 0234 0184 0159 0138 0143 //// 10040 ///// ///// ////
000000000000000000000000000000000000000000000000000000000000000000000000000000000000000000000000000000000000000000000000
200 001 000 000 //// /////////////////////CIE 002 0000 6///1 0//// 7//// 1//// 2//// 3//// /// /// /// // 911// 915// 919// 934// 939//=
57271 323300 1122300 00879 00897 4
20100502090000 171 029 167 029 166 038 0839 164 026 173 065 0832 0000 0316 0323 0811 0316 0857 042 039 0835 195 0171 09948 09955 0801 09948 0858 0360 0397 0806 0358 0857 0418 0468 0807 0416 0858 0334 0301 0266 0238 0167 0144 0135 0139 //// 10051 ///// ///// ////
000000000000000000000000000000000000000000000000000000000000000000000000000000000000000000000000000000000000000000000000=
57261 330700 1113100 02330 02345 4
20100502090000 306 052 306 046 306 046 0852 300 069 300 069 0900 0000 0311 0338 0801 0311 0900 049 030 0801 221 0191 09769 09772 0801 09769 0900 0380 0449 0801 0380 0900 0421 0500 0801 0421 0900 0348 0317 0281 0250 0196 0168 0148 //// //// 10036 ///// ///// ////
000000000000000000000000000000000000000000000000000000000000000000000000000000000000000000000000000000000000000000000000=
57285 322300 1132500 01530 01492 4
20100502090000 196 027 194 025 180 030 0851 212 019 164 068 0850 0000 0328 0332 0805 0327 0830 030 030 0900 149 0130 09888 09893 0804 09887 0858 0278 0331 0803 0278 0900 0403 0451 0803 0403 0900 0352 0320 0286 0253 0161 0142 0130 0135 //// 10057 ///// ///// ////
000000000000000000000000000000000000000000000000000000000000000000000000000000000000000000000000000000000000000000000000
130 000 000 000 //// //////////////////////// /// 0000 6///1 0//// 7//// 1//// 2//// 3//// /// /// /// // 911// 915// 919// 934// 939//=
57273 324100 1125100 01095 01105 4
20100502090000 221 034 218 037 218 037 0859 223 027 215 060 0809 0000 0323 0325 0808 0323 0839 034 033 0853 164 0144 09925 09931 0803 09925 0857 0309 0340 0801 0309 0900 0407 0464 0801 0407 0900 0334 0301 0263 0233 0173 0151 0135 0138 //// 10051 ///// ///// ////
000000000000000000000000000000000000000000000000000000000000000000000000000000000000000000000000000000000000000000000000=
57187 330400 1125600 01180 01193 4
20100502090000 216 039 212 042 219 055 0806 217 033 232 079 0805 0000 0306 0308 0801 0306 0900 050 047 0811 220 0190 09904 09910 0801 09904 0900 0343 0372 0801 0342 0859 0389 0439 0801 0389 0900 0331 0284 0260 0233 0184 0157 0138 0136 //// 10041 ///// ///// ////
000000000000000000000000000000000000000000000000000000000000000000000000000000000000000000000000000000000000000000000000=
57178 330200 1123500 01292 01305 4
20100502090000 197 031 192 032 196 045 0804 169 019 175 070 0803 0000 0309 0316 0801 0309 0900 043 042 0801 192 0169 09902 09906 0801 09902 0900 0339 0398 0802 0339 0900 0386 0475 0801 0386 0900 0318 0290 0258 0232 0169 0146 0133 0134 0004 10051 ///// ///// ////
000000000000000000000000000000000000000000000000000000000000000000000000000000000000000000000000000000000000000000000000
300 000 000 000 //// //////////////////////// /// 0000 6///1 0//// 7//// 1//// 2//// 3//// /// /// /// // 911// 915// 919// 934// 939//=
57169 330300 1115200 01591 01600 4
20100502090000 148 037 151 035 151 057 0807 153 031 156 079 0803 0000 0296 0299 0823 0296 0900 059 057 0850 245 0207 09866 09870 0801 09866 0856 0304 0330 0801 0304 0900 0410 0438 0803 0407 0853 0334 0298 0266 0234 0187 0152 0133 0135 //// 10050 ///// ///// ////
000000000000000000000000000000000000000000000000000000000000000000000000000000000000000000000000000000000000000000000000=
57176 332900 1122500 02311 02304 4
20100502090000 194 053 194 046 191 054 0820 189 051 181 101 0813 0000 0304 0326 0801 0304 0900 044 040 0802 191 0168 09781 09782 0807 09781 0829 0308 0390 0801 0308 0900 0343 0458 0801 0343 0900 0340 0316 0285 0253 0187 0162 0139 0137 //// 10044 ///// ///// ////
000000000000000000000000000000000000000000000000000000000000000000000000000000000000000000000000000000000000000000000000=
57179 331700 1130000 01604 01616 4
20100502090000 213 041 207 047 210 059 0808 209 034 218 090 0834 0000 0302 0305 0820 0301 0846 057 051 0822 245 0207 09866 09869 0801 09865 0859 0353 0391 0801 0345 0845 0391 0443 0801 0391 0900 0321 0285 0253 0228 0174 0147 0129 0134 //// 10051 ///// ///// ////
000000000000000000000000000000000000000000000000000000000000000000000000000000000000000000000000000000000000000000000000=
57274 324200 1120700 01076 01088 4
20100502090000 155 031 153 033 159 042 0801 150 038 150 065 0850 0000 0313 0316 0813 0312 0843 045 044 0827 206 0180 09924 09930 0801 09924 0859 0336 0368 0814 0336 0900 0404 0456 0801 0404 0900 0341 0310 0279 0249 0201 0179 0149 0145 //// 10049 ///// ///// ////
000000000000000000000000000000000000000000000000000000000000000000000000000000000000000000000000000000000000000000000000=
57065 343000 1121100 01949 01964 4
20100502090000 135 040 128 045 119 058 0822 133 052 113 089 0839 0000 0329 0342 0801 0329 0900 037 031 0804 185 0163 09796 09799 0824 09796 0849 0282 0304 0801 0282 0900 0427 0505 0801 0427 0900 0355 0319 0278 0241 0167 0145 0134 0139 //// 10019 ///// ///// ////
000000000000000000000000000000000000000000000000000000000000000000000000000000000000000000000000000000000000000000000000=
57074 342500 1122500 01973 01989 4
20100502090000 135 014 140 011 138 017 0829 167 008 198 055 0836 0000 0330 0340 0802 0330 0900 042 036 0806 211 0184 09796 09803 0801 09796 0900 0366 0409 0802 0365 0858 0432 0505 0801 0432 0858 0346 0306 0264 0229 0164 0143 0128 0130 //// 10020 ///// ///// ////
000000000000000000000000000000000000000000000000000000000000000000000000000000000000000000000000000000000000000000000000=
57076 344400 1124700 01895 01901 4
20100502090000 174 028 200 032 218 039 0855 161 022 206 055 0852 0000 0349 0352 0802 0349 0900 021 019 0854 117 0093 09798 09800 0801 09798 0900 0323 0365 0801 0323 0900 0418 0485 0801 0418 0900 0332 0292 0243 0209 0157 0136 0121 0125 //// 10013 ///// ///// ////
000000000000000000000000000000000000000000000000000000000000000000000000000000000000000000000000000000000000000000000000=
57070 344400 1120700 03640 03595 4
20100502090000 159 049 162 048 155 055 0835 147 036 167 080 0828 0000 0331 0348 0804 0331 0900 029 018 0802 147 0127 09615 09618 0808 09614 0852 0387 0436 0801 0387 0858 0433 0504 0801 0433 0900 0326 0274 0233 0203 0170 0140 0122 0125 //// 10018 ///// ///// ////
000000000000000000000000000000000000000000000000000000000000000000000000000000000000000000000000000000000000000000000000=
57162 340900 1120500 03258 03275 4
20100502090000 098 007 095 008 089 012 0849 122 008 018 025 0825 0000 0333 0346 0818 0332 0849 031 023 0828 159 0139 09648 09652 0801 09648 0900 0323 0358 0815 0284 0844 0432 0495 0807 0398 0844 0349 0308 0268 0234 0160 0143 0128 0134 //// 10016 ///// ///// ////
000000000000000000000000000000000000000000000000000000000000000000000000000000000000000000000000000000000000000000000000=
57078 340900 1122800 03365 03340 4
20100502090000 117 044 117 036 133 039 0820 122 032 102 069 0859 0000 0327 0333 0809 0327 0900 033 026 0803 163 0143 09649 09653 0803 09649 0855 0372 0451 0801 0372 0900 0406 0458 0801 0406 0900 0345 0310 0269 0231 0149 0133 0124 0124 //// 10025 ///// ///// ////
000000000000000000000000000000000000000000000000000000000000000000000000000000000000000000000000000000000000000000000000=
57071 344900 1122600 03333 03332 4
20100502090000 115 037 112 035 108 049 0822 088 031 122 075 0820 0000 0330 0343 0801 0330 0900 023 021 0855 116 0091 09646 09649 0802 09646 0853 0369 0430 0801 0369 0900 0428 0498 0801 0428 0900 0332 0288 0249 0217 0178 0142 0121 0123 //// 10020 ///// ///// ////
000000000000000000000000000000000000000000000000000000000000000000000000000000000000000000000000000000000000000000000000
250 000 000 000 //// //////////////////////// /// 0000 6///1 0//// 7//// 1//// 2//// 3//// /// /// /// // 911// 915// 919// 934// 939//=
57066 342300 1114000 03283 03298 4
20100502090000 000 000 000 000 147 005 0819 122 000 136 014 0818 0000 0305 0305 0900 0287 0816 043 033 0802 188 0165 09647 09651 0801 09647 0859 0268 0290 0838 0235 0801 0317 0345 0831 0292 0801 0263 0234 0206 0185 0154 0137 0120 0120 //// 10020 ///// ///// ////
000000000000000000000000000000000000000000000000000000000000000000000000000000000000000000000000000000000000000000000000=
57077 334700 1113900 07424 07388 4
20100502090000 204 031 216 041 203 059 0810 195 020 206 099 0809 0000 0308 0318 0801 0307 0853 018 014 0811 080 0038 09224 09227 0805 09223 0856 0341 0385 0801 0341 0900 0415 0480 0801 0414 0856 0321 0284 0243 0211 0157 0129 0113 0117 //// 10038 ///// ///// ////
000000000000000000000000000000000000000000000000000000000000000000000000000000000000000000000000000000000000000000000000
280 003 000 000 6300 /////////////////////CII 001 0000 6///1 0//// 7//// 1//// 2//// 3//// /// /// /// // 911// 915// 919// 934// 939//=
57183 334800 1135500 00600 00615 4
20100502090000 206 036 209 039 209 050 0849 203 046 203 073 0827 0000 0293 0305 0801 0293 0900 059 058 0845 240 0205 09970 09971 0801 09970 0835 0303 0335 0806 0263 0823 0337 0432 0801 0337 0900 0299 0274 0245 0221 0179 0148 0127 0126 //// 10041 ///// ///// ////
000000000000000000000000000000000000000000000000000000000000000000000000000000000000000000000000000000000000000000000000=
57186 333600 1140300 00587 00598 4
20100502090000 193 057 195 049 216 054 0803 182 051 225 073 0801 0000 0305 0317 0801 0305 0900 052 043 0801 227 0195 09974 09978 0801 09974 0900 0329 0384 0814 0329 0900 0393 0456 0801 0393 0900 0326 0288 0251 0225 0179 0152 0133 0136 //// 10043 ///// ///// ////
000000000000000000000000000000000000000000000000000000000000000000000000000000000000000000000000000000000000000000000000=
57094 342400 1141300 00674 00685 4
20100502090000 203 029 208 031 209 041 0847 203 046 192 084 0840 0000 0303 0312 0801 0303 0900 054 049 0840 233 0200 09951 09954 0801 09951 0900 0353 0415 0801 0335 0854 0370 0438 0801 0370 0900 0325 0297 0266 0236 0177 0154 0129 0130 //// 10030 ///// ///// ////
000000000000000000000000000000000000000000000000000000000000000000000000000000000000000000000000000000000000000000000000=
57191 342900 1142900 00634 00642 4
20100502090000 180 025 195 020 194 022 0848 147 054 147 054 0900 0000 0311 0318 0833 0311 0900 052 047 0808 235 0201 09959 09963 0801 09959 0900 0292 0371 0801 0292 0900 0322 0425 0801 0322 0900 0311 0291 0263 0234 0168 0141 0124 0127 //// 10033 ///// ///// ////
000000000000000000000000000000000000000000000000000000000000000000000000000000000000000000000000000000000000000000000000=
57096 343200 1144700 00597 00607 4
20100502090000 197 031 199 032 205 040 0829 220 018 226 083 0801 0000 0307 0312 0808 0307 0900 056 053 0801 247 0209 09961 09965 0801 09960 0854 0303 0325 0804 0303 0900 0369 0422 0801 0369 0900 0326 0289 0243 0212 0160 0138 0125 0129 //// 10031 ///// ///// ////
000000000000000000000000000000000000000000000000000000000000000000000000000000000000000000000000000000000000000000000000=
57093 345100 1144900 00733 00740 4
20100502090000 209 041 208 038 203 062 0813 226 049 229 093 0813 0000 0307 0308 0818 0306 0801 056 053 0801 247 0209 09945 09947 0805 09944 0824 0341 0361 0818 0340 0857 0371 0414 0809 0371 0900 0312 0275 0240 0208 0167 0139 0123 0125 //// 10030 ///// ///// ////
000000000000000000000000000000000000000000000000000000000000000000000000000000000000000000000000000000000000000000000000=
57091 344700 1141800 00737 00748 4
20100502090000 209 079 212 076 211 077 0851 203 089 203 100 0848 0000 0304 0310 0805 0304 0900 046 042 0804 200 0175 09938 09941 0801 09937 0849 0298 0323 0801 0298 0900 0344 0397 0801 0344 0900 0312 0277 0241 0205 0166 0143 0125 0120 //// 10024 ///// ///// ////
000000000000000000000000000000000000000000000000000000000000000000000000000000000000000000000000000000000000000000000000
140 000 000 000 //// //////////////////////// /// 0000 6///1 0//// 7//// 1//// 2//// 3//// /// /// /// // 911// 915// 919// 934// 939//=
53978 350500 1123800 01401 01409 4
20100502090000 074 025 077 027 087 033 0807 071 019 088 044 0802 0000 0327 0330 0839 0325 0810 047 047 0850 232 0199 09852 09855 0801 09852 0856 0336 0346 0801 0335 0853 0424 0462 0801 0424 0900 0325 0283 0244 0215 0142 0129 0124 0130 //// 10013 ///// ///// ////
000000000000000000000000000000000000000000000000000000000000000000000000000000000000000000000000000000000000000000000000=
53984 351400 1132800 00827 00837 4
20100502090000 228 022 227 021 237 032 0819 218 029 249 050 0812 0000 0335 0338 0827 0335 0900 035 032 0805 181 0159 09914 09918 0801 09914 0900 0338 0370 0804 0338 0900 0404 0459 0803 0404 0900 0311 0273 0235 0213 0165 0142 0124 0125 //// 10010 ///// ///// ////
000000000000000000000000000000000000000000000000000000000000000000000000000000000000000000000000000000000000000000000000=
53987 350600 1132500 00910 00918 4
20100502090000 190 042 192 032 192 032 0900 198 049 184 061 0857 0000 0333 0347 0801 0333 0900 038 027 0803 194 0171 09909 09913 0806 09908 0852 0368 0412 0830 0368 0900 0370 0406 0801 0370 0900 0333 0296 0261 0229 0172 0148 0133 0132 //// 10014 ///// ///// ////
000000000000000000000000000000000000000000000000000000000000000000000000000000000000000000000000000000000000000000000000=
57079 345700 1130200 01064 01069 4
20100502090000 249 018 249 020 250 032 0806 257 020 243 047 0813 0000 0334 0349 0801 0334 0900 028 024 0813 144 0124 09884 09890 0801 09884 0900 0312 0403 0810 0312 0900 0341 0476 0801 0341 0900 0295 0265 0233 0206 0174 0148 0127 0126 //// 10006 ///// ///// ////
000000000000000000000000000000000000000000000000000000000000000000000000000000000000000000000000000000000000000000000000=
57072 345500 1124500 01275 01285 4
20100502090000 205 020 209 024 218 038 0804 211 013 203 056 0818 0000 0352 0355 0840 0351 0801 023 018 0807 131 0110 09864 09868 0801 09864 0900 0381 0401 0810 0378 0850 0450 0500 0801 0449 0859 0318 0273 0232 0204 0143 0130 0117 0119 //// 10011 ///// ///// ////
000000000000000000000000000000000000000000000000000000000000000000000000000000000000000000000000000000000000000000000000=
53982 351400 1131600 01120 01135 4
20100502090000 290 021 280 018 249 029 0830 263 022 254 056 0828 0000 0341 0341 0900 0331 0803 030 030 0900 160 0141 09880 09883 0801 09880 0900 0347 0358 0817 0347 0900 0422 0452 0808 0422 0900 0323 0289 0252 0224 0170 0146 0131 0135 //// 10009 ///// ///// ////
000000000000000000000000000000000000000000000000000000000000000000000000000000000000000000000000000000000000000000000000=
53979 350900 1130500 01200 01211 4
20100502090000 241 023 247 021 225 025 0801 256 024 251 035 0859 0000 0339 0341 0814 0335 0801 032 031 0819 169 0149 09874 09880 0801 09874 0900 0336 0395 0811 0336 0900 0453 0537 0810 0453 0900 0349 0303 0262 0228 0153 0141 0128 0133 //// 10012 ///// ///// ////
000000000000000000000000000000000000000000000000000000000000000000000000000000000000000000000000000000000000000000000000=
53992 353900 1143100 00582 00592 4
20100502090000 173 040 175 040 186 044 0833 122 033 198 062 0805 0000 0301 0308 0801 0300 0834 062 056 0801 265 0220 09942 09948 0806 09941 0849 0315 0329 0828 0310 0805 0360 0395 0801 0360 0900 0305 0275 0248 0219 0149 0130 0116 0122 //// 10010 ///// ///// ////
000000000000000000000000000000000000000000000000000000000000000000000000000000000000000000000000000000000000000000000000=
53974 353700 1141100 00723 00739 4
20100502090000 195 032 205 036 205 044 0854 212 016 203 088 0847 0000 0309 0315 0822 0309 0900 055 044 0801 246 0208 09927 09938 0801 09927 0844 0302 0340 0820 0302 0900 0334 0385 0819 0334 0900 0308 0285 0257 0232 0167 0140 0124 0129 //// 10012 ///// ///// ////
000000000000000000000000000000000000000000000000000000000000000000000000000000000000000000000000000000000000000000000000=
53990 354300 1141900 00795 00805 4
20100502090000 193 048 193 053 184 069 0808 184 047 190 096 0836 0000 0298 0301 0838 0297 0801 061 056 0804 256 0215 09917 09920 0801 09915 0830 0338 0358 0813 0337 0856 0381 0421 0813 0381 0900 0310 0280 0246 0222 0180 0143 0118 0116 //// 10009 ///// ///// ////
000000000000000000000000000000000000000000000000000000000000000000000000000000000000000000000000000000000000000000000000=
53991 355600 1142100 00743 00753 4
20100502090000 189 026 176 026 158 041 0818 063 018 165 076 0817 0000 0303 0310 0801 0303 0900 054 042 0801 233 0200 09920 09920 0900 09916 0816 0322 0356 0804 0322 0900 0372 0420 0801 0372 0900 0316 0284 0244 0219 0162 0137 0120 0122 //// 10006 ///// ///// ////
000000000000000000000000000000000000000000000000000000000000000000000000000000000000000000000000000000000000000000000000=
53889 360400 1134900 03068 03086 4
20100502090000 202 022 201 030 215 061 0802 208 033 216 094 0815 0000 0306 0309 0801 0303 0847 035 031 0801 154 0134 09657 09659 0801 09656 0841 0347 0347 0900 0304 0847 0384 0404 0801 0340 0849 0330 0315 0300 0280 0152 0125 0121 0107 //// 10005 ///// ///// ////
000000000000000000000000000000000000000000000000000000000000000000000000000000000000000000000000000000000000000000000000=
53995 353300 1143000 00625 00645 4
20100502090000 171 044 173 042 194 046 0809 167 048 184 078 0839 0000 0299 0304 0801 0297 0815 059 054 0802 249 0210 09941 09946 0821 09941 0855 0331 0355 0835 0302 0812 0375 0398 0801 0360 0814 0336 0312 0279 0247 0176 0144 0123 0123 //// 10015 ///// ///// ////
000000000000000000000000000000000000000000000000000000000000000000000000000000000000000000000000000000000000000000000000=
53898 360300 1142400 00629 00638 4
20100502090000 176 045 173 051 175 060 0805 164 028 195 113 0804 0000 0304 0316 0803 0304 0858 054 042 0804 234 0200 09929 09930 0853 09927 0825 0359 0448 0802 0359 0859 0381 0446 0802 0381 0900 0305 0273 0238 0206 0141 0122 0112 0120 //// 10002 ///// ///// ////
000000000000000000000000000000000000000000000000000000000000000000000000000000000000000000000000000000000000000000000000
200 001 000 000 //// /////////////////////CIE 002 0000 6///1 0//// 7//// 1//// 2//// 3//// /// /// /// // 911// 915// 919// 934// 939//=
NNNN
