57090 344300 1135800 00781 00802 4
20100501230000 188 009 183 007 166 010 2246 226 007 153 023 2244 0000 0190 0190 2300 0168 2201 089 089 2300 195 0171 09978 09978 2300 09976 2211 0192 0192 2300 0121 2201 0197 0197 2300 0145 2201 0174 0184 0189 0194 0182 0154 0129 0131 //// 10071 ///// ///// ////
000000000000000000000000000000000000000000000000000000000000000000000000000000000000000000000000000000000000000000000000=
57083 344300 1133900 01104 01116 4
20100501230000 166 009 164 008 128 009 2205 172 008 163 011 2259 0000 0198 0198 2300 0181 2204 080 079 2248 185 0163 09941 09941 2300 09938 2201 0209 0209 2300 0117 2201 0192 0192 2300 0146 2201 0170 0174 0179 0183 0157 0138 0128 0130 0002 10070 ///// ///// ////
000000000000000000000000000000000000000000000000000000000000000000000000000000000000000000000000000000000000000000000000
080 000 000 /// //// //////////////////////// /// //// 6///1 0//// 7//// 1//// 2//// 3//// /// /// /// // 911// 915// 919// 934// 939//=
57086 342300 1134300 01166 01168 4
20100501230000 183 024 179 023 182 025 2253 184 014 173 042 2258 0000 0195 0198 2201 0190 2235 079 077 2203 179 0158 09941 09942 2239 09940 2201 0226 0227 2259 0171 2201 0186 0186 2300 0162 2201 0176 0179 0184 0185 0168 0138 0122 0124 //// 10076 ///// ///// ////
000000000000000000000000000000000000000000000000000000000000000000000000000000000000000000000000000000000000000000000000=
57085 343200 1132000 02599 02648 4
20100501230000 336 016 335 017 334 017 2259 347 013 322 027 2258 0000 0192 0192 2300 0172 2237 073 073 2300 162 0142 09771 09771 2259 09767 2201 0209 0209 2300 0160 2203 0167 0167 2300 0144 2201 0163 0171 0176 0177 0172 0143 0126 0128 //// 10074 ///// ///// ////
000000000000000000000000000000000000000000000000000000000000000000000000000000000000000000000000000000000000000000000000=
57081 344800 1132600 01409 01419 4
20100501230000 000 000 000 000 272 006 2201 336 000 268 008 2227 0000 0186 0186 2300 0174 2226 065 061 2201 139 0119 09907 09907 2300 09904 2205 0189 0189 2300 0111 2201 0174 0174 2300 0139 2201 0165 0174 0184 0184 0154 0139 0125 0122 //// 10071 ///// ///// ////
000000000000000000000000000000000000000000000000000000000000000000000000000000000000000000000000000000000000000000000000=
57084 343000 1130300 11784 11790 4
20100501230000 272 062 273 064 264 075 2232 248 066 260 088 2219 0000 0196 0196 2300 0182 2207 047 047 2300 107 0080 08790 08790 2300 08787 2201 0175 0175 2300 0147 2201 0181 0181 2300 0135 2201 0145 0150 0155 0154 0126 //// //// //// //// 10074 ///// ///// ////
000000000000000000000000000000000000000000000000000000000000000000000000000000000000000000000000000000000000000000000000=
57080 344400 1125800 01652 01661 4
20100501230000 226 007 283 005 231 006 2253 178 005 234 014 2251 0000 0171 0171 2300 0152 2201 073 073 2255 142 0122 09882 09882 2300 09879 2201 0168 0168 2300 0106 2201 0171 0171 2300 0130 2201 0162 0174 0184 0188 0154 0132 0119 0123 //// 10073 ///// ///// ////
000000000000000000000000000000000000000000000000000000000000000000000000000000000000000000000000000000000000000000000000=
57082 342800 1130100 04271 04284 4
20100501230000 290 024 280 022 292 029 2244 285 021 302 042 2241 0000 0204 0204 2258 0191 2228 055 053 2201 132 0111 09590 09590 2300 09588 2201 0199 0200 2258 0172 2214 0188 0188 2300 0159 2201 0177 0187 0194 0197 0166 0141 0126 //// //// 10074 ///// ///// ////
000000000000000000000000000000000000000000000000000000000000000000000000000000000000000000000000000000000000000000000000=
57295 323700 1142100 00785 00802 4
20100501230000 192 018 194 016 195 022 2229 181 022 192 050 2213 0000 0200 0200 2300 0188 2201 082 082 2300 192 0168 10003 10003 2300 09999 2201 0193 0193 2300 0154 2203 0199 0199 2300 0172 2203 0199 0197 0198 0198 0161 0143 0129 0132 //// 10096 ///// ///// ////
000000000000000000000000000000000000000000000000000000000000000000000000000000000000000000000000000000000000000000000000=
57189 330800 1135700 00646 00655 4
20100501230000 151 013 154 011 151 012 2252 136 020 136 020 2300 0000 0174 0174 2300 0157 2201 097 097 2300 193 0169 10013 10013 2300 10009 2201 0159 0159 2300 0115 2201 0182 0182 2300 0148 2201 0173 0179 0185 0189 0151 0135 0124 0127 //// 10090 ///// ///// ////
000000000000000000000000000000000000000000000000000000000000000000000000000000000000000000000000000000000000000000000000=
57194 331700 1141600 00598 00609 4
20100501230000 195 028 195 027 195 027 2300 198 023 203 047 2255 0000 0196 0196 2259 0184 2203 085 085 2300 194 0170 10018 10018 2300 10016 2222 0186 0187 2252 0161 2201 0192 0192 2300 0161 2201 0179 0185 0189 0190 0153 0135 0123 0128 //// 10089 ///// ///// ////
000000000000000000000000000000000000000000000000000000000000000000000000000000000000000000000000000000000000000000000000=
57197 330000 1142000 00489 00545 4
20100501230000 198 013 198 013 191 018 2216 164 019 195 035 2212 0000 0189 0189 2300 0172 2201 096 096 2300 210 0182 10030 10030 2300 10024 2202 0190 0190 2300 0124 2201 0192 0192 2300 0152 2201 0182 0186 0191 0189 0164 0144 0128 0129 //// 10094 ///// ///// ////
000000000000000000000000000000000000000000000000000000000000000000000000000000000000000000000000000000000000000000000000=
57294 325000 1140100 00836 00846 4
20100501230000 197 009 194 011 203 013 2201 187 013 189 020 2257 0000 0206 0206 2300 0182 2220 085 085 2300 206 0180 09991 09991 2256 09986 2202 0191 0191 2300 0146 2205 0197 0197 2300 0159 2201 0179 0185 0189 0188 0155 0143 0128 0126 //// 10089 ///// ///// ////
000000000000000000000000000000000000000000000000000000000000000000000000000000000000000000000000000000000000000000000000=
57292 325800 1143800 00444 00453 4
20100501230000 184 025 185 024 185 027 2201 181 021 195 057 2223 0000 0198 0198 2300 0190 2213 084 084 2300 194 0170 10044 10044 2300 10038 2202 0193 0193 2300 0169 2201 0206 0206 2300 0172 2201 0189 0194 0197 0200 0177 0149 0132 0135 //// 10097 ///// ///// ////
000000000000000000000000000000000000000000000000000000000000000000000000000000000000000000000000000000000000000000000000=
57195 333700 1143700 00466 00476 4
20100501230000 247 015 249 014 231 018 2236 246 011 243 034 2229 0000 0197 0197 2300 0187 2201 081 081 2300 186 0163 10034 10034 2300 10031 2201 0198 0198 2300 0165 2203 0199 0199 2300 0160 2201 0184 0189 0197 0200 0167 0142 0128 0141 //// 10089 ///// ///// ////
000000000000000000000000000000000000000000000000000000000000000000000000000000000000000000000000000000000000000000000000=
57193 334700 1143100 00526 00541 4
20100501230000 206 007 203 007 190 008 2201 189 011 181 025 2217 0000 0185 0185 2300 0174 2201 088 088 2300 187 0165 10025 10025 2254 10023 2201 0190 0190 2300 0156 2201 0189 0189 2300 0154 2201 0172 0176 0183 0186 0169 0144 0131 0132 //// 10088 ///// ///// ////
000000000000000000000000000000000000000000000000000000000000000000000000000000000000000000000000000000000000000000000000=
57196 332800 1145200 00420 00428 4
20100501230000 188 031 192 028 192 028 2300 187 042 187 042 2300 0000 0185 0185 2300 0172 2201 087 087 2300 185 0163 10041 10041 2300 10039 2201 0196 0196 2300 0150 2201 0178 0178 2300 0139 2201 0162 0172 0178 0180 0150 0135 0127 0133 //// 10091 ///// ///// ////
000000000000000000000000000000000000000000000000000000000000000000000000000000000000000000000000000000000000000000000000=
57099 340400 1145100 00526 00536 4
20100501230000 193 018 197 018 197 018 2300 181 012 214 039 2249 0000 0186 0186 2300 0175 2201 085 085 2300 182 0160 10024 10024 2300 10021 2201 0179 0183 2253 0140 2201 0176 0176 2300 0144 2201 0167 0171 0177 0181 0167 0141 0124 0132 //// 10087 ///// ///// ////
000000000000000000000000000000000000000000000000000000000000000000000000000000000000000000000000000000000000000000000000=
58104 332400 1150400 00412 00425 4
20100501230000 192 029 193 029 197 031 2252 192 031 198 052 2251 0000 0193 0193 2300 0175 2201 087 087 2300 195 0171 10044 10044 2300 10041 2201 0222 0222 2259 0149 2201 0191 0191 2300 0147 2201 0174 0180 0189 0193 0180 0145 0127 0135 //// 10094 ///// ///// ////
000000000000000000000000000000000000000000000000000000000000000000000000000000000000000000000000000000000000000000000000=
57198 333300 1143700 00463 00473 4
20100501230000 204 011 209 011 203 013 2237 178 016 192 021 2243 0000 0181 0181 2300 0169 2201 090 090 2300 187 0164 10035 10035 2300 10032 2201 0191 0191 2300 0117 2201 0182 0182 2300 0139 2201 0168 0177 0185 0190 0157 0143 0131 0139 //// 10090 ///// ///// ////
000000000000000000000000000000000000000000000000000000000000000000000000000000000000000000000000000000000000000000000000=
58101 335200 1152900 00413 00428 4
20100501230000 194 014 199 012 193 018 2233 164 008 229 042 2247 0000 0187 0187 2300 0155 2201 088 088 2300 190 0167 10041 10042 2253 10039 2203 0208 0208 2300 0107 2201 0190 0190 2300 0122 2201 0162 0166 0174 0177 0154 0138 0125 0131 //// 10091 ///// ///// ////
000000000000000000000000000000000000000000000000000000000000000000000000000000000000000000000000000000000000000000000000=
57098 340500 1142400 00583 00593 4
20100501230000 193 025 190 026 189 028 2234 187 022 167 044 2230 0000 0190 0190 2300 0174 2201 084 084 2300 184 0162 10013 10013 2300 10011 2201 0196 0196 2300 0159 2202 0176 0176 2300 0144 2201 0162 0160 0165 0170 0165 0140 0125 0130 //// 10082 ///// ///// ////
000000000000000000000000000000000000000000000000000000000000000000000000000000000000000000000000000000000000000000000000=
57190 334500 1142400 00505 00516 4
20100501230000 187 009 184 010 208 014 2246 220 008 219 020 2241 0000 0166 0166 2300 0140 2201 096 096 2300 181 0160 10026 10027 2246 10024 2201 0185 0185 2300 0120 2201 0181 0181 2300 0123 2201 0153 0161 0173 0179 0174 0144 0128 0132 //// 10086 ///// ///// ////
000000000000000000000000000000000000000000000000000000000000000000000000000000000000000000000000000000000000000000000000=
57088 340900 1133000 01161 01177 4
20100501230000 304 001 223 005 186 008 2257 319 000 093 011 2201 0000 0173 0173 2300 0154 2201 095 094 2201 187 0165 09943 09943 2300 09938 2201 0180 0180 2300 0128 2201 0191 0191 2300 0138 2201 0168 0177 0187 0190 0148 0133 0127 0131 //// 10080 ///// ///// ////
000000000000000000000000000000000000000000000000000000000000000000000000000000000000000000000000000000000000000000000000=
57182 335100 1133000 00805 00814 4
20100501230000 247 016 238 017 212 030 2229 299 012 217 043 2228 0000 0220 0220 2300 0207 2201 076 076 2300 201 0176 09985 09985 2300 09982 2201 0241 0241 2300 0189 2202 0224 0224 2300 0174 2201 0190 0195 0202 0200 0175 0149 0133 0140 //// 10079 ///// ///// ////
000000000000000000000000000000000000000000000000000000000000000000000000000000000000000000000000000000000000000000000000=
57087 341200 1134800 00877 00885 4
20100501230000 203 009 194 009 190 009 2259 189 010 209 013 2258 0000 0181 0181 2300 0163 2201 093 092 2201 193 0170 09977 09978 2236 09974 2201 0206 0206 2300 0115 2201 0192 0192 2300 0141 2201 0170 0178 0185 0186 0155 0136 0124 0128 //// 10080 ///// ///// ////
000000000000000000000000000000000000000000000000000000000000000000000000000000000000000000000000000000000000000000000000=
58301 314900 1152300 00916 00929 4
20100501230000 202 040 201 036 201 036 2300 198 041 204 054 2257 0000 0219 0219 2300 0204 2201 065 065 2300 171 0150 10003 10003 2300 09999 2201 0208 0208 2300 0176 2201 0208 0208 2300 0176 2201 0193 0197 0204 0205 0192 0163 0138 0134 //// 10110 ///// ///// ////
000000000000000000000000000000000000000000000000000000000000000000000000000000000000000000000000000000000000000000000000=
57298 321300 1143300 00554 00562 4
20100501230000 201 030 192 032 187 038 2241 242 024 166 062 2235 0000 0213 0213 2300 0198 2201 079 079 2300 200 0175 10036 10036 2300 10032 2201 0197 0197 2300 0175 2201 0207 0207 2300 0174 2201 0192 0197 0201 0199 0162 0144 0127 0138 //// 10101 ///// ///// ////
000000000000000000000000000000000000000000000000000000000000000000000000000000000000000000000000000000000000000000000000=
57390 314800 1140400 07335 07347 4
20100501230000 210 085 210 085 209 092 2243 206 088 220 167 2239 0000 0187 0188 2254 0178 2202 079 078 2231 170 0150 09286 09286 2300 09283 2201 0203 0204 2259 0173 2202 0174 0174 2259 0154 2208 0165 0167 0172 0174 0157 0128 //// //// //// 10112 ///// ///// //
000000000000000000000000000000000000000000000000000000000000000000000000000000000000000000000000000000000000000000000000=
58208 321000 1153700 00429 00439 4
20100501230000 213 030 215 032 221 039 2240 222 030 230 057 2252 0000 0231 0231 2300 0220 2201 063 062 2255 178 0157 10054 10054 2300 10050 2201 0252 0252 2300 0210 2201 0221 0221 2300 0183 2201 0199 0207 0212 0216 0180 0158 0141 0142 //// 10105 ///// ///// ////
000000000000000000000000000000000000000000000000000000000000000000000000000000000000000000000000000000000000000000000000=
53989 350300 1135700 00766 00777 4
20100501230000 190 017 192 017 198 024 2201 159 015 188 028 2201 0000 0176 0176 2300 0175 2201 083 083 2300 167 0147 09977 09978 2216 09974 2201 0175 0175 2300 0153 2201 0175 0175 2300 0152 2201 0170 0178 0185 0187 0162 0137 0123 0126 //// 10067 ///// ///// ////
000000000000000000000000000000000000000000000000000000000000000000000000000000000000000000000000000000000000000000000000=
53986 351900 1135300 00732 00740 4
20100501230000 210 018 209 015 197 016 2245 209 021 254 039 2208 0000 0195 0195 2300 0187 2204 080 080 2300 181 0160 09980 09980 2215 09978 2201 0211 0211 2300 0150 2202 0185 0185 2300 0148 2202 0174 0178 0182 0185 0163 0140 0125 0130 //// 10065 ///// ///// ////
000000000000000000000000000000000000000000000000000000000000000000000000000000000000000000000000000000000000000000000000=
53988 351600 1134000 00776 00784 4
20100501230000 213 018 216 017 222 018 2251 211 020 220 028 2250 0000 0182 0182 2300 0172 2201 066 066 2300 138 0118 09971 09971 2300 09969 2207 0177 0177 2300 0126 2201 0182 0182 2300 0132 2201 0165 0173 0180 0184 0149 0132 0122 0128 //// 10062 ///// ///// ////
000000000000000000000000000000000000000000000000000000000000000000000000000000000000000000000000000000000000000000000000=
53998 351200 1143900 00616 00625 4
20100501230000 196 037 192 032 193 032 2259 203 059 203 059 2300 0000 0194 0194 2300 0184 2201 083 083 2300 187 0164 09993 09995 2231 09992 2205 0185 0185 2300 0163 2201 0189 0189 2300 0160 2201 0176 0180 0184 0184 0172 0142 0123 0130 //// 10065 ///// ///// ////
000000000000000000000000000000000000000000000000000000000000000000000000000000000000000000000000000000000000000000000000=
57051 344800 1111200 04099 04117 4
20100501230000 092 016 095 016 092 019 2232 077 017 080 035 2223 0000 0165 0165 2300 0159 2214 055 052 2201 103 0074 09610 09610 2300 09606 2201 0149 0149 2300 0107 2201 0159 0159 2300 0124 2201 0161 0174 0183 0185 0162 0132 0118 0120 //// 10077 ///// ///// ////
000000000000000000000000000000000000000000000000000000000000000000000000000000000000000000000000000000000000000000000000=
57063 344600 1114600 05236 05236 4
20100501230000 254 007 255 008 325 018 2217 251 012 322 021 2211 0000 0135 0135 2300 0115 2201 078 078 2300 121 0097 09487 09487 2300 09483 2201 0146 0146 2300 0061 2201 0148 0148 2300 0095 2201 0137 0151 0161 0164 0121 0111 0103 0111 //// 10081 ///// ///// ////
000000000000000000000000000000000000000000000000000000000000000000000000000000000000000000000000000000000000000000000000=
57067 340300 1110200 05688 05699 4
20100501230000 229 018 239 013 237 018 2202 215 024 215 024 2300 0000 0137 0137 2300 0131 2224 082 082 2257 128 0107 09452 09452 2300 09449 2201 0147 0147 2300 0112 2216 0157 0157 2300 0137 2201 0166 0179 0187 0187 0167 0146 0123 0125 //// 10099 ///// ///// ////
000000000000000000000000000000000000000000000000000000000000000000000000000000000000000000000000000000000000000000000000=
57056 343200 1105300 03904 03909 4
20100501230000 309 002 277 005 013 021 2211 291 000 347 029 2209 0000 0172 0172 2300 0150 2201 067 064 2250 131 0110 09631 09631 2300 09627 2202 0157 0157 2300 0100 2201 0172 0172 2300 0130 2201 0163 0179 0188 0190 0146 0129 0117 0121 //// 10077 ///// ///// ////
000000000000000000000000000000000000000000000000000000000000000000000000000000000000000000000000000000000000000000000000=
58007 340400 1151800 00472 00532 4
20100501230000 162 014 165 015 164 015 2258 170 020 133 026 2254 0000 0172 0172 2300 0152 2201 093 093 2201 182 0161 10026 10026 2247 10023 2202 0191 0191 2300 0109 2201 0172 0172 2300 0125 2201 0158 0169 0177 0181 0150 0137 0126 0132 //// 10088 ///// ///// ////
000000000000000000000000000000000000000000000000000000000000000000000000000000000000000000000000000000000000000000000000=
58006 342300 1155300 00463 00506 4
20100501230000 162 017 170 017 172 017 2258 142 013 173 024 2251 0000 0167 0167 2300 0141 2231 083 083 2300 158 0138 10035 10035 2253 10031 2201 0169 0169 2300 0102 2201 0163 0163 2300 0114 2201 0143 0153 0163 0170 0161 0138 0123 0127 //// 10094 ///// ///// ////
000000000000000000000000000000000000000000000000000000000000000000000000000000000000000000000000000000000000000000000000=
58111 335800 1162700 00325 00325 4
20100501230000 153 030 163 029 163 029 2300 161 027 161 055 2222 0000 0176 0176 2300 0171 2201 076 074 2201 153 0133 10063 10063 2258 10059 2201 0153 0153 2300 0137 2201 0172 0172 2300 0141 2201 0155 0159 0164 0168 0153 0138 0129 0138 //// 10101 ///// ///// ////
000000000000000000000000000000000000000000000000000000000000000000000000000000000000000000000000000000000000000000000000=
58017 341500 1160800 00410 00420 4
20100501230000 164 022 159 024 159 024 2300 156 014 167 051 2258 0000 0189 0189 2300 0178 2201 080 080 2228 175 0154 10044 10044 2300 10037 2207 0175 0175 2259 0140 2201 0166 0166 2300 0143 2201 0161 0167 0171 0173 0151 0138 0126 0129 //// 10093 ///// ///// ////
000000000000000000000000000000000000000000000000000000000000000000000000000000000000000000000000000000000000000000000000=
58001 342600 1150600 00563 00569 4
20100501230000 207 024 204 022 209 025 2246 192 028 212 046 2245 0000 0189 0189 2300 0170 2202 086 086 2300 188 0165 10014 10014 2259 10012 2202 0194 0194 2259 0148 2201 0174 0174 2300 0137 2201 0155 0157 0163 0166 0149 0129 0118 0126 //// 10080 ///// ///// ////
000000000000000000000000000000000000000000000000000000000000000000000000000000000000000000000000000000000000000000000000=
58005 342700 1154000 00501 00511 4
20100501230000 180 021 180 018 180 018 2300 169 022 197 032 2257 0000 0185 0185 2300 0160 2201 082 082 2300 175 0154 10028 10028 2300 10024 2201 0178 0178 2300 0108 2201 0186 0186 2300 0126 2201 0160 0168 0172 0174 0150 0132 0126 0133 0001 10088 ///// ///// ////
000000000000000000000000000000000000000000000000000000000000000000000000000000000000000000000000000000000000000000000000
150 000 000 /// //// //////////////////////// /// //// 6///1 0//// 7//// 1//// 2//// 3//// /// /// /// // 911// 915// 919// 934// 939//=
58008 342800 1152000 00544 00592 4
20100501230000 178 013 169 014 168 017 2238 189 016 170 031 2252 0000 0178 0178 2300 0164 2201 088 088 2300 179 0158 10013 10013 2300 10010 2210 0192 0192 2300 0137 2201 0178 0178 2300 0135 2201 0153 0157 0165 0168 0147 0134 0122 0129 //// 10082 ///// ///// ////
000000000000000000000000000000000000000000000000000000000000000000000000000000000000000000000000000000000000000000000000=
58004 343900 1150900 00606 00616 4
20100501230000 189 010 197 009 197 009 2300 206 008 153 020 2249 0000 0173 0173 2300 0156 2201 094 093 2201 186 0163 10006 10006 2300 10004 2206 0199 0199 2300 0114 2201 0175 0175 2300 0129 2201 0158 0171 0176 0181 0160 0137 0126 0129 //// 10078 ///// ///// ////
000000000000000000000000000000000000000000000000000000000000000000000000000000000000000000000000000000000000000000000000=
54817 355900 1155200 00421 00434 4
20100501230000 171 040 170 035 175 040 2253 175 023 164 074 2259 0000 0193 0193 2300 0179 2201 085 085 2300 190 0167 10015 10016 2211 10014 2249 0188 0188 2300 0156 2201 0195 0195 2300 0150 2201 0165 0167 0172 0170 0139 0119 0111 0113 //// 10066 ///// ///// ////
000000000000000000000000000000000000000000000000000000000000000000000000000000000000000000000000000000000000000000000000=
54902 355400 1150700 00495 00499 4
20100501230000 185 031 185 036 183 039 2244 187 029 187 064 2237 0000 0187 0187 2300 0178 2225 085 085 2300 183 0161 09996 09998 2248 09994 2206 0199 0199 2300 0169 2203 0181 0181 2300 0153 2202 0168 0171 0173 0174 0144 0118 0110 0115 //// 10054 ///// ///// ////
000000000000000000000000000000000000000000000000000000000000000000000000000000000000000000000000000000000000000000000000=
54900 354200 1150100 00537 00541 4
20100501230000 162 023 160 024 165 025 2213 150 020 153 043 2253 0000 0187 0187 2300 0174 2201 089 089 2300 192 0169 09996 09996 2259 09992 2203 0181 0181 2300 0150 2201 0182 0182 2300 0149 2201 0169 0171 0174 0174 0159 0130 0114 0115 //// 10059 ///// ///// ////
000000000000000000000000000000000000000000000000000000000000000000000000000000000000000000000000000000000000000000000000=
54901 360500 1151000 00475 00478 4
20100501230000 169 046 169 043 171 046 2252 167 045 181 063 2248 0000 0182 0182 2300 0173 2201 086 086 2300 180 0158 09997 10000 2241 09996 2254 0179 0179 2300 0159 2201 0182 0182 2300 0155 2201 0165 0166 0168 0169 0157 0134 0115 0115 //// 10053 ///// ///// ////
000000000000000000000000000000000000000000000000000000000000000000000000000000000000000000000000000000000000000000000000=
54903 355100 1152900 00457 00506 4
20100501230000 186 024 185 024 177 027 2248 220 028 184 048 2257 0000 0194 0194 2300 0183 2220 082 082 2300 185 0162 10003 10003 2254 10001 2228 0209 0209 2300 0175 2201 0193 0193 2300 0156 2201 0167 0171 0173 0173 0154 0129 0117 0116 //// 10062 ///// ///// ////
000000000000000000000000000000000000000000000000000000000000000000000000000000000000000000000000000000000000000000000000=
57184 333800 1132200 00834 00847 4
20100501230000 308 011 278 010 238 012 2254 260 011 226 024 2247 0000 0216 0216 2300 0169 2201 079 079 2300 204 0178 09978 09979 2247 09976 2214 0194 0194 2300 0142 2201 0226 0226 2300 0152 2201 0184 0192 0197 0201 0140 0132 0126 0132 //// 10076 ///// ///// ////
000000000000000000000000000000000000000000000000000000000000000000000000000000000000000000000000000000000000000000000000=
57177 332000 1133200 00898 00913 4
20100501230000 245 039 233 045 228 048 2258 192 030 217 099 2208 0000 0240 0240 2300 0230 2201 063 062 2209 188 0165 09971 09972 2218 09970 2201 0247 0247 2300 0203 2201 0209 0209 2300 0177 2201 0162 0186 0180 0194 0166 0144 0130 0125 //// 10076 ///// ///// ////
000000000000000000000000000000000000000000000000000000000000000000000000000000000000000000000000000000000000000000000000=
57075 341000 1125200 02031 02043 4
20100501230000 266 001 288 004 326 013 2233 259 000 310 016 2232 0000 0167 0167 2300 0154 2201 092 091 2201 175 0154 09847 09847 2300 09843 2201 0198 0198 2300 0134 2201 0193 0193 2300 0136 2201 0168 0178 0187 0190 0196 0159 0132 0126 //// 10084 ///// ///// ////
000000000000000000000000000000000000000000000000000000000000000000000000000000000000000000000000000000000000000000000000=
57173 334500 1125300 01457 01468 4
20100501230000 197 011 191 009 355 009 2224 192 012 192 012 2300 0000 0172 0173 2253 0162 2222 088 087 2218 173 0152 09906 09906 2300 09903 2201 0189 0189 2300 0138 2201 0201 0201 2300 0149 2201 0186 0196 0203 0202 0168 0145 0130 0135 //// 10076 ///// ///// ////
000000000000000000000000000000000000000000000000000000000000000000000000000000000000000000000000000000000000000000000000=
57180 335900 1131200 01175 01186 4
20100501230000 291 001 330 002 026 009 2213 274 000 015 013 2210 0000 0166 0166 2300 0144 2206 096 095 2201 181 0160 09942 09942 2300 09937 2201 0191 0191 2300 0126 2201 0183 0183 2300 0138 2201 0171 0183 0192 0194 0161 0142 0129 0133 //// 10080 ///// ///// ////
000000000000000000000000000000000000000000000000000000000000000000000000000000000000000000000000000000000000000000000000=
57181 335300 1130300 01364 01380 4
20100501230000 348 009 350 003 345 009 2231 004 006 347 015 2230 0000 0159 0159 2300 0136 2212 095 092 2206 172 0151 09923 09923 2300 09919 2207 0172 0172 2300 0127 2202 0185 0185 2300 0138 2201 0173 0183 0194 0200 0170 0144 0129 0132 //// 10084 ///// ///// ////
000000000000000000000000000000000000000000000000000000000000000000000000000000000000000000000000000000000000000000000000=
57175 330300 1121400 01914 01922 4
20100501230000 001 001 358 003 342 005 2255 001 000 316 008 2248 0000 0155 0155 2300 0139 2207 100 100 2208 176 0155 09874 09875 2219 09874 2238 0156 0156 2300 0131 2201 0180 0180 2300 0143 2201 0178 0191 0200 0203 0160 0144 0133 0139 //// 10097 ///// ///// ////
000000000000000000000000000000000000000000000000000000000000000000000000000000000000000000000000000000000000000000000000=
57156 331800 1113000 02503 02523 4
20100501230000 282 022 284 022 283 030 2225 254 028 285 047 2225 0000 0175 0175 2300 0172 2211 086 086 2300 172 0151 09810 09810 2300 09807 2207 0169 0169 2300 0160 2203 0182 0182 2300 0162 2201 0187 0195 0202 0203 0179 0157 0138 0143 //// 10101 ///// ///// ////
000000000000000000000000000000000000000000000000000000000000000000000000000000000000000000000000000000000000000000000000=
57271 323300 1122300 00879 00897 4
20100501230000 187 015 199 013 201 013 2256 195 023 195 023 2300 0000 0181 0181 2300 0163 2208 097 097 2201 201 0176 09996 09996 2300 09993 2213 0194 0194 2300 0120 2201 0189 0189 2300 0148 2201 0185 0197 0205 0208 0164 0143 0135 0139 //// 10100 ///// ///// ////
000000000000000000000000000000000000000000000000000000000000000000000000000000000000000000000000000000000000000000000000=
57261 330700 1113100 02330 02345 4
20100501230000 342 001 044 002 181 005 2207 328 000 152 008 2205 0000 0174 0174 2300 0167 2203 093 093 2300 185 0163 09823 09823 2300 09819 2201 0186 0186 2300 0142 2201 0186 0186 2300 0161 2201 0191 0203 0210 0213 0196 0166 0148 //// //// 10093 ///// ///// ////
000000000000000000000000000000000000000000000000000000000000000000000000000000000000000000000000000000000000000000000000=
57285 322300 1132500 01530 01492 4
20100501230000 241 012 280 011 238 025 2240 265 013 234 068 2231 0000 0237 0237 2259 0229 2205 060 060 2254 176 0155 09925 09925 2300 09920 2201 0200 0200 2300 0165 2201 0205 0205 2300 0178 2201 0193 0198 0202 0205 0158 0140 0130 0135 //// ///// ///// ///// ////
////////////////////////////////////////////////////////////////////////////////////////////////////////////////////////=
57273 324100 1125100 01095 01105 4
20100501230000 235 029 239 025 239 025 2300 268 015 234 048 2254 0000 0202 0202 2300 0167 2220 078 078 2300 185 0162 09968 09969 2240 09966 2201 0197 0197 2300 0153 2201 0198 0198 2300 0164 2201 0192 0201 0206 0208 0171 0150 0135 0138 //// 10096 ///// ///// ////
000000000000000000000000000000000000000000000000000000000000000000000000000000000000000000000000000000000000000000000000=
57187 330400 1125600 01180 01193 4
20100501230000 211 005 200 005 232 017 2231 209 005 234 021 2225 0000 0172 0172 2300 0153 2215 095 094 2216 186 0164 09949 09949 2300 09945 2201 0190 0190 2300 0125 2201 0186 0186 2300 0153 2201 0181 0182 0198 0201 0184 0155 0138 0136 //// 10088 ///// ///// ////
000000000000000000000000000000000000000000000000000000000000000000000000000000000000000000000000000000000000000000000000=
57178 330200 1123500 01292 01305 4
20100501230000 200 024 208 029 214 034 2254 192 022 214 058 2253 0000 0208 0210 2201 0208 2300 081 079 2201 199 0174 09944 09944 2300 09942 2217 0220 0220 2300 0178 2202 0206 0206 2300 0177 2201 0193 0197 0197 0196 0167 0145 0133 0134 0002 10094 ///// ///// ////
000000000000000000000000000000000000000000000000000000000000000000000000000000000000000000000000000000000000000000000000
070 002 000 /// //// /////////////////////CIE /// //// 6///1 0//// 7//// 1//// 2//// 3//// /// /// /// // 911// 915// 919// 934// 939//=
57169 330300 1115200 01591 01600 4
20100501230000 283 019 272 019 272 019 2300 268 016 277 025 2259 0000 0173 0173 2300 0155 2226 099 098 2201 195 0171 09913 09913 2247 09911 2203 0165 0165 2300 0152 2210 0192 0192 2300 0143 2201 0178 0189 0197 0200 0180 0150 0133 0135 //// 10099 ///// ///// ////
000000000000000000000000000000000000000000000000000000000000000000000000000000000000000000000000000000000000000000000000=
57176 332900 1122500 02311 02304 4
20100501230000 296 002 319 002 316 008 2210 327 003 327 010 2209 0000 0164 0164 2300 0156 2220 092 092 2201 171 0151 09829 09829 2258 09828 2240 0191 0191 2300 0134 2201 0179 0179 2300 0152 2201 0181 0192 0199 0204 0185 0159 0139 0136 //// 10095 ///// ///// ////
000000000000000000000000000000000000000000000000000000000000000000000000000000000000000000000000000000000000000000000000=
57179 331700 1130000 01604 01616 4
20100501230000 218 020 215 024 214 025 2259 226 013 212 035 2249 0000 0183 0183 2300 0174 2216 093 093 2201 195 0171 09906 09907 2227 09903 2205 0186 0186 2300 0142 2201 0188 0188 2300 0159 2201 0184 0191 0196 0199 0172 0145 0129 0134 //// 10093 ///// ///// ////
000000000000000000000000000000000000000000000000000000000000000000000000000000000000000000000000000000000000000000000000=
57274 324200 1120700 01076 01088 4
20100501230000 117 007 120 004 250 009 2230 116 007 240 013 2228 0000 0177 0177 2300 0161 2206 091 090 2204 184 0162 09971 09971 2241 09969 2201 0188 0188 2300 0150 2201 0188 0188 2300 0155 2201 0184 0191 0201 0207 0202 0177 0148 0145 //// 10098 ///// ///// ////
000000000000000000000000000000000000000000000000000000000000000000000000000000000000000000000000000000000000000000000000=
57065 343000 1121100 01949 01964 4
20100501230000 268 030 265 026 264 034 2215 263 025 274 047 2241 0000 0160 0160 2205 0157 2231 064 064 2211 116 0092 09854 09854 2300 09852 2201 0153 0153 2259 0143 2202 0174 0174 2300 0144 2201 0175 0188 0198 0202 0164 0143 0133 0138 //// 10081 ///// ///// ////
000000000000000000000000000000000000000000000000000000000000000000000000000000000000000000000000000000000000000000000000=
57074 342500 1122500 01973 01989 4
20100501230000 230 012 204 013 198 017 2236 223 016 218 032 2242 0000 0183 0197 2201 0183 2256 080 078 2203 168 0148 09851 09851 2259 09848 2203 0177 0177 2300 0150 2205 0181 0181 2300 0160 2201 0184 0192 0196 0196 0159 0142 0128 0130 //// 10080 ///// ///// ////
000000000000000000000000000000000000000000000000000000000000000000000000000000000000000000000000000000000000000000000000=
57076 344400 1124700 01895 01901 4
20100501230000 264 008 277 009 253 010 2220 254 009 278 013 2255 0000 0179 0179 2300 0168 2201 066 066 2300 135 0115 09854 09854 2300 09849 2201 0178 0178 2300 0131 2202 0173 0173 2300 0134 2201 0159 0169 0177 0179 0156 0134 0121 0125 //// 10072 ///// ///// ////
000000000000000000000000000000000000000000000000000000000000000000000000000000000000000000000000000000000000000000000000=
57070 344400 1120700 03640 03595 4
20100501230000 268 023 272 022 262 026 2207 268 019 279 030 2236 0000 0164 0164 2300 0158 2215 074 073 2225 138 0118 09666 09666 2258 09663 2201 0185 0185 2300 0140 2201 0170 0170 2300 0133 2201 0163 0175 0180 0180 0167 0138 0122 0125 //// 10076 ///// ///// ////
000000000000000000000000000000000000000000000000000000000000000000000000000000000000000000000000000000000000000000000000=
57162 340900 1120500 03258 03275 4
20100501230000 168 007 179 008 176 012 2251 136 004 170 016 2249 0000 0169 0170 2247 0164 2201 076 074 2227 146 0126 09706 09707 2257 09700 2201 0154 0154 2300 0112 2201 0173 0173 2300 0133 2201 0177 0190 0199 0202 0159 0142 0128 0135 //// 10081 ///// ///// ////
000000000000000000000000000000000000000000000000000000000000000000000000000000000000000000000000000000000000000000000000=
57078 340900 1122800 03365 03340 4
20100501230000 136 008 137 006 080 008 2201 167 011 167 011 2300 0000 0164 0164 2300 0153 2217 077 077 2300 144 0124 09699 09699 2259 09696 2201 0159 0159 2300 0111 2201 0168 0168 2300 0129 2201 0158 0171 0183 0189 0147 0132 0123 0124 //// 10081 ///// ///// ////
000000000000000000000000000000000000000000000000000000000000000000000000000000000000000000000000000000000000000000000000=
57071 344900 1122600 03333 03332 4
20100501230000 224 034 228 030 232 030 2246 223 048 223 048 2300 0000 0179 0179 2300 0166 2206 054 054 2300 111 0085 09694 09695 2237 09692 2202 0170 0170 2300 0117 2201 0172 0172 2300 0140 2201 0167 0177 0182 0184 0174 0139 0121 0123 //// 10075 ///// ///// ////
000000000000000000000000000000000000000000000000000000000000000000000000000000000000000000000000000000000000000000000000=
57066 342300 1114000 03283 03298 4
20100501230000 000 000 000 000 169 003 2237 198 000 175 008 2236 0000 0152 0152 2300 0145 2231 069 069 2300 119 0096 09701 09702 2259 09699 2201 0140 0140 2300 0119 2201 0149 0149 2300 0134 2201 0157 0166 0171 0170 0152 0134 0119 0120 //// 10079 ///// ///// ////
000000000000000000000000000000000000000000000000000000000000000000000000000000000000000000000000000000000000000000000000=
57077 334700 1113900 07424 07388 4
20100501230000 247 040 250 041 254 044 2255 257 040 254 057 2248 0000 0164 0164 2300 0156 2215 067 067 2256 125 0103 09266 09267 2233 09264 2201 0169 0169 2300 0131 2201 0172 0172 2300 0128 2201 0154 0164 0170 0173 0156 0127 0113 0117 //// 10091 ///// ///// ////
000000000000000000000000000000000000000000000000000000000000000000000000000000000000000000000000000000000000000000000000=
57183 334800 1135500 00600 00615 4
20100501230000 166 014 165 015 164 017 2234 164 014 158 023 2230 0000 0162 0162 2300 0143 2201 096 096 2201 177 0156 10010 10010 2300 10007 2222 0174 0174 2300 0126 2201 0180 0180 2300 0138 2201 0169 0176 0184 0187 0177 0146 0127 0125 //// 10082 ///// ///// ////
000000000000000000000000000000000000000000000000000000000000000000000000000000000000000000000000000000000000000000000000=
57186 333600 1140300 00587 00598 4
20100501230000 132 007 147 010 151 012 2246 116 009 133 017 2226 0000 0189 0189 2300 0163 2201 085 085 2300 186 0163 10014 10014 2300 10012 2202 0191 0191 2300 0134 2205 0204 0204 2300 0147 2201 0175 0183 0189 0194 0178 0150 0133 0137 //// 10084 ///// ///// ////
000000000000000000000000000000000000000000000000000000000000000000000000000000000000000000000000000000000000000000000000=
57094 342400 1141300 00674 00685 4
20100501230000 211 021 213 021 209 022 2251 217 024 186 044 2247 0000 0201 0201 2300 0187 2201 083 083 2300 195 0171 09994 09994 2300 09992 2201 0192 0192 2300 0163 2201 0191 0191 2300 0160 2201 0176 0178 0182 0184 0176 0152 0129 0130 //// 10073 ///// ///// ////
000000000000000000000000000000000000000000000000000000000000000000000000000000000000000000000000000000000000000000000000=
57191 342900 1142900 00634 00642 4
20100501230000 184 015 184 015 178 017 2240 192 014 161 035 2243 0000 0200 0200 2300 0193 2201 080 080 2300 187 0164 10004 10004 2300 10001 2215 0204 0204 2300 0168 2201 0201 0201 2300 0168 2201 0184 0186 0191 0192 0166 0140 0124 0127 //// 10078 ///// ///// ////
000000000000000000000000000000000000000000000000000000000000000000000000000000000000000000000000000000000000000000000000=
57096 343200 1144700 00597 00607 4
20100501230000 193 017 197 018 201 020 2256 161 017 226 035 2254 0000 0191 0191 2300 0182 2201 083 083 2300 183 0161 10004 10004 2300 10001 2201 0193 0193 2259 0157 2201 0188 0188 2300 0146 2201 0168 0176 0182 0183 0159 0137 0125 0129 //// 10075 ///// ///// ////
000000000000000000000000000000000000000000000000000000000000000000000000000000000000000000000000000000000000000000000000=
57093 345100 1144900 00733 00740 4
20100501230000 217 035 217 038 216 042 2252 226 031 202 071 2247 0000 0206 0206 2300 0193 2201 077 077 2300 187 0164 09988 09988 2300 09984 2216 0217 0217 2300 0185 2201 0197 0197 2300 0162 2201 0175 0176 0180 0179 0165 0137 0122 0125 //// 10074 ///// ///// ////
000000000000000000000000000000000000000000000000000000000000000000000000000000000000000000000000000000000000000000000000=
57091 344700 1141800 00737 00748 4
20100501230000 221 030 219 032 215 045 2235 209 029 224 062 2235 0000 0200 0200 2300 0191 2204 078 077 2248 182 0160 09985 09985 2300 09980 2217 0200 0200 2300 0172 2201 0197 0197 2300 0169 2201 0182 0183 0186 0176 0163 0140 0124 0120 //// 10072 ///// ///// ////
000000000000000000000000000000000000000000000000000000000000000000000000000000000000000000000000000000000000000000000000=
53978 350500 1123800 01401 01409 4
20100501230000 217 006 211 007 211 007 2300 212 004 226 010 2257 0000 0160 0160 2300 0142 2201 082 080 2251 149 0129 09905 09907 2236 09904 2201 0170 0170 2300 0116 2201 0167 0167 2300 0130 2201 0159 0170 0176 0182 0139 0128 0124 0130 //// 10068 ///// ///// ////
000000000000000000000000000000000000000000000000000000000000000000000000000000000000000000000000000000000000000000000000=
53984 351400 1132800 00827 00837 4
20100501230000 227 025 226 025 223 028 2232 229 026 223 045 2243 0000 0186 0186 2300 0168 2201 058 058 2300 124 0102 09968 09969 2207 09967 2219 0170 0170 2300 0135 2201 0179 0179 2300 0139 2201 0162 0171 0175 0181 0164 0140 0124 0125 //// 10065 ///// ///// ////
000000000000000000000000000000000000000000000000000000000000000000000000000000000000000000000000000000000000000000000000=
53987 350600 1132500 00910 00918 4
20100501230000 241 024 245 025 246 025 2259 248 021 240 042 2255 0000 0183 0183 2300 0172 2201 067 066 2255 141 0121 09962 09963 2215 09962 2201 0196 0196 2300 0148 2206 0168 0168 2300 0145 2201 0164 0171 0178 0183 0169 0146 0133 0132 //// 10068 ///// ///// ////
000000000000000000000000000000000000000000000000000000000000000000000000000000000000000000000000000000000000000000000000=
57079 345700 1130200 01064 01069 4
20100501230000 245 015 242 014 240 014 2259 257 016 232 019 2258 0000 0162 0162 2300 0141 2220 081 079 2255 149 0129 09945 09947 2248 09942 2201 0190 0190 2300 0117 2201 0175 0175 2300 0131 2201 0165 0171 0178 0181 0175 0146 0127 0126 //// 10069 ///// ///// ////
000000000000000000000000000000000000000000000000000000000000000000000000000000000000000000000000000000000000000000000000=
57072 345500 1124500 01275 01285 4
20100501230000 257 022 248 023 248 023 2300 256 019 234 042 2255 0000 0172 0172 2300 0136 2201 072 072 2300 141 0121 09924 09924 2300 09920 2201 0188 0188 2300 0105 2201 0171 0171 2300 0123 2201 0156 0166 0174 0176 0143 0128 0117 0119 //// 10073 ///// ///// ////
000000000000000000000000000000000000000000000000000000000000000000000000000000000000000000000000000000000000000000000000=
53982 351400 1131600 01120 01135 4
20100501230000 256 012 248 012 245 012 2259 269 016 251 019 2256 0000 0192 0192 2300 0164 2201 060 060 2300 133 0113 09933 09933 2300 09931 2201 0158 0158 2300 0122 2201 0191 0191 2300 0142 2201 0172 0181 0188 0192 0169 0144 0131 0136 //// 10064 ///// ///// ////
000000000000000000000000000000000000000000000000000000000000000000000000000000000000000000000000000000000000000000000000=
53979 350900 1130500 01200 01211 4
20100501230000 266 015 263 014 247 018 2246 265 016 239 024 2239 0000 0177 0186 2209 0175 2242 064 057 2201 130 0108 09931 09931 2300 09929 2201 0181 0181 2300 0125 2201 0185 0185 2300 0132 2201 0166 0177 0189 0193 0152 0139 0128 0133 //// 10071 ///// ///// ////
000000000000000000000000000000000000000000000000000000000000000000000000000000000000000000000000000000000000000000000000=
53992 353900 1143100 00582 00592 4
20100501230000 202 045 202 045 203 048 2250 209 060 201 067 2204 0000 0189 0189 2300 0179 2201 085 085 2300 186 0163 09985 09985 2300 09981 2201 0199 0199 2300 0171 2203 0186 0186 2300 0159 2201 0171 0172 0180 0180 0147 0128 0116 0123 //// 10054 ///// ///// ////
000000000000000000000000000000000000000000000000000000000000000000000000000000000000000000000000000000000000000000000000=
53974 353700 1141100 00723 00739 4
20100501230000 180 026 187 026 205 041 2215 173 035 201 073 2206 0000 0196 0196 2300 0186 2207 074 074 2300 169 0148 09969 09969 2222 09967 2202 0195 0195 2300 0173 2201 0203 0203 2300 0166 2201 0183 0191 0196 0196 0164 0138 0124 0129 //// 10054 ///// ///// ////
000000000000000000000000000000000000000000000000000000000000000000000000000000000000000000000000000000000000000000000000=
53990 354300 1141900 00795 00805 4
20100501230000 176 061 178 061 186 066 2219 165 057 195 085 2228 0000 0192 0192 2300 0179 2202 078 078 2300 173 0153 09956 09956 2300 09955 2201 0211 0211 2300 0176 2201 0211 0211 2300 0161 2201 0183 0190 0193 0196 0179 0141 0118 0116 //// 10050 ///// ///// ////
000000000000000000000000000000000000000000000000000000000000000000000000000000000000000000000000000000000000000000000000=
53991 355600 1142100 00743 00753 4
20100501230000 183 012 204 012 238 018 2218 148 006 272 038 2213 0000 0192 0192 2300 0173 2201 075 075 2300 167 0147 09960 09960 2300 09957 2201 0217 0217 2300 0158 2201 0196 0196 2300 0151 2201 0173 0178 0178 0184 0160 0136 0120 0123 //// 10047 ///// ///// ////
000000000000000000000000000000000000000000000000000000000000000000000000000000000000000000000000000000000000000000000000=
53993 355600 1145500 00516 00524 4
20100501230000 200 016 196 018 193 024 2213 172 020 228 048 2212 0000 0190 0190 2300 0181 2201 084 084 2300 184 0162 09989 09992 2230 09988 2209 0209 0210 2259 0174 2201 0194 0194 2300 0153 2201 0171 0175 0178 0178 0169 0136 0116 0114 //// 10050 ///// ///// ////
000000000000000000000000000000000000000000000000000000000000000000000000000000000000000000000000000000000000000000000000=
53889 360400 1134900 03068 03086 4
20100501230000 008 007 354 008 358 017 2235 354 008 314 031 2233 0000 0193 0193 2300 0181 2201 038 038 2300 085 0046 09695 09696 2238 09690 2201 0215 0215 2300 0121 2201 0186 0186 2300 0137 2201 0165 0169 0174 0180 0147 0123 0121 0107 //// 10046 ///// ///// ////
000000000000000000000000000000000000000000000000000000000000000000000000000000000000000000000000000000000000000000000000=
53995 353300 1143000 00625 00645 4
20100501230000 201 049 203 046 203 046 2300 203 040 209 070 2257 0000 0188 0188 2300 0177 2201 082 082 2300 178 0157 09981 09983 2249 09979 2203 0205 0205 2300 0173 2202 0184 0184 2300 0157 2201 0180 0187 0189 0191 0169 0142 0122 0123 //// 10056 ///// ///// ////
000000000000000000000000000000000000000000000000000000000000000000000000000000000000000000000000000000000000000000000000=
NNNN
