57090 344300 1135800 1
20100503000000 00 00 00 00 00 00 09 10 10 10 10 10 10 10 10 07 00 00 00 00 00 00 00 00 096=
57086 342300 1134300 1
20100503000000 00 00 00 00 00 00 03 10 10 10 10 10 10 10 10 01 00 00 00 00 00 00 00 00 084=
57081 344800 1132600 1
20100503000000 00 00 00 00 00 00 03 10 10 10 10 10 10 10 05 00 00 00 00 00 00 00 00 00 078=
57080 344400 1125800 1
20100503000000 00 00 00 00 00 00 00 07 10 10 10 10 10 07 02 00 00 00 00 00 00 00 00 00 066=
57082 342800 1130100 1
20100503000000 00 00 00 00 00 00 07 10 10 10 10 10 10 10 10 07 00 00 00 00 00 00 00 00 094=
57290 330000 1140100 1
20100503000000 00 00 00 00 00 00 09 10 10 10 10 10 10 10 10 09 09 06 00 00 00 00 00 00 113=
57295 323700 1142100 1
20100503000000 00 00 00 00 00 00 09 10 10 10 10 10 10 10 10 10 02 05 00 00 00 00 00 00 106=
57188 332200 1140200 1
20100503000000 00 00 00 00 00 00 08 10 10 10 10 10 10 10 09 09 04 04 00 00 00 00 00 00 104=
57293 324400 1145900 1
20100503000000 00 00 00 00 00 00 06 10 10 10 10 10 10 10 10 08 08 00 00 00 00 00 00 00 102=
57189 330800 1135700 1
20100503000000 00 00 00 00 00 00 05 10 10 10 10 10 10 10 07 06 00 00 00 00 00 00 00 00 088=
57194 331700 1141600 1
20100503000000 00 00 00 00 00 00 03 10 10 10 10 10 10 10 10 10 06 00 00 00 00 00 00 00 099=
57197 330000 1142000 1
20100503000000 00 00 00 00 00 00 07 10 10 10 10 10 10 10 10 10 02 00 00 00 00 00 00 00 099=
57294 325000 1140100 1
20100503000000 00 00 00 00 00 00 06 10 10 10 10 10 10 10 10 10 00 00 00 00 00 00 00 00 096=
57292 325800 1143800 1
20100503000000 00 00 00 00 00 00 03 10 10 10 10 10 10 10 10 04 03 00 00 00 00 00 00 00 090=
57195 333700 1143700 1
20100503000000 00 00 00 00 00 00 00 10 10 10 10 10 10 10 10 10 00 00 00 00 00 00 00 00 090=
57193 334700 1143100 1
20100503000000 00 00 00 00 00 00 07 10 10 10 10 10 10 10 10 08 00 00 00 00 00 00 00 00 095=
57196 332800 1145200 1
20100503000000 00 00 00 00 00 00 04 10 10 10 10 10 10 10 10 10 02 00 00 00 00 00 00 00 096=
57099 340400 1145100 1
20100503000000 00 00 00 00 00 00 00 10 10 10 10 10 10 10 10 10 09 00 00 00 00 00 00 00 099=
58104 332400 1150400 1
20100503000000 00 00 00 00 00 00 02 10 10 10 10 10 10 10 10 10 03 00 00 00 00 00 00 00 095=
58101 335200 1152900 1
20100503000000 00 00 00 00 00 00 00 08 10 10 10 10 10 10 10 10 00 00 00 00 00 00 00 00 088=
57190 334500 1142400 1
20100503000000 00 00 00 00 00 00 07 10 10 10 10 10 10 10 10 08 00 00 00 00 00 00 00 00 095=
57088 340900 1133000 1
20100503000000 00 00 00 00 00 00 02 10 10 10 10 10 10 08 08 02 00 00 00 00 00 00 00 00 080=
57087 341200 1134800 1
20100503000000 00 00 00 00 00 00 07 10 10 10 10 10 10 10 10 09 00 00 00 00 00 00 00 00 096=
57297 320800 1140300 1
20100503000000 00 00 00 00 00 00 06 10 10 10 10 10 10 10 10 02 00 00 00 00 00 00 00 00 088=
57296 322100 1144400 1
20100503000000 00 00 00 00 00 00 00 09 10 10 10 10 10 10 10 09 00 00 00 00 00 00 00 00 088=
58208 321000 1153700 1
20100503000000 00 00 00 00 00 00 09 10 10 10 10 10 10 10 10 10 08 00 00 00 00 00 00 00 107=
53989 350300 1135700 1
20100503000000 00 00 00 00 00 00 00 07 10 10 10 10 10 10 02 00 00 00 00 00 00 00 00 00 069=
53998 351200 1143900 1
20100503000000 00 00 00 00 00 00 04 10 10 10 10 10 10 10 10 00 00 00 00 00 00 00 00 00 084=
57056 343200 1105300 1
20100503000000 00 00 00 00 00 00 04 10 10 10 10 03 00 00 01 02 06 00 00 00 00 00 00 00 056=
58007 340400 1151800 1
20100503000000 00 00 00 00 00 00 09 10 10 10 10 10 10 10 10 09 00 00 00 00 00 00 00 00 098=
58006 342300 1155300 1
20100503000000 00 00 00 00 00 00 07 10 10 10 10 10 10 10 10 10 09 00 00 00 00 00 00 00 106=
58017 341500 1160800 1
20100503000000 00 00 00 00 00 00 06 10 10 10 10 10 10 10 10 10 06 00 00 00 00 00 00 00 102=
58001 342600 1150600 1
20100503000000 00 00 00 00 00 00 05 10 10 10 10 10 10 10 10 10 03 00 00 00 00 00 00 00 098=
58005 342700 1154000 1
20100503000000 00 00 00 00 00 00 07 10 10 10 10 10 10 10 10 10 10 00 00 00 00 00 00 00 107=
58004 343900 1150900 1
20100503000000 00 00 00 00 00 00 03 10 10 10 10 10 10 10 10 10 03 00 00 00 00 00 00 00 096=
54817 355900 1155200 1
20100503000000 00 00 00 00 00 00 07 10 10 10 10 10 10 10 10 10 10 02 00 00 00 00 00 00 109=
54902 355400 1150700 1
20100503000000 00 00 00 00 00 00 04 10 10 10 10 10 10 10 10 08 00 00 00 00 00 00 00 00 092=
54900 354200 1150100 1
20100503000000 00 00 00 00 00 00 03 10 10 10 10 10 10 10 10 08 00 00 00 00 00 00 00 00 091=
54901 360500 1151000 1
20100503000000 00 00 00 00 00 00 06 10 10 10 10 10 10 10 10 10 04 00 00 00 00 00 00 00 100=
57184 333800 1132200 1
20100503000000 00 00 00 00 00 00 00 09 10 10 10 06 05 05 03 00 00 00 00 00 00 00 00 00 058=
57177 332000 1133200 1
20100503000000 00 00 00 00 00 00 02 10 10 10 10 10 10 10 07 00 00 00 00 00 00 00 00 00 079=
57173 334500 1125300 1
20100503000000 00 00 00 00 00 00 03 10 10 10 10 10 10 10 03 00 00 00 00 00 00 00 00 00 076=
57175 330300 1121400 1
20100503000000 00 00 00 00 00 00 00 09 10 10 10 10 10 08 00 00 00 00 00 00 00 00 00 00 067=
57156 331800 1113000 1
20100503000000 00 00 00 00 00 00 04 10 10 10 10 10 00 00 00 00 00 00 00 00 00 00 00 00 054=
57285 322300 1132500 1
20100503000000 00 00 00 00 00 00 09 10 10 10 10 10 10 10 10 02 00 00 00 00 00 00 00 00 091=
57273 324100 1125100 1
20100503000000 00 00 00 00 00 00 05 10 10 10 10 10 10 10 04 00 00 00 00 00 00 00 00 00 079=
57187 330400 1125600 1
20100503000000 00 00 00 00 00 00 04 10 10 10 10 10 10 10 02 00 06 04 00 00 00 00 00 00 086=
57178 330200 1123500 1
20100503000000 00 00 00 00 00 00 05 10 10 10 10 10 10 07 00 00 00 00 00 00 00 00 00 00 072=
57169 330300 1115200 1
20100503000000 00 00 00 00 00 00 00 07 10 10 06 06 05 00 00 00 00 00 00 00 00 00 00 00 044=
57176 332900 1122500 1
20100503000000 00 00 00 00 00 00 05 10 10 10 10 10 10 07 03 10 05 00 00 00 00 00 00 00 090=
57179 331700 1130000 1
20100503000000 00 00 00 00 00 00 00 10 10 10 10 10 10 08 00 00 00 00 00 00 00 00 00 00 068=
57274 324200 1120700 1
20100503000000 00 00 00 00 00 00 00 09 10 10 10 10 06 07 02 00 00 00 00 00 00 00 00 00 064=
57066 342300 1114000 1
20100503000000 00 00 00 00 00 00 00 03 10 10 10 01 00 00 00 00 00 00 00 00 00 00 00 00 034=
57077 334700 1113900 1
20100503000000 00 00 00 00 00 00 05 10 10 10 10 10 10 05 00 00 00 00 00 00 00 00 00 00 070=
57185 332700 1133500 1
20100503000000 00 00 00 00 00 00 07 10 10 10 10 10 10 10 10 10 01 00 00 00 00 00 00 00 098=
57183 334800 1135500 1
20100503000000 00 00 00 00 00 00 01 10 10 10 10 10 10 10 09 00 00 00 00 00 00 00 00 00 080=
57186 333600 1140300 1
20100503000000 00 00 00 00 00 00 04 10 10 10 10 10 10 10 10 03 00 00 00 00 00 00 00 00 087=
57094 342400 1141300 1
20100503000000 00 00 00 00 00 00 08 10 10 10 10 10 10 10 09 00 00 00 00 00 00 00 00 00 087=
57096 343200 1144700 1
20100503000000 00 00 00 00 00 00 05 10 10 10 10 10 10 10 10 09 00 00 00 00 00 00 00 00 094=
57091 344700 1141800 1
20100503000000 00 00 00 00 00 00 03 10 10 10 10 10 10 10 07 00 00 00 00 00 00 00 00 00 080=
53978 350500 1123800 1
20100503000000 00 00 00 00 00 00 06 10 10 10 10 10 10 10 07 00 00 00 00 00 00 00 00 00 083=
57079 345700 1130200 1
20100503000000 00 00 00 00 00 00 08 10 10 10 10 10 10 10 10 02 00 00 00 00 00 00 00 00 090=
57072 345500 1124500 1
20100503000000 00 00 00 00 00 00 04 10 10 10 10 10 10 10 05 00 00 00 00 00 00 00 00 00 079=
53974 353700 1141100 1
20100503000000 00 00 00 00 00 00 00 04 10 10 10 10 10 10 05 00 00 00 00 00 00 00 00 00 069=
53898 360300 1142400 1
20100503000000 00 00 00 00 00 00 00 07 10 10 05 10 10 10 10 00 00 00 00 00 00 00 00 00 072=
NNNN
