57090 344300 1135800 00781 00802 4
20100324190000 267 024 268 024 270 032 1831 282 026 277 059 1814 0000 0105 0110 1832 0105 1900 033 028 1801 042 -051 10138 10138 1859 10135 1805 0075 0080 1826 0067 1801 0041 0042 1854 0036 1801 0067 0086 0095 0102 0101 0093 0086 0119 //// 10236 ///// ///// ////
000000000000000000000000000000000000000000000000000000000000000000000000000000000000000000000000000000000000000000000000=
57083 344300 1133900 01104 01116 4
20100324190000 268 032 264 035 267 042 1821 234 023 253 064 1812 0000 0101 0106 1813 0101 1900 034 030 1801 042 -050 10106 10106 1900 10101 1801 0038 0039 1848 0019 1802 0056 0058 1848 0048 1802 0077 0088 0096 0103 0100 0099 0103 0126 0001 10242 ///// ///// ////
000000000000000000000000000000000000000000000000000000000000000000000000000000000000000000000000000000000000000000000000
120 000 000 /// //// //////////////////////// /// //// 6///1 0//// 7//// 1//// 2//// 3//// /// /// /// // 911// 915// 919// 934// 939//=
57086 342300 1134300 01166 01168 4
20100324190000 301 033 302 031 298 033 1816 296 034 293 050 1837 0000 0085 0089 1801 0085 1900 039 032 1802 043 -047 10101 10101 1900 10096 1807 0053 0055 1847 0052 1858 0044 0046 1801 0044 1858 0068 0084 0095 0101 0100 0095 0094 0116 //// 10244 ///// ///// ////
000000000000000000000000000000000000000000000000000000000000000000000000000000000000000000000000000000000000000000000000=
57085 343200 1132000 02599 02648 4
20100324190000 287 032 289 036 277 048 1846 299 026 263 071 1845 0000 0097 0097 1900 0085 1832 035 035 1900 042 -050 09926 09927 1853 09920 1802 0088 0090 1847 0070 1829 0046 0049 1848 0040 1833 0068 0085 0095 0100 0103 0098 0094 0121 //// 10246 ///// ///// ////
000000000000000000000000000000000000000000000000000000000000000000000000000000000000000000000000000000000000000000000000=
57081 344800 1132600 01409 01419 4
20100324190000 263 018 267 018 266 020 1817 032 004 257 060 1842 0000 0093 0098 1813 0093 1859 036 031 1803 042 -050 10072 10072 1900 10067 1802 0052 0068 1834 0051 1859 0041 0047 1833 0040 1801 0064 0079 0091 0095 0091 0093 0096 0117 //// 10245 ///// ///// ////
000000000000000000000000000000000000000000000000000000000000000000000000000000000000000000000000000000000000000000000000=
57084 343000 1130300 11784 11790 4
20100324190000 283 087 284 081 284 081 1900 290 073 276 123 1857 0000 0026 0026 1900 0022 1801 055 054 1824 040 -055 08877 08877 1900 08873 1801 0019 0019 1900 0008 1802 -004 -003 1858 -007 1814 0008 0026 0041 0048 0058 //// //// //// //// 10252 ///// ///// ////
000000000000000000000000000000000000000000000000000000000000000000000000000000000000000000000000000000000000000000000000=
57080 344400 1125800 01652 01661 4
20100324190000 191 031 196 033 197 034 1858 173 026 173 061 1856 0000 0077 0082 1807 0076 1847 046 041 1806 048 -032 10055 10055 1900 10047 1801 0058 0061 1804 0053 1844 0034 0034 1832 0032 1813 0063 0080 0091 0096 0092 0088 0089 0119 //// 10258 ///// ///// ////
000000000000000000000000000000000000000000000000000000000000000000000000000000000000000000000000000000000000000000000000=
57082 342800 1130100 04271 04284 4
20100324190000 345 045 347 043 347 044 1859 319 041 347 096 1855 0000 0088 0088 1858 0082 1801 035 034 1832 040 -058 09739 09739 1900 09735 1803 0072 0076 1858 0062 1803 0042 0042 1858 0033 1802 0056 0072 0083 0091 0094 0098 0100 //// //// 10254 ///// ///// ////
000000000000000000000000000000000000000000000000000000000000000000000000000000000000000000000000000000000000000000000000=
57295 323700 1142100 00785 00802 4
20100324190000 235 027 237 025 236 026 1825 226 021 246 046 1802 0000 0060 0065 1801 0060 1900 081 080 1844 076 0030 10142 10149 1815 10141 1840 0025 0034 1801 0016 1846 0043 0049 1801 0043 1852 0070 0081 0087 0094 0098 0101 0103 0128 //// 10241 ///// ///// ////
000000000000000000000000000000000000000000000000000000000000000000000000000000000000000000000000000000000000000000000000=
57188 332200 1140200 00559 00568 4
20100324190000 277 031 276 029 276 029 1900 285 029 268 051 1854 0000 0070 0070 1900 0055 1830 070 070 1801 070 0019 10170 10172 1848 10168 1801 0043 0043 1859 0008 1834 0038 0038 1859 0032 1827 0062 0079 0094 0098 0096 0096 0101 0132 //// 10240 ///// ///// ////
000000000000000000000000000000000000000000000000000000000000000000000000000000000000000000000000000000000000000000000000=
57293 324400 1145900 00380 00391 4
20100324190000 207 016 203 018 199 028 1847 209 014 189 040 1845 0000 0048 0052 1809 0046 1840 092 092 1900 079 0036 10191 10200 1826 10191 1900 0029 0038 1848 0028 1858 0042 0048 1801 0042 1900 0067 0080 0088 0094 0103 0104 0105 0132 //// 10240 ///// ///// ////
000000000000000000000000000000000000000000000000000000000000000000000000000000000000000000000000000000000000000000000000=
57189 330800 1135700 00646 00655 4
20100324190000 240 012 233 012 238 023 1801 237 018 234 033 1819 0000 0052 0065 1801 0052 1900 093 091 1813 082 0042 10161 10163 1840 10158 1810 0019 0050 1804 0019 1900 0037 0046 1804 0037 1853 0064 0078 0087 0093 0096 0097 0098 0122 //// 10242 ///// ///// ////
000000000000000000000000000000000000000000000000000000000000000000000000000000000000000000000000000000000000000000000000=
57194 331700 1141600 00598 00609 4
20100324190000 271 046 270 042 270 043 1851 277 064 277 064 1900 0000 0070 0074 1838 0068 1808 078 076 1844 078 0034 10162 10163 1847 10159 1817 0058 0061 1850 0050 1808 0047 0047 1857 0043 1824 0070 0083 0091 0095 0095 0094 0098 0126 //// 10237 ///// ///// ////
000000000000000000000000000000000000000000000000000000000000000000000000000000000000000000000000000000000000000000000000=
57197 330000 1142000 00489 00545 4
20100324190000 252 010 244 009 285 012 1804 254 011 310 019 1801 0000 0048 0062 1803 0047 1847 094 090 1801 081 0039 10171 10173 1825 10169 1838 -014 -005 1808 -014 1852 0028 0034 1803 0028 1859 0057 0072 0082 0086 0099 0101 0100 0125 //// 10239 ///// ///// ////
000000000000000000000000000000000000000000000000000000000000000000000000000000000000000000000000000000000000000000000000=
57294 325000 1140100 00836 00846 4
20100324190000 239 021 239 021 235 027 1834 240 019 237 041 1801 0000 0060 0069 1807 0060 1900 091 086 1801 085 0046 10134 10135 1818 10133 1839 0050 0059 1806 0049 1847 0035 0041 1813 0035 1859 0059 0076 0087 0093 0098 0106 0103 0119 //// 10239 ///// ///// ////
000000000000000000000000000000000000000000000000000000000000000000000000000000000000000000000000000000000000000000000000=
57292 325800 1143800 00444 00453 4
20100324190000 246 026 245 030 245 030 1900 237 036 240 043 1854 0000 0062 0065 1822 0062 1900 088 087 1828 083 0044 10183 10187 1802 10181 1844 0041 0046 1826 0034 1851 0044 0047 1826 0044 1900 0066 0080 0089 0097 0100 0103 0105 0133 //// 10239 ///// ///// ////
000000000000000000000000000000000000000000000000000000000000000000000000000000000000000000000000000000000000000000000000=
57195 333700 1143700 00466 00476 4
20100324190000 262 010 263 009 265 013 1838 242 012 237 027 1838 0000 0055 0061 1801 0055 1900 082 082 1900 074 0027 10176 10177 1803 10174 1824 0035 0044 1845 0025 1836 0029 0034 1805 0029 1859 0055 0078 0093 0101 0102 0099 0101 0141 //// 10235 ///// ///// ////
000000000000000000000000000000000000000000000000000000000000000000000000000000000000000000000000000000000000000000000000=
57193 334700 1143100 00526 00541 4
20100324190000 251 019 251 017 257 020 1850 271 029 274 035 1841 0000 0064 0064 1900 0058 1802 070 070 1900 067 0013 10169 10170 1854 10167 1809 0028 0028 1900 0006 1801 0034 0034 1900 0031 1817 0067 0083 0095 0102 0105 0101 0105 0131 //// 10236 ///// ///// ////
000000000000000000000000000000000000000000000000000000000000000000000000000000000000000000000000000000000000000000000000=
57196 332800 1145200 00420 00428 4
20100324190000 241 024 239 025 237 026 1857 242 023 245 031 1852 0000 0046 0054 1801 0046 1900 087 087 1900 074 0026 10181 10185 1805 10180 1844 0021 0030 1801 0020 1834 0018 0025 1801 0018 1900 0059 0079 0090 0095 0100 0100 0104 0131 //// 10234 ///// ///// ////
000000000000000000000000000000000000000000000000000000000000000000000000000000000000000000000000000000000000000000000000=
57099 340400 1145100 00526 00536 4
20100324190000 268 017 267 019 268 023 1852 245 016 276 037 1814 0000 0064 0068 1801 0064 1900 079 079 1900 076 0030 10165 10167 1801 10165 1900 0044 0051 1808 0041 1833 0031 0035 1808 0030 1834 0063 0080 0089 0097 0101 0095 0098 0131 //// 10231 ///// ///// ////
000000000000000000000000000000000000000000000000000000000000000000000000000000000000000000000000000000000000000000000000=
57198 333300 1143700 00463 00473 4
20100324190000 287 018 274 021 270 023 1857 317 011 271 037 1850 0000 0061 0067 1801 0061 1900 079 079 1900 074 0027 10177 10178 1801 10175 1808 0033 0033 1845 0020 1832 0038 0039 1843 0037 1858 0070 0087 0097 0103 0104 0104 0107 0137 //// 10236 ///// ///// ////
000000000000000000000000000000000000000000000000000000000000000000000000000000000000000000000000000000000000000000000000=
58101 335200 1152900 00413 00428 4
20100324190000 219 017 222 020 227 023 1853 234 018 203 050 1803 0000 0065 0071 1801 0065 1900 090 088 1814 087 0050 10174 10180 1802 10174 1859 0044 0055 1808 0044 1900 0033 0039 1801 0033 1900 0067 0080 0090 0096 0100 0098 0100 0130 //// 10227 ///// ///// ////
000000000000000000000000000000000000000000000000000000000000000000000000000000000000000000000000000000000000000000000000=
57192 334400 1145100 00455 00466 4
20100324190000 280 011 263 015 241 020 1825 282 009 245 033 1801 0000 0065 0073 1801 0065 1900 076 075 1850 074 0026 10175 10176 1802 10173 1831 0039 0044 1819 0031 1848 0025 0031 1802 0025 1858 0061 0086 0101 0106 0108 0106 0107 0140 //// 10233 ///// ///// ////
000000000000000000000000000000000000000000000000000000000000000000000000000000000000000000000000000000000000000000000000=
57098 340500 1142400 00583 00593 4
20100324190000 267 025 262 023 258 025 1849 268 024 256 031 1847 0000 0054 0058 1801 0054 1900 079 079 1900 071 0021 10160 10162 1847 10159 1817 0020 0028 1801 0019 1825 0030 0035 1801 0030 1900 0051 0071 0086 0096 0103 0097 0097 0129 //// 10233 ///// ///// ////
000000000000000000000000000000000000000000000000000000000000000000000000000000000000000000000000000000000000000000000000=
57190 334500 1142400 00505 00516 4
20100324190000 268 031 267 032 268 032 1859 278 034 261 038 1858 0000 0046 0047 1801 0042 1827 081 081 1900 069 0016 10172 10173 1811 10169 1806 0035 0035 1900 0025 1822 0018 0018 1900 0016 1809 0050 0072 0089 0097 0101 0097 0101 0130 //// 10236 ///// ///// ////
000000000000000000000000000000000000000000000000000000000000000000000000000000000000000000000000000000000000000000000000=
58100 333900 1151000 00414 00424 4
20100324190000 230 019 229 019 229 026 1814 237 020 230 040 1813 0000 0063 0067 1801 0063 1900 086 086 1900 082 0041 10177 10183 1804 10176 1853 0055 0060 1801 0054 1832 0031 0038 1801 0031 1900 0058 0078 0093 0101 0105 0106 0109 0135 //// 10229 ///// ///// ////
000000000000000000000000000000000000000000000000000000000000000000000000000000000000000000000000000000000000000000000000=
57088 340900 1133000 01161 01177 4
20100324190000 323 027 319 026 317 030 1822 313 024 331 041 1815 0000 0073 0078 1809 0073 1900 052 048 1801 053 -019 10103 10103 1900 10099 1803 0044 0051 1831 0040 1854 0017 0022 1816 0017 1857 0050 0076 0094 0101 0102 0100 0102 0126 //// 10247 ///// ///// ////
000000000000000000000000000000000000000000000000000000000000000000000000000000000000000000000000000000000000000000000000=
57182 335100 1133000 00805 00814 4
20100324190000 305 028 307 032 303 041 1818 318 035 307 061 1814 0000 0095 0097 1815 0093 1834 042 037 1801 050 -028 10145 10148 1831 10143 1802 0075 0081 1818 0072 1834 0042 0045 1820 0039 1801 0068 0089 0103 0108 0108 0105 0107 0139 //// 10245 ///// ///// ////
000000000000000000000000000000000000000000000000000000000000000000000000000000000000000000000000000000000000000000000000=
57087 341200 1134800 00877 00885 4
20100324190000 269 023 274 018 274 021 1823 239 034 239 034 1900 0000 0088 0090 1823 0087 1806 046 041 1801 052 -022 10130 10131 1848 10127 1808 0055 0063 1819 0043 1804 0030 0032 1822 0029 1853 0059 0080 0094 0100 0099 0095 0098 0123 //// 10238 ///// ///// ////
000000000000000000000000000000000000000000000000000000000000000000000000000000000000000000000000000000000000000000000000=
57297 320800 1140300 01145 01154 4
20100324190000 268 021 268 020 268 020 1900 263 024 263 028 1858 0000 0064 0072 1812 0064 1900 082 075 1840 079 0036 10110 10116 1802 10106 1832 0009 0033 1805 0006 1857 0035 0046 1804 0035 1900 0056 0071 0083 0090 0106 0114 0115 //// //// 10253 ///// ///// ////
000000000000000000000000000000000000000000000000000000000000000000000000000000000000000000000000000000000000000000000000=
57296 322100 1144400 00489 00501 4
20100324190000 220 020 222 023 220 028 1820 209 017 193 043 1812 0000 0067 0069 1801 0067 1900 081 080 1839 079 0037 10181 10193 1803 10181 1900 0057 0062 1819 0056 1857 0044 0050 1833 0044 1900 0067 0083 0093 0099 0106 0110 0110 0131 //// 10243 ///// ///// ////
000000000000000000000000000000000000000000000000000000000000000000000000000000000000000000000000000000000000000000000000=
57396 313800 1145100 01287 01297 4
20100324190000 204 038 203 033 200 036 1835 189 031 200 049 1859 0000 0052 0052 1900 0047 1825 088 088 1900 078 0034 10090 10106 1803 10090 1900 0046 0046 1900 0041 1808 0039 0039 1900 0036 1804 0048 0061 0073 0081 0091 0106 //// //// //// 10251 ///// ///// ////
000000000000000000000000000000000000000000000000000000000000000000000000000000000000000000000000000000000000000000000000=
57390 314800 1140400 07335 07347 4
20100324190000 301 015 296 016 280 019 1855 273 011 329 052 1856 0000 0047 0049 1849 0044 1805 075 073 1844 064 0007 09383 09388 1801 09375 1842 0025 0038 1851 0022 1829 0005 0014 1808 0005 1900 0023 0036 0048 0057 0073 0090 //// //// //// 10268 ///// ///// ////
000000000000000000000000000000000000000000000000000000000000000000000000000000000000000000000000000000000000000000000000=
58207 321000 1150300 00428 00440 4
20100324190000 199 030 195 027 203 031 1836 197 030 200 047 1839 0000 0063 0066 1801 0063 1900 087 087 1900 083 0043 10187 10203 1810 10187 1900 0053 0056 1824 0053 1859 0061 0062 1801 0061 1900 0046 0074 0081 0088 0103 0112 0113 0137 //// 10242 ///// ///// ////
000000000000000000000000000000000000000000000000000000000000000000000000000000000000000000000000000000000000000000000000=
58205 322800 1152600 00349 00360 4
20100324190000 184 014 183 018 231 025 1819 206 015 237 039 1810 0000 0070 0071 1837 0069 1801 085 084 1849 085 0047 10194 10206 1817 10194 1900 0063 0068 1835 0063 1900 0053 0055 1852 0052 1801 0059 0065 0073 0078 0108 0111 0110 0123 //// 10239 ///// ///// ////
000000000000000000000000000000000000000000000000000000000000000000000000000000000000000000000000000000000000000000000000=
58208 321000 1153700 00429 00439 4
20100324190000 195 021 199 023 223 036 1826 197 022 217 046 1825 0000 0063 0063 1900 0057 1802 080 080 1900 076 0031 10195 10206 1808 10195 1900 0055 0056 1847 0051 1801 0048 0048 1855 0044 1813 0057 0071 0079 0087 0101 0110 0112 0139 //// 10250 ///// ///// ////
000000000000000000000000000000000000000000000000000000000000000000000000000000000000000000000000000000000000000000000000=
57299 320100 1145400 00494 00506 4
20100324190000 171 026 170 025 171 025 1858 178 031 172 039 1857 0000 0060 0060 1900 0059 1801 087 087 1900 081 0040 10177 10194 1804 10177 1900 0042 0050 1815 0042 1900 0046 0049 1826 0046 1900 0052 0061 0070 0076 0099 0108 0107 0126 //// 10240 ///// ///// ////
000000000000000000000000000000000000000000000000000000000000000000000000000000000000000000000000000000000000000000000000=
53989 350300 1135700 00766 00777 4
20100324190000 267 023 264 023 269 032 1801 277 023 285 038 1801 0000 0056 0069 1801 0056 1900 052 048 1801 047 -035 10141 10141 1900 10139 1829 0023 0034 1802 0015 1848 0016 0026 1801 0016 1851 0057 0078 0091 0097 0096 0091 0095 0123 //// 10237 ///// ///// ////
000000000000000000000000000000000000000000000000000000000000000000000000000000000000000000000000000000000000000000000000=
53997 350900 1141100 00711 00723 4
20100324190000 003 015 004 017 340 031 1846 020 016 059 055 1840 0000 0068 0068 1900 0059 1839 059 052 1811 058 -006 10149 10149 1900 10141 1810 0010 0025 1844 -001 1823 0024 0027 1849 0021 1823 0059 0079 0093 0102 0095 0093 0097 0124 //// 10238 ///// ///// ////
000000000000000000000000000000000000000000000000000000000000000000000000000000000000000000000000000000000000000000000000=
53986 351900 1135300 00732 00740 4
20100324190000 289 022 293 022 289 025 1854 274 021 291 044 1850 0000 0092 0093 1853 0089 1801 035 035 1859 041 -055 10144 10145 1855 10141 1808 0050 0057 1852 0039 1817 0030 0032 1801 0030 1840 0066 0082 0092 0099 0097 0094 0098 0127 //// 10235 ///// ///// ////
000000000000000000000000000000000000000000000000000000000000000000000000000000000000000000000000000000000000000000000000=
53994 352300 1140400 00700 00712 4
20100324190000 065 031 069 034 071 036 1859 051 020 060 056 1849 0000 0060 0076 1824 0060 1900 059 047 1819 055 -014 10150 10150 1900 10142 1801 0042 0050 1826 0003 1802 0022 0023 1851 0004 1813 0054 0078 0093 0099 0094 0089 0094 0127 //// 10238 ///// ///// ////
000000000000000000000000000000000000000000000000000000000000000000000000000000000000000000000000000000000000000000000000=
53988 351600 1134000 00776 00784 4
20100324190000 298 026 297 026 298 026 1858 307 032 308 039 1858 0000 0081 0081 1900 0064 1820 032 032 1900 035 -076 10138 10138 1900 10135 1801 0016 0016 1900 -021 1822 0007 0007 1900 -004 1840 0052 0079 0093 0102 0094 0092 0099 0126 //// 10234 ///// ///// ////
000000000000000000000000000000000000000000000000000000000000000000000000000000000000000000000000000000000000000000000000=
53983 350200 1142500 00696 00708 4
20100324190000 313 025 317 025 326 033 1850 310 024 321 051 1845 0000 0066 0067 1850 0061 1835 061 055 1849 059 -004 10150 10150 1900 10143 1808 0043 0043 1851 0034 1839 0023 0023 1900 0020 1832 0050 0076 0088 0096 0090 0086 0088 0123 //// 10237 ///// ///// ////
000000000000000000000000000000000000000000000000000000000000000000000000000000000000000000000000000000000000000000000000=
53998 351200 1143900 00616 00625 4
20100324190000 339 045 337 037 334 053 1848 355 032 341 092 1840 0000 0059 0081 1801 0059 1900 065 063 1841 060 -002 10157 10157 1853 10151 1802 0041 0058 1802 0041 1859 0034 0039 1805 0034 1900 0068 0086 0097 0102 0101 0095 0096 0128 //// 10234 ///// ///// ////
000000000000000000000000000000000000000000000000000000000000000000000000000000000000000000000000000000000000000000000000=
57051 344800 1111200 04099 04117 4
20100324190000 290 010 279 012 274 017 1826 240 006 271 041 1819 0000 0068 0068 1858 0047 1804 043 043 1900 042 -049 09784 09785 1858 09780 1804 0025 0027 1830 -009 1804 0014 0015 1839 0007 1805 0050 0071 0085 0092 0086 0087 0086 0114 //// 10282 ///// ///// ////
000000000000000000000000000000000000000000000000000000000000000000000000000000000000000000000000000000000000000000000000=
57063 344600 1114600 05236 05236 4
20100324190000 302 003 012 005 319 032 1801 277 001 004 050 1810 0000 0024 0039 1820 0024 1859 069 064 1822 050 -027 09643 09643 1855 09637 1801 -039 0010 1804 -043 1846 -017 -001 1804 -017 1900 0038 0057 0071 0078 0075 0077 0083 0110 //// 10277 ///// ///// ////
000000000000000000000000000000000000000000000000000000000000000000000000000000000000000000000000000000000000000000000000=
57067 340300 1110200 05688 05699 4
20100324190000 000 000 305 003 219 010 1801 046 000 237 013 1803 0000 -010 -002 1801 -010 1845 088 082 1801 050 -027 09603 09606 1834 09603 1844 -033 -019 1808 -036 1822 0001 0001 1802 0001 1859 0036 0059 0083 0074 0090 0095 0095 0122 //// 10301 ///// ///// ////
000000000000000000000000000000000000000000000000000000000000000000000000000000000000000000000000000000000000000000000000=
57056 343200 1105300 03904 03909 4
20100324190000 261 029 273 029 260 053 1807 260 041 246 085 1806 0000 0078 0082 1847 0078 1900 037 034 1849 039 -060 09815 09816 1859 09806 1802 0046 0058 1834 0046 1900 0027 0035 1808 0027 1900 0054 0073 0086 0093 0090 0090 0093 0118 //// 10288 ///// ///// ////
000000000000000000000000000000000000000000000000000000000000000000000000000000000000000000000000000000000000000000000000=
58007 340400 1151800 00472 00532 4
20100324190000 218 005 222 006 206 013 1812 218 006 203 022 1808 0000 0052 0059 1801 0052 1900 090 088 1802 080 0037 10161 10166 1801 10161 1859 0007 0028 1801 0007 1900 0025 0034 1801 0025 1900 0067 0086 0097 0103 0103 0100 0102 0131 //// 10227 ///// ///// ////
000000000000000000000000000000000000000000000000000000000000000000000000000000000000000000000000000000000000000000000000=
58006 342300 1155300 00463 00506 4
20100324190000 223 026 225 025 228 027 1852 229 026 234 045 1850 0000 0061 0063 1812 0061 1900 082 082 1859 077 0033 10162 10171 1806 10162 1859 0040 0046 1853 0037 1833 0034 0038 1802 0034 1900 0060 0080 0091 0098 0096 0093 0097 0127 //// 10224 ///// ///// ////
000000000000000000000000000000000000000000000000000000000000000000000000000000000000000000000000000000000000000000000000=
58111 335800 1162700 00325 00325 4
20100324190000 239 020 238 025 235 025 1859 263 033 254 059 1857 0000 0064 0066 1801 0063 1846 085 080 1801 082 0041 10185 10198 1803 10185 1856 0040 0048 1801 0037 1846 0045 0051 1801 0045 1850 0063 0076 0084 0090 0094 0097 0105 0138 //// 10225 ///// ///// ////
000000000000000000000000000000000000000000000000000000000000000000000000000000000000000000000000000000000000000000000000=
58017 341500 1160800 00410 00420 4
20100324190000 228 036 217 027 217 027 1900 226 028 218 052 1822 0000 0067 0071 1801 0067 1847 088 085 1801 086 0049 10168 10177 1801 10167 1855 0046 0051 1815 0033 1842 0044 0047 1819 0043 1845 0072 0087 0095 0099 0099 0097 0102 0128 //// 10220 ///// ///// ////
000000000000000000000000000000000000000000000000000000000000000000000000000000000000000000000000000000000000000000000000=
58001 342600 1150600 00563 00569 4
20100324190000 264 024 266 021 254 028 1812 263 020 285 048 1816 0000 0063 0068 1824 0063 1854 082 082 1900 078 0035 10152 10157 1810 10152 1859 0046 0056 1820 0043 1858 0038 0044 1824 0036 1858 0061 0076 0087 0093 0091 0088 0093 0126 //// 10222 ///// ///// ////
000000000000000000000000000000000000000000000000000000000000000000000000000000000000000000000000000000000000000000000000=
58005 342700 1154000 00501 00511 4
20100324190000 253 040 252 037 238 049 1806 239 053 239 070 1810 0000 0076 0087 1805 0076 1900 078 072 1804 081 0040 10155 10162 1801 10154 1859 0056 0068 1805 0056 1859 0047 0056 1806 0047 1900 0077 0092 0097 0101 0098 0096 0103 0132 0006 10218 ///// ///// ////
000000000000000000000000000000000000000000000000000000000000000000000000000000000000000000000000000000000000000000000000
130 000 000 /// //// //////////////////////// /// //// 6///1 0//// 7//// 1//// 2//// 3//// /// /// /// // 911// 915// 919// 934// 939//=
58008 342800 1152000 00544 00592 4
20100324190000 251 029 251 026 252 027 1855 246 039 246 046 1847 0000 0064 0067 1801 0063 1859 083 083 1900 080 0037 10147 10154 1804 10147 1858 0024 0035 1804 0015 1834 0038 0046 1804 0038 1900 0059 0075 0087 0093 0096 0093 0097 0129 //// 10220 ///// ///// ////
000000000000000000000000000000000000000000000000000000000000000000000000000000000000000000000000000000000000000000000000=
58004 343900 1150900 00606 00616 4
20100324190000 260 020 249 019 241 023 1833 257 019 246 038 1826 0000 0059 0065 1801 0059 1900 086 086 1900 080 0037 10145 10150 1802 10145 1858 0034 0047 1801 0033 1859 0033 0042 1801 0033 1859 0066 0090 0097 0103 0103 0099 0102 0127 //// 10221 ///// ///// ////
000000000000000000000000000000000000000000000000000000000000000000000000000000000000000000000000000000000000000000000000=
54817 355900 1155200 00421 00434 4
20100324190000 334 035 331 035 331 035 1900 333 036 333 094 1856 0000 0032 0039 1801 0031 1851 080 080 1801 061 0001 10174 10174 1854 10163 1809 0025 0027 1801 0020 1847 0015 0020 1801 0014 1849 0045 0065 0078 0082 0084 0077 0087 0116 //// 10228 ///// ///// ////
000000000000000000000000000000000000000000000000000000000000000000000000000000000000000000000000000000000000000000000000=
54902 355400 1150700 00495 00499 4
20100324190000 347 063 349 061 329 080 1806 018 090 333 124 1805 0000 0031 0057 1801 0031 1900 071 067 1825 054 -016 10172 10172 1857 10163 1801 0021 0044 1801 0021 1900 0014 0029 1802 0014 1859 0052 0070 0080 0087 0082 0073 0080 0111 //// 10234 ///// ///// ////
000000000000000000000000000000000000000000000000000000000000000000000000000000000000000000000000000000000000000000000000=
54900 354200 1150100 00537 00541 4
20100324190000 332 074 326 064 341 074 1848 336 099 338 134 1845 0000 0045 0070 1801 0045 1900 066 064 1846 056 -013 10169 10169 1858 10158 1801 0033 0055 1801 0033 1900 0028 0042 1807 0028 1900 0065 0080 0088 0092 0089 0081 0083 0110 //// 10236 ///// ///// ////
000000000000000000000000000000000000000000000000000000000000000000000000000000000000000000000000000000000000000000000000=
54901 360500 1151000 00475 00478 4
20100324190000 345 066 348 070 349 074 1857 358 066 350 106 1856 0000 0025 0039 1801 0025 1900 069 067 1817 050 -026 10179 10179 1900 10173 1801 0017 0029 1806 0016 1859 0013 0020 1804 0013 1900 0046 0065 0076 0082 0086 0079 0076 0105 //// 10238 ///// ///// ////
000000000000000000000000000000000000000000000000000000000000000000000000000000000000000000000000000000000000000000000000=
54903 355100 1152900 00457 00506 4
20100324190000 343 033 347 038 350 040 1859 060 020 021 092 1850 0000 0037 0067 1801 0037 1900 072 071 1852 057 -009 10166 10166 1900 10151 1802 0028 0050 1831 0013 1805 0022 0030 1833 0018 1807 0056 0073 0083 0087 0084 0079 0090 0114 //// 10229 ///// ///// ////
000000000000000000000000000000000000000000000000000000000000000000000000000000000000000000000000000000000000000000000000=
57184 333800 1132200 00834 00847 4
20100324190000 289 015 294 016 281 021 1829 296 015 294 032 1828 0000 0069 0077 1841 0067 1804 059 055 1839 059 -006 10143 10146 1811 10142 1801 0040 0044 1836 0033 1809 0034 0037 1845 0032 1806 0062 0085 0096 0105 0102 0102 0103 0129 //// 10247 ///// ///// ////
000000000000000000000000000000000000000000000000000000000000000000000000000000000000000000000000000000000000000000000000=
57177 332000 1133200 00898 00913 4
20100324190000 280 031 278 032 275 039 1847 279 034 282 053 1845 0000 0090 0090 1900 0063 1817 056 056 1900 064 0007 10136 10137 1838 10133 1801 0060 0062 1853 0006 1801 0041 0041 1900 0030 1810 0037 0073 0080 0099 0105 0104 0105 0121 //// 10248 ///// ///// ////
000000000000000000000000000000000000000000000000000000000000000000000000000000000000000000000000000000000000000000000000=
57075 341000 1125200 02031 02043 4
20100324190000 284 024 291 026 279 030 1826 279 020 276 042 1823 0000 0071 0071 1900 0051 1817 053 053 1900 053 -018 10007 10009 1837 10006 1801 0057 0059 1859 0014 1817 0017 0017 1900 0007 1817 0043 0067 0081 0090 0102 0102 0096 0118 //// 10256 ///// ///// ////
000000000000000000000000000000000000000000000000000000000000000000000000000000000000000000000000000000000000000000000000=
57173 334500 1125300 01457 01468 4
20100324190000 238 008 280 010 282 017 1817 257 009 333 023 1835 0000 0036 0040 1820 0034 1804 073 069 1816 058 -008 10072 10074 1805 10072 1900 0008 0022 1840 0004 1859 0016 0018 1838 0016 1859 0052 0074 0089 0097 0104 0103 0104 0133 //// 10253 ///// ///// ////
000000000000000000000000000000000000000000000000000000000000000000000000000000000000000000000000000000000000000000000000=
57180 335900 1131200 01175 01186 4
20100324190000 296 026 293 027 284 030 1851 310 026 290 046 1851 0000 0083 0083 1900 0070 1814 047 047 1900 051 -023 10103 10107 1834 10103 1900 0058 0058 1900 0042 1814 0023 0024 1848 0020 1813 0050 0074 0090 0099 0102 0099 0101 0130 //// 10248 ///// ///// ////
000000000000000000000000000000000000000000000000000000000000000000000000000000000000000000000000000000000000000000000000=
57181 335300 1130300 01364 01380 4
20100324190000 302 018 323 017 337 020 1847 305 015 330 031 1840 0000 0043 0043 1900 0031 1820 064 063 1859 053 -019 10086 10089 1832 10086 1855 0002 0006 1849 -002 1806 0005 0008 1837 0005 1900 0038 0067 0084 0096 0101 0100 0102 0129 //// 10256 ///// ///// ////
000000000000000000000000000000000000000000000000000000000000000000000000000000000000000000000000000000000000000000000000=
57171 334600 1130700 01420 01430 4
20100324190000 313 062 314 056 312 056 1848 310 063 307 073 1859 0000 0080 0089 1805 0080 1900 044 039 1805 047 -035 10072 10075 1823 10072 1900 0069 0076 1806 0067 1844 0038 0039 1815 0037 1859 0059 0077 0089 0099 0109 0112 0114 0124 //// 10247 ///// ///// ////
000000000000000000000000000000000000000000000000000000000000000000000000000000000000000000000000000000000000000000000000=
57175 330300 1121400 01914 01922 4
20100324190000 300 041 294 043 290 055 1835 313 053 271 079 1830 0000 0072 0078 1839 0071 1819 067 065 1840 068 0015 10030 10034 1807 10030 1858 0044 0050 1837 0044 1900 0032 0038 1801 0032 1900 0059 0078 0093 0102 0106 0108 0110 0138 //// 10266 ///// ///// ////
000000000000000000000000000000000000000000000000000000000000000000000000000000000000000000000000000000000000000000000000=
57156 331800 1113000 02503 02523 4
20100324190000 304 028 303 027 303 027 1900 327 018 322 048 1843 0000 0067 0070 1802 0066 1817 062 062 1858 061 -001 09968 09973 1817 09968 1859 0047 0053 1836 0046 1856 0034 0040 1801 0033 1849 0059 0074 0088 0097 0103 0110 0117 0142 //// 10277 ///// ///// ////
000000000000000000000000000000000000000000000000000000000000000000000000000000000000000000000000000000000000000000000000=
57271 323300 1122300 00879 00897 4
20100324190000 295 042 295 045 292 057 1836 299 059 299 095 1828 0000 0069 0073 1843 0069 1900 080 079 1843 080 0037 10155 10158 1830 10155 1900 0052 0056 1843 0049 1808 0044 0046 1813 0044 1900 0066 0083 0095 0102 0102 0107 0113 0139 //// 10266 ///// ///// ////
000000000000000000000000000000000000000000000000000000000000000000000000000000000000000000000000000000000000000000000000=
57261 330700 1113100 02330 02345 4
20100324190000 134 010 164 010 215 010 1831 124 012 217 016 1830 0000 0055 0056 1801 0052 1827 079 078 1854 071 0022 09982 09986 1802 09979 1855 0015 0023 1831 0015 1900 0028 0033 1801 0028 1900 0058 0076 0088 0096 0114 0122 0127 //// //// 10270 ///// ///// ////
000000000000000000000000000000000000000000000000000000000000000000000000000000000000000000000000000000000000000000000000=
57285 322300 1132500 01530 01492 4
20100324190000 249 017 264 019 273 022 1812 271 020 265 034 1804 0000 0075 0076 1805 0074 1836 070 070 1900 073 0024 10077 10077 1846 10072 1814 0041 0048 1807 0029 1833 0037 0046 1806 0037 1858 0063 0078 0088 0096 0104 0108 0109 0135 //// ///// ///// ///// ////
////////////////////////////////////////////////////////////////////////////////////////////////////////////////////////=
57273 324100 1125100 01095 01105 4
20100324190000 290 041 289 044 283 047 1844 279 039 305 079 1821 0000 0073 0074 1841 0072 1814 069 069 1900 071 0020 10123 10127 1838 10122 1858 0046 0050 1801 0046 1859 0045 0049 1801 0045 1900 0070 0086 0096 0104 0110 0111 0112 0136 //// 10259 ///// ///// ////
000000000000000000000000000000000000000000000000000000000000000000000000000000000000000000000000000000000000000000000000=
57187 330400 1125600 01180 01193 4
20100324190000 125 000 183 000 255 015 1844 122 000 254 019 1823 0000 0036 0040 1814 0035 1848 094 093 1801 074 0027 10102 10106 1801 10102 1900 0000 0008 1809 -003 1840 0023 0029 1811 0023 1900 0055 0074 0092 0101 0112 0111 0109 0132 //// 10250 ///// ///// ////
000000000000000000000000000000000000000000000000000000000000000000000000000000000000000000000000000000000000000000000000=
57178 330200 1123500 01292 01305 4
20100324190000 262 013 267 014 280 033 1801 242 009 287 038 1808 0000 0078 0091 1801 0078 1900 060 054 1802 063 0005 10096 10101 1812 10096 1900 0004 0060 1801 0004 1900 0037 0047 1801 0037 1900 0065 0081 0090 0095 0109 0108 0109 0132 0000 10256 ///// ///// ////
000000000000000000000000000000000000000000000000000000000000000000000000000000000000000000000000000000000000000000000000
120 000 000 /// //// /////////////////////CIE /// //// 6///1 0//// 7//// 1//// 2//// 3//// /// /// /// // 911// 915// 919// 934// 939//=
57169 330300 1115200 01591 01600 4
20100324190000 328 030 331 028 319 033 1819 341 039 327 053 1810 0000 0073 0076 1836 0073 1801 073 073 1837 075 0028 10074 10080 1803 10074 1859 0054 0057 1830 0054 1859 0037 0045 1815 0037 1855 0061 0078 0090 0099 0104 0106 0108 0133 //// 10271 ///// ///// ////
000000000000000000000000000000000000000000000000000000000000000000000000000000000000000000000000000000000000000000000000=
57176 332900 1122500 02311 02304 4
20100324190000 044 014 032 015 354 032 1802 023 004 001 035 1801 0000 0070 0079 1801 0070 1900 052 048 1801 052 -022 09979 09983 1820 09979 1900 0039 0047 1847 0038 1801 0029 0031 1801 0029 1900 0055 0072 0085 0096 0111 0112 0112 0130 //// 10261 ///// ///// ////
000000000000000000000000000000000000000000000000000000000000000000000000000000000000000000000000000000000000000000000000=
57179 331700 1130000 01604 01616 4
20100324190000 215 017 219 015 208 027 1815 209 020 215 040 1811 0000 0050 0057 1807 0050 1900 093 092 1815 081 0040 10057 10060 1843 10057 1900 0025 0035 1816 0024 1841 0036 0037 1816 0036 1801 0061 0078 0089 0096 0103 0104 0105 0132 //// 10256 ///// ///// ////
000000000000000000000000000000000000000000000000000000000000000000000000000000000000000000000000000000000000000000000000=
57274 324200 1120700 01076 01088 4
20100324190000 296 017 287 018 281 036 1807 327 014 268 064 1805 0000 0062 0074 1805 0061 1858 079 074 1810 075 0028 10133 10139 1822 10133 1858 0032 0054 1812 0032 1859 0041 0052 1811 0041 1900 0070 0083 0095 0104 0115 0116 0115 0140 //// 10268 ///// ///// ////
000000000000000000000000000000000000000000000000000000000000000000000000000000000000000000000000000000000000000000000000=
57065 343000 1121100 01949 01964 4
20100324190000 274 038 274 042 270 060 1801 302 039 277 080 1804 0000 0067 0089 1802 0067 1858 051 043 1801 050 -027 10028 10028 1900 10019 1801 0046 0059 1803 0046 1900 0043 0058 1802 0043 1900 0074 0088 0097 0103 0100 0103 0110 0138 //// 10268 ///// ///// ////
000000000000000000000000000000000000000000000000000000000000000000000000000000000000000000000000000000000000000000000000=
57074 342500 1122500 01973 01989 4
20100324190000 309 006 187 006 299 020 1804 232 005 313 050 1802 0000 0074 0093 1801 0074 1900 050 043 1801 051 -023 10020 10020 1900 10014 1801 0041 0071 1808 0034 1853 0034 0047 1810 0034 1900 0070 0086 0096 0102 0102 0103 0102 0125 //// 10262 ///// ///// ////
000000000000000000000000000000000000000000000000000000000000000000000000000000000000000000000000000000000000000000000000=
57076 344400 1124700 01895 01901 4
20100324190000 298 016 277 016 323 025 1831 313 016 341 033 1826 0000 0070 0072 1836 0066 1801 052 050 1803 052 -022 10027 10027 1900 10019 1801 0020 0035 1829 0011 1848 0018 0024 1829 0014 1848 0048 0069 0083 0090 0092 0089 0089 0120 //// 10259 ///// ///// ////
000000000000000000000000000000000000000000000000000000000000000000000000000000000000000000000000000000000000000000000000=
57070 344400 1120700 03640 03595 4
20100324190000 251 031 249 040 269 070 1809 268 029 268 096 1811 0000 0069 0077 1808 0068 1853 056 053 1806 056 -013 09826 09827 1853 09821 1801 0054 0068 1809 0054 1853 0033 0044 1810 0033 1900 0061 0077 0086 0090 0090 0092 0095 0122 //// 10261 ///// ///// ////
000000000000000000000000000000000000000000000000000000000000000000000000000000000000000000000000000000000000000000000000=
57162 340900 1120500 03258 03275 4
20100324190000 305 001 220 004 265 012 1825 271 000 250 019 1825 0000 0060 0063 1844 0060 1900 056 055 1801 052 -021 09868 09870 1811 09867 1857 0002 0030 1831 0002 1900 0010 0012 1831 0010 1900 0046 0069 0084 0094 0096 0097 0101 0132 //// 10266 ///// ///// ////
000000000000000000000000000000000000000000000000000000000000000000000000000000000000000000000000000000000000000000000000=
57078 340900 1122800 03365 03340 4
20100324190000 286 028 285 025 286 029 1847 316 025 268 070 1845 0000 0086 0088 1836 0086 1801 036 035 1821 040 -056 09850 09852 1820 09850 1801 0054 0055 1854 0046 1811 0023 0024 1859 0019 1801 0043 0061 0075 0086 0096 0098 0097 0118 //// 10253 ///// ///// ////
000000000000000000000000000000000000000000000000000000000000000000000000000000000000000000000000000000000000000000000000=
57071 344900 1122600 03333 03332 4
20100324190000 219 046 221 040 221 041 1859 229 047 215 082 1859 0000 0074 0076 1801 0069 1843 050 043 1801 051 -023 09855 09855 1900 09850 1801 0058 0058 1900 0051 1847 0033 0035 1801 0031 1848 0059 0073 0082 0088 0089 0088 0091 0119 //// 10258 ///// ///// ////
000000000000000000000000000000000000000000000000000000000000000000000000000000000000000000000000000000000000000000000000=
57066 342300 1114000 03283 03298 4
20100324190000 311 010 307 013 296 014 1855 310 008 277 038 1821 0000 0074 0074 1900 0063 1806 049 049 1900 050 -026 09875 09875 1900 09869 1803 0040 0040 1857 0030 1818 0021 0022 1859 0019 1838 0048 0067 0081 0089 0092 0091 0090 0115 //// 10275 ///// ///// ////
000000000000000000000000000000000000000000000000000000000000000000000000000000000000000000000000000000000000000000000000=
57077 334700 1113900 07424 07388 4
20100324190000 274 030 271 035 274 040 1852 299 030 277 057 1844 0000 0019 0020 1802 0019 1820 070 069 1842 049 -030 09401 09405 1801 09401 1859 -001 0001 1839 -004 1813 0000 0000 1822 -001 1853 0025 0044 0057 0067 0082 0087 0091 0116 //// 10289 ///// ///// ////
000000000000000000000000000000000000000000000000000000000000000000000000000000000000000000000000000000000000000000000000=
57185 332700 1133500 00911 00921 4
20100324190000 289 028 288 029 285 033 1846 290 029 275 041 1843 0000 0051 0052 1856 0043 1801 084 081 1801 074 0026 10132 10133 1830 10128 1801 0015 0019 1856 0000 1801 0029 0029 1856 0027 1801 0059 0075 0089 0090 0107 0103 0101 0123 //// 10246 ///// ///// ////
000000000000000000000000000000000000000000000000000000000000000000000000000000000000000000000000000000000000000000000000=
57183 334800 1135500 00600 00615 4
20100324190000 302 035 301 035 301 035 1856 288 029 310 050 1855 0000 0064 0064 1900 0037 1814 061 061 1859 059 -006 10162 10163 1848 10159 1806 0025 0025 1900 -005 1810 0033 0033 1900 0028 1806 0059 0079 0093 0101 0104 0099 0097 0122 //// 10238 ///// ///// ////
000000000000000000000000000000000000000000000000000000000000000000000000000000000000000000000000000000000000000000000000=
57186 333600 1140300 00587 00598 4
20100324190000 271 035 271 034 271 040 1848 263 032 257 056 1846 0000 0069 0072 1845 0063 1818 066 065 1845 066 0010 10167 10167 1900 10163 1801 0044 0049 1835 0029 1801 0038 0040 1832 0036 1801 0064 0084 0096 0104 0106 0103 0102 0134 //// 10241 ///// ///// ////
000000000000000000000000000000000000000000000000000000000000000000000000000000000000000000000000000000000000000000000000=
57094 342400 1141300 00674 00685 4
20100324190000 293 026 299 023 299 023 1900 296 023 316 040 1847 0000 0076 0076 1900 0056 1825 048 048 1900 050 -027 10148 10149 1850 10146 1803 0011 0016 1856 -013 1821 0022 0024 1856 0019 1824 0056 0076 0088 0095 0102 0096 0091 0117 //// 10232 ///// ///// ////
000000000000000000000000000000000000000000000000000000000000000000000000000000000000000000000000000000000000000000000000=
57191 342900 1142900 00634 00642 4
20100324190000 271 032 273 028 273 028 1900 271 032 296 046 1859 0000 0091 0091 1900 0076 1801 038 038 1900 044 -045 10153 10153 1900 10151 1818 0072 0072 1900 0050 1801 0039 0039 1900 0037 1822 0068 0082 0092 0097 0098 0093 0095 0125 //// 10232 ///// ///// ////
000000000000000000000000000000000000000000000000000000000000000000000000000000000000000000000000000000000000000000000000=
57096 343200 1144700 00597 00607 4
20100324190000 289 012 288 012 271 015 1834 292 014 271 025 1832 0000 0057 0061 1816 0057 1900 081 081 1900 074 0027 10148 10149 1801 10146 1856 -006 0012 1803 -006 1900 0005 0014 1813 0005 1858 0058 0087 0101 0106 0105 0099 0101 0128 //// 10223 ///// ///// ////
000000000000000000000000000000000000000000000000000000000000000000000000000000000000000000000000000000000000000000000000=
57091 344700 1141800 00737 00748 4
20100324190000 269 021 267 021 261 034 1810 279 016 262 049 1809 0000 0094 0102 1801 0094 1900 033 029 1802 039 -061 10141 10141 1900 10138 1813 0045 0061 1823 0045 1900 0044 0050 1823 0044 1900 0076 0095 0105 0102 0105 0100 0101 0123 //// 10232 ///// ///// ////
000000000000000000000000000000000000000000000000000000000000000000000000000000000000000000000000000000000000000000000000=
53978 350500 1123800 01401 01409 4
20100324190000 310 046 311 041 311 041 1900 308 043 322 078 1843 0000 0117 0117 1900 0106 1804 020 019 1859 027 -105 10080 10082 1852 10075 1804 0079 0079 1900 0056 1811 0051 0051 1900 0042 1811 0068 0084 0093 0101 0093 0092 0097 0125 //// 10251 ///// ///// ////
000000000000000000000000000000000000000000000000000000000000000000000000000000000000000000000000000000000000000000000000=
53984 351400 1132800 00827 00837 4
20100324190000 267 016 274 018 292 028 1849 271 014 288 036 1849 0000 0086 0088 1848 0083 1801 031 030 1839 035 -076 10139 10139 1900 10134 1802 0025 0037 1848 0023 1828 0020 0025 1806 0020 1900 0063 0081 0089 0098 0098 0095 0095 0121 //// 10242 ///// ///// ////
000000000000000000000000000000000000000000000000000000000000000000000000000000000000000000000000000000000000000000000000=
53987 350600 1132500 00910 00918 4
20100324190000 274 026 279 021 262 028 1811 271 027 263 043 1806 0000 0089 0089 1900 0079 1812 031 031 1900 035 -073 10130 10130 1900 10127 1801 0078 0079 1857 0066 1825 0045 0046 1808 0045 1835 0070 0085 0095 0102 0100 0098 0100 0127 //// 10242 ///// ///// ////
000000000000000000000000000000000000000000000000000000000000000000000000000000000000000000000000000000000000000000000000=
57079 345700 1130200 01064 01069 4
20100324190000 301 029 301 030 302 031 1858 294 032 307 041 1856 0000 0055 0071 1801 0052 1844 052 052 1900 047 -036 10114 10114 1900 10111 1801 0037 0047 1801 0028 1843 0019 0026 1801 0018 1843 0059 0073 0085 0092 0097 0095 0095 0119 //// 10246 ///// ///// ////
000000000000000000000000000000000000000000000000000000000000000000000000000000000000000000000000000000000000000000000000=
53972 350700 1125500 01196 01210 4
20100324190000 309 030 317 038 319 043 1857 277 030 322 093 1856 0000 0116 0116 1900 0110 1801 016 015 1803 022 -134 10103 10103 1900 10097 1801 0080 0084 1849 0060 1839 0047 0048 1858 0042 1839 0069 0084 0097 0105 0099 0098 0109 0137 //// 10250 ///// ///// ////
000000000000000000000000000000000000000000000000000000000000000000000000000000000000000000000000000000000000000000000000=
57072 345500 1124500 01275 01285 4
20100324190000 301 032 304 030 315 050 1811 291 036 320 073 1815 0000 0096 0106 1815 0096 1900 042 037 1851 050 -027 10096 10096 1900 10090 1807 0076 0095 1812 0076 1900 0040 0051 1813 0039 1858 0062 0077 0086 0090 0088 0087 0086 0113 //// 10253 ///// ///// ////
000000000000000000000000000000000000000000000000000000000000000000000000000000000000000000000000000000000000000000000000=
53982 351400 1131600 01120 01135 4
20100324190000 288 025 285 024 292 029 1843 296 029 285 048 1842 0000 0115 0120 1801 0115 1900 018 018 1900 024 -120 10105 10105 1900 10099 1801 0067 0081 1801 0067 1900 0046 0053 1801 0046 1858 0074 0088 0098 0105 0100 0098 0100 0131 //// 10243 ///// ///// ////
000000000000000000000000000000000000000000000000000000000000000000000000000000000000000000000000000000000000000000000000=
53979 350900 1130500 01200 01211 4
20100324190000 316 072 313 059 313 059 1900 301 112 301 112 1900 0000 0115 0118 1813 0114 1801 020 015 1835 027 -107 10099 10101 1857 10095 1801 0100 0102 1849 0094 1801 0063 0063 1852 0045 1801 0066 0082 0096 0103 0099 0099 0104 0132 //// 10246 ///// ///// ////
000000000000000000000000000000000000000000000000000000000000000000000000000000000000000000000000000000000000000000000000=
53992 353900 1143100 00582 00592 4
20100324190000 357 090 357 077 352 092 1832 004 100 345 128 1848 0000 0036 0050 1801 0036 1900 069 062 1803 055 -015 10169 10170 1849 10164 1810 0028 0040 1801 0027 1855 0018 0027 1801 0018 1900 0056 0070 0085 0090 0087 0082 0087 0121 //// 10242 ///// ///// ////
000000000000000000000000000000000000000000000000000000000000000000000000000000000000000000000000000000000000000000000000=
53974 353700 1141100 00723 00739 4
20100324190000 013 055 011 052 021 065 1816 012 064 029 113 1814 0000 0054 0068 1801 0054 1900 055 051 1801 049 -029 10155 10155 1900 10147 1809 0042 0055 1801 0042 1900 0037 0048 1801 0037 1900 0069 0085 0096 0100 0093 0091 0097 0124 //// 10246 ///// ///// ////
000000000000000000000000000000000000000000000000000000000000000000000000000000000000000000000000000000000000000000000000=
53990 354300 1141900 00795 00805 4
20100324190000 349 085 353 090 359 100 1825 344 086 352 131 1822 0000 0039 0050 1801 0039 1900 065 057 1801 052 -021 10150 10150 1900 10143 1801 0035 0045 1802 0035 1900 0025 0033 1802 0025 1900 0064 0081 0089 0097 0094 0084 0082 0110 //// 10249 ///// ///// ////
000000000000000000000000000000000000000000000000000000000000000000000000000000000000000000000000000000000000000000000000=
53991 355600 1142100 00743 00753 4
20100324190000 359 025 354 028 347 037 1821 328 025 029 067 1831 0000 0037 0048 1801 0037 1900 065 058 1801 052 -023 10162 10162 1900 10151 1801 0027 0037 1805 0026 1855 0021 0030 1801 0021 1855 0059 0078 0084 0093 0090 0083 0087 0118 //// 10255 ///// ///// ////
000000000000000000000000000000000000000000000000000000000000000000000000000000000000000000000000000000000000000000000000=
53993 355600 1145500 00516 00524 4
20100324190000 356 053 357 047 349 062 1809 329 047 323 103 1801 0000 0032 0051 1801 0032 1900 069 063 1804 053 -019 10177 10177 1900 10166 1807 0026 0042 1801 0025 1856 0020 0030 1801 0020 1858 0053 0072 0081 0084 0085 0075 0075 0108 //// 10242 ///// ///// ////
000000000000000000000000000000000000000000000000000000000000000000000000000000000000000000000000000000000000000000000000=
53889 360400 1134900 03068 03086 4
20100324190000 088 056 094 058 095 063 1858 083 071 116 088 1851 0000 0038 0072 1801 0038 1900 055 038 1804 044 -044 09865 09867 1843 09859 1803 0031 0055 1806 0031 1900 0022 0038 1801 0022 1900 0049 0062 0070 0077 0080 0075 0087 0098 //// 10240 ///// ///// ////
000000000000000000000000000000000000000000000000000000000000000000000000000000000000000000000000000000000000000000000000=
53995 353300 1143000 00625 00645 4
20100324190000 348 051 349 065 349 067 1858 007 040 341 118 1856 0000 0041 0058 1801 0041 1900 060 056 1830 049 -030 10161 10162 1858 10155 1802 0033 0045 1803 0032 1853 0025 0035 1801 0025 1900 0065 0085 0092 0097 0092 0086 0087 0116 //// 10241 ///// ///// ////
000000000000000000000000000000000000000000000000000000000000000000000000000000000000000000000000000000000000000000000000=
53898 360300 1142400 00629 00638 4
20100324190000 329 024 000 041 004 053 1832 338 016 004 107 1823 0000 0035 0043 1801 0035 1858 065 061 1801 051 -025 10174 10174 1900 10167 1813 0023 0034 1808 0023 1849 0025 0032 1810 0025 1900 0062 0077 0088 0093 0077 0075 0085 0116 //// 10253 ///// ///// ////
000000000000000000000000000000000000000000000000000000000000000000000000000000000000000000000000000000000000000000000000=
NNNN
