57090 344300 1135800 00781 00802 4
20100503120000 150 019 146 019 149 024 1152 156 026 144 049 1153 0000 0269 0280 1101 0269 1200 068 059 1101 241 0205 09937 09937 1200 09932 1109 0238 0254 1109 0232 1135 0249 0270 1101 0249 1200 0269 0268 0258 0247 0205 0164 0132 0132 //// 10029 ///// ///// ////
000000000000000000000000000000000000000000000000000000000000000000000000000000000000000000000000000000000000000000000000
130 007 000 000 //// /////////////////////CIE 002 0000 6///1 0//// 7//// 1//// 2//// 3//// /// /// /// // 911// 915// 919// 934// 939//=
57083 344300 1133900 01104 01116 4
20100503120000 098 024 117 024 144 038 1149 087 028 160 060 1127 0000 0275 0284 1101 0275 1200 063 060 1101 231 0198 09895 09895 1200 09891 1101 0219 0242 1101 0219 1158 0245 0262 1101 0244 1157 0262 0261 0251 0239 0173 0145 0129 0130 0002 10021 ///// ///// ////
000000000000000000000000000000000000000000000000000000000000000000000000000000000000000000000000000000000000000000000000
120 10- 000 003 3200 //////////////////CIEACR 032 0000 6///1 0//// 7//// 1//// 2//// 3//// /// /// /// // 911// 915// 919// 934// 939//=
57086 342300 1134300 01166 01168 4
20100503120000 094 020 102 019 146 020 1131 097 021 128 032 1142 0000 0256 0267 1101 0256 1154 068 067 1131 223 0193 09896 09897 1157 09893 1102 0246 0251 1101 0241 1155 0246 0263 1101 0246 1159 0261 0258 0246 0230 0188 0146 0124 0124 //// 10030 ///// ///// ////
000000000000000000000000000000000000000000000000000000000000000000000000000000000000000000000000000000000000000000000000
120 010 000 010 2500 /////////////////////ASP 02/ 0000 6///1 0//// 7//// 1//// 2//// 3//// /// /// /// // 911// 915// 919// 934// 939//=
57085 343200 1132000 02599 02648 4
20100503120000 203 018 210 022 196 025 1134 189 013 203 046 1134 0000 0274 0280 1102 0274 1200 053 051 1102 193 0170 09729 09729 1200 09725 1101 0263 0274 1102 0263 1200 0245 0259 1101 0245 1200 0256 0254 0245 0229 0194 0154 0127 0129 //// 10027 ///// ///// ////
000000000000000000000000000000000000000000000000000000000000000000000000000000000000000000000000000000000000000000000000=
57081 344800 1132600 01409 01419 4
20100503120000 127 013 130 011 129 023 1126 125 013 125 065 1107 0000 0281 0290 1103 0281 1200 052 046 1110 198 0173 09862 09862 1156 09857 1101 0226 0246 1102 0222 1156 0248 0265 1101 0248 1200 0264 0264 0256 0235 0170 0146 0127 0122 //// 10023 ///// ///// ////
000000000000000000000000000000000000000000000000000000000000000000000000000000000000000000000000000000000000000000000000
150 10- 002 002 1200 //////////////////CIEFCB 102 0000 6///1 0//// 7//// 1//// 2//// 3//// /// /// /// // 911// 915// 919// 934// 939//=
57084 343000 1130300 11784 11790 4
20100503120000 255 086 253 088 253 093 1143 267 088 263 144 1141 0000 0194 0197 1101 0193 1140 077 076 1112 173 0153 08759 08760 1156 08756 1113 0177 0182 1101 0176 1138 0193 0205 1101 0192 1150 0220 0227 0221 0206 0143 //// //// //// //// 10034 ///// ///// ////
000000000000000000000000000000000000000000000000000000000000000000000000000000000000000000000000000000000000000000000000
120 010 004 004 0600 //////////////////ACRFSB 63/ 0000 6///1 0//// 7//// 1//// 2//// 3//// /// /// /// // 911// 915// 919// 934// 939//=
57080 344400 1125800 01652 01661 4
20100503120000 201 050 183 045 183 045 1200 226 036 203 088 1157 0000 0291 0292 1102 0288 1137 040 039 1157 161 0141 09832 09833 1159 09825 1116 0237 0237 1200 0221 1138 0258 0274 1101 0257 1152 0269 0268 0254 0238 0171 0138 0121 0124 //// 10020 ///// ///// ////
000000000000000000000000000000000000000000000000000000000000000000000000000000000000000000000000000000000000000000000000
200 10- 000 000 6000 /////////////////////CIE 002 0000 6///1 0//// 7//// 1//// 2//// 3//// /// /// /// // 911// 915// 919// 934// 939//=
57082 342800 1130100 04271 04284 4
20100503120000 287 012 263 021 245 026 1157 305 012 251 048 1152 0000 0264 0271 1101 0264 1200 052 050 1101 179 0158 09556 09556 1200 09551 1120 0251 0262 1101 0248 1148 0252 0270 1101 0252 1200 0269 0272 0264 0250 0183 0151 0128 //// //// 10036 ///// ///// ////
000000000000000000000000000000000000000000000000000000000000000000000000000000000000000000000000000000000000000000000000
350 003 003 003 1000 /////////////////////FCB 100 0000 6///1 0//// 7//// 1//// 2//// 3//// /// /// /// // 911// 915// 919// 934// 939//=
57290 330000 1140100 00827 00838 4
20100503120000 211 009 084 013 360 018 1106 080 010 133 060 1106 0000 0274 0287 1103 0274 1200 060 054 1102 219 0190 09944 09945 1106 09941 1130 0226 0240 1101 0226 1200 0260 0280 1101 0260 1200 0275 0275 0261 0246 0182 0152 0132 0135 //// 10039 ///// ///// ////
000000000000000000000000000000000000000000000000000000000000000000000000000000000000000000000000000000000000000000000000
120 10- 000 000 6000 /////////////////////CIE 002 0000 6///1 0//// 7//// 1//// 2//// 3//// /// /// /// // 911// 915// 919// 934// 939//=
57295 323700 1142100 00785 00802 4
20100503120000 174 024 174 022 164 026 1129 181 032 167 054 1128 0000 0275 0280 1127 0275 1200 056 053 1123 206 0179 09952 09953 1112 09950 1142 0220 0232 1101 0220 1158 0261 0277 1101 0261 1200 0282 0272 0258 0241 0177 0151 0131 0132 //// 10044 ///// ///// ////
000000000000000000000000000000000000000000000000000000000000000000000000000000000000000000000000000000000000000000000000
180 010 000 000 //// /////////////////////CSI 007 0000 6///1 0//// 7//// 1//// 2//// 3//// /// /// /// // 911// 915// 919// 934// 939//=
57188 332200 1140200 00559 00568 4
20100503120000 148 022 148 024 155 036 1108 139 021 147 055 1125 0000 0254 0269 1101 0254 1200 064 058 1101 208 0181 09971 09971 1200 09969 1147 0232 0245 1101 0232 1200 0244 0262 1101 0244 1200 0269 0263 0254 0235 0159 0137 0125 0134 //// 10036 ///// ///// ////
000000000000000000000000000000000000000000000000000000000000000000000000000000000000000000000000000000000000000000000000
150 10- 000 000 7000 /////////////////////CIE 002 0000 6///1 0//// 7//// 1//// 2//// 3//// /// /// /// // 911// 915// 919// 934// 939//=
57189 330800 1135700 00646 00655 4
20100503120000 154 027 158 028 172 030 1103 144 019 136 058 1143 0000 0261 0271 1106 0260 1150 067 065 1107 226 0195 09960 09962 1106 09959 1128 0219 0229 1107 0219 1200 0248 0266 1101 0248 1200 0266 0265 0258 0245 0167 0142 0126 0128 //// 10035 ///// ///// ////
000000000000000000000000000000000000000000000000000000000000000000000000000000000000000000000000000000000000000000000000
120 10- 000 002 3600 //////////////////CIEACR 042 0000 6///1 0//// 7//// 1//// 2//// 3//// /// /// /// // 911// 915// 919// 934// 939//=
57194 331700 1141600 00598 00609 4
20100503120000 125 009 141 013 174 023 1135 133 004 195 043 1127 0000 0265 0273 1101 0265 1200 066 063 1101 228 0196 09968 09968 1200 09967 1134 0233 0245 1133 0224 1118 0241 0260 1101 0241 1200 0257 0257 0248 0233 0167 0141 0125 0128 //// 10038 ///// ///// ////
000000000000000000000000000000000000000000000000000000000000000000000000000000000000000000000000000000000000000000000000
150 10- 000 000 5000 /////////////////////CIE 002 0000 6///1 0//// 7//// 1//// 2//// 3//// /// /// /// // 911// 915// 919// 934// 939//=
57197 330000 1142000 00489 00545 4
20100503120000 150 024 147 026 146 026 1159 156 021 189 041 1114 0000 0255 0269 1101 0254 1157 069 067 1115 225 0194 09977 09978 1129 09977 1150 0200 0222 1101 0198 1150 0241 0263 1101 0241 1200 0264 0262 0249 0233 0179 0151 0130 0129 //// 10040 ///// ///// ////
000000000000000000000000000000000000000000000000000000000000000000000000000000000000000000000000000000000000000000000000
180 10- 000 007 3000 //////////////////ACRCIE 042 0000 6///1 0//// 7//// 1//// 2//// 3//// /// /// /// // 911// 915// 919// 934// 939//=
57294 325000 1140100 00836 00846 4
20100503120000 179 029 178 030 185 033 1138 184 031 192 057 1112 0000 0268 0283 1101 0268 1200 063 059 1101 222 0192 09940 09941 1103 09938 1135 0246 0264 1101 0244 1150 0254 0273 1101 0254 1200 0262 0257 0242 0224 0172 0150 0128 0127 //// 10036 ///// ///// ////
000000000000000000000000000000000000000000000000000000000000000000000000000000000000000000000000000000000000000000000000
200 010 000 010 3000 /////////////////////ACP 07/ 0000 6///1 0//// 7//// 1//// 2//// 3//// /// /// /// // 911// 915// 919// 934// 939//=
57292 325800 1143800 00444 00453 4
20100503120000 PPC 000 PPC 000 167 022 1109 PPC 000 170 046 1101 0000 0268 0283 1101 0268 1200 067 061 1101 236 0202 09995 09995 1200 09993 1132 0226 0241 1101 0226 1200 0254 0271 1101 0254 1200 0266 0264 0252 0239 0193 0156 0134 0135 //// 10047 ///// ///// ////
000000000000000000000000000000000000000000000000000000000000000000000000000000000000000000000000000000000000000000000000
180 010 010 010 1800 /////////////////////SCP 5// 0000 6///1 0//// 7//// 1//// 2//// 3//// /// /// /// // 911// 915// 919// 934// 939//=
57281 324200 1131800 01422 01431 4
20100503120000 153 037 151 033 149 041 1145 156 036 156 078 1137 0000 0272 0274 1101 0271 1119 055 055 1148 198 0174 09874 09874 1200 09870 1101 0257 0258 1146 0252 1117 0245 0258 1101 0245 1158 0263 0263 0255 0240 0180 0146 0131 0135 //// 10036 ///// ///// ////
000000000000000000000000000000000000000000000000000000000000000000000000000000000000000000000000000000000000000000000000
180 010 000 010 3000 /////////////////////ACP 07/ 0000 6///1 0//// 7//// 1//// 2//// 3//// /// /// /// // 911// 915// 919// 934// 939//=
57195 333700 1143700 00466 00476 4
20100503120000 146 011 131 012 115 016 1125 198 022 102 028 1115 0000 0276 0286 1101 0276 1200 060 057 1101 222 0191 09985 09986 1138 09984 1104 0239 0252 1101 0238 1147 0261 0280 1101 0261 1200 0279 0283 0273 0256 0182 0149 0129 0141 //// 10040 ///// ///// ////
000000000000000000000000000000000000000000000000000000000000000000000000000000000000000000000000000000000000000000000000=
57193 334700 1143100 00526 00541 4
20100503120000 167 012 173 011 162 016 1102 150 011 150 038 1101 0000 0270 0277 1101 0270 1159 062 061 1103 221 0191 09981 09981 1200 09978 1103 0232 0241 1101 0232 1157 0249 0263 1101 0249 1200 0263 0264 0258 0245 0182 0149 0132 0132 //// 10043 ///// ///// ////
000000000000000000000000000000000000000000000000000000000000000000000000000000000000000000000000000000000000000000000000
120 010 000 010 4200 /////////////////////ACP 07/ 0000 6///1 0//// 7//// 1//// 2//// 3//// /// /// /// // 911// 915// 919// 934// 939//=
58101 335200 1152900 00413 00428 4
20100503120000 139 016 146 016 137 021 1130 150 026 150 042 1123 0000 0264 0266 1116 0264 1200 068 067 1154 234 0200 10001 10002 1155 10000 1101 0231 0236 1141 0229 1126 0245 0258 1101 0245 1200 0268 0260 0245 0227 0170 0144 0126 0131 //// 10050 ///// ///// ////
000000000000000000000000000000000000000000000000000000000000000000000000000000000000000000000000000000000000000000000000
120 010 000 010 3000 /////////////////////ACP 07/ 0000 6///1 0//// 7//// 1//// 2//// 3//// /// /// /// // 911// 915// 919// 934// 939//=
57098 340500 1142400 00583 00593 4
20100503120000 143 022 145 020 148 023 1122 107 024 167 040 1119 0000 0257 0265 1101 0257 1200 069 067 1106 228 0196 09967 09967 1200 09965 1107 0241 0251 1101 0238 1147 0230 0243 1101 0230 1200 0242 0247 0240 0229 0181 0147 0126 0130 //// 10035 ///// ///// ////
000000000000000000000000000000000000000000000000000000000000000000000000000000000000000000000000000000000000000000000000=
57190 334500 1142400 00505 00516 4
20100503120000 160 033 159 030 159 030 1200 163 043 163 043 1200 0000 0253 0261 1101 0252 1140 074 073 1101 239 0203 09980 09980 1200 09976 1106 0240 0251 1101 0238 1131 0241 0261 1101 0241 1200 0264 0264 0252 0234 0192 0152 0129 0132 //// 10039 ///// ///// ////
000000000000000000000000000000000000000000000000000000000000000000000000000000000000000000000000000000000000000000000000
200 10- 000 /// //// /////////////////////CIE /// //// 6///1 0//// 7//// 1//// 2//// 3//// /// /// /// // 911// 915// 919// 934// 939//=
57088 340900 1133000 01161 01177 4
20100503120000 181 020 178 021 177 021 1158 175 018 187 041 1157 0000 0265 0274 1101 0264 1154 073 069 1101 253 0213 09892 09892 1200 09889 1120 0236 0249 1101 0235 1154 0253 0271 1101 0253 1200 0272 0272 0259 0242 0164 0139 0128 0131 //// 10026 ///// ///// ////
000000000000000000000000000000000000000000000000000000000000000000000000000000000000000000000000000000000000000000000000=
57089 340200 1135200 00668 00681 4
20100503120000 203 012 193 014 173 018 1141 218 033 167 048 1150 0000 0274 0277 1101 0274 1200 056 055 1151 204 0179 09953 09953 1200 09949 1135 0253 0258 1143 0248 1102 0250 0262 1101 0250 1200 0259 0261 0254 0241 0174 0144 0129 0132 //// 10031 ///// ///// ////
000000000000000000000000000000000000000000000000000000000000000000000000000000000000000000000000000000000000000000000000
140 010 000 000 //// /////////////////////CSI 007 0000 6///1 0//// 7//// 1//// 2//// 3//// /// /// /// // 911// 915// 919// 934// 939//=
57182 335100 1133000 00805 00814 4
20100503120000 190 021 193 021 179 027 1124 186 029 167 047 1130 0000 0265 0272 1123 0265 1200 069 067 1124 239 0204 09936 09936 1200 09933 1101 0247 0255 1115 0247 1102 0262 0282 1101 0262 1200 0283 0280 0266 0242 0188 0155 0134 0140 //// 10029 ///// ///// ////
000000000000000000000000000000000000000000000000000000000000000000000000000000000000000000000000000000000000000000000000=
57087 341200 1134800 00877 00885 4
20100503120000 180 029 180 029 180 030 1158 197 033 175 050 1148 0000 0276 0276 1200 0267 1125 058 058 1200 214 0186 09927 09927 1200 09925 1101 0256 0256 1200 0226 1125 0252 0263 1101 0251 1145 0264 0265 0254 0238 0167 0141 0125 0128 //// 10028 ///// ///// ////
000000000000000000000000000000000000000000000000000000000000000000000000000000000000000000000000000000000000000000000000
180 009 000 /// //// //////////////////CIECII /// //// 6///1 0//// 7//// 1//// 2//// 3//// /// /// /// // 911// 915// 919// 934// 939//=
57297 320800 1140300 01145 01154 4
20100503120000 148 016 140 023 160 027 1145 147 014 184 048 1139 0000 0280 0286 1101 0280 1200 055 053 1101 208 0181 09914 09914 1116 09912 1129 0239 0252 1101 0239 1200 0263 0281 1101 0263 1200 0281 0282 0276 0261 0199 0167 0143 //// //// 10045 ///// ///// ////
000000000000000000000000000000000000000000000000000000000000000000000000000000000000000000000000000000000000000000000000
150 010 000 010 4200 /////////////////////ACP 07/ 0000 6///1 0//// 7//// 1//// 2//// 3//// /// /// /// // 911// 915// 919// 934// 939//=
58301 314900 1152300 00916 00929 4
20100503120000 215 006 172 007 230 011 1101 226 005 096 017 1138 0000 0259 0282 1101 0259 1200 052 043 1101 174 0153 09951 09951 1200 09948 1144 0200 0224 1101 0200 1200 0246 0266 1101 0246 1200 0275 0278 0272 0258 0215 0173 0141 0134 //// 10057 ///// ///// ////
000000000000000000000000000000000000000000000000000000000000000000000000000000000000000000000000000000000000000000000000=
57298 321300 1143300 00554 00562 4
20100503120000 170 015 164 014 156 015 1153 158 014 172 025 1152 0000 0264 0274 1101 0263 1146 060 057 1102 206 0180 09982 09984 1101 09980 1149 0214 0227 1101 0214 1200 0248 0270 1101 0248 1200 0265 0262 0250 0233 0176 0149 0128 0138 //// 10046 ///// ///// ////
000000000000000000000000000000000000000000000000000000000000000000000000000000000000000000000000000000000000000000000000=
58208 321000 1153700 00429 00439 4
20100503120000 119 019 116 019 115 019 1158 120 020 106 023 1154 0000 0254 0264 1101 0250 1150 065 059 1117 211 0183 10002 10003 1101 10001 1147 0222 0235 1101 0218 1141 0251 0273 1101 0251 1200 0284 0294 0285 0269 0190 0164 0142 0142 //// 10052 ///// ///// ////
000000000000000000000000000000000000000000000000000000000000000000000000000000000000000000000000000000000000000000000000
180 10- 000 000 //// /////////////////////CIE 002 0000 6///1 0//// 7//// 1//// 2//// 3//// /// /// /// // 911// 915// 919// 934// 939//=
53989 350300 1135700 00766 00777 4
20100503120000 134 007 128 006 150 012 1139 133 006 195 034 1139 0000 0263 0273 1101 0263 1200 065 064 1132 222 0192 09939 09939 1200 09934 1101 0222 0242 1107 0222 1200 0237 0257 1101 0237 1200 0258 0261 0252 0238 0176 0144 0124 0126 //// 10028 ///// ///// ////
000000000000000000000000000000000000000000000000000000000000000000000000000000000000000000000000000000000000000000000000
120 10- 000 10- 2800 /////////////////////ACR 03/ //// 6///1 0//// 7//// 1//// 2//// 3//// /// /// /// // 911// 915// 919// 934// 939//=
53997 350900 1141100 00711 00723 4
20100503120000 160 010 142 009 166 019 1105 158 010 178 029 1104 0000 0264 0273 1101 0264 1200 061 057 1101 210 0183 09948 09948 1200 09942 1101 0217 0237 1101 0217 1200 0239 0257 1101 0239 1200 0260 0260 0245 0233 0165 0141 0122 0125 //// 10031 ///// ///// ////
000000000000000000000000000000000000000000000000000000000000000000000000000000000000000000000000000000000000000000000000=
53986 351900 1135300 00732 00740 4
20100503120000 121 009 132 011 108 014 1138 128 011 142 031 1141 0000 0273 0281 1101 0272 1154 071 071 1200 258 0216 09947 09947 1200 09942 1101 0246 0262 1101 0245 1149 0242 0260 1101 0242 1159 0250 0246 0237 0226 0180 0148 0126 0130 //// 10032 ///// ///// ////
000000000000000000000000000000000000000000000000000000000000000000000000000000000000000000000000000000000000000000000000
120 10- 000 000 //// //////////////////CIECII 002 0000 6///1 0//// 7//// 1//// 2//// 3//// /// /// /// // 911// 915// 919// 934// 939//=
53988 351600 1134000 00776 00784 4
20100503120000 053 011 054 011 063 013 1131 060 011 065 016 1130 0000 0260 0273 1101 0260 1200 074 070 1101 249 0210 09934 09934 1200 09930 1102 0223 0239 1101 0223 1158 0244 0264 1101 0244 1159 0259 0256 0242 0228 0159 0137 0123 0128 //// 10024 ///// ///// ////
000000000000000000000000000000000000000000000000000000000000000000000000000000000000000000000000000000000000000000000000
090 010 000 010 3500 /////////////////////ACP 07/ 1000 6///1 0//// 7//// 1//// 2//// 3//// /// /// /// // 911// 915// 919// 934// 939//=
53998 351200 1143900 00616 00625 4
20100503120000 165 035 156 033 158 033 1101 122 029 142 056 1118 0000 0275 0281 1101 0275 1151 059 058 1133 217 0188 09962 09962 1157 09958 1113 0245 0254 1101 0244 1149 0255 0269 1101 0255 1159 0264 0261 0247 0229 0191 0151 0125 0130 //// 10034 ///// ///// ////
000000000000000000000000000000000000000000000000000000000000000000000000000000000000000000000000000000000000000000000000
150 010 000 010 3200 /////////////////////ASP 02/ 0000 6///1 0//// 7//// 1//// 2//// 3//// /// /// /// // 911// 915// 919// 934// 939//=
57051 344800 1111200 04099 04117 4
20100503120000 100 020 099 023 101 027 1128 139 005 094 046 1119 0000 0261 0266 1101 0261 1200 063 061 1101 213 0185 09549 09550 1147 09546 1101 0238 0248 1101 0238 1147 0244 0258 1101 0244 1200 0246 0243 0235 0223 0183 0139 0120 0121 //// 10011 ///// ///// ////
000000000000000000000000000000000000000000000000000000000000000000000000000000000000000000000000000000000000000000000000
100 010 000 010 4000 /////////////////////ACP 07/ 0000 6///1 0//// 7//// 1//// 2//// 3//// /// /// /// // 911// 915// 919// 934// 939//=
57063 344600 1114600 05236 05236 4
20100503120000 082 037 090 032 089 037 1102 071 028 071 053 1158 0000 0238 0246 1101 0238 1200 070 068 1101 206 0180 09437 09437 1200 09430 1101 0210 0226 1101 0209 1141 0226 0243 1101 0226 1200 0230 0226 0212 0197 0130 0115 0104 0111 //// 10025 ///// ///// ////
000000000000000000000000000000000000000000000000000000000000000000000000000000000000000000000000000000000000000000000000
070 010 000 010 3600 /////////////////////ACP 07/ 1000 6///1 0//// 7//// 1//// 2//// 3//// /// /// /// // 911// 915// 919// 934// 939//=
57067 340300 1110200 05688 05699 4
20100503120000 229 030 227 030 227 030 1200 234 031 226 048 1158 0000 0234 0245 1101 0234 1200 057 050 1101 164 0144 09392 09392 1200 09383 1102 0225 0228 1101 0221 1152 0240 0255 1101 0240 1200 0251 0248 0220 0237 0181 0156 0125 0125 //// 10032 ///// ///// ////
000000000000000000000000000000000000000000000000000000000000000000000000000000000000000000000000000000000000000000000000
150 10- 000 10- 3800 /////////////////////ACR 03/ 0000 6///1 0//// 7//// 1//// 2//// 3//// /// /// /// // 911// 915// 919// 934// 939//=
57056 343200 1105300 03904 03909 4
20100503120000 184 040 185 034 192 035 1151 167 040 192 073 1143 0000 0288 0297 1101 0288 1158 035 030 1101 139 0118 09569 09569 1140 09565 1117 0253 0259 1105 0249 1156 0263 0281 1101 0263 1158 0269 0268 0252 0236 0159 0134 0119 0121 //// 10003 ///// ///// ////
000000000000000000000000000000000000000000000000000000000000000000000000000000000000000000000000000000000000000000000000
150 10- 000 10- 3400 /////////////////////ACR 03/ 0000 6///1 0//// 7//// 1//// 2//// 3//// /// /// /// // 911// 915// 919// 934// 939//=
58007 340400 1151800 00472 00532 4
20100503120000 155 016 146 017 142 018 1154 156 020 133 038 1145 0000 0264 0271 1101 0263 1146 065 060 1102 224 0193 09986 09986 1200 09985 1101 0224 0229 1102 0217 1124 0247 0260 1101 0247 1200 0263 0260 0247 0230 0167 0142 0127 0132 //// 10047 ///// ///// ////
000000000000000000000000000000000000000000000000000000000000000000000000000000000000000000000000000000000000000000000000
120 010 000 010 3000 /////////////////////ACP 07/ 0000 6///1 0//// 7//// 1//// 2//// 3//// /// /// /// // 911// 915// 919// 934// 939//=
58006 342300 1155300 00463 00506 4
20100503120000 145 018 146 018 146 019 1158 175 013 142 033 1151 0000 0261 0265 1101 0261 1200 066 063 1102 223 0193 10000 10000 1200 09995 1101 0227 0229 1101 0221 1125 0242 0257 1101 0242 1200 0262 0267 0257 0240 0177 0145 0124 0128 //// 10058 ///// ///// ////
000000000000000000000000000000000000000000000000000000000000000000000000000000000000000000000000000000000000000000000000
160 010 000 010 3600 /////////////////////ACP 07/ 0000 6///1 0//// 7//// 1//// 2//// 3//// /// /// /// // 911// 915// 919// 934// 939//=
58111 335800 1162700 00325 00325 4
20100503120000 124 017 134 021 136 022 1158 147 015 158 056 1153 0000 0267 0275 1101 0267 1153 059 058 1101 207 0180 10024 10024 1200 10022 1125 0209 0214 1101 0209 1156 0240 0252 1101 0240 1200 0253 0257 0248 0233 0174 0145 0130 0138 //// 10061 ///// ///// ////
000000000000000000000000000000000000000000000000000000000000000000000000000000000000000000000000000000000000000000000000
150 010 000 000 6000 /////////////////////CSI 007 0000 6///1 0//// 7//// 1//// 2//// 3//// /// /// /// // 911// 915// 919// 934// 939//=
58017 341500 1160800 00410 00420 4
20100503120000 128 019 131 017 128 026 1101 119 025 153 056 1121 0000 0274 0283 1101 0274 1156 058 058 1200 212 0184 10008 10008 1200 10003 1109 0212 0223 1105 0212 1200 0240 0253 1101 0240 1200 0252 0251 0241 0227 0164 0145 0127 0129 //// 10056 ///// ///// ////
000000000000000000000000000000000000000000000000000000000000000000000000000000000000000000000000000000000000000000000000
100 010 000 010 3000 /////////////////////ACP 07/ 0000 6///1 0//// 7//// 1//// 2//// 3//// /// /// /// // 911// 915// 919// 934// 939//=
58001 342600 1150600 00563 00569 4
20100503120000 144 025 145 025 146 027 1146 108 016 150 043 1141 0000 0264 0267 1113 0264 1158 061 061 1200 210 0183 09975 09977 1106 09975 1131 0244 0246 1158 0233 1127 0233 0246 1101 0233 1200 0249 0250 0241 0225 0165 0135 0119 0126 //// 10040 ///// ///// ////
000000000000000000000000000000000000000000000000000000000000000000000000000000000000000000000000000000000000000000000000
140 010 000 010 2800 /////////////////////ACP 07/ 0000 6///1 0//// 7//// 1//// 2//// 3//// /// /// /// // 911// 915// 919// 934// 939//=
58005 342700 1154000 00501 00511 4
20100503120000 146 025 144 022 145 024 1155 138 026 149 037 1145 0000 0268 0276 1101 0268 1200 063 059 1101 222 0192 09991 09993 1143 09988 1101 0224 0230 1101 0217 1139 0242 0253 1101 0242 1200 0261 0262 0248 0231 0171 0138 0127 0133 0001 10050 ///// ///// ////
000000000000000000000000000000000000000000000000000000000000000000000000000000000000000000000000000000000000000000000000
160 010 000 008 2800 //////////////////ACRCSI 037 0000 6///1 0//// 7//// 1//// 2//// 3//// /// /// /// // 911// 915// 919// 934// 939//=
58008 342800 1152000 00544 00592 4
20100503120000 124 020 123 018 123 018 1200 156 018 136 045 1158 0000 0263 0271 1101 0262 1129 062 058 1101 212 0184 09977 09977 1200 09975 1101 0230 0238 1101 0221 1118 0240 0251 1101 0239 1155 0253 0254 0247 0231 0162 0140 0123 0129 //// 10045 ///// ///// ////
000000000000000000000000000000000000000000000000000000000000000000000000000000000000000000000000000000000000000000000000
170 010 000 010 3000 /////////////////////ACP 07/ 0000 6///1 0//// 7//// 1//// 2//// 3//// /// /// /// // 911// 915// 919// 934// 939//=
58004 343900 1150900 00606 00616 4
20100503120000 131 015 133 015 150 018 1138 130 008 167 045 1141 0000 0264 0270 1101 0264 1200 061 060 1141 210 0183 09969 09969 1158 09968 1136 0244 0253 1122 0237 1149 0247 0261 1101 0247 1200 0268 0275 0261 0247 0177 0144 0127 0129 //// 10040 ///// ///// ////
000000000000000000000000000000000000000000000000000000000000000000000000000000000000000000000000000000000000000000000000
120 010 000 010 2700 /////////////////////ACP 07/ 0000 6///1 0//// 7//// 1//// 2//// 3//// /// /// /// // 911// 915// 919// 934// 939//=
54817 355900 1155200 00421 00434 4
20100503120000 169 023 165 023 165 023 1200 173 021 153 047 1135 0000 0270 0276 1101 0270 1121 057 057 1159 203 0178 09992 09992 1200 09990 1101 0215 0221 1101 0213 1124 0245 0259 1101 0245 1159 0261 0258 0246 0224 0157 0125 0112 0112 //// 10042 ///// ///// ////
000000000000000000000000000000000000000000000000000000000000000000000000000000000000000000000000000000000000000000000000
140 009 000 000 5300 /////////////////////CIE 002 0000 6///1 0//// 7//// 1//// 2//// 3//// /// /// /// // 911// 915// 919// 934// 939//=
54902 355400 1150700 00495 00499 4
20100503120000 159 018 161 020 163 024 1105 150 016 150 039 1114 0000 0259 0271 1101 0259 1200 071 069 1101 237 0202 09977 09977 1200 09973 1101 0243 0255 1101 0243 1200 0244 0261 1101 0244 1200 0260 0256 0242 0223 0163 0125 0111 0115 //// 10034 ///// ///// ////
000000000000000000000000000000000000000000000000000000000000000000000000000000000000000000000000000000000000000000000000
130 010 000 010 3000 /////////////////////ASP 02/ 0000 6///1 0//// 7//// 1//// 2//// 3//// /// /// /// // 911// 915// 919// 934// 939//=
54900 354200 1150100 00537 00541 4
20100503120000 126 010 133 011 157 023 1112 119 015 170 038 1104 0000 0264 0272 1101 0264 1200 069 068 1147 237 0203 09973 09973 1200 09969 1101 0223 0240 1101 0223 1200 0246 0264 1101 0246 1200 0266 0262 0247 0227 0185 0138 0115 0115 //// 10035 ///// ///// ////
000000000000000000000000000000000000000000000000000000000000000000000000000000000000000000000000000000000000000000000000
150 010 010 010 1800 /////////////////////SCP 5// 0000 6///1 0//// 7//// 1//// 2//// 3//// /// /// /// // 911// 915// 919// 934// 939//=
54901 360500 1151000 00475 00478 4
20100503120000 151 026 152 026 159 032 1133 150 030 150 046 1137 0000 0254 0262 1101 0254 1200 071 069 1132 230 0198 09981 09981 1159 09977 1101 0229 0239 1101 0229 1200 0242 0258 1101 0242 1200 0253 0250 0238 0221 0180 0144 0116 0115 //// 10036 ///// ///// ////
000000000000000000000000000000000000000000000000000000000000000000000000000000000000000000000000000000000000000000000000
150 010 000 010 2600 /////////////////////ACP 07/ 0000 6///1 0//// 7//// 1//// 2//// 3//// /// /// /// // 911// 915// 919// 934// 939//=
54903 355100 1152900 00457 00506 4
20100503120000 165 012 171 016 179 029 1106 164 010 181 053 1103 0000 0269 0281 1101 0269 1200 058 056 1108 206 0179 09980 09981 1157 09977 1102 0255 0269 1108 0254 1157 0246 0263 1101 0246 1200 0255 0254 0241 0224 0175 0137 0118 0116 //// 10038 ///// ///// ////
000000000000000000000000000000000000000000000000000000000000000000000000000000000000000000000000000000000000000000000000
140 010 000 010 2800 /////////////////////ASP 02/ 0000 6///1 0//// 7//// 1//// 2//// 3//// /// /// /// // 911// 915// 919// 934// 939//=
57184 333800 1132200 00834 00847 4
20100503120000 165 021 160 021 155 027 1118 179 016 141 049 1115 0000 0276 0280 1101 0275 1132 055 055 1200 203 0178 09931 09931 1200 09927 1102 0240 0252 1102 0240 1200 0254 0272 1101 0254 1200 0149 0280 0269 0252 0153 0136 0127 0133 //// 10028 ///// ///// ////
000000000000000000000000000000000000000000000000000000000000000000000000000000000000000000000000000000000000000000000000
160 009 000 /// //// /////////////////////ACR /// //// 6///1 0//// 7//// 1//// 2//// 3//// /// /// /// // 911// 915// 919// 934// 939//=
57177 332000 1133200 00898 00913 4
20100503120000 177 018 173 019 161 024 1113 189 024 139 037 1128 0000 0275 0284 1101 0273 1148 052 049 1101 191 0168 09925 09925 1200 09922 1102 0239 0263 1101 0238 1151 0249 0270 1101 0249 1200 0243 0270 0249 0246 0181 0151 0132 0125 //// 10029 ///// ///// ////
000000000000000000000000000000000000000000000000000000000000000000000000000000000000000000000000000000000000000000000000=
57075 341000 1125200 02031 02043 4
20100503120000 056 013 064 013 125 026 1109 057 011 138 035 1107 0000 0246 0257 1101 0246 1200 071 068 1107 220 0190 09799 09799 1200 09795 1115 0222 0248 1101 0219 1153 0227 0252 1101 0227 1200 0251 0257 0251 0239 0213 0171 0134 0126 //// 10031 ///// ///// ////
000000000000000000000000000000000000000000000000000000000000000000000000000000000000000000000000000000000000000000000000=
57173 334500 1125300 01457 01468 4
20100503120000 200 021 197 018 188 019 1107 231 014 176 034 1152 0000 0266 0275 1104 0262 1150 060 055 1103 209 0182 09860 09860 1200 09857 1101 0226 0240 1101 0220 1151 0252 0270 1101 0250 1151 0273 0274 0264 0246 0182 0151 0131 0135 //// 10026 ///// ///// ////
000000000000000000000000000000000000000000000000000000000000000000000000000000000000000000000000000000000000000000000000=
57180 335900 1131200 01175 01186 4
20100503120000       1600     1600    1600  1600   1600 000 -800 ///// ///// //// 0//// ////   1600  1600   1600  1600          /////   1600
000000000000000000000000000000000000000000000000000000000000000000000000000000000000000000000000000000000000000000000000=
57181 335300 1130300 01364 01380 4
20100503120000 179 013 171 019 168 023 1150 187 010 173 032 1142 0000 0244 0264 1101 0244 1200 073 064 1101 223 0192 09877 09877 1200 09873 1101 0208 0227 1101 0207 1157 0244 0269 1101 0244 1200 0269 0264 0260 0247 0186 0152 0130 0133 //// 10035 ///// ///// ////
000000000000000000000000000000000000000000000000000000000000000000000000000000000000000000000000000000000000000000000000
150 10- 000 006 3800 //////////////////ACRCIE 032 0000 6///1 0//// 7//// 1//// 2//// 3//// /// /// /// // 911// 915// 919// 934// 939//=
57175 330300 1121400 01914 01922 4
20100503120000 058 011 050 013 093 016 1110 046 013 091 027 1112 0000 0235 0258 1101 0234 1156 084 073 1104 243 0206 09819 09819 1200 09812 1111 0208 0229 1101 0208 1200 0248 0268 1101 0248 1200 0270 0269 0256 0240 0173 0150 0134 0139 //// 10039 ///// ///// ////
000000000000000000000000000000000000000000000000000000000000000000000000000000000000000000000000000000000000000000000000
110 010 000 010 3000 /////////////////////ACP 07/ 0000 6///1 0//// 7//// 1//// 2//// 3//// /// /// /// // 911// 915// 919// 934// 939//=
57156 331800 1113000 02503 02523 4
20100503120000 079 033 079 034 079 034 1200 063 034 071 053 1153 0000 0257 0262 1101 0257 1158 064 063 1101 211 0184 09746 09748 1141 09743 1104 0224 0233 1101 0224 1200 0249 0260 1101 0249 1200 0256 0252 0244 0232 0193 0164 0139 0143 //// 10033 ///// ///// ////
000000000000000000000000000000000000000000000000000000000000000000000000000000000000000000000000000000000000000000000000
130 010 003 003 1500 //////////////////ACPSCU 47/ 0000 6///1 0//// 7//// 1//// 2//// 3//// /// /// /// // 911// 915// 919// 934// 939//=
57271 323300 1122300 00879 00897 4
20100503120000 186 025 177 023 177 025 1147 198 037 164 047 1144 0000 0261 0262 1119 0260 1133 067 067 1158 226 0195 09931 09931 1200 09925 1101 0244 0246 1118 0240 1140 0250 0261 1101 0250 1200 0263 0263 0254 0242 0178 0148 0136 0139 //// 10034 ///// ///// ////
000000000000000000000000000000000000000000000000000000000000000000000000000000000000000000000000000000000000000000000000
150 010 000 010 3300 /////////////////////ACP 07/ 0000 6///1 0//// 7//// 1//// 2//// 3//// /// /// /// // 911// 915// 919// 934// 939//=
57261 330700 1113100 02330 02345 4
20100503120000 236 039 244 043 249 046 1158 251 030 262 074 1143 0000 0262 0266 1101 0262 1200 066 064 1128 224 0193 09754 09756 1125 09750 1101 0247 0255 1101 0247 1200 0253 0262 1101 0253 1159 0262 0264 0258 0246 0207 0173 0149 //// //// 10020 ///// ///// ////
000000000000000000000000000000000000000000000000000000000000000000000000000000000000000000000000000000000000000000000000=
57285 322300 1132500 01530 01492 4
20100503120000 144 022 139 020 125 037 1110 133 028 139 091 1107 0000 0275 0280 1101 0275 1200 054 053 1125 198 0174 09870 09871 1151 09869 1101 0214 0235 1110 0214 1200 0254 0268 1101 0254 1200 0275 0278 0271 0258 0173 0146 0131 0135 //// 10039 ///// ///// ////
000000000000000000000000000000000000000000000000000000000000000000000000000000000000000000000000000000000000000000000000
150 010 000 010 3000 /////////////////////ACP 07/ 0000 6///1 0//// 7//// 1//// 2//// 3//// /// /// /// // 911// 915// 919// 934// 939//=
57273 324100 1125100 01095 01105 4
20100503120000 180 031 177 031 180 035 1139 181 036 156 067 1133 0000 0272 0276 1121 0272 1200 054 052 1127 195 0171 09907 09908 1129 09903 1101 0255 0264 1101 0255 1200 0258 0270 1101 0258 1200 0273 0274 0262 0246 0183 0156 0136 0138 //// 10033 ///// ///// ////
000000000000000000000000000000000000000000000000000000000000000000000000000000000000000000000000000000000000000000000000
150 10- 000 10- 3000 /////////////////////ACP 07/ 0000 6///1 0//// 7//// 1//// 2//// 3//// /// /// /// // 911// 915// 919// 934// 939//=
57187 330400 1125600 01180 01193 4
20100503120000 151 025 154 023 159 031 1108 139 023 187 050 1105 0000 0264 0273 1101 0264 1200 064 061 1106 220 0190 09887 09887 1200 09884 1101 0244 0259 1107 0243 1149 0250 0269 1101 0250 1200 0272 0261 0258 0243 0194 0161 0140 0137 //// 10023 ///// ///// ////
000000000000000000000000000000000000000000000000000000000000000000000000000000000000000000000000000000000000000000000000
150 010 000 010 3200 /////////////////////ACP 07/ //// 6///1 0//// 7//// 1//// 2//// 3//// /// /// /// // 911// 915// 919// 934// 939//=
57178 330200 1123500 01292 01305 4
20100503120000 157 013 145 012 170 023 1102 158 013 161 033 1134 0000 0261 0277 1101 0261 1200 066 058 1101 223 0193 09884 09884 1200 09877 1118 0219 0254 1103 0218 1159 0246 0266 1101 0246 1159 0264 0264 0253 0240 0179 0150 0134 0135 0001 10033 ///// ///// ////
000000000000000000000000000000000000000000000000000000000000000000000000000000000000000000000000000000000000000000000000
200 010 000 010 3500 /////////////////////ACP 07/ 0000 6///1 0//// 7//// 1//// 2//// 3//// /// /// /// // 911// 915// 919// 934// 939//=
57169 330300 1115200 01591 01600 4
20100503120000 078 018 081 018 097 029 1134 066 018 102 048 1136 0000 0250 0258 1101 0250 1200 076 074 1142 241 0205 09852 09852 1200 09845 1126 0227 0235 1101 0227 1200 0239 0254 1101 0239 1200 0255 0255 0248 0234 0196 0157 0135 0135 //// 10035 ///// ///// ////
000000000000000000000000000000000000000000000000000000000000000000000000000000000000000000000000000000000000000000000000
100 010 010 010 1000 /////////////////////SCP 5// 0000 6///1 0//// 7//// 1//// 2//// 3//// /// /// /// // 911// 915// 919// 934// 939//=
57176 332900 1122500 02311 02304 4
20100503120000 285 008 310 010 219 020 1101 279 012 212 023 1130 0000 0258 0272 1101 0258 1200 063 057 1101 209 0182 09780 09780 1200 09774 1129 0224 0257 1101 0224 1159 0251 0272 1101 0251 1200 0273 0274 0267 0254 0198 0167 0141 0137 //// 10042 ///// ///// ////
000000000000000000000000000000000000000000000000000000000000000000000000000000000000000000000000000000000000000000000000=
57179 331700 1130000 01604 01616 4
20100503120000 173 022 177 022 166 029 1120 167 033 173 049 1111 0000 0267 0278 1101 0267 1200 063 060 1101 221 0191 09850 09850 1158 09845 1101 0231 0251 1101 0231 1149 0253 0270 1101 0253 1200 0269 0267 0255 0242 0185 0151 0131 0134 //// 10034 ///// ///// ////
000000000000000000000000000000000000000000000000000000000000000000000000000000000000000000000000000000000000000000000000
200 10- 000 000 5500 //////////////////CIECII 002 0000 6///1 0//// 7//// 1//// 2//// 3//// /// /// /// // 911// 915// 919// 934// 939//=
57274 324200 1120700 01076 01088 4
20100503120000 135 034 143 037 158 039 1148 139 057 156 066 1157 0000 0260 0265 1104 0260 1200 063 062 1147 212 0184 09901 09904 1151 09901 1101 0248 0252 1102 0248 1159 0250 0260 1101 0250 1200 0264 0264 0259 0248 0213 0186 0151 0145 //// 10026 ///// ///// ////
000000000000000000000000000000000000000000000000000000000000000000000000000000000000000000000000000000000000000000000000
130 010 006 006 2000 //////////////////SCRACP 57/ 0000 6///1 0//// 7//// 1//// 2//// 3//// /// /// /// // 911// 915// 919// 934// 939//=
57065 343000 1121100 01949 01964 4
20100503120000 144 043 147 038 147 038 1200 161 036 133 077 1126 0000 0282 0284 1101 0281 1146 043 043 1200 164 0144 09794 09794 1200 09785 1101 0217 0223 1101 0217 1159 0255 0269 1101 0254 1157 0268 0269 0261 0247 0180 0150 0135 0139 //// 10016 ///// ///// ////
000000000000000000000000000000000000000000000000000000000000000000000000000000000000000000000000000000000000000000000000=
57074 342500 1122500 01973 01989 4
20100503120000 164 019 149 012 148 016 1138 142 010 187 063 1111 0000 0270 0277 1101 0270 1158 059 056 1104 210 0183 09795 09795 1200 09786 1101 0245 0256 1101 0245 1149 0257 0273 1101 0257 1200 0270 0269 0258 0241 0176 0148 0129 0130 //// 10020 ///// ///// ////
000000000000000000000000000000000000000000000000000000000000000000000000000000000000000000000000000000000000000000000000
120 10- 000 000 6000 /////////////////////CIE 002 0000 6///1 0//// 7//// 1//// 2//// 3//// /// /// /// // 911// 915// 919// 934// 939//=
57076 344400 1124700 01895 01901 4
20100503120000 151 022 151 025 158 035 1109 124 022 161 057 1151 0000 0279 0285 1101 0279 1200 050 048 1101 188 0165 09801 09801 1200 09794 1101 0255 0266 1105 0255 1200 0244 0266 1101 0244 1200 0253 0252 0237 0221 0169 0140 0122 0125 //// 10016 ///// ///// ////
000000000000000000000000000000000000000000000000000000000000000000000000000000000000000000000000000000000000000000000000=
57070 344400 1120700 03640 03595 4
20100503120000 071 018 071 017 073 031 1101 066 013 080 051 1101 0000 0254 0261 1102 0254 1200 063 063 1149 204 0178 09614 09615 1155 09606 1101 0235 0253 1102 0235 1158 0235 0258 1101 0235 1200 0247 0241 0229 0214 0183 0146 0123 0125 //// 10019 ///// ///// ////
000000000000000000000000000000000000000000000000000000000000000000000000000000000000000000000000000000000000000000000000
180 10- 000 004 3000 //////////////////CIEACR 042 0000 6///1 0//// 7//// 1//// 2//// 3//// /// /// /// // 911// 915// 919// 934// 939//=
57162 340900 1120500 03258 03275 4
20100503120000 226 009 239 012 232 026 1137 218 005 212 044 1136 0000 0271 0280 1136 0271 1200 048 042 1124 172 0152 09651 09651 1200 09641 1101 0224 0244 1141 0218 1110 0253 0265 1101 0253 1200 0269 0267 0257 0241 0170 0147 0129 0134 //// 10020 ///// ///// ////
000000000000000000000000000000000000000000000000000000000000000000000000000000000000000000000000000000000000000000000000=
57078 340900 1122800 03365 03340 4
20100503120000 142 027 135 028 129 033 1111 125 028 144 077 1146 0000 0271 0275 1101 0271 1146 050 048 1101 179 0158 09647 09647 1200 09641 1144 0225 0242 1103 0225 1159 0244 0261 1101 0244 1200 0258 0261 0252 0235 0159 0137 0125 0124 //// 10024 ///// ///// ////
000000000000000000000000000000000000000000000000000000000000000000000000000000000000000000000000000000000000000000000000=
57071 344900 1122600 03333 03332 4
20100503120000 356 011 012 009 017 023 1109 322 009 071 044 1101 0000 0255 0257 1104 0254 1148 062 062 1150 202 0177 09648 09648 1200 09641 1101 0200 0240 1104 0200 1200 0232 0258 1101 0232 1200 0253 0250 0240 0225 0194 0149 0122 0123 //// 10023 ///// ///// ////
000000000000000000000000000000000000000000000000000000000000000000000000000000000000000000000000000000000000000000000000
080 10- 000 10- 3300 /////////////////////ACR 04/ 1000 6///1 0//// 7//// 1//// 2//// 3//// /// /// /// // 911// 915// 919// 934// 939//=
57066 342300 1114000 03283 03298 4
20100503120000 PPC 000 PPC 002 249 006 1132 PPC 000 263 014 1110 0000 0252 0259 1101 0252 1200 070 066 1101 224 0193 09641 09641 1200 09633 1101 0211 0222 1101 0211 1200 0236 0250 1101 0236 1200 0232 0221 0207 0194 0162 0141 0122 0121 //// 10016 ///// ///// ////
000000000000000000000000000000000000000000000000000000000000000000000000000000000000000000000000000000000000000000000000
110 010 000 010 3200 /////////////////////ASP 02/ 0000 6///1 0//// 7//// 1//// 2//// 3//// /// /// /// // 911// 915// 919// 934// 939//=
57077 334700 1113900 07424 07388 4
20100503120000 236 019 158 035 128 053 1104 285 011 128 077 1145 0000 0240 0244 1115 0238 1156 052 049 1114 155 0135 09217 09217 1131 09214 1101 0224 0231 1103 0219 1135 0232 0243 1101 0232 1200 0238 0238 0228 0215 0168 0134 0114 0117 //// 10037 ///// ///// ////
000000000000000000000000000000000000000000000000000000000000000000000000000000000000000000000000000000000000000000000000
220 010 007 007 1300 //////////////////SCRASP 52/ 0000 6///1 0//// 7//// 1//// 2//// 3//// /// /// /// // 911// 915// 919// 934// 939//=
57183 334800 1135500 00600 00615 4
20100503120000 187 035 185 034 174 042 1103 187 033 167 063 1117 0000 0255 0266 1105 0255 1159 067 065 1123 219 0189 09960 09960 1200 09958 1101 0236 0248 1101 0236 1159 0239 0254 1101 0239 1200 0261 0260 0251 0236 0194 0155 0129 0126 //// 10031 ///// ///// ////
000000000000000000000000000000000000000000000000000000000000000000000000000000000000000000000000000000000000000000000000
200 010 000 010 3200 /////////////////////ASP 02/ 0000 6///1 0//// 7//// 1//// 2//// 3//// /// /// /// // 911// 915// 919// 934// 939//=
57186 333600 1140300 00587 00598 4
20100503120000 155 032 160 034 169 043 1144 139 030 153 071 1134 0000 0277 0285 1101 0277 1200 058 053 1101 215 0187 09964 09965 1150 09962 1113 0240 0248 1101 0239 1142 0250 0266 1101 0250 1200 0270 0269 0256 0241 0194 0158 0135 0137 //// 10032 ///// ///// ////
000000000000000000000000000000000000000000000000000000000000000000000000000000000000000000000000000000000000000000000000=
57094 342400 1141300 00674 00685 4
20100503120000 166 022 175 025 172 028 1123 192 017 178 054 1155 0000 0264 0270 1101 0264 1200 067 067 1200 231 0198 09949 09949 1200 09946 1101 0237 0249 1101 0237 1159 0246 0266 1101 0246 1200 0267 0268 0261 0246 0191 0160 0131 0130 //// 10027 ///// ///// ////
000000000000000000000000000000000000000000000000000000000000000000000000000000000000000000000000000000000000000000000000
130 10- 000 000 //// //////////////////CIECII 002 0000 6///1 0//// 7//// 1//// 2//// 3//// /// /// /// // 911// 915// 919// 934// 939//=
57191 342900 1142900 00634 00642 4
20100503120000 148 022 154 024 155 028 1128 130 018 173 053 1127 0000 0268 0275 1101 0268 1200 062 061 1101 218 0189 09961 09961 1200 09957 1104 0243 0252 1101 0242 1159 0248 0263 1101 0248 1200 0264 0264 0257 0243 0181 0147 0126 0127 //// 10034 ///// ///// ////
000000000000000000000000000000000000000000000000000000000000000000000000000000000000000000000000000000000000000000000000
130 10- 000 000 //// /////////////////////CIE 002 //// 6///1 0//// 7//// 1//// 2//// 3//// /// /// /// // 911// 915// 919// 934// 939//=
57096 343200 1144700 00597 00607 4
20100503120000 163 033 162 032 161 037 1119 155 032 154 054 1156 0000 0263 0269 1101 0263 1200 061 061 1200 209 0182 09964 09964 1200 09961 1118 0239 0249 1102 0239 1152 0244 0260 1101 0244 1200 0266 0266 0249 0229 0172 0143 0126 0130 //// 10034 ///// ///// ////
000000000000000000000000000000000000000000000000000000000000000000000000000000000000000000000000000000000000000000000000
200 10- 000 000 //// /////////////////////CIE 002 0000 6///1 0//// 7//// 1//// 2//// 3//// /// /// /// // 911// 915// 919// 934// 939//=
57091 344700 1141800 00737 00748 4
20100503120000 182 032 183 032 173 036 1115 166 027 192 060 1151 0000 0277 0284 1101 0277 1200 055 053 1101 204 0178 09944 09944 1200 09937 1105 0245 0255 1101 0245 1200 0249 0264 1101 0249 1200 0263 0259 0247 0220 0178 0149 0125 0120 //// 10029 ///// ///// ////
000000000000000000000000000000000000000000000000000000000000000000000000000000000000000000000000000000000000000000000000
160 10- 000 10- 3600 /////////////////////ACR 03/ 0000 6///1 0//// 7//// 1//// 2//// 3//// /// /// /// // 911// 915// 919// 934// 939//=
53978 350500 1123800 01401 01409 4
20100503120000 108 018 104 021 091 030 1127 088 014 080 048 1101 0000 0260 0269 1103 0260 1200 064 061 1102 215 0187 09860 09860 1200 09854 1101 0239 0254 1104 0239 1200 0233 0255 1101 0233 1200 0245 0244 0233 0222 0155 0134 0125 0130 //// 10021 ///// ///// ////
000000000000000000000000000000000000000000000000000000000000000000000000000000000000000000000000000000000000000000000000
050 007 000 000 6000 /////////////////////CII 001 1000 6///1 0//// 7//// 1//// 2//// 3//// /// /// /// // 911// 915// 919// 934// 939//=
53987 350600 1132500 00910 00918 4
20100503120000 087 011 072 008 051 019 1101 063 015 049 027 1146 0000 0258 0271 1101 0258 1200 078 072 1101 259 0217 09920 09921 1152 09916 1101 0227 0253 1101 0226 1158 0247 0264 1101 0247 1200 0260 0260 0251 0238 0185 0154 0135 0132 //// 10025 ///// ///// ////
000000000000000000000000000000000000000000000000000000000000000000000000000000000000000000000000000000000000000000000000
080 10- 000 000 6800 /////////////////////CIE 002 1000 6///1 0//// 7//// 1//// 2//// 3//// /// /// /// // 911// 915// 919// 934// 939//=
57079 345700 1130200 01064 01069 4
20100503120000 320 013 340 012 329 021 1141 316 014 285 031 1137 0000 0258 0274 1101 0258 1200 070 062 1103 232 0199 09895 09895 1200 09889 1101 0229 0249 1101 0229 1200 0238 0257 1101 0238 1200 0248 0244 0234 0220 0188 0154 0129 0126 //// 10017 ///// ///// ////
000000000000000000000000000000000000000000000000000000000000000000000000000000000000000000000000000000000000000000000000=
57072 345500 1124500 01275 01285 4
20100503120000 311 014 318 015 015 016 1136 293 015 029 026 1132 0000 0243 0259 1101 0243 1200 079 073 1101 240 0204 09873 09873 1200 09867 1103 0208 0237 1101 0206 1155 0224 0254 1101 0224 1200 0246 0244 0231 0216 0157 0135 0118 0119 //// 10020 ///// ///// ////
000000000000000000000000000000000000000000000000000000000000000000000000000000000000000000000000000000000000000000000000=
53982 351400 1131600 01120 01135 4
20100503120000 043 023 043 018 050 022 1134 051 028 062 034 1134 0000 0275 0280 1101 0275 1200 059 056 1104 217 0188 09893 09893 1200 09889 1101 0243 0250 1101 0243 1153 0256 0269 1101 0255 1142 0261 0258 0246 0233 0185 0152 0132 0136 //// 10022 ///// ///// ////
000000000000000000000000000000000000000000000000000000000000000000000000000000000000000000000000000000000000000000000000
120 002 000 002 3600 /////////////////////ACR 030 0000 6///1 0//// 7//// 1//// 2//// 3//// /// /// /// // 911// 915// 919// 934// 939//=
53979 350900 1130500 01200 01211 4
20100503120000 052 025 058 023 058 023 1200 070 024 070 033 1159 0000 0266 0272 1101 0266 1200 062 061 1101 216 0187 09884 09884 1200 09880 1108 0244 0249 1106 0239 1123 0248 0263 1101 0248 1159 0262 0259 0250 0235 0164 0145 0129 0133 //// 10022 ///// ///// ////
000000000000000000000000000000000000000000000000000000000000000000000000000000000000000000000000000000000000000000000000=
53992 353900 1143100 00582 00592 4
20100503120000 149 018 151 017 163 024 1112 159 016 173 035 1104 0000 0266 0272 1101 0266 1200 071 069 1103 247 0209 09961 09961 1200 09957 1101 0233 0248 1102 0233 1200 0242 0256 1101 0242 1200 0257 0253 0248 0233 0163 0136 0117 0122 //// 10029 ///// ///// ////
000000000000000000000000000000000000000000000000000000000000000000000000000000000000000000000000000000000000000000000000
030 010 000 010 3600 /////////////////////ACP 07/ 1000 6///1 0//// 7//// 1//// 2//// 3//// /// /// /// // 911// 915// 919// 934// 939//=
53974 353700 1141100 00723 00739 4
20100503120000 215 021 216 014 208 016 1110 229 022 212 030 1159 0000 0271 0279 1101 0271 1200 070 067 1101 251 0212 09948 09948 1200 09944 1101 0242 0256 1101 0241 1159 0260 0275 1101 0260 1200 0271 0269 0258 0243 0180 0146 0125 0129 //// 10032 ///// ///// ////
000000000000000000000000000000000000000000000000000000000000000000000000000000000000000000000000000000000000000000000000
150 010 000 010 2500 /////////////////////ASP 02/ 0000 6///1 0//// 7//// 1//// 2//// 3//// /// /// /// // 911// 915// 919// 934// 939//=
53990 354300 1141900 00795 00805 4
20100503120000 178 026 175 025 175 025 1200 182 025 173 032 1159 0000 0246 0256 1101 0246 1200 082 080 1101 254 0213 09939 09939 1200 09934 1101 0244 0254 1101 0242 1152 0244 0262 1101 0244 1156 0265 0264 0250 0236 0195 0150 0120 0116 //// 10031 ///// ///// ////
000000000000000000000000000000000000000000000000000000000000000000000000000000000000000000000000000000000000000000000000=
53991 355600 1142100 00743 00753 4
20100503120000 165 015 159 015 156 019 1138 077 011 138 032 1144 0000 0259 0269 1101 0259 1200 074 069 1101 247 0209 09945 09945 1200 09942 1101 0241 0249 1137 0239 1154 0248 0262 1101 0248 1200 0258 0255 0239 0228 0175 0143 0121 0123 //// 10031 ///// ///// ////
000000000000000000000000000000000000000000000000000000000000000000000000000000000000000000000000000000000000000000000000
100 010 000 010 3000 /////////////////////ASP 02/ 0000 6///1 0//// 7//// 1//// 2//// 3//// /// /// /// // 911// 915// 919// 934// 939//=
53889 360400 1134900 03068 03086 4
20100503120000 304 012 302 012 160 014 1113 297 013 199 024 1104 0000 0255 0266 1101 0255 1200 061 060 1101 199 0174 09682 09683 1157 09678 1101 0218 0245 1106 0211 1149 0241 0257 1101 0241 1200 0253 0255 0253 0249 0166 0131 0122 0108 //// 10031 ///// ///// ////
000000000000000000000000000000000000000000000000000000000000000000000000000000000000000000000000000000000000000000000000=
53995 353300 1143000 00625 00645 4
20100503120000 163 021 162 017 154 021 1101 167 029 167 029 1200 0000 0249 0262 1101 0249 1200 076 071 1101 239 0204 09958 09958 1200 09954 1104 0241 0254 1103 0241 1159 0253 0270 1101 0253 1200 0280 0281 0270 0254 0191 0152 0125 0123 //// 10032 ///// ///// ////
000000000000000000000000000000000000000000000000000000000000000000000000000000000000000000000000000000000000000000000000
120 010 000 010 3400 /////////////////////ACP 07/ 0000 6///1 0//// 7//// 1//// 2//// 3//// /// /// /// // 911// 915// 919// 934// 939//=
53898 360300 1142400 00629 00638 4
20100503120000 105 010 109 009 100 012 1133 111 009 102 019 1142 0000 0254 0266 1101 0254 1200 079 073 1101 256 0215 09957 09957 1200 09955 1127 0212 0233 1101 0211 1156 0243 0264 1101 0243 1200 0254 0249 0236 0217 0153 0127 0113 0120 //// 10030 ///// ///// ////
000000000000000000000000000000000000000000000000000000000000000000000000000000000000000000000000000000000000000000000000
080 010 000 010 3500 /////////////////////ASP 02/ 1000 6///1 0//// 7//// 1//// 2//// 3//// /// /// /// // 911// 915// 919// 934// 939//=
NNNN
