57290 330000 1140100 00827 00838 4
20100502070000 267 029 285 027 271 036 0610 277 011 279 064 0603 0000 0332 0333 0621 0329 0607 042 034 0615 214 0186 09966 09973 0601 09966 0700 0419 0440 0629 0419 0700 0508 0526 0601 0508 0700 0349 0293 0248 0222 0170 0147 0131 0135 //// 10062 ///// ///// ////
000000000000000000000000000000000000000000000000000000000000000000000000000000000000000000000000000000000000000000000000=
57188 332200 1140200 00559 00568 4
20100502070000 208 030 208 036 195 048 0613 198 043 187 072 0605 0000 0315 0315 0700 0311 0613 048 047 0658 222 0192 09993 09999 0604 09993 0700 0337 0359 0601 0337 0700 0513 0542 0604 0512 0659 0338 0277 0236 0209 0148 0133 0124 0134 //// 10058 ///// ///// ////
000000000000000000000000000000000000000000000000000000000000000000000000000000000000000000000000000000000000000000000000=
57293 324400 1145900 00380 00391 4
20100502070000 203 030 201 033 203 046 0608 200 034 200 068 0615 0000 0314 0314 0700 0307 0601 056 051 0653 257 0216 10024 10030 0601 10023 0657 0404 0424 0632 0399 0657 0477 0498 0612 0475 0657 0342 0287 0249 0217 0183 0158 0137 0136 //// 10069 ///// ///// ////
000000000000000000000000000000000000000000000000000000000000000000000000000000000000000000000000000000000000000000000000=
57281 324200 1131800 01422 01431 4
20100502070000 236 023 240 027 235 033 0628 234 020 248 064 0619 0000 0327 0328 0645 0322 0602 036 033 0628 178 0157 09903 09910 0602 09903 0658 0428 0446 0610 0419 0629 0480 0502 0610 0480 0700 0341 0285 0246 0218 0163 0140 0129 0134 //// 10067 ///// ///// ////
000000000000000000000000000000000000000000000000000000000000000000000000000000000000000000000000000000000000000000000000=
57196 332800 1145200 00420 00428 4
20100502070000 193 043 204 039 217 045 0636 198 055 217 067 0614 0000 0306 0308 0645 0300 0601 056 053 0656 246 0208 10012 10020 0601 10012 0700 0368 0386 0609 0361 0633 0446 0463 0609 0445 0659 0316 0265 0223 0196 0150 0136 0127 0132 //// 10061 ///// ///// ////
000000000000000000000000000000000000000000000000000000000000000000000000000000000000000000000000000000000000000000000000=
57099 340400 1145100 00526 00536 4
20100502070000 175 026 201 029 207 035 0655 169 023 216 068 0632 0000 0307 0307 0700 0302 0601 053 052 0628 234 0200 09991 10000 0601 09991 0700 0364 0396 0620 0357 0653 0437 0459 0605 0431 0653 0343 0283 0233 0202 0167 0142 0123 0132 //// 10053 ///// ///// ////
000000000000000000000000000000000000000000000000000000000000000000000000000000000000000000000000000000000000000000000000=
58104 332400 1150400 00412 00425 4
20100502070000 212 027 206 031 215 045 0633 209 029 199 064 0619 0000 0308 0308 0700 0303 0601 063 059 0615 280 0229 10015 10023 0601 10015 0700 0403 0417 0607 0396 0642 0475 0495 0607 0474 0657 0359 0300 0250 0218 0179 0146 0127 0135 //// 10064 ///// ///// ////
000000000000000000000000000000000000000000000000000000000000000000000000000000000000000000000000000000000000000000000000=
57192 334400 1145100 00455 00466 4
20100502070000 223 029 214 029 218 036 0602 243 031 141 069 0648 0000 0316 0317 0645 0312 0601 048 046 0654 223 0193 10003 10011 0601 10003 0700 0406 0417 0614 0400 0655 0454 0471 0614 0453 0654 0350 0290 0242 0212 0172 0149 0134 0141 //// 10056 ///// ///// ////
000000000000000000000000000000000000000000000000000000000000000000000000000000000000000000000000000000000000000000000000=
57190 334500 1142400 00505 00516 4
20100502070000 185 047 196 045 200 052 0622 161 047 194 076 0621 0000 0309 0309 0700 0305 0601 058 057 0602 259 0217 09995 10002 0601 09995 0700 0369 0373 0646 0361 0657 0490 0512 0609 0490 0657 0336 0284 0237 0205 0172 0146 0128 0132 //// 10055 ///// ///// ////
000000000000000000000000000000000000000000000000000000000000000000000000000000000000000000000000000000000000000000000000=
58100 333900 1151000 00414 00424 4
20100502070000 185 033 199 029 224 036 0617 207 043 229 070 0615 0000 0310 0312 0610 0306 0601 053 051 0627 238 0203 10010 10019 0601 10010 0700 0386 0395 0620 0369 0626 0516 0549 0608 0514 0647 0379 0317 0266 0231 0181 0155 0139 0141 //// 10059 ///// ///// ////
000000000000000000000000000000000000000000000000000000000000000000000000000000000000000000000000000000000000000000000000=
57095 340700 1140900 00611 00622 4
20100502070000 208 035 201 038 196 039 0655 217 018 192 075 0654 0000 0318 0323 0636 0313 0601 046 044 0656 216 0188 09973 09982 0601 09973 0700 0418 0449 0627 0417 0649 0489 0522 0625 0489 0700 0347 0277 0246 0217 0162 0141 0126 0129 //// 10044 ///// ///// ////
000000000000000000000000000000000000000000000000000000000000000000000000000000000000000000000000000000000000000000000000=
57089 340200 1135200 00668 00681 4
20100502070000 204 024 217 033 211 045 0640 212 025 215 074 0637 0000 0310 0310 0700 0301 0602 051 049 0633 229 0197 09970 09978 0605 09970 0700 0391 0398 0608 0372 0639 0453 0476 0608 0453 0657 0323 0274 0240 0214 0162 0139 0128 0132 //// 10048 ///// ///// ////
000000000000000000000000000000000000000000000000000000000000000000000000000000000000000000000000000000000000000000000000=
57296 322100 1144400 00489 00501 4
20100502070000 253 033 239 032 230 041 0636 223 048 220 070 0611 0000 0326 0326 0700 0322 0601 041 039 0608 202 0176 10012 10019 0604 10012 0700 0370 0379 0650 0361 0634 0498 0523 0606 0496 0659 0350 0289 0243 0217 0183 0156 0137 0133 //// 10069 ///// ///// ////
000000000000000000000000000000000000000000000000000000000000000000000000000000000000000000000000000000000000000000000000=
57396 313800 1145100 01287 01297 4
20100502070000 195 061 194 071 187 082 0622 173 071 189 121 0621 0000 0312 0312 0700 0305 0620 037 036 0654 168 0148 09930 09937 0601 09929 0652 0366 0385 0606 0361 0617 0454 0476 0606 0449 0640 0341 0288 0248 0217 0189 0157 //// //// //// 10078 ///// ///// ////
000000000000000000000000000000000000000000000000000000000000000000000000000000000000000000000000000000000000000000000000=
58207 321000 1150300 00428 00440 4
20100502070000 220 054 216 049 210 052 0605 192 055 209 080 0625 0000 0324 0325 0626 0320 0604 039 038 0602 190 0167 10019 10026 0601 10019 0700 0395 0417 0615 0395 0700 0334 0334 0700 0329 0601 0482 0270 0232 0208 0159 0144 0133 0139 //// 10069 ///// ///// ////
000000000000000000000000000000000000000000000000000000000000000000000000000000000000000000000000000000000000000000000000=
58205 322800 1152600 00349 00360 4
20100502070000 245 023 226 025 240 037 0616 282 019 234 061 0633 0000 0332 0332 0700 0325 0601 040 039 0616 203 0178 10030 10035 0601 10030 0700 0399 0401 0628 0380 0616 0377 0385 0603 0375 0648 0340 0315 0289 0265 0176 0154 0138 0126 //// 10071 ///// ///// ////
000000000000000000000000000000000000000000000000000000000000000000000000000000000000000000000000000000000000000000000000=
58208 321000 1153700 00429 00439 4
20100502070000 216 050 220 053 224 056 0655 216 055 230 074 0622 0000 0320 0322 0607 0319 0655 039 038 0602 185 0163 10024 10029 0601 10024 0700 0374 0385 0606 0367 0654 0443 0464 0606 0442 0658 0343 0299 0264 0239 0180 0159 0141 0142 //// 10074 ///// ///// ////
000000000000000000000000000000000000000000000000000000000000000000000000000000000000000000000000000000000000000000000000=
57299 320100 1145400 00494 00506 4
20100502070000 197 028 194 035 190 046 0633 191 026 183 069 0601 0000 0320 0323 0641 0316 0601 046 042 0644 219 0189 10014 10020 0601 10013 0659 0388 0409 0607 0375 0657 0456 0480 0607 0451 0657 0367 0335 0302 0272 0187 0155 0135 0132 //// 10072 ///// ///// ////
000000000000000000000000000000000000000000000000000000000000000000000000000000000000000000000000000000000000000000000000=
53997 350900 1141100 00711 00723 4
20100502070000 177 044 187 037 201 048 0630 178 042 211 075 0627 0000 0320 0320 0700 0310 0601 048 044 0617 228 0196 09943 09955 0601 09943 0700 0396 0409 0603 0376 0630 0457 0480 0602 0457 0700 0316 0271 0227 0204 0153 0136 0121 0125 //// 10026 ///// ///// ////
000000000000000000000000000000000000000000000000000000000000000000000000000000000000000000000000000000000000000000000000=
53994 352300 1140400 00700 00712 4
20100502070000 208 031 211 031 235 045 0603 209 040 245 071 0603 0000 0326 0328 0639 0319 0601 046 040 0603 226 0195 09944 09953 0601 09944 0700 0414 0430 0655 0408 0645 0524 0546 0601 0524 0700 0346 0279 0233 0199 0153 0132 0121 0129 //// 10026 ///// ///// ////
000000000000000000000000000000000000000000000000000000000000000000000000000000000000000000000000000000000000000000000000=
53985 352700 1134900 00964 00979 4
20100502070000 016 011 301 013 282 022 0619 174 008 258 045 0615 0000 0327 0327 0700 0316 0601 041 037 0604 203 0177 09913 09924 0601 09913 0700 0401 0407 0650 0380 0625 0488 0500 0601 0470 0618 0289 0253 0214 0193 0163 0137 0119 0122 //// 10025 ///// ///// ////
000000000000000000000000000000000000000000000000000000000000000000000000000000000000000000000000000000000000000000000000=
53983 350200 1142500 00696 00708 4
20100502070000 196 047 192 050 195 058 0637 187 041 200 081 0630 0000 0308 0311 0610 0307 0639 058 053 0604 258 0216 09950 09960 0601 09950 0700 0381 0408 0602 0379 0658 0474 0511 0602 0473 0659 0353 0294 0252 0223 0141 0128 0117 0126 //// 10031 ///// ///// ////
000000000000000000000000000000000000000000000000000000000000000000000000000000000000000000000000000000000000000000000000=
57171 334600 1130700 01420 01430 4
20100502070000 165 043 167 046 183 059 0628 167 050 195 072 0614 0000 0311 0312 0639 0307 0601 054 048 0633 244 0207 09879 09886 0601 09879 0700 0374 0376 0649 0364 0618 0416 0422 0639 0409 0656 0347 0282 0245 0219 0188 0166 0142 0137 //// 10041 ///// ///// ////
000000000000000000000000000000000000000000000000000000000000000000000000000000000000000000000000000000000000000000000000=
57178 330200 1123500 01292 01305 4
20100502070000 204 031 204 035 214 043 0629 214 024 239 076 0637 0000 0313 0313 0700 0305 0602 044 043 0634 201 0176 09913 09920 0601 09912 0659 0428 0431 0609 0408 0642 0533 0558 0601 0530 0656 0327 0281 0245 0220 0168 0146 0134 0134 0004 10062 ///// ///// ////
000000000000000000000000000000000000000000000000000000000000000000000000000000000000000000000000000000000000000000000000
250 000 000 /// //// //////////////////////// /// //// 6///1 0//// 7//// 1//// 2//// 3//// /// /// /// // 911// 915// 919// 934// 939//=
57185 332700 1133500 00911 00921 4
20100502070000 214 050 217 043 234 056 0615 209 049 238 082 0611 0000 0318 0320 0654 0312 0601 040 039 0613 188 0165 09948 09955 0603 09948 0700 0363 0382 0654 0359 0628 0512 0536 0602 0512 0700 0328 0280 0242 0212 0175 0151 0130 0129 //// 10054 ///// ///// ////
000000000000000000000000000000000000000000000000000000000000000000000000000000000000000000000000000000000000000000000000=
57094 342400 1141300 00674 00685 4
20100502070000 223 025 210 024 205 036 0627 257 030 192 066 0615 0000 0314 0314 0700 0303 0601 054 052 0645 248 0210 09962 09970 0601 09962 0700 0441 0449 0647 0422 0627 0480 0499 0620 0479 0627 0343 0293 0254 0223 0175 0153 0129 0130 //// 10041 ///// ///// ////
000000000000000000000000000000000000000000000000000000000000000000000000000000000000000000000000000000000000000000000000=
53984 351400 1132800 00827 00837 4
20100502070000 226 050 220 045 223 050 0645 246 054 215 078 0642 0000 0329 0330 0658 0317 0601 033 033 0700 165 0145 09926 09935 0601 09926 0700 0385 0410 0610 0385 0700 0499 0523 0610 0499 0700 0313 0260 0220 0201 0163 0142 0124 0125 //// 10022 ///// ///// ////
000000000000000000000000000000000000000000000000000000000000000000000000000000000000000000000000000000000000000000000000=
53972 350700 1125500 01196 01210 4
20100502070000 192 024 212 020 228 025 0651 193 024 229 043 0642 0000 0339 0339 0700 0321 0601 032 032 0700 169 0149 09886 09897 0601 09886 0700 0369 0393 0618 0368 0655 0546 0582 0615 0546 0700 0324 0274 0237 0207 0163 0145 0133 0139 //// 10023 ///// ///// ////
000000000000000000000000000000000000000000000000000000000000000000000000000000000000000000000000000000000000000000000000=
53993 355600 1145500 00516 00524 4
20100502070000 195 033 209 040 216 054 0603 164 023 233 096 0603 0000 0315 0315 0700 0308 0604 045 044 0624 208 0181 09956 09964 0601 09956 0700 0396 0410 0621 0381 0655 0478 0503 0621 0470 0655 0313 0261 0219 0195 0169 0139 0116 0114 //// 10016 ///// ///// ////
000000000000000000000000000000000000000000000000000000000000000000000000000000000000000000000000000000000000000000000000=
53898 360300 1142400 00629 00638 4
20100502070000 181 063 180 065 180 065 0700 195 082 195 110 0622 0000 0314 0317 0652 0311 0605 045 045 0658 207 0180 09936 09945 0601 09936 0659 0469 0507 0636 0469 0700 0496 0528 0601 0496 0700 0315 0265 0225 0195 0140 0122 0112 0120 //// 10009 ///// ///// ////
000000000000000000000000000000000000000000000000000000000000000000000000000000000000000000000000000000000000000000000000=
NNNN
