57084 343000 1130300 11784 11790 4
20100501110000 258 042 254 044 251 045 1057 254 047 245 063 1002 0000 0193 0215 1007 0193 1100 039 031 1006 087 0050 08805 08805 1100 08804 1012 0154 0186 1001 0153 1055 0192 0254 1001 0192 1100 0234 0236 0214 0187 0119 //// //// //// //// 10100 ///// ///// ////
000000000000000000000000000000000000000000000000000000000000000000000000000000000000000000000000000000000000000000000000=
57290 330000 1140100 00827 00838 4
20100501110000 082 011 083 011 087 021 1003 094 009 102 027 1003 0000 0255 0270 1001 0255 1100 067 060 1001 219 0189 10000 10001 1007 09999 1041 0193 0239 1001 0193 1100 0254 0316 1001 0254 1100 0280 0271 0247 0226 0165 0144 0130 0135 //// 10098 ///// ///// ////
000000000000000000000000000000000000000000000000000000000000000000000000000000000000000000000000000000000000000000000000=
57188 332200 1140200 00559 00568 4
20100501110000 145 014 143 015 153 023 1026 150 019 184 037 1025 0000 0244 0271 1001 0244 1100 065 056 1001 199 0174 10030 10030 1058 10027 1021 0200 0236 1001 0200 1100 0245 0333 1001 0245 1100 0281 0265 0242 0215 0143 0131 0124 0134 //// 10097 ///// ///// ////
000000000000000000000000000000000000000000000000000000000000000000000000000000000000000000000000000000000000000000000000=
57293 324400 1145900 00380 00391 4
20100501110000 096 009 106 009 115 010 1037 094 008 127 015 1035 0000 0243 0274 1001 0243 1100 068 055 1001 207 0180 10055 10056 1001 10054 1020 0214 0290 1001 0214 1100 0245 0295 1001 0245 1100 0276 0267 0247 0220 0175 0154 0135 0136 //// 10101 ///// ///// ////
000000000000000000000000000000000000000000000000000000000000000000000000000000000000000000000000000000000000000000000000=
57281 324200 1131800 01422 01431 4
20100501110000 195 004 000 000 306 010 1001 201 005 324 014 1007 0000 0256 0284 1005 0256 1100 063 048 1002 207 0180 09935 09935 1040 09934 1018 0216 0307 1001 0216 1100 0246 0307 1001 0246 1100 0274 0265 0246 0223 0157 0136 0128 0134 //// 10102 ///// ///// ////
000000000000000000000000000000000000000000000000000000000000000000000000000000000000000000000000000000000000000000000000=
58104 332400 1150400 00412 00425 4
20100501110000 157 006 155 005 181 016 1022 155 005 189 020 1015 0000 0243 0262 1001 0243 1100 067 060 1001 203 0178 10050 10051 1001 10049 1022 0208 0283 1001 0208 1100 0242 0298 1001 0242 1100 0275 0272 0250 0223 0172 0143 0126 0135 //// 10100 ///// ///// ////
000000000000000000000000000000000000000000000000000000000000000000000000000000000000000000000000000000000000000000000000=
57192 334400 1145100 00455 00466 4
20100501110000 188 009 168 008 176 019 1026 184 010 187 032 1024 0000 0254 0271 1001 0254 1100 058 051 1001 188 0165 10042 10043 1021 10042 1100 0207 0265 1001 0206 1058 0249 0290 1001 0249 1100 0280 0272 0245 0217 0165 0147 0133 0140 //// 10097 ///// ///// ////
000000000000000000000000000000000000000000000000000000000000000000000000000000000000000000000000000000000000000000000000=
58100 333900 1151000 00414 00424 4
20100501110000 173 008 171 008 205 014 1016 133 009 198 021 1026 0000 0253 0269 1001 0253 1100 059 052 1005 190 0167 10049 10050 1054 10048 1022 0238 0282 1002 0238 1100 0253 0321 1001 0253 1100 0289 0287 0265 0236 0172 0151 0138 0141 //// 10099 ///// ///// ////
000000000000000000000000000000000000000000000000000000000000000000000000000000000000000000000000000000000000000000000000=
57089 340200 1135200 00668 00681 4
20100501110000 000 000 182 002 202 015 1018 142 000 212 031 1012 0000 0255 0275 1001 0255 1100 056 049 1004 183 0161 10012 10012 1100 10010 1043 0212 0273 1001 0212 1055 0233 0286 1001 0233 1100 0252 0248 0234 0214 0155 0136 0127 0132 //// 10092 ///// ///// ////
000000000000000000000000000000000000000000000000000000000000000000000000000000000000000000000000000000000000000000000000=
57297 320800 1140300 01145 01154 4
20100501110000 205 026 206 034 206 040 1035 212 031 223 073 1046 0000 0268 0282 1001 0268 1100 053 046 1001 187 0164 09970 09970 1051 09967 1001 0239 0279 1001 0239 1100 0264 0320 1001 0264 1100 0289 0286 0270 0245 0181 0157 0140 //// //// 10104 ///// ///// ////
000000000000000000000000000000000000000000000000000000000000000000000000000000000000000000000000000000000000000000000000=
57296 322100 1144400 00489 00501 4
20100501110000 223 012 223 011 167 013 1032 209 011 176 018 1023 0000 0271 0294 1001 0271 1100 049 039 1003 176 0155 10042 10042 1100 10039 1022 0221 0263 1001 0221 1100 0245 0301 1001 0245 1100 0276 0267 0243 0219 0175 0153 0136 0133 //// 10101 ///// ///// ////
000000000000000000000000000000000000000000000000000000000000000000000000000000000000000000000000000000000000000000000000=
57396 313800 1145100 01287 01297 4
20100501110000 208 025 206 027 204 031 1052 211 026 206 042 1005 0000 0260 0276 1001 0260 1100 048 042 1001 161 0141 09957 09958 1056 09954 1020 0245 0270 1003 0241 1047 0245 0293 1001 0245 1100 0277 0272 0252 0223 0185 0152 //// //// //// 10109 ///// ///// ////
000000000000000000000000000000000000000000000000000000000000000000000000000000000000000000000000000000000000000000000000=
58301 314900 1152300 00916 00929 4
20100501110000 211 023 225 020 206 029 1027 223 028 217 041 1015 0000 0266 0291 1001 0266 1100 046 033 1001 160 0140 09998 09998 1100 09995 1001 0207 0234 1001 0207 1100 0256 0301 1001 0256 1100 0281 0275 0259 0237 0188 0160 0137 0134 //// 10107 ///// ///// ////
000000000000000000000000000000000000000000000000000000000000000000000000000000000000000000000000000000000000000000000000=
57390 314800 1140400 07335 07347 4
20100501110000 207 055 206 054 207 055 1048 208 064 222 103 1042 0000 0208 0225 1001 0208 1100 070 063 1001 172 0151 09292 09293 1007 09291 1028 0199 0233 1001 0199 1100 0206 0263 1001 0206 1100 0252 0246 0227 0199 0148 0127 //// //// //// 10120 ///// ///// ////
000000000000000000000000000000000000000000000000000000000000000000000000000000000000000000000000000000000000000000000000=
58207 321000 1150300 00428 00440 4
20100501110000 138 007 116 008 105 013 1042 152 007 096 020 1034 0000 0256 0292 1001 0256 1100 061 037 1001 200 0175 10048 10048 1100 10046 1001 0194 0259 1001 0194 1100 0259 0284 1001 0259 1100 0226 0248 0228 0207 0151 0143 0133 0139 //// 10100 ///// ///// ////
000000000000000000000000000000000000000000000000000000000000000000000000000000000000000000000000000000000000000000000000=
58205 322800 1152600 00349 00360 4
20100501110000 115 011 117 011 113 012 1052 116 010 111 016 1047 0000 0247 0287 1001 0247 1100 066 052 1012 205 0179 10059 10060 1006 10058 1042 0227 0286 1001 0227 1100 0244 0277 1001 0244 1100 0258 0262 0259 0249 0168 0152 0137 0126 //// 10101 ///// ///// ////
000000000000000000000000000000000000000000000000000000000000000000000000000000000000000000000000000000000000000000000000=
57299 320100 1145400 00494 00506 4
20100501110000 193 024 198 022 198 022 1100 186 020 234 033 1057 0000 0265 0287 1001 0265 1100 049 040 1002 170 0149 10042 10043 1050 10040 1001 0207 0252 1001 0205 1057 0249 0298 1001 0249 1100 0271 0278 0275 0265 0182 0151 0133 0131 //// 10101 ///// ///// ////
000000000000000000000000000000000000000000000000000000000000000000000000000000000000000000000000000000000000000000000000=
53997 350900 1141100 00711 00723 4
20100501110000 176 016 175 018 175 021 1055 169 021 178 033 1054 0000 0251 0278 1001 0251 1100 050 035 1003 159 0140 09998 09998 1100 09996 1003 0199 0247 1001 0199 1100 0228 0281 1001 0228 1100 0259 0253 0227 0206 0145 0133 0121 0125 //// 10083 ///// ///// ////
000000000000000000000000000000000000000000000000000000000000000000000000000000000000000000000000000000000000000000000000=
53994 352300 1140400 00700 00712 4
20100501110000 178 011 180 009 210 014 1005 183 010 166 020 1041 0000 0249 0283 1001 0249 1100 045 033 1001 142 0122 09997 09998 1005 09996 1040 0177 0272 1001 0177 1100 0222 0308 1001 0222 1100 0271 0265 0241 0209 0146 0129 0121 0128 //// 10080 ///// ///// ////
000000000000000000000000000000000000000000000000000000000000000000000000000000000000000000000000000000000000000000000000=
53988 351600 1134000 00776 00784 4
20100501110000 066 015 069 014 069 014 1100 065 016 358 017 1013 0000 0255 0280 1001 0255 1100 042 034 1007 137 0117 09985 09987 1001 09985 1100 0182 0244 1001 0182 1100 0228 0288 1001 0228 1100 0267 0260 0237 0215 0143 0131 0122 0128 //// 10077 ///// ///// ////
000000000000000000000000000000000000000000000000000000000000000000000000000000000000000000000000000000000000000000000000=
53985 352700 1134900 00964 00979 4
20100501110000 265 000 268 000 301 009 1026 262 004 239 014 1006 0000 0257 0272 1001 0257 1100 036 030 1016 119 0095 09967 09968 1033 09966 1049 0194 0228 1003 0194 1100 0216 0254 1001 0216 1100 0239 0236 0216 0196 0154 0134 0118 0122 //// 10081 ///// ///// ////
000000000000000000000000000000000000000000000000000000000000000000000000000000000000000000000000000000000000000000000000=
53983 350200 1142500 00696 00708 4
20100501110000 166 020 166 021 167 028 1019 164 021 172 041 1001 0000 0224 0252 1001 0224 1100 066 055 1001 179 0157 10001 10002 1023 10000 1001 0178 0234 1001 0178 1100 0217 0270 1001 0217 1100 0264 0264 0249 0230 0135 0125 0116 0125 //// 10084 ///// ///// ////
000000000000000000000000000000000000000000000000000000000000000000000000000000000000000000000000000000000000000000000000=
57171 334600 1130700 01420 01430 4
20100501110000 187 035 185 034 172 047 1014 184 035 170 060 1006 0000 0243 0261 1001 0243 1100 069 061 1001 210 0183 09922 09922 1100 09920 1005 0236 0276 1001 0236 1100 0232 0286 1001 0232 1100 0250 0250 0236 0218 0181 0158 0140 0137 //// 10089 ///// ///// ////
000000000000000000000000000000000000000000000000000000000000000000000000000000000000000000000000000000000000000000000000=
57185 332700 1133500 00911 00921 4
20100501110000 245 014 239 014 226 020 1022 239 015 231 029 1022 0000 0231 0272 1001 0231 1100 065 051 1001 184 0162 09986 09986 1100 09983 1001 0191 0261 1001 0191 1100 0226 0294 1001 0226 1100 0272 0264 0245 0217 0171 0147 0129 0128 //// 10094 ///// ///// ////
000000000000000000000000000000000000000000000000000000000000000000000000000000000000000000000000000000000000000000000000=
57093 345100 1144900 00733 00740 4
20100501110000 175 019 174 019 190 034 1014 163 025 223 050 1014 0000 0252 0272 1001 0252 1100 059 052 1001 189 0166 10003 10004 1044 10001 1004 0232 0284 1001 0231 1059 0232 0291 1001 0232 1100 0261 0250 0226 0199 0158 0135 0122 0124 //// 10090 ///// ///// ////
000000000000000000000000000000000000000000000000000000000000000000000000000000000000000000000000000000000000000000000000=
53972 350700 1125500 01196 01210 4
20100501110000 081 012 079 013 078 016 1052 104 016 094 028 1052 0000 0275 0298 1001 0275 1100 034 020 1010 125 0103 09935 09935 1100 09932 1004 0177 0221 1001 0177 1100 0234 0291 1001 0234 1100 0259 0253 0235 0210 0157 0142 0133 0138 //// 10075 ///// ///// ////
000000000000000000000000000000000000000000000000000000000000000000000000000000000000000000000000000000000000000000000000=
53993 355600 1145500 00516 00524 4
20100501110000 152 009 176 009 186 015 1001 127 006 219 027 1018 0000 0233 0270 1001 0233 1100 040 031 1001 114 0090 10016 10017 1034 10015 1008 0201 0278 1001 0201 1100 0206 0299 1001 0206 1100 0257 0252 0227 0201 0160 0134 0115 0114 //// 10078 ///// ///// ////
000000000000000000000000000000000000000000000000000000000000000000000000000000000000000000000000000000000000000000000000=
53898 360300 1142400 00629 00638 4
20100501110000 162 017 161 018 166 031 1002 164 015 158 059 1029 0000 0237 0262 1001 0237 1100 057 051 1002 167 0147 10000 10000 1045 09999 1016 0188 0269 1001 0188 1100 0233 0301 1001 0233 1100 0260 0249 0225 0196 0132 0120 0112 0119 //// 10075 ///// ///// ////
000000000000000000000000000000000000000000000000000000000000000000000000000000000000000000000000000000000000000000000000=
NNNN
