57090 344300 1135800 00781 00802 4
20100325190000 167 012 174 015 174 017 1844 167 006 173 040 1837 0000 0036 0044 1801 0036 1900 068 063 1801 054 -017 10162 10167 1804 10162 1859 -006 0011 1839 -010 1856 0005 0011 1801 0005 1859 0059 0085 0097 0104 0102 0093 0088 0120 //// 10262 ///// ///// ////
000000000000000000000000000000000000000000000000000000000000000000000000000000000000000000000000000000000000000000000000=
57083 344300 1133900 01104 01116 4
20100325190000 099 013 109 012 174 028 1801 090 014 169 045 1801 0000 0043 0051 1801 0043 1900 062 059 1801 051 -023 10122 10127 1801 10122 1900 -070 -009 1802 -070 1900 0000 0019 1801 0000 1900 0066 0086 0098 0107 0101 0099 0104 0126 0002 10260 ///// ///// ////
000000000000000000000000000000000000000000000000000000000000000000000000000000000000000000000000000000000000000000000000
120 000 000 /// //// //////////////////////// /// //// 6///1 0//// 7//// 1//// 2//// 3//// /// /// /// // 911// 915// 919// 934// 939//=
57086 342300 1134300 01166 01168 4
20100325190000 186 002 182 007 177 022 1802 175 002 184 035 1810 0000 0022 0035 1812 0022 1900 072 067 1814 052 -023 10122 10127 1802 10122 1900 -026 0010 1816 -026 1900 0006 0017 1801 0006 1900 0054 0080 0096 0104 0101 0095 0094 0116 //// 10267 ///// ///// ////
000000000000000000000000000000000000000000000000000000000000000000000000000000000000000000000000000000000000000000000000=
57085 343200 1132000 02599 02648 4
20100325190000 332 018 330 020 324 021 1843 333 022 324 032 1814 0000 0032 0038 1801 0031 1852 062 057 1802 048 -034 09939 09942 1808 09939 1900 0013 0021 1809 0010 1832 -004 0000 1801 -004 1900 0047 0077 0094 0102 0104 0098 0095 0121 //// 10264 ///// ///// ////
000000000000000000000000000000000000000000000000000000000000000000000000000000000000000000000000000000000000000000000000=
57081 344800 1132600 01409 01419 4
20100325190000 000 000 218 001 075 009 1830 136 000 057 016 1811 0000 0025 0045 1801 0025 1900 061 047 1801 045 -043 10085 10087 1801 10085 1900 -053 -029 1843 -053 1900 -010 -003 1801 -010 1900 0052 0078 0096 0102 0091 0094 0096 0117 //// 10260 ///// ///// ////
000000000000000000000000000000000000000000000000000000000000000000000000000000000000000000000000000000000000000000000000=
57080 344400 1125800 01652 01661 4
20100325190000 262 001 278 001 239 002 1832 243 000 192 005 1815 0000 0010 0018 1801 0010 1900 052 044 1808 034 -077 10055 10057 1829 10055 1858 -068 -051 1801 -071 1843 -019 -014 1801 -019 1900 0054 0082 0098 0104 0092 0088 0090 0119 //// 10260 ///// ///// ////
000000000000000000000000000000000000000000000000000000000000000000000000000000000000000000000000000000000000000000000000=
57082 342800 1130100 04271 04284 4
20100325190000 101 010 101 012 102 015 1853 088 004 122 026 1845 0000 0029 0029 1859 0017 1830 061 051 1801 046 -039 09743 09748 1802 09743 1900 -002 0000 1835 -029 1818 -005 -002 1804 -007 1843 0049 0075 0091 0100 0095 0097 0101 //// //// 10264 ///// ///// ////
000000000000000000000000000000000000000000000000000000000000000000000000000000000000000000000000000000000000000000000000=
57295 323700 1142100 00785 00802 4
20100325190000 193 010 189 014 205 015 1810 189 014 189 029 1854 0000 0046 0051 1801 0043 1843 065 062 1801 055 -014 10176 10184 1803 10176 1859 -019 -011 1811 -022 1841 0015 0019 1802 0015 1858 0051 0070 0082 0092 0097 0099 0103 0127 //// 10276 ///// ///// ////
000000000000000000000000000000000000000000000000000000000000000000000000000000000000000000000000000000000000000000000000=
57189 330800 1135700 00646 00655 4
20100325190000 163 019 154 017 175 020 1834 167 016 212 029 1813 0000 0012 0015 1801 0012 1825 086 085 1806 057 -009 10190 10199 1801 10190 1858 -027 -017 1826 -027 1820 0001 0005 1801 0001 1900 0039 0062 0076 0087 0094 0096 0099 0122 //// 10272 ///// ///// ////
000000000000000000000000000000000000000000000000000000000000000000000000000000000000000000000000000000000000000000000000=
57194 331700 1141600 00598 00609 4
20100325190000 185 033 186 032 191 036 1847 164 030 173 053 1820 0000 0048 0049 1850 0043 1817 071 071 1900 061 0000 10196 10201 1837 10196 1900 0028 0032 1849 0014 1812 0015 0017 1801 0014 1816 0055 0072 0084 0090 0095 0096 0099 0126 //// 10272 ///// ///// ////
000000000000000000000000000000000000000000000000000000000000000000000000000000000000000000000000000000000000000000000000=
57197 330000 1142000 00489 00545 4
20100325190000 187 019 185 019 180 023 1803 203 019 209 039 1825 0000 0027 0034 1829 0027 1900 078 076 1831 058 -007 10207 10213 1820 10207 1900 -041 -027 1827 -041 1900 0002 0006 1803 0002 1900 0039 0060 0076 0084 0100 0100 0101 0125 //// 10275 ///// ///// ////
000000000000000000000000000000000000000000000000000000000000000000000000000000000000000000000000000000000000000000000000=
57294 325000 1140100 00836 00846 4
20100325190000 215 021 210 023 218 025 1836 206 024 229 041 1827 0000 0045 0045 1900 0033 1801 067 067 1900 056 -011 10166 10174 1801 10166 1859 0035 0035 1900 0020 1824 0009 0009 1858 0007 1805 0038 0063 0081 0091 0097 0105 0103 0119 //// 10271 ///// ///// ////
000000000000000000000000000000000000000000000000000000000000000000000000000000000000000000000000000000000000000000000000=
57195 333700 1143700 00466 00476 4
20100325190000 237 016 242 015 232 022 1820 253 021 206 041 1805 0000 0050 0053 1801 0050 1900 061 060 1835 053 -019 10215 10222 1801 10215 1900 0029 0037 1820 0027 1854 0011 0016 1806 0011 1855 0041 0068 0088 0099 0102 0099 0102 0141 //// 10274 ///// ///// ////
000000000000000000000000000000000000000000000000000000000000000000000000000000000000000000000000000000000000000000000000=
57193 334700 1143100 00526 00541 4
20100325190000 176 017 172 019 180 020 1820 187 014 184 040 1854 0000 0040 0046 1811 0040 1859 067 065 1817 054 -016 10207 10213 1802 10207 1900 0002 0014 1816 -002 1854 0008 0013 1801 0008 1854 0051 0071 0086 0096 0103 0102 0105 0131 //// 10274 ///// ///// ////
000000000000000000000000000000000000000000000000000000000000000000000000000000000000000000000000000000000000000000000000=
58101 335200 1152900 00413 00428 4
20100325190000 189 017 197 018 203 021 1829 173 030 209 041 1812 0000 0037 0041 1801 0037 1850 067 063 1801 053 -019 10225 10231 1815 10225 1856 0010 0019 1804 0006 1819 -008 -006 1801 -008 1900 0037 0061 0080 0091 0098 0098 0100 0130 //// 10279 ///// ///// ////
000000000000000000000000000000000000000000000000000000000000000000000000000000000000000000000000000000000000000000000000=
57098 340500 1142400 00583 00593 4
20100325190000 161 017 165 018 177 027 1802 166 015 189 040 1801 0000 0022 0035 1802 0021 1848 075 071 1810 054 -018 10195 10203 1803 10195 1900 -015 0012 1803 -016 1856 -002 0006 1801 -002 1900 0025 0053 0074 0088 0102 0097 0098 0128 //// 10269 ///// ///// ////
000000000000000000000000000000000000000000000000000000000000000000000000000000000000000000000000000000000000000000000000=
57088 340900 1133000 01161 01177 4
20100325190000 115 008 118 011 118 014 1854 107 008 127 017 1853 0000 0011 0025 1820 0011 1900 085 078 1801 056 -011 10125 10129 1801 10124 1857 -035 -018 1801 -036 1849 -027 -020 1801 -027 1900 0036 0074 0097 0106 0099 0100 0103 0126 //// 10271 ///// ///// ////
000000000000000000000000000000000000000000000000000000000000000000000000000000000000000000000000000000000000000000000000=
57182 335100 1133000 00805 00814 4
20100325190000 182 009 176 011 194 018 1845 183 009 181 026 1836 0000 0027 0034 1801 0023 1836 076 074 1801 056 -011 10165 10172 1801 10165 1900 -015 0012 1845 -033 1829 -009 -004 1846 -009 1836 0056 0091 0109 0113 0107 0106 0108 0139 //// 10266 ///// ///// ////
000000000000000000000000000000000000000000000000000000000000000000000000000000000000000000000000000000000000000000000000=
57297 320800 1140300 01145 01154 4
20100325190000 227 020 229 019 229 019 1900 237 020 209 026 1858 0000 0048 0054 1801 0041 1848 065 062 1801 056 -012 10138 10143 1802 10138 1837 -001 -001 1900 -028 1820 0011 0011 1900 0004 1848 0038 0063 0082 0092 0108 0112 0116 //// //// 10281 ///// ///// ////
000000000000000000000000000000000000000000000000000000000000000000000000000000000000000000000000000000000000000000000000=
58207 321000 1150300 00428 00440 4
20100325190000 156 012 156 012 130 014 1834 158 012 130 018 1833 0000 0039 0041 1801 0034 1841 083 082 1801 067 0013 10227 10233 1804 10227 1900 -012 -004 1833 -025 1810 0038 0043 1801 0038 1900 -010 0066 0081 0091 0103 0110 0114 0137 //// 10282 ///// ///// ////
000000000000000000000000000000000000000000000000000000000000000000000000000000000000000000000000000000000000000000000000=
53989 350300 1135700 00766 00777 4
20100325190000 173 010 171 011 203 020 1803 170 011 198 024 1802 0000 0028 0034 1801 0025 1845 070 067 1801 052 -021 10166 10169 1816 10166 1900 -038 -001 1801 -044 1845 -021 -005 1801 -021 1900 0049 0076 0092 0099 0095 0092 0096 0123 //// 10263 ///// ///// ////
000000000000000000000000000000000000000000000000000000000000000000000000000000000000000000000000000000000000000000000000=
53986 351900 1135300 00732 00740 4
20100325190000 112 005 087 002 087 002 1900 122 005 094 008 1857 0000 0015 0022 1801 0012 1853 082 077 1804 056 -012 10170 10176 1804 10170 1900 -060 -046 1801 -061 1859 -022 -016 1801 -022 1900 0046 0071 0087 0097 0096 0094 0099 0127 //// 10262 ///// ///// ////
000000000000000000000000000000000000000000000000000000000000000000000000000000000000000000000000000000000000000000000000=
53994 352300 1140400 00700 00712 4
20100325190000 210 010 225 012 240 014 1855 231 013 245 019 1849 0000 0021 0026 1815 0020 1836 072 070 1815 051 -024 10173 10179 1801 10173 1900 -055 -054 1859 -067 1838 -047 -044 1801 -049 1856 0031 0069 0089 0098 0092 0090 0095 0127 //// 10262 ///// ///// ////
000000000000000000000000000000000000000000000000000000000000000000000000000000000000000000000000000000000000000000000000=
57051 344800 1111200 04099 04117 4
20100325190000 097 013 102 016 102 016 1900 113 017 097 026 1854 0000 0018 0020 1831 0018 1900 046 037 1814 032 -086 09749 09757 1801 09749 1855 -040 -037 1857 -060 1819 -020 -019 1856 -022 1839 0041 0072 0089 0097 0086 0086 0087 0114 //// 10250 ///// ///// ////
000000000000000000000000000000000000000000000000000000000000000000000000000000000000000000000000000000000000000000000000=
57063 344600 1114600 05236 05236 4
20100325190000 000 000 269 007 322 018 1801 338 000 274 018 1849 0000 -036 -030 1818 -045 1850 051 047 1820 024 -123 09623 09628 1801 09623 1900 -100 -090 1804 -108 1844 -061 -057 1813 -061 1847 0021 0053 0071 0080 0074 0077 0084 0110 //// 10263 ///// ///// ////
000000000000000000000000000000000000000000000000000000000000000000000000000000000000000000000000000000000000000000000000=
57067 340300 1110200 05688 05699 4
20100325190000 233 012 241 011 225 028 1839 240 014 232 040 1835 0000 -025 -022 1815 -028 1801 070 065 1811 036 -072 09573 09580 1814 09573 1900 -041 -033 1847 -053 1802 -010 -008 1802 -010 1900 0036 0063 0086 0079 0087 0093 0096 0122 //// 10266 ///// ///// ////
000000000000000000000000000000000000000000000000000000000000000000000000000000000000000000000000000000000000000000000000=
57056 343200 1105300 03904 03909 4
20100325190000 011 013 017 017 023 018 1857 012 014 001 022 1857 0000 -014 -002 1801 -014 1900 050 039 1827 028 -105 09770 09780 1812 09770 1900 -077 -074 1823 -078 1812 -040 -036 1802 -040 1900 0027 0066 0088 0097 0088 0090 0093 0118 //// 10249 ///// ///// ////
000000000000000000000000000000000000000000000000000000000000000000000000000000000000000000000000000000000000000000000000=
58007 340400 1151800 00472 00532 4
20100325190000 164 011 175 006 178 010 1801 164 012 187 020 1828 0000 0018 0024 1801 0018 1900 069 065 1801 048 -033 10210 10215 1801 10210 1856 -032 -008 1802 -032 1900 -009 -004 1801 -009 1900 0046 0073 0089 0098 0099 0100 0103 0131 //// 10277 ///// ///// ////
000000000000000000000000000000000000000000000000000000000000000000000000000000000000000000000000000000000000000000000000=
58006 342300 1155300 00463 00506 4
20100325190000 172 017 174 015 171 018 1833 181 017 178 022 1827 0000 0001 0014 1801 -003 1853 067 059 1802 041 -053 10219 10223 1801 10219 1900 -071 -054 1832 -072 1854 -019 -017 1837 -025 1826 0022 0054 0075 0089 0095 0094 0098 0126 //// 10283 ///// ///// ////
000000000000000000000000000000000000000000000000000000000000000000000000000000000000000000000000000000000000000000000000=
58111 335800 1162700 00325 00325 4
20100325190000 202 014 201 016 194 017 1844 173 015 184 032 1842 0000 0033 0038 1829 0029 1809 058 055 1827 045 -042 10242 10243 1855 10240 1818 -017 -016 1859 -036 1807 -003 -002 1855 -006 1810 0029 0051 0067 0080 0092 0097 0105 0138 //// 10283 ///// ///// ////
000000000000000000000000000000000000000000000000000000000000000000000000000000000000000000000000000000000000000000000000=
58017 341500 1160800 00410 00420 4
20100325190000 172 013 180 018 181 019 1859 170 014 184 042 1855 0000 0035 0039 1807 0034 1855 059 054 1801 046 -038 10225 10228 1805 10225 1858 -015 -009 1822 -040 1848 -003 0000 1808 -005 1854 0043 0068 0083 0092 0098 0097 0103 0128 //// 10278 ///// ///// ////
000000000000000000000000000000000000000000000000000000000000000000000000000000000000000000000000000000000000000000000000=
58001 342600 1150600 00563 00569 4
20100325190000 173 013 172 011 192 019 1819 164 022 192 029 1823 0000 0021 0026 1801 0021 1900 069 065 1804 049 -030 10200 10206 1804 10200 1859 -005 0004 1803 -008 1848 -009 -002 1803 -009 1854 0028 0051 0069 0080 0089 0089 0094 0126 //// 10271 ///// ///// ////
000000000000000000000000000000000000000000000000000000000000000000000000000000000000000000000000000000000000000000000000=
58005 342700 1154000 00501 00511 4
20100325190000 187 021 185 023 186 034 1818 184 029 175 051 1818 0000 0035 0040 1801 0035 1900 056 054 1801 044 -044 10211 10214 1813 10211 1900 -012 0011 1812 -012 1900 -007 -001 1801 -007 1900 0041 0068 0081 0092 0098 0097 0103 0132 0007 10275 ///// ///// ////
000000000000000000000000000000000000000000000000000000000000000000000000000000000000000000000000000000000000000000000000
160 000 000 /// //// //////////////////////// /// //// 6///1 0//// 7//// 1//// 2//// 3//// /// /// /// // 911// 915// 919// 934// 939//=
58008 342800 1152000 00544 00592 4
20100325190000 160 013 162 012 182 017 1822 158 013 181 033 1815 0000 0024 0031 1801 0024 1859 062 059 1801 045 -041 10198 10203 1815 10198 1900 -037 -007 1817 -038 1857 -012 -001 1818 -013 1856 0023 0048 0067 0080 0094 0094 0098 0129 //// 10272 ///// ///// ////
000000000000000000000000000000000000000000000000000000000000000000000000000000000000000000000000000000000000000000000000=
58004 343900 1150900 00606 00616 4
20100325190000 136 015 152 012 188 016 1811 128 012 173 030 1822 0000 0020 0027 1804 0020 1900 066 062 1801 047 -037 10193 10198 1809 10193 1900 -018 0003 1812 -021 1859 -007 -001 1803 -007 1859 0038 0070 0084 0094 0100 0100 0102 0127 //// 10270 ///// ///// ////
000000000000000000000000000000000000000000000000000000000000000000000000000000000000000000000000000000000000000000000000=
54817 355900 1155200 00421 00434 4
20100325190000 202 022 198 025 202 029 1843 173 013 164 050 1851 0000 0031 0034 1801 0031 1858 053 050 1801 040 -055 10208 10213 1813 10208 1900 0014 0018 1838 0011 1804 -008 -007 1849 -012 1822 0023 0048 0066 0075 0081 0078 0088 0115 //// 10262 ///// ///// ////
000000000000000000000000000000000000000000000000000000000000000000000000000000000000000000000000000000000000000000000000=
54900 354200 1150100 00537 00541 4
20100325190000 191 024 187 030 183 036 1827 209 030 195 058 1807 0000 0035 0040 1804 0035 1900 063 060 1803 049 -029 10195 10199 1814 10195 1853 0011 0016 1809 0011 1853 -002 0002 1804 -002 1900 0043 0067 0082 0090 0086 0082 0084 0110 //// 10263 ///// ///// ////
000000000000000000000000000000000000000000000000000000000000000000000000000000000000000000000000000000000000000000000000=
54901 360500 1151000 00475 00478 4
20100325190000 171 039 173 039 179 042 1809 175 038 181 059 1805 0000 0029 0034 1810 0027 1841 061 057 1810 046 -039 10197 10203 1804 10197 1859 0014 0020 1809 0009 1839 -004 0001 1808 -004 1848 0033 0056 0071 0079 0085 0080 0077 0105 //// 10257 ///// ///// ////
000000000000000000000000000000000000000000000000000000000000000000000000000000000000000000000000000000000000000000000000=
54903 355100 1152900 00457 00506 4
20100325190000 204 030 204 025 197 027 1825 184 028 203 043 1816 0000 0028 0033 1812 0027 1856 056 051 1817 042 -051 10198 10203 1808 10198 1859 0014 0020 1811 0010 1851 -005 -001 1818 -006 1855 0040 0063 0076 0083 0082 0080 0090 0114 //// 10261 ///// ///// ////
000000000000000000000000000000000000000000000000000000000000000000000000000000000000000000000000000000000000000000000000=
57184 333800 1132200 00834 00847 4
20100325190000 136 010 141 012 148 019 1835 133 011 226 028 1808 0000 0036 0048 1819 0036 1900 075 069 1816 059 -004 10161 10167 1801 10160 1849 0011 0020 1821 0011 1900 0004 0013 1819 0003 1859 0048 0077 0090 0102 0099 0102 0104 0129 //// 10266 ///// ///// ////
000000000000000000000000000000000000000000000000000000000000000000000000000000000000000000000000000000000000000000000000=
57177 332000 1133200 00898 00913 4
20100325190000 187 017 193 015 193 015 1900 181 019 192 023 1859 0000 0015 0015 1900 0009 1841 083 083 1900 056 -011 10152 10162 1801 10152 1900 -026 -017 1844 -028 1809 -004 -002 1803 -004 1858 0011 0056 0069 0092 0102 0103 0105 0121 //// 10266 ///// ///// ////
000000000000000000000000000000000000000000000000000000000000000000000000000000000000000000000000000000000000000000000000=
57075 341000 1125200 02031 02043 4
20100325190000 084 028 083 027 089 029 1824 079 029 088 032 1817 0000 0012 0020 1806 0012 1900 074 066 1804 049 -029 10012 10018 1801 10012 1900 -001 0004 1807 -002 1801 -016 -014 1807 -016 1900 0034 0064 0082 0092 0101 0100 0097 0117 //// 10264 ///// ///// ////
000000000000000000000000000000000000000000000000000000000000000000000000000000000000000000000000000000000000000000000000=
57173 334500 1125300 01457 01468 4
20100325190000 126 015 138 015 180 037 1822 107 011 200 054 1828 0000 0053 0064 1811 0053 1900 060 055 1837 053 -018 10080 10086 1801 10080 1900 0008 0039 1820 0008 1900 0005 0015 1821 0005 1900 0051 0076 0092 0099 0102 0102 0105 0133 //// 10260 ///// ///// ////
000000000000000000000000000000000000000000000000000000000000000000000000000000000000000000000000000000000000000000000000=
57180 335900 1131200 01175 01186 4
20100325190000 073 011 071 012 076 018 1836 074 011 071 022 1827 0000 0009 0019 1833 0009 1900 082 077 1836 053 -018 10120 10125 1801 10120 1900 -036 -028 1802 -037 1854 -019 -013 1801 -019 1900 0037 0072 0093 0104 0100 0099 0102 0131 //// 10267 ///// ///// ////
000000000000000000000000000000000000000000000000000000000000000000000000000000000000000000000000000000000000000000000000=
57181 335300 1130300 01364 01380 4
20100325190000 170 025 166 026 192 037 1804 161 022 192 043 1808 0000 0024 0024 1900 0014 1826 077 077 1900 056 -012 10096 10101 1801 10096 1900 -017 -010 1811 -025 1856 -010 -010 1859 -018 1832 0031 0067 0085 0097 0098 0100 0103 0129 //// 10267 ///// ///// ////
000000000000000000000000000000000000000000000000000000000000000000000000000000000000000000000000000000000000000000000000=
57171 334600 1130700 01420 01430 4
20100325190000 175 014 180 014 203 050 1801 183 014 200 056 1801 0000 0058 0060 1838 0055 1824 066 062 1814 061 -001 10085 10091 1801 10085 1900 0047 0052 1810 0044 1853 0025 0033 1801 0025 1900 0060 0081 0095 0103 0110 0110 0115 0124 //// 10261 ///// ///// ////
000000000000000000000000000000000000000000000000000000000000000000000000000000000000000000000000000000000000000000000000=
57175 330300 1121400 01914 01922 4
20100325190000 000 000 020 004 058 009 1827 046 003 046 016 1822 0000 0005 0005 1801 -002 1837 090 087 1805 057 -009 10035 10041 1801 10035 1900 -026 -019 1801 -027 1857 -005 0000 1801 -005 1900 0048 0080 0102 0112 0105 0107 0111 0138 //// 10272 ///// ///// ////
000000000000000000000000000000000000000000000000000000000000000000000000000000000000000000000000000000000000000000000000=
57156 331800 1113000 02503 02523 4
20100325190000 301 021 298 019 265 020 1834 296 023 288 035 1855 0000 0035 0043 1801 0031 1836 058 055 1801 046 -040 09962 09966 1802 09962 1900 0028 0034 1801 0024 1840 0000 0002 1810 -003 1843 0051 0074 0092 0101 0100 0109 0117 0142 //// 10271 ///// ///// ////
000000000000000000000000000000000000000000000000000000000000000000000000000000000000000000000000000000000000000000000000=
57271 323300 1122300 00879 00897 4
20100325190000 157 022 159 019 138 029 1822 153 020 142 040 1816 0000 0033 0037 1801 0031 1849 081 079 1801 063 0004 10158 10164 1802 10158 1900 0001 0005 1821 -004 1801 0012 0014 1822 0011 1849 0053 0080 0096 0106 0102 0106 0114 0139 //// 10269 ///// ///// ////
000000000000000000000000000000000000000000000000000000000000000000000000000000000000000000000000000000000000000000000000=
57261 330700 1113100 02330 02345 4
20100325190000 226 005 195 006 171 013 1801 214 005 127 016 1812 0000 0036 0040 1811 0035 1827 067 064 1810 053 -019 09972 09978 1801 09972 1900 -002 0002 1801 -003 1850 0014 0017 1801 0014 1856 0055 0078 0092 0101 0112 0120 0128 //// //// 10258 ///// ///// ////
000000000000000000000000000000000000000000000000000000000000000000000000000000000000000000000000000000000000000000000000=
57285 322300 1132500 01530 01492 4
20100325190000 166 010 231 012 176 029 1843 181 011 206 052 1834 0000 0066 0067 1851 0033 1801 054 054 1859 053 -020 10091 10101 1811 10091 1858 0015 0023 1844 -018 1807 0017 0019 1850 0013 1812 0054 0075 0090 0101 0103 0107 0110 0135 //// ///// ///// ///// ////
////////////////////////////////////////////////////////////////////////////////////////////////////////////////////////=
57273 324100 1125100 01095 01105 4
20100325190000 185 028 183 028 178 035 1848 178 035 170 067 1840 0000 0054 0056 1850 0053 1832 060 057 1814 054 -017 10132 10143 1801 10132 1853 0026 0027 1852 0011 1801 0019 0019 1859 0016 1834 0054 0077 0092 0103 0109 0110 0113 0136 //// 10268 ///// ///// ////
000000000000000000000000000000000000000000000000000000000000000000000000000000000000000000000000000000000000000000000000=
57187 330400 1125600 01180 01193 4
20100325190000 088 014 080 014 080 014 1900 088 015 091 017 1858 0000 0011 0028 1801 0011 1900 088 079 1801 058 -007 10116 10123 1801 10115 1855 -012 -006 1857 -023 1851 0001 0008 1801 0001 1855 0044 0067 0087 0097 0110 0110 0110 0132 //// 10264 ///// ///// ////
000000000000000000000000000000000000000000000000000000000000000000000000000000000000000000000000000000000000000000000000=
57169 330300 1115200 01591 01600 4
20100325190000 039 013 033 008 084 011 1828 035 015 066 019 1827 0000 0014 0017 1829 0009 1853 086 080 1801 058 -007 10074 10079 1806 10074 1900 0019 0022 1842 0016 1835 -003 0000 1801 -003 1900 0046 0072 0089 0100 0102 0105 0109 0133 //// 10271 ///// ///// ////
000000000000000000000000000000000000000000000000000000000000000000000000000000000000000000000000000000000000000000000000=
57176 332900 1122500 02311 02304 4
20100325190000 334 011 336 009 334 011 1850 327 014 327 017 1850 0000 0020 0032 1814 0020 1900 070 066 1812 049 -029 09991 09996 1802 09990 1855 -021 0003 1810 -021 1849 0001 0006 1801 0001 1900 0044 0068 0085 0097 0112 0111 0113 0130 //// 10273 ///// ///// ////
000000000000000000000000000000000000000000000000000000000000000000000000000000000000000000000000000000000000000000000000=
57179 331700 1130000 01604 01616 4
20100325190000 246 023 245 024 245 024 1900 254 031 240 035 1840 0000 0038 0038 1900 0021 1818 074 074 1900 059 -004 10072 10079 1802 10072 1852 0002 0002 1900 -029 1822 0009 0009 1801 0007 1823 0046 0069 0083 0091 0102 0104 0106 0132 //// 10271 ///// ///// ////
000000000000000000000000000000000000000000000000000000000000000000000000000000000000000000000000000000000000000000000000=
57274 324200 1120700 01076 01088 4
20100325190000 068 010 094 011 095 021 1836 060 007 102 029 1833 0000 0029 0034 1801 0027 1828 073 071 1801 055 -015 10130 10136 1802 10130 1855 -008 -007 1858 -012 1829 0018 0023 1801 0018 1857 0062 0083 0099 0110 0115 0114 0116 0140 //// 10264 ///// ///// ////
000000000000000000000000000000000000000000000000000000000000000000000000000000000000000000000000000000000000000000000000=
57065 343000 1121100 01949 01964 4
20100325190000 000 000 302 002 270 015 1801 291 000 265 020 1809 0000 0015 0028 1801 0013 1851 040 031 1801 027 -106 10019 10024 1812 10019 1900 -009 0008 1817 -009 1900 -023 -003 1801 -023 1900 0053 0082 0098 0107 0098 0102 0111 0138 //// 10261 ///// ///// ////
000000000000000000000000000000000000000000000000000000000000000000000000000000000000000000000000000000000000000000000000=
57074 342500 1122500 01973 01989 4
20100325190000 113 014 116 011 243 017 1801 125 013 243 033 1818 0000 0024 0046 1816 0024 1900 058 038 1807 042 -050 10016 10021 1801 10016 1900 0000 0021 1809 0000 1900 0002 0007 1822 0002 1900 0059 0084 0099 0106 0101 0102 0103 0125 //// 10261 ///// ///// ////
000000000000000000000000000000000000000000000000000000000000000000000000000000000000000000000000000000000000000000000000=
57070 344400 1120700 03640 03595 4
20100325190000 011 017 356 013 277 027 1806 012 017 282 033 1801 0000 0029 0033 1801 0027 1829 031 029 1801 023 -126 09815 09822 1826 09815 1857 -041 0004 1803 -052 1854 -019 -007 1802 -020 1856 0045 0074 0089 0095 0091 0092 0096 0122 //// 10252 ///// ///// ////
000000000000000000000000000000000000000000000000000000000000000000000000000000000000000000000000000000000000000000000000=
57162 340900 1120500 03258 03275 4
20100325190000 250 009 229 009 200 013 1843 257 010 164 021 1842 0000 0024 0030 1801 0024 1900 049 047 1801 036 -072 09859 09864 1801 09859 1900 -012 -007 1852 -042 1804 -014 -011 1812 -014 1836 0047 0077 0094 0103 0095 0097 0102 0131 //// 10258 ///// ///// ////
000000000000000000000000000000000000000000000000000000000000000000000000000000000000000000000000000000000000000000000000=
57078 340900 1122800 03365 03340 4
20100325190000 003 002 003 006 037 011 1833 293 001 077 016 1801 0000 0018 0021 1818 0017 1844 051 039 1813 035 -073 09852 09858 1811 09852 1859 -054 -046 1805 -057 1814 -017 -015 1850 -029 1830 0026 0057 0079 0091 0095 0098 0098 0118 //// 10260 ///// ///// ////
000000000000000000000000000000000000000000000000000000000000000000000000000000000000000000000000000000000000000000000000=
57071 344900 1122600 03333 03332 4
20100325190000 321 018 324 017 338 019 1820 308 020 322 029 1813 0000 0028 0033 1801 0028 1900 061 056 1801 046 -040 09852 09857 1802 09852 1900 -021 -004 1840 -038 1801 -014 -011 1840 -016 1801 0047 0073 0089 0096 0091 0088 0092 0119 //// 10259 ///// ///// ////
000000000000000000000000000000000000000000000000000000000000000000000000000000000000000000000000000000000000000000000000=
57066 342300 1114000 03283 03298 4
20100325190000 174 005 200 004 294 009 1807 184 004 330 017 1805 0000 0018 0027 1802 0018 1900 044 033 1808 031 -092 09852 09858 1801 09852 1900 -020 -020 1844 -028 1833 -024 -021 1806 -025 1853 0034 0066 0085 0094 0092 0090 0091 0115 //// 10254 ///// ///// ////
000000000000000000000000000000000000000000000000000000000000000000000000000000000000000000000000000000000000000000000000=
57077 334700 1113900 07424 07388 4
20100325190000 257 026 260 031 264 034 1856 274 033 263 049 1855 0000 0002 0003 1827 -004 1801 057 055 1826 035 -073 09379 09385 1802 09379 1858 -024 -021 1850 -039 1803 -018 -018 1828 -019 1803 0024 0047 0061 0070 0080 0085 0092 0116 //// 10263 ///// ///// ////
000000000000000000000000000000000000000000000000000000000000000000000000000000000000000000000000000000000000000000000000=
57183 334800 1135500 00600 00615 4
20100325190000 219 008 207 012 198 019 1813 209 009 198 028 1810 0000 0019 0022 1801 0017 1843 078 077 1812 055 -015 10190 10198 1801 10190 1900 -032 -027 1828 -033 1850 0009 0015 1801 0009 1859 0054 0077 0092 0101 0103 0099 0098 0122 //// 10267 ///// ///// ////
000000000000000000000000000000000000000000000000000000000000000000000000000000000000000000000000000000000000000000000000=
57186 333600 1140300 00587 00598 4
20100325190000 171 031 172 031 177 040 1823 164 025 182 062 1808 0000 0048 0055 1801 0046 1834 064 061 1801 055 -014 10194 10202 1808 10194 1900 0005 0012 1805 0000 1834 0010 0015 1805 0010 1900 0052 0079 0094 0104 0105 0102 0103 0133 //// 10268 ///// ///// ////
000000000000000000000000000000000000000000000000000000000000000000000000000000000000000000000000000000000000000000000000=
57191 342900 1142900 00634 00642 4
20100325190000 194 017 189 018 192 021 1839 260 015 192 042 1838 0000 0037 0041 1801 0036 1856 069 066 1801 055 -015 10188 10195 1801 10188 1900 0020 0028 1819 0016 1856 0012 0014 1801 0011 1856 0050 0068 0080 0088 0096 0093 0095 0124 //// 10268 ///// ///// ////
000000000000000000000000000000000000000000000000000000000000000000000000000000000000000000000000000000000000000000000000=
57091 344700 1141800 00737 00748 4
20100325190000 207 035 211 036 189 039 1832 211 036 195 050 1855 0000 0048 0052 1801 0048 1900 059 055 1809 051 -025 10172 10179 1802 10172 1900 0013 0021 1832 0013 1900 0019 0023 1801 0019 1859 0067 0091 0104 0102 0104 0101 0101 0122 //// 10265 ///// ///// ////
000000000000000000000000000000000000000000000000000000000000000000000000000000000000000000000000000000000000000000000000=
53978 350500 1123800 01401 01409 4
20100325190000 342 001 324 002 240 016 1834 341 004 240 022 1831 0000 0020 0024 1839 0016 1817 064 061 1842 045 -041 10085 10088 1832 10085 1859 -051 -032 1836 -052 1805 -009 -005 1801 -009 1900 0049 0078 0095 0108 0093 0093 0097 0125 //// 10259 ///// ///// ////
000000000000000000000000000000000000000000000000000000000000000000000000000000000000000000000000000000000000000000000000=
53987 350600 1132500 00910 00918 4
20100325190000 029 011 037 010 040 015 1836 026 011 040 022 1841 0000 0021 0024 1802 0017 1841 073 071 1806 052 -022 10147 10152 1819 10147 1900 -030 -021 1848 -043 1827 0004 0009 1801 0004 1857 0053 0079 0095 0106 0102 0098 0101 0127 //// 10261 ///// ///// ////
000000000000000000000000000000000000000000000000000000000000000000000000000000000000000000000000000000000000000000000000=
57079 345700 1130200 01064 01069 4
20100325190000 089 016 097 014 071 022 1814 085 018 069 027 1813 0000 0025 0033 1801 0025 1900 068 066 1802 050 -028 10124 10128 1835 10124 1900 -027 -005 1814 -029 1845 -015 -008 1811 -015 1900 0057 0077 0092 0100 0100 0095 0096 0119 //// 10256 ///// ///// ////
000000000000000000000000000000000000000000000000000000000000000000000000000000000000000000000000000000000000000000000000=
57072 345500 1124500 01275 01285 4
20100325190000 338 012 339 011 304 015 1819 346 013 296 018 1808 0000 -001 0008 1812 -002 1848 086 080 1827 052 -022 10100 10104 1801 10100 1900 -049 -035 1808 -056 1851 -031 -026 1801 -031 1859 0039 0072 0089 0096 0089 0086 0087 0113 //// 10259 ///// ///// ////
000000000000000000000000000000000000000000000000000000000000000000000000000000000000000000000000000000000000000000000000=
53982 351400 1131600 01120 01135 4
20100325190000 069 011 062 012 026 018 1831 048 008 017 028 1825 0000 0048 0055 1836 0048 1900 053 051 1832 046 -040 10115 10123 1802 10115 1900 0017 0022 1843 0017 1900 0003 0012 1801 0003 1900 0066 0089 0104 0112 0101 0098 0101 0131 //// 10255 ///// ///// ////
000000000000000000000000000000000000000000000000000000000000000000000000000000000000000000000000000000000000000000000000=
53979 350900 1130500 01200 01211 4
20100325190000 054 015 055 015 043 017 1838 048 016 042 027 1834 0000 0039 0039 1900 0024 1815 048 047 1858 039 -061 10108 10116 1803 10108 1900 -016 -006 1853 -034 1813 -039 -036 1823 -044 1811 0048 0083 0103 0111 0100 0099 0104 0132 //// 10257 ///// ///// ////
000000000000000000000000000000000000000000000000000000000000000000000000000000000000000000000000000000000000000000000000=
53974 353700 1141100 00723 00739 4
20100325190000 163 024 165 021 203 023 1817 173 030 209 039 1817 0000 0040 0046 1801 0040 1859 059 057 1801 048 -033 10168 10172 1802 10168 1858 -003 0007 1808 -007 1834 0006 0013 1802 0006 1859 0051 0076 0091 0098 0091 0092 0097 0124 //// 10260 ///// ///// ////
000000000000000000000000000000000000000000000000000000000000000000000000000000000000000000000000000000000000000000000000=
53990 354300 1141900 00795 00805 4
20100325190000 162 042 164 037 174 044 1829 164 041 181 051 1827 0000 0009 0016 1833 0005 1813 078 074 1826 051 -025 10158 10164 1801 10158 1900 -004 0010 1824 -008 1844 -025 -017 1826 -025 1900 0046 0072 0085 0095 0093 0085 0083 0110 //// 10259 ///// ///// ////
000000000000000000000000000000000000000000000000000000000000000000000000000000000000000000000000000000000000000000000000=
53991 355600 1142100 00743 00753 4
20100325190000 156 009 165 013 162 021 1804 150 007 110 042 1830 0000 0027 0031 1815 0026 1841 066 063 1801 049 -030 10161 10165 1801 10161 1900 0004 0019 1821 -005 1845 -006 0003 1801 -006 1900 0046 0072 0082 0093 0090 0085 0088 0118 //// 10255 ///// ///// ////
000000000000000000000000000000000000000000000000000000000000000000000000000000000000000000000000000000000000000000000000=
53889 360400 1134900 03068 03086 4
20100325190000 255 010 256 009 244 015 1838 235 008 246 023 1837 0000 0013 0020 1835 0012 1820 063 062 1833 042 -050 09875 09880 1801 09874 1859 -037 -004 1837 -049 1824 -025 -018 1801 -025 1900 0022 0044 0060 0073 0080 0075 0088 0098 //// 10254 ///// ///// ////
000000000000000000000000000000000000000000000000000000000000000000000000000000000000000000000000000000000000000000000000=
53995 353300 1143000 00625 00645 4
20100325190000 147 022 142 022 138 022 1842 142 029 142 029 1900 0000 0019 0022 1829 0015 1846 070 065 1828 049 -030 10180 10187 1811 10180 1900 -011 -005 1855 -032 1810 -015 -013 1801 -016 1852 0041 0071 0085 0095 0091 0087 0088 0116 //// 10261 ///// ///// ////
000000000000000000000000000000000000000000000000000000000000000000000000000000000000000000000000000000000000000000000000=
NNNN
