57090 344300 1135800 00781 00802 4
20100503110000 151 024 152 021 148 030 1012 102 018 184 055 1018 0000 0280 0290 1001 0280 1100 059 056 1013 223 0192 09932 09934 1021 09931 1046 0254 0275 1001 0254 1100 0270 0304 1001 0270 1100 0282 0276 0262 0247 0204 0164 0131 0132 //// 10024 ///// ///// ////
000000000000000000000000000000000000000000000000000000000000000000000000000000000000000000000000000000000000000000000000=
57083 344300 1133900 01104 01116 4
20100503110000 147 036 138 033 135 041 1019 146 029 135 070 1018 0000 0284 0295 1001 0284 1100 060 055 1001 232 0199 09891 09893 1002 09891 1100 0242 0283 1001 0242 1100 0262 0294 1001 0262 1100 0274 0269 0255 0240 0172 0145 0129 0130 0001 10018 ///// ///// ////
000000000000000000000000000000000000000000000000000000000000000000000000000000000000000000000000000000000000000000000000
120 10- 000 /// //// //////////////////CIEACR /// //// 6///1 0//// 7//// 1//// 2//// 3//// /// /// /// // 911// 915// 919// 934// 939//=
57086 342300 1134300 01166 01168 4
20100503110000 161 012 155 016 140 025 1016 189 006 130 041 1009 0000 0267 0275 1002 0267 1055 068 066 1002 238 0203 09893 09894 1008 09893 1035 0252 0274 1001 0252 1100 0263 0295 1001 0263 1100 0275 0266 0249 0230 0187 0146 0124 0124 //// 10027 ///// ///// ////
000000000000000000000000000000000000000000000000000000000000000000000000000000000000000000000000000000000000000000000000=
57085 343200 1132000 02599 02648 4
20100503110000 172 028 156 023 179 037 1008 189 033 198 079 1013 0000 0280 0285 1016 0279 1051 051 049 1024 193 0169 09725 09728 1007 09724 1053 0273 0285 1016 0270 1056 0259 0281 1001 0259 1100 0270 0262 0249 0229 0193 0154 0127 0129 //// 10024 ///// ///// ////
000000000000000000000000000000000000000000000000000000000000000000000000000000000000000000000000000000000000000000000000=
57081 344800 1132600 01409 01419 4
20100503110000 136 022 129 015 126 031 1010 133 030 113 076 1002 0000 0290 0297 1001 0290 1042 047 047 1006 188 0166 09857 09858 1002 09856 1045 0245 0280 1001 0243 1059 0266 0296 1001 0266 1100 0278 0272 0260 0235 0169 0146 0127 0122 //// 10018 ///// ///// ////
000000000000000000000000000000000000000000000000000000000000000000000000000000000000000000000000000000000000000000000000=
57084 343000 1130300 11784 11790 4
20100503110000 244 074 245 070 241 089 1010 243 084 245 124 1008 0000 0197 0203 1001 0197 1100 077 073 1006 177 0156 08758 08759 1059 08756 1001 0182 0192 1001 0182 1059 0205 0228 1001 0205 1100 0234 0237 0226 0208 0142 //// //// //// //// 10033 ///// ///// ////
000000000000000000000000000000000000000000000000000000000000000000000000000000000000000000000000000000000000000000000000=
57080 344400 1125800 01652 01661 4
20100503110000 187 020 170 023 170 023 1100 158 036 153 052 1052 0000 0292 0299 1001 0292 1053 040 039 1047 162 0142 09826 09826 1058 09824 1016 0234 0258 1008 0234 1058 0275 0306 1001 0275 1100 0284 0276 0257 0238 0170 0138 0121 0124 //// 10015 ///// ///// ////
000000000000000000000000000000000000000000000000000000000000000000000000000000000000000000000000000000000000000000000000=
57082 342800 1130100 04271 04284 4
20100503110000 210 011 198 020 191 031 1014 175 010 240 063 1048 0000 0271 0275 1002 0271 1100 050 048 1013 179 0158 09552 09552 1058 09548 1037 0262 0272 1001 0262 1100 0270 0292 1001 0270 1100 0280 0280 0268 0251 0182 0151 0128 //// //// 10032 ///// ///// ////
000000000000000000000000000000000000000000000000000000000000000000000000000000000000000000000000000000000000000000000000=
57295 323700 1142100 00785 00802 4
20100503110000 172 021 171 020 186 028 1013 189 015 158 053 1043 0000 0278 0295 1001 0275 1052 055 050 1010 205 0179 09952 09954 1040 09952 1058 0232 0277 1001 0232 1100 0277 0318 1001 0277 1100 0295 0279 0261 0241 0176 0151 0131 0132 //// 10044 ///// ///// ////
000000000000000000000000000000000000000000000000000000000000000000000000000000000000000000000000000000000000000000000000=
57189 330800 1135700 00646 00655 4
20100503110000 177 026 172 029 166 031 1048 201 035 189 069 1045 0000 0271 0281 1001 0269 1043 065 064 1003 233 0200 09962 09963 1011 09961 1051 0229 0246 1001 0227 1046 0266 0305 1001 0266 1100 0279 0274 0262 0246 0166 0141 0126 0128 //// 10037 ///// ///// ////
000000000000000000000000000000000000000000000000000000000000000000000000000000000000000000000000000000000000000000000000=
57194 331700 1141600 00598 00609 4
20100503110000 163 011 171 014 187 035 1012 243 005 198 057 1007 0000 0273 0287 1009 0273 1100 063 055 1008 229 0196 09967 09970 1027 09967 1051 0245 0290 1001 0244 1053 0261 0316 1001 0261 1100 0270 0264 0251 0233 0166 0141 0124 0128 //// 10037 ///// ///// ////
000000000000000000000000000000000000000000000000000000000000000000000000000000000000000000000000000000000000000000000000=
57197 330000 1142000 00489 00545 4
20100503110000 177 026 177 024 176 025 1053 167 027 167 040 1049 0000 0269 0284 1001 0269 1100 068 065 1007 241 0205 09978 09979 1033 09977 1001 0222 0274 1001 0221 1059 0264 0314 1001 0264 1100 0275 0268 0251 0232 0178 0150 0129 0129 //// 10041 ///// ///// ////
000000000000000000000000000000000000000000000000000000000000000000000000000000000000000000000000000000000000000000000000=
57294 325000 1140100 00836 00846 4
20100503110000 203 022 203 031 204 047 1014 195 019 218 084 1022 0000 0284 0292 1001 0283 1052 059 056 1007 228 0196 09940 09941 1013 09939 1021 0265 0284 1001 0264 1054 0273 0306 1001 0273 1100 0273 0264 0245 0223 0171 0150 0128 0127 //// 10036 ///// ///// ////
000000000000000000000000000000000000000000000000000000000000000000000000000000000000000000000000000000000000000000000000=
57292 325800 1143800 00444 00453 4
20100503110000 172 020 180 019 164 028 1019 142 028 158 052 1018 0000 0283 0294 1001 0283 1100 061 056 1004 235 0201 09994 09995 1039 09992 1001 0242 0270 1001 0242 1100 0271 0309 1001 0271 1100 0279 0271 0255 0239 0192 0156 0134 0135 //// 10046 ///// ///// ////
000000000000000000000000000000000000000000000000000000000000000000000000000000000000000000000000000000000000000000000000=
57195 333700 1143700 00466 00476 4
20100503110000 124 014 123 013 114 014 1003 167 016 170 031 1031 0000 0286 0296 1001 0286 1100 057 053 1001 223 0192 09985 09985 1100 09983 1001 0252 0273 1001 0249 1057 0280 0312 1001 0280 1100 0296 0294 0278 0257 0181 0149 0130 0141 //// 10040 ///// ///// ////
000000000000000000000000000000000000000000000000000000000000000000000000000000000000000000000000000000000000000000000000=
57193 334700 1143100 00526 00541 4
20100503110000 166 016 164 015 162 020 1001 156 015 139 046 1033 0000 0277 0284 1005 0277 1100 062 059 1016 230 0198 09978 09979 1037 09976 1008 0242 0257 1001 0242 1100 0263 0284 1001 0263 1100 0276 0273 0262 0246 0181 0149 0132 0132 //// 10040 ///// ///// ////
000000000000000000000000000000000000000000000000000000000000000000000000000000000000000000000000000000000000000000000000=
57099 340400 1145100 00526 00536 4
20100503110000 146 013 142 010 128 015 1013 144 017 138 034 1011 0000 0272 0283 1001 0272 1100 062 055 1002 224 0193 09979 09979 1100 09977 1001 0221 0253 1001 0221 1100 0258 0287 1001 0258 1100 0280 0278 0258 0235 0181 0146 0124 0132 //// 10041 ///// ///// ////
000000000000000000000000000000000000000000000000000000000000000000000000000000000000000000000000000000000000000000000000=
58104 332400 1150400 00412 00425 4
20100503110000 171 022 166 023 153 026 1011 167 020 155 039 1007 0000 0270 0281 1001 0270 1100 062 059 1006 221 0191 09997 09998 1050 09994 1002 0255 0283 1001 0255 1100 0271 0307 1001 0271 1100 0293 0290 0270 0247 0196 0152 0128 0135 //// 10046 ///// ///// ////
000000000000000000000000000000000000000000000000000000000000000000000000000000000000000000000000000000000000000000000000=
57198 333300 1143700 00463 00473 4
20100503110000 155 009 149 009 167 014 1042 119 006 175 032 1041 0000 0273 0286 1001 0273 1100 063 058 1001 229 0196 09986 09987 1032 09984 1001 0233 0266 1001 0233 1100 0282 0317 1001 0282 1100 0294 0287 0268 0247 0170 0148 0132 0139 //// 10040 ///// ///// ////
000000000000000000000000000000000000000000000000000000000000000000000000000000000000000000000000000000000000000000000000=
58101 335200 1152900 00413 00428 4
20100503110000 145 016 140 015 140 015 1100 147 016 128 027 1054 0000 0265 0281 1001 0264 1052 071 064 1003 246 0208 10000 10001 1004 09998 1045 0231 0253 1001 0231 1100 0258 0295 1001 0258 1100 0282 0269 0248 0226 0169 0143 0126 0131 //// 10049 ///// ///// ////
000000000000000000000000000000000000000000000000000000000000000000000000000000000000000000000000000000000000000000000000=
57098 340500 1142400 00583 00593 4
20100503110000 148 015 144 016 135 019 1002 152 019 130 032 1037 0000 0265 0276 1001 0265 1100 068 065 1001 235 0201 09965 09966 1029 09963 1011 0251 0271 1001 0250 1059 0243 0262 1001 0243 1100 0255 0256 0245 0231 0179 0146 0126 0129 //// 10033 ///// ///// ////
000000000000000000000000000000000000000000000000000000000000000000000000000000000000000000000000000000000000000000000000=
57190 334500 1142400 00505 00516 4
20100503110000 153 026 152 027 156 035 1001 152 028 161 049 1036 0000 0261 0271 1001 0261 1100 073 070 1001 247 0209 09977 09978 1030 09975 1005 0251 0268 1001 0251 1100 0261 0291 1001 0261 1100 0279 0274 0256 0234 0190 0151 0129 0132 //// 10036 ///// ///// ////
000000000000000000000000000000000000000000000000000000000000000000000000000000000000000000000000000000000000000000000000=
57088 340900 1133000 01161 01177 4
20100503110000 172 017 172 018 190 022 1001 175 019 169 031 1033 0000 0275 0294 1001 0275 1100 069 056 1001 253 0213 09890 09890 1100 09888 1001 0249 0273 1001 0249 1100 0271 0306 1001 0271 1100 0287 0281 0263 0243 0163 0139 0128 0131 //// 10025 ///// ///// ////
000000000000000000000000000000000000000000000000000000000000000000000000000000000000000000000000000000000000000000000000=
57182 335100 1133000 00805 00814 4
20100503110000 177 011 162 010 145 014 1039 175 011 164 020 1041 0000 0269 0287 1001 0269 1100 075 069 1003 266 0221 09933 09933 1100 09930 1001 0248 0299 1001 0248 1100 0282 0341 1001 0282 1100 0299 0287 0268 0241 0188 0154 0134 0140 //// 10026 ///// ///// ////
000000000000000000000000000000000000000000000000000000000000000000000000000000000000000000000000000000000000000000000000=
58301 314900 1152300 00916 00929 4
20100503110000 243 009 230 012 202 019 1019 227 008 195 027 1018 0000 0282 0300 1001 0282 1100 043 034 1018 164 0144 09951 09951 1100 09947 1001 0224 0271 1001 0224 1100 0266 0304 1001 0266 1100 0292 0289 0277 0259 0213 0172 0140 0134 //// 10057 ///// ///// ////
000000000000000000000000000000000000000000000000000000000000000000000000000000000000000000000000000000000000000000000000=
57298 321300 1143300 00554 00562 4
20100503110000 151 012 151 015 149 017 1057 184 010 172 028 1002 0000 0274 0290 1001 0274 1100 057 053 1001 208 0181 09984 09984 1100 09981 1002 0227 0242 1001 0227 1100 0270 0305 1001 0270 1100 0278 0269 0252 0232 0175 0149 0128 0138 //// 10048 ///// ///// ////
000000000000000000000000000000000000000000000000000000000000000000000000000000000000000000000000000000000000000000000000=
53989 350300 1135700 00766 00777 4
20100503110000 160 007 149 006 143 012 1004 176 012 150 024 1049 0000 0274 0284 1001 0274 1100 065 064 1001 237 0202 09934 09935 1014 09933 1007 0242 0272 1001 0242 1059 0257 0294 1001 0257 1100 0273 0269 0256 0239 0175 0144 0124 0126 //// 10023 ///// ///// ////
000000000000000000000000000000000000000000000000000000000000000000000000000000000000000000000000000000000000000000000000=
53997 350900 1141100 00711 00723 4
20100503110000 158 016 169 016 162 026 1013 096 018 183 044 1008 0000 0273 0283 1001 0273 1100 057 054 1024 207 0180 09942 09942 1100 09941 1009 0237 0261 1001 0237 1100 0257 0285 1001 0257 1100 0272 0268 0248 0233 0164 0141 0122 0125 //// 10025 ///// ///// ////
000000000000000000000000000000000000000000000000000000000000000000000000000000000000000000000000000000000000000000000000=
53986 351900 1135300 00732 00740 4
20100503110000 128 010 124 011 119 014 1054 130 011 156 031 1004 0000 0281 0290 1002 0281 1100 071 067 1001 270 0223 09942 09942 1100 09941 1007 0264 0283 1001 0263 1058 0260 0285 1001 0260 1100 0260 0252 0239 0226 0179 0148 0126 0130 //// 10027 ///// ///// ////
000000000000000000000000000000000000000000000000000000000000000000000000000000000000000000000000000000000000000000000000=
53985 352700 1134900 00964 00979 4
20100503110000 181 000 238 000 187 004 1006 254 003 212 010 1021 0000 0271 0280 1001 0271 1100 068 064 1001 244 0207 09913 09913 1100 09912 1001 0240 0259 1001 0240 1058 0255 0277 1001 0255 1100 0251 0247 0230 0215 0177 0143 0120 0122 //// 10025 ///// ///// ////
000000000000000000000000000000000000000000000000000000000000000000000000000000000000000000000000000000000000000000000000=
53998 351200 1143900 00616 00625 4
20100503110000 164 031 158 034 160 037 1024 167 026 161 061 1023 0000 0281 0288 1003 0281 1100 059 059 1059 224 0193 09959 09959 1037 09957 1018 0254 0271 1001 0254 1100 0269 0296 1001 0269 1100 0277 0268 0249 0229 0190 0151 0125 0130 //// 10031 ///// ///// ////
000000000000000000000000000000000000000000000000000000000000000000000000000000000000000000000000000000000000000000000000=
57051 344800 1111200 04099 04117 4
20100503110000 101 022 098 026 096 045 1024 094 030 116 080 1020 0000 0267 0276 1002 0267 1100 061 056 1004 214 0186 09546 09546 1059 09541 1034 0248 0276 1001 0248 1100 0259 0291 1001 0259 1100 0254 0247 0236 0224 0182 0138 0120 0121 //// 10009 ///// ///// ////
000000000000000000000000000000000000000000000000000000000000000000000000000000000000000000000000000000000000000000000000=
57063 344600 1114600 05236 05236 4
20100503110000 087 039 090 036 088 043 1006 097 017 083 079 1002 0000 0246 0255 1001 0246 1100 068 066 1001 210 0183 09430 09430 1007 09426 1033 0227 0255 1001 0227 1100 0243 0275 1001 0243 1100 0240 0231 0214 0197 0130 0115 0104 0111 //// 10020 ///// ///// ////
000000000000000000000000000000000000000000000000000000000000000000000000000000000000000000000000000000000000000000000000=
57067 340300 1110200 05688 05699 4
20100503110000 253 020 244 023 216 042 1022 229 012 223 070 1019 0000 0245 0257 1002 0245 1100 050 043 1001 154 0134 09384 09384 1059 09379 1002 0230 0258 1001 0230 1100 0255 0285 1001 0255 1100 0262 0253 0219 0238 0181 0156 0125 0125 //// 10026 ///// ///// ////
000000000000000000000000000000000000000000000000000000000000000000000000000000000000000000000000000000000000000000000000=
57056 343200 1105300 03904 03909 4
20100503110000 190 027 193 026 145 031 1012 178 017 133 062 1006 0000 0297 0300 1001 0297 1046 031 030 1053 129 0108 09565 09565 1100 09554 1002 0258 0282 1001 0258 1100 0282 0317 1002 0282 1100 0285 0277 0255 0236 0159 0134 0119 0121 //// 09998 ///// ///// ////
000000000000000000000000000000000000000000000000000000000000000000000000000000000000000000000000000000000000000000000000=
58007 340400 1151800 00472 00532 4
20100503110000 147 014 148 014 150 018 1004 125 008 133 033 1048 0000 0271 0282 1001 0271 1100 060 058 1005 215 0187 09985 09985 1008 09983 1037 0228 0253 1001 0227 1057 0260 0291 1001 0260 1100 0276 0268 0250 0229 0166 0142 0127 0132 //// 10046 ///// ///// ////
000000000000000000000000000000000000000000000000000000000000000000000000000000000000000000000000000000000000000000000000=
58006 342300 1155300 00463 00506 4
20100503110000 146 014 147 015 149 021 1004 130 008 139 032 1002 0000 0265 0279 1001 0265 1100 063 060 1002 218 0189 09995 09996 1036 09995 1047 0229 0267 1001 0229 1059 0257 0293 1001 0257 1100 0280 0280 0263 0241 0176 0145 0124 0128 //// 10053 ///// ///// ////
000000000000000000000000000000000000000000000000000000000000000000000000000000000000000000000000000000000000000000000000=
58111 335800 1162700 00325 00325 4
20100503110000 134 020 136 020 142 023 1013 144 022 164 046 1022 0000 0275 0286 1001 0275 1100 058 054 1006 213 0185 10023 10023 1057 10019 1003 0215 0234 1001 0215 1100 0252 0284 1001 0252 1100 0268 0268 0253 0234 0173 0145 0130 0138 //// 10061 ///// ///// ////
000000000000000000000000000000000000000000000000000000000000000000000000000000000000000000000000000000000000000000000000=
58017 341500 1160800 00410 00420 4
20100503110000 132 027 127 025 127 025 1059 142 020 144 050 1059 0000 0283 0294 1002 0283 1055 061 056 1001 235 0201 10004 10004 1028 10003 1001 0223 0239 1001 0223 1100 0253 0281 1001 0253 1100 0264 0259 0244 0228 0163 0144 0127 0129 //// 10052 ///// ///// ////
000000000000000000000000000000000000000000000000000000000000000000000000000000000000000000000000000000000000000000000000=
58001 342600 1150600 00563 00569 4
20100503110000 161 023 166 022 157 022 1049 173 019 153 045 1040 0000 0267 0270 1020 0267 1100 063 062 1001 221 0191 09976 09976 1100 09974 1031 0239 0251 1017 0238 1058 0246 0269 1001 0246 1100 0263 0259 0246 0226 0164 0135 0119 0126 //// 10042 ///// ///// ////
000000000000000000000000000000000000000000000000000000000000000000000000000000000000000000000000000000000000000000000000=
58005 342700 1154000 00501 00511 4
20100503110000 142 018 147 017 170 029 1002 143 017 186 047 1019 0000 0277 0293 1001 0277 1100 059 050 1001 219 0190 09988 09989 1017 09987 1044 0230 0266 1001 0230 1100 0253 0290 1001 0253 1100 0274 0271 0252 0232 0170 0137 0127 0133 0001 10047 ///// ///// ////
000000000000000000000000000000000000000000000000000000000000000000000000000000000000000000000000000000000000000000000000
160 010 000 /// //// //////////////////ACRCSI /// //// 6///1 0//// 7//// 1//// 2//// 3//// /// /// /// // 911// 915// 919// 934// 939//=
58008 342800 1152000 00544 00592 4
20100503110000 136 009 142 011 162 028 1001 091 006 158 054 1002 0000 0271 0285 1001 0271 1100 058 054 1003 208 0181 09975 09975 1100 09973 1012 0239 0275 1001 0239 1100 0252 0282 1001 0252 1100 0267 0265 0253 0232 0161 0140 0123 0130 //// 10043 ///// ///// ////
000000000000000000000000000000000000000000000000000000000000000000000000000000000000000000000000000000000000000000000000=
58004 343900 1150900 00606 00616 4
20100503110000 155 017 153 013 156 016 1043 338 005 156 043 1009 0000 0270 0281 1001 0270 1100 062 054 1003 221 0191 09969 09969 1100 09966 1020 0244 0272 1001 0244 1100 0262 0290 1001 0262 1100 0282 0285 0266 0248 0176 0143 0127 0129 //// 10040 ///// ///// ////
000000000000000000000000000000000000000000000000000000000000000000000000000000000000000000000000000000000000000000000000=
54817 355900 1155200 00421 00434 4
20100503110000 167 013 166 015 178 027 1005 161 010 161 051 1001 0000 0276 0289 1001 0276 1100 059 055 1019 218 0189 09990 09990 1056 09986 1001 0221 0249 1001 0221 1100 0260 0305 1001 0260 1100 0276 0267 0249 0224 0156 0124 0112 0112 //// 10040 ///// ///// ////
000000000000000000000000000000000000000000000000000000000000000000000000000000000000000000000000000000000000000000000000=
54902 355400 1150700 00495 00499 4
20100503110000 162 023 163 024 175 030 1003 161 028 161 042 1003 0000 0271 0284 1001 0271 1100 069 062 1001 247 0209 09974 09974 1100 09970 1004 0255 0277 1001 0255 1059 0262 0295 1001 0262 1100 0273 0264 0245 0223 0162 0125 0111 0115 //// 10031 ///// ///// ////
000000000000000000000000000000000000000000000000000000000000000000000000000000000000000000000000000000000000000000000000=
54900 354200 1150100 00537 00541 4
20100503110000 159 023 160 020 161 024 1025 128 023 164 040 1023 0000 0272 0281 1001 0272 1100 069 069 1010 249 0210 09970 09970 1057 09968 1017 0240 0261 1001 0240 1100 0265 0299 1001 0265 1100 0279 0270 0250 0227 0183 0138 0115 0115 //// 10032 ///// ///// ////
000000000000000000000000000000000000000000000000000000000000000000000000000000000000000000000000000000000000000000000000=
54901 360500 1151000 00475 00478 4
20100503110000 158 029 157 027 157 027 1100 158 023 161 042 1059 0000 0262 0274 1001 0262 1100 071 069 1007 241 0205 09977 09977 1100 09975 1003 0240 0266 1001 0240 1100 0258 0290 1001 0258 1100 0267 0258 0241 0221 0178 0144 0116 0115 //// 10032 ///// ///// ////
000000000000000000000000000000000000000000000000000000000000000000000000000000000000000000000000000000000000000000000000=
54903 355100 1152900 00457 00506 4
20100503110000 173 026 178 027 179 028 1058 164 036 187 053 1049 0000 0281 0288 1001 0281 1100 056 056 1059 213 0185 09977 09977 1100 09975 1002 0268 0285 1001 0267 1058 0263 0298 1001 0263 1100 0268 0262 0244 0224 0174 0137 0118 0116 //// 10035 ///// ///// ////
000000000000000000000000000000000000000000000000000000000000000000000000000000000000000000000000000000000000000000000000=
57184 333800 1132200 00834 00847 4
20100503110000 155 027 161 024 159 033 1033 155 022 190 072 1017 0000 0280 0294 1001 0280 1100 055 054 1024 208 0181 09928 09928 1100 09924 1016 0252 0263 1020 0250 1056 0272 0318 1001 0272 1100 0168 0288 0273 0252 0152 0136 0127 0133 //// 10025 ///// ///// ////
000000000000000000000000000000000000000000000000000000000000000000000000000000000000000000000000000000000000000000000000=
57177 332000 1133200 00898 00913 4
20100503110000 164 026 163 022 180 038 1012 175 036 172 060 1007 0000 0284 0304 1001 0284 1100 049 043 1004 190 0167 09923 09923 1100 09921 1021 0263 0297 1001 0262 1058 0270 0313 1001 0270 1100 0260 0279 0253 0246 0180 0151 0132 0125 //// 10027 ///// ///// ////
000000000000000000000000000000000000000000000000000000000000000000000000000000000000000000000000000000000000000000000000=
57075 341000 1125200 02031 02043 4
20100503110000 117 024 114 025 104 032 1027 118 026 095 042 1022 0000 0257 0269 1001 0257 1100 069 065 1001 228 0196 09795 09796 1038 09792 1015 0248 0272 1003 0248 1100 0252 0287 1001 0252 1100 0267 0266 0256 0241 0212 0170 0134 0126 //// 10028 ///// ///// ////
000000000000000000000000000000000000000000000000000000000000000000000000000000000000000000000000000000000000000000000000=
57173 334500 1125300 01457 01468 4
20100503110000 188 015 192 016 189 026 1003 212 015 184 037 1003 0000 0274 0287 1001 0274 1100 056 052 1002 204 0179 09857 09857 1100 09854 1002 0240 0273 1001 0239 1054 0270 0313 1001 0270 1100 0286 0281 0266 0246 0181 0151 0131 0135 //// 10024 ///// ///// ////
000000000000000000000000000000000000000000000000000000000000000000000000000000000000000000000000000000000000000000000000=
57180 335900 1131200 01175 01186 4
20100503110000       1600     1600    1600  1600   1600 000 -800 ///// ///// //// 0//// ////   1600  1600   1600  1600          /////   1600
000000000000000000000000000000000000000000000000000000000000000000000000000000000000000000000000000000000000000000000000=
57181 335300 1130300 01364 01380 4
20100503110000 218 018 215 018 184 035 1016 218 019 195 051 1014 0000 0265 0274 1002 0265 1100 063 061 1041 218 0189 09873 09873 1100 09869 1017 0227 0250 1001 0227 1100 0269 0308 1001 0269 1100 0284 0276 0263 0247 0185 0151 0130 0133 //// 10030 ///// ///// ////
000000000000000000000000000000000000000000000000000000000000000000000000000000000000000000000000000000000000000000000000=
57175 330300 1121400 01914 01922 4
20100503110000 106 014 115 014 126 024 1001 091 011 181 043 1011 0000 0258 0268 1008 0258 1100 073 070 1017 242 0206 09814 09815 1057 09811 1001 0230 0257 1001 0230 1100 0269 0302 1001 0269 1100 0283 0276 0259 0239 0173 0150 0134 0139 //// 10034 ///// ///// ////
000000000000000000000000000000000000000000000000000000000000000000000000000000000000000000000000000000000000000000000000=
57156 331800 1113000 02503 02523 4
20100503110000 086 019 079 024 094 027 1005 085 021 066 045 1002 0000 0262 0269 1001 0262 1100 063 061 1001 214 0186 09744 09747 1039 09737 1023 0233 0250 1001 0233 1100 0260 0282 1001 0260 1100 0266 0258 0246 0232 0193 0164 0139 0143 //// 10032 ///// ///// ////
000000000000000000000000000000000000000000000000000000000000000000000000000000000000000000000000000000000000000000000000=
57271 323300 1122300 00879 00897 4
20100503110000 156 013 144 013 160 029 1001 125 010 164 043 1002 0000 0261 0278 1001 0261 1100 071 064 1002 240 0204 09925 09925 1100 09922 1027 0243 0274 1001 0242 1059 0261 0294 1001 0261 1100 0274 0269 0257 0242 0178 0148 0136 0139 //// 10028 ///// ///// ////
000000000000000000000000000000000000000000000000000000000000000000000000000000000000000000000000000000000000000000000000=
57261 330700 1113100 02330 02345 4
20100503110000 251 051 250 045 251 050 1020 248 058 245 079 1018 0000 0266 0270 1001 0266 1100 066 065 1001 230 0197 09750 09753 1030 09746 1015 0254 0271 1002 0254 1054 0262 0283 1001 0262 1100 0272 0270 0260 0246 0207 0173 0149 //// //// 10017 ///// ///// ////
000000000000000000000000000000000000000000000000000000000000000000000000000000000000000000000000000000000000000000000000=
57285 322300 1132500 01530 01492 4
20100503110000 126 026 123 023 138 032 1043 083 026 181 062 1039 0000 0281 0287 1001 0281 1059 053 052 1001 201 0176 09870 09870 1100 09868 1011 0231 0248 1001 0231 1059 0268 0296 1001 0268 1100 0288 0288 0277 0260 0172 0145 0131 0135 //// ///// ///// ///// ////
////////////////////////////////////////////////////////////////////////////////////////////////////////////////////////=
57273 324100 1125100 01095 01105 4
20100503110000 172 031 169 034 170 037 1044 181 032 170 060 1035 0000 0276 0283 1002 0275 1056 053 052 1011 196 0172 09903 09903 1100 09902 1044 0264 0279 1002 0263 1058 0270 0298 1001 0270 1100 0284 0281 0265 0246 0183 0156 0136 0138 //// 10030 ///// ///// ////
000000000000000000000000000000000000000000000000000000000000000000000000000000000000000000000000000000000000000000000000=
57187 330400 1125600 01180 01193 4
20100503110000 161 028 149 026 158 036 1025 188 023 144 051 1020 0000 0273 0284 1001 0273 1100 062 059 1001 225 0194 09884 09884 1100 09882 1009 0258 0277 1005 0257 1059 0269 0304 1001 0269 1100 0284 0268 0261 0244 0193 0161 0140 0137 //// 10021 ///// ///// ////
000000000000000000000000000000000000000000000000000000000000000000000000000000000000000000000000000000000000000000000000=
57178 330200 1123500 01292 01305 4
20100503110000 163 024 165 022 166 031 1003 152 028 192 048 1002 0000 0277 0283 1001 0277 1100 058 055 1001 215 0187 09880 09880 1100 09876 1001 0252 0277 1001 0252 1100 0266 0297 1001 0266 1100 0274 0271 0256 0240 0179 0150 0134 0134 0001 10029 ///// ///// ////
000000000000000000000000000000000000000000000000000000000000000000000000000000000000000000000000000000000000000000000000
200 010 000 /// //// /////////////////////ACP /// //// 6///1 0//// 7//// 1//// 2//// 3//// /// /// /// // 911// 915// 919// 934// 939//=
57169 330300 1115200 01591 01600 4
20100503110000 110 018 106 021 089 031 1042 113 014 097 047 1034 0000 0258 0265 1002 0258 1100 076 075 1014 252 0212 09847 09847 1100 09842 1012 0236 0248 1001 0236 1100 0255 0284 1001 0255 1100 0267 0262 0251 0234 0195 0157 0135 0135 //// 10031 ///// ///// ////
000000000000000000000000000000000000000000000000000000000000000000000000000000000000000000000000000000000000000000000000=
57176 332900 1122500 02311 02304 4
20100503110000 217 020 218 022 207 049 1007 237 022 203 075 1006 0000 0272 0282 1001 0272 1100 057 053 1001 206 0179 09776 09776 1100 09773 1002 0258 0285 1001 0258 1100 0272 0303 1001 0272 1100 0287 0283 0271 0255 0198 0167 0141 0137 //// 10039 ///// ///// ////
000000000000000000000000000000000000000000000000000000000000000000000000000000000000000000000000000000000000000000000000=
57179 331700 1130000 01604 01616 4
20100503110000 153 031 156 028 170 032 1014 164 024 161 054 1005 0000 0278 0287 1001 0278 1100 060 059 1041 224 0193 09845 09845 1059 09844 1016 0251 0282 1002 0251 1059 0271 0311 1001 0271 1100 0282 0274 0258 0241 0184 0151 0130 0134 //// 10030 ///// ///// ////
000000000000000000000000000000000000000000000000000000000000000000000000000000000000000000000000000000000000000000000000=
57274 324200 1120700 01076 01088 4
20100503110000 144 027 139 026 154 044 1035 139 033 144 086 1006 0000 0264 0272 1017 0264 1100 062 060 1033 213 0185 09901 09901 1100 09896 1002 0252 0273 1001 0252 1059 0260 0287 1001 0260 1100 0274 0271 0262 0248 0212 0186 0151 0145 //// 10026 ///// ///// ////
000000000000000000000000000000000000000000000000000000000000000000000000000000000000000000000000000000000000000000000000=
57065 343000 1121100 01949 01964 4
20100503110000 140 030 143 032 141 036 1020 128 026 142 068 1013 0000 0285 0296 1001 0285 1100 045 039 1008 175 0154 09785 09786 1022 09783 1047 0224 0237 1001 0224 1100 0269 0313 1001 0269 1100 0281 0276 0264 0247 0179 0150 0134 0139 //// 10008 ///// ///// ////
000000000000000000000000000000000000000000000000000000000000000000000000000000000000000000000000000000000000000000000000=
57074 342500 1122500 01973 01989 4
20100503110000 126 016 152 013 146 021 1008 122 014 156 086 1002 0000 0277 0289 1008 0277 1100 056 053 1001 208 0181 09786 09787 1047 09786 1005 0256 0284 1007 0256 1057 0274 0312 1007 0274 1100 0282 0277 0261 0241 0175 0148 0129 0130 //// 10011 ///// ///// ////
000000000000000000000000000000000000000000000000000000000000000000000000000000000000000000000000000000000000000000000000=
57070 344400 1120700 03640 03595 4
20100503110000 076 035 074 032 037 038 1017 077 045 057 059 1043 0000 0261 0264 1001 0261 1058 066 066 1100 223 0193 09606 09609 1003 09606 1041 0254 0271 1001 0254 1100 0259 0288 1001 0259 1100 0257 0245 0230 0214 0182 0146 0123 0125 //// 10011 ///// ///// ////
000000000000000000000000000000000000000000000000000000000000000000000000000000000000000000000000000000000000000000000000=
57162 340900 1120500 03258 03275 4
20100503110000 255 013 225 010 176 011 1007 246 015 161 017 1007 0000 0276 0288 1001 0276 1100 045 041 1001 166 0146 09641 09641 1100 09638 1029 0223 0247 1001 0223 1100 0265 0302 1001 0265 1100 0282 0274 0259 0241 0169 0147 0129 0134 //// 10010 ///// ///// ////
000000000000000000000000000000000000000000000000000000000000000000000000000000000000000000000000000000000000000000000000=
57078 340900 1122800 03365 03340 4
20100503110000 137 031 131 030 142 039 1037 147 035 136 073 1028 0000 0276 0282 1001 0276 1100 049 045 1005 181 0159 09642 09644 1024 09641 1054 0242 0284 1002 0242 1100 0261 0299 1002 0261 1100 0272 0269 0255 0236 0158 0137 0125 0124 //// 10020 ///// ///// ////
000000000000000000000000000000000000000000000000000000000000000000000000000000000000000000000000000000000000000000000000=
57071 344900 1122600 03333 03332 4
20100503110000 033 023 010 021 352 034 1018 052 041 350 050 1011 0000 0255 0260 1001 0255 1100 069 067 1002 225 0194 09641 09644 1024 09640 1010 0236 0258 1014 0235 1059 0259 0282 1001 0259 1100 0264 0256 0242 0225 0193 0148 0122 0123 //// 10017 ///// ///// ////
000000000000000000000000000000000000000000000000000000000000000000000000000000000000000000000000000000000000000000000000=
57066 342300 1114000 03283 03298 4
20100503110000 000 000 000 000 195 003 1006 077 000 209 008 1034 0000 0259 0270 1001 0259 1100 066 063 1001 220 0191 09633 09634 1058 09630 1012 0223 0249 1001 0223 1100 0250 0278 1001 0250 1100 0240 0223 0207 0193 0161 0141 0121 0121 //// 10007 ///// ///// ////
000000000000000000000000000000000000000000000000000000000000000000000000000000000000000000000000000000000000000000000000=
57077 334700 1113900 07424 07388 4
20100503110000 129 065 130 051 128 081 1044 128 055 119 136 1026 0000 0242 0253 1001 0242 1059 051 045 1002 154 0134 09213 09213 1100 09207 1001 0230 0245 1002 0230 1059 0243 0274 1001 0243 1100 0249 0245 0231 0215 0167 0133 0114 0117 //// 10035 ///// ///// ////
000000000000000000000000000000000000000000000000000000000000000000000000000000000000000000000000000000000000000000000000=
57185 332700 1133500 00911 00921 4
20100503110000 154 022 156 025 165 032 1046 161 022 172 047 1015 0000 0278 0294 1001 0278 1100 055 049 1001 205 0179 09923 09923 1100 09921 1020 0247 0285 1001 0247 1058 0265 0317 1001 0265 1100 0282 0274 0259 0236 0188 0156 0131 0129 //// 10029 ///// ///// ////
000000000000000000000000000000000000000000000000000000000000000000000000000000000000000000000000000000000000000000000000=
57183 334800 1135500 00600 00615 4
20100503110000 173 034 174 041 175 043 1056 167 028 173 065 1056 0000 0266 0274 1013 0266 1100 066 065 1012 230 0197 09958 09959 1055 09957 1001 0248 0275 1012 0248 1100 0255 0292 1009 0255 1100 0274 0268 0254 0237 0193 0155 0129 0126 //// 10029 ///// ///// ////
000000000000000000000000000000000000000000000000000000000000000000000000000000000000000000000000000000000000000000000000=
57186 333600 1140300 00587 00598 4
20100503110000 175 037 173 039 173 046 1015 176 034 144 077 1014 0000 0285 0293 1001 0285 1100 053 051 1002 206 0180 09963 09963 1100 09962 1001 0247 0285 1001 0245 1058 0266 0317 1003 0266 1100 0284 0277 0259 0241 0192 0158 0135 0137 //// 10032 ///// ///// ////
000000000000000000000000000000000000000000000000000000000000000000000000000000000000000000000000000000000000000000000000=
57094 342400 1141300 00674 00685 4
20100503110000 182 021 175 020 163 021 1031 166 020 116 047 1038 0000 0270 0278 1001 0270 1100 067 065 1001 239 0204 09946 09947 1008 09946 1100 0249 0276 1001 0249 1100 0266 0297 1001 0266 1100 0282 0279 0267 0248 0190 0160 0131 0130 //// 10025 ///// ///// ////
000000000000000000000000000000000000000000000000000000000000000000000000000000000000000000000000000000000000000000000000=
57191 342900 1142900 00634 00642 4
20100503110000 149 018 150 020 161 024 1044 184 026 173 046 1011 0000 0275 0286 1001 0275 1100 061 059 1001 224 0193 09958 09959 1001 09958 1100 0252 0269 1001 0252 1100 0263 0289 1001 0263 1100 0275 0272 0261 0244 0180 0147 0126 0127 //// 10032 ///// ///// ////
000000000000000000000000000000000000000000000000000000000000000000000000000000000000000000000000000000000000000000000000=
57096 343200 1144700 00597 00607 4
20100503110000 164 030 164 031 166 032 1058 181 029 153 050 1054 0000 0269 0278 1001 0269 1100 061 060 1001 216 0187 09962 09963 1005 09961 1013 0248 0267 1001 0248 1059 0260 0293 1001 0260 1100 0281 0275 0252 0229 0171 0142 0126 0129 //// 10032 ///// ///// ////
000000000000000000000000000000000000000000000000000000000000000000000000000000000000000000000000000000000000000000000000=
57091 344700 1141800 00737 00748 4
20100503110000 164 035 167 033 166 037 1040 186 041 187 058 1009 0000 0284 0294 1001 0284 1100 053 047 1001 205 0179 09938 09940 1001 09937 1038 0255 0273 1001 0255 1100 0264 0291 1001 0264 1100 0275 0266 0250 0220 0177 0148 0125 0120 //// 10023 ///// ///// ////
000000000000000000000000000000000000000000000000000000000000000000000000000000000000000000000000000000000000000000000000=
53978 350500 1123800 01401 01409 4
20100503110000 094 026 098 023 097 033 1038 094 042 085 053 1030 0000 0269 0274 1031 0269 1100 061 060 1031 216 0187 09854 09855 1050 09852 1015 0254 0267 1001 0254 1100 0255 0279 1001 0255 1100 0256 0250 0235 0222 0154 0134 0124 0130 //// 10015 ///// ///// ////
000000000000000000000000000000000000000000000000000000000000000000000000000000000000000000000000000000000000000000000000=
53987 350600 1132500 00910 00918 4
20100503110000 056 017 051 019 051 019 1100 060 016 060 030 1054 0000 0271 0285 1012 0271 1100 072 061 1012 258 0216 09916 09918 1002 09916 1033 0254 0287 1001 0254 1100 0264 0291 1001 0264 1100 0274 0268 0255 0239 0184 0154 0135 0132 //// 10021 ///// ///// ////
000000000000000000000000000000000000000000000000000000000000000000000000000000000000000000000000000000000000000000000000=
57079 345700 1130200 01064 01069 4
20100503110000 109 013 088 010 034 018 1001 122 015 024 024 1012 0000 0274 0282 1001 0274 1100 062 061 1029 226 0195 09888 09889 1004 09886 1037 0249 0281 1001 0249 1100 0257 0293 1001 0257 1100 0257 0249 0235 0219 0188 0154 0129 0126 //// 10010 ///// ///// ////
000000000000000000000000000000000000000000000000000000000000000000000000000000000000000000000000000000000000000000000000=
57072 345500 1124500 01275 01285 4
20100503110000 301 006 321 011 320 017 1056 310 006 310 023 1052 0000 0260 0273 1001 0260 1100 073 067 1004 245 0208 09868 09868 1100 09864 1011 0237 0269 1007 0237 1100 0254 0289 1001 0254 1100 0259 0250 0233 0216 0156 0135 0118 0119 //// 10015 ///// ///// ////
000000000000000000000000000000000000000000000000000000000000000000000000000000000000000000000000000000000000000000000000=
53982 351400 1131600 01120 01135 4
20100503110000 062 016 052 019 053 022 1035 059 011 065 037 1052 0000 0281 0288 1001 0281 1100 057 052 1003 217 0188 09889 09890 1001 09887 1049 0250 0265 1002 0250 1100 0269 0299 1001 0269 1100 0271 0264 0248 0233 0184 0152 0132 0136 //// 10018 ///// ///// ////
000000000000000000000000000000000000000000000000000000000000000000000000000000000000000000000000000000000000000000000000=
53979 350900 1130500 01200 01211 4
20100503110000 115 014 105 013 067 029 1004 118 018 062 043 1002 0000 0272 0281 1001 0272 1100 061 057 1001 220 0190 09881 09881 1100 09879 1007 0248 0277 1001 0248 1100 0263 0295 1001 0263 1100 0274 0266 0252 0235 0163 0145 0129 0133 //// 10019 ///// ///// ////
000000000000000000000000000000000000000000000000000000000000000000000000000000000000000000000000000000000000000000000000=
53992 353900 1143100 00582 00592 4
20100503110000 157 022 158 022 164 032 1028 142 020 167 046 1016 0000 0272 0279 1001 0272 1100 070 067 1001 252 0213 09956 09956 1100 09954 1003 0247 0260 1001 0247 1100 0256 0279 1001 0256 1100 0268 0261 0252 0233 0162 0135 0117 0122 //// 10024 ///// ///// ////
000000000000000000000000000000000000000000000000000000000000000000000000000000000000000000000000000000000000000000000000=
53974 353700 1141100 00723 00739 4
20100503110000 205 016 206 015 205 023 1042 209 018 203 041 1028 0000 0280 0287 1001 0280 1100 067 062 1001 253 0213 09944 09944 1100 09941 1001 0256 0277 1001 0256 1100 0275 0300 1001 0275 1100 0282 0276 0261 0243 0180 0146 0125 0129 //// 10028 ///// ///// ////
000000000000000000000000000000000000000000000000000000000000000000000000000000000000000000000000000000000000000000000000=
53990 354300 1141900 00795 00805 4
20100503110000 199 023 198 020 167 023 1013 184 025 173 033 1013 0000 0257 0265 1001 0257 1100 080 077 1013 264 0220 09934 09934 1100 09931 1002 0254 0272 1001 0254 1100 0262 0294 1001 0262 1100 0277 0270 0251 0235 0193 0150 0120 0116 //// 10027 ///// ///// ////
000000000000000000000000000000000000000000000000000000000000000000000000000000000000000000000000000000000000000000000000=
53991 355600 1142100 00743 00753 4
20100503110000 157 006 167 010 153 023 1001 024 004 185 029 1025 0000 0269 0278 1001 0269 1100 068 065 1001 241 0205 09942 09942 1100 09939 1005 0241 0271 1001 0241 1100 0262 0289 1001 0262 1100 0269 0262 0241 0228 0174 0142 0121 0123 //// 10028 ///// ///// ////
000000000000000000000000000000000000000000000000000000000000000000000000000000000000000000000000000000000000000000000000=
53889 360400 1134900 03068 03086 4
20100503110000 172 010 183 011 225 017 1003 122 009 218 027 1001 0000 0266 0270 1001 0266 1100 060 057 1001 209 0182 09678 09679 1049 09676 1024 0238 0261 1001 0238 1100 0257 0279 1001 0257 1100 0266 0264 0260 0254 0165 0131 0122 0108 //// 10027 ///// ///// ////
000000000000000000000000000000000000000000000000000000000000000000000000000000000000000000000000000000000000000000000000=
53995 353300 1143000 00625 00645 4
20100503110000 154 021 154 021 147 024 1050 156 027 130 036 1049 0000 0262 0270 1004 0262 1100 071 070 1002 241 0205 09954 09954 1100 09952 1016 0254 0274 1002 0254 1100 0271 0301 1001 0271 1100 0295 0291 0275 0255 0190 0151 0125 0123 //// 10028 ///// ///// ////
000000000000000000000000000000000000000000000000000000000000000000000000000000000000000000000000000000000000000000000000=
NNNN
