57090 344300 1135800 00781 00802 4
20100326020000 170 034 175 029 175 029 0200 153 043 167 056 0153 0000 0110 0111 0158 0078 0101 043 042 0159 056 -011 10150 10153 0120 10150 0156 0209 0211 0145 0163 0101 0227 0227 0200 0147 0101 0103 0079 0078 0085 0095 0094 0088 0120 //// 10249 ///// ///// ////
000000000000000000000000000000000000000000000000000000000000000000000000000000000000000000000000000000000000000000000000=
57083 344300 1133900 01104 01116 4
20100326020000 224 013 272 012 297 014 0151 178 010 233 023 0114 0000 0119 0119 0200 0096 0101 031 031 0200 043 -047 10111 10112 0134 10109 0118 0383 0383 0200 0259 0101 0230 0230 0200 0158 0101 0099 0079 0078 0086 0096 0099 0104 0126 0003 10248 ///// ///// ////
000000000000000000000000000000000000000000000000000000000000000000000000000000000000000000000000000000000000000000000000
100 000 000 /// //// //////////////////////// /// //// 6///1 0//// 7//// 1//// 2//// 3//// /// /// /// // 911// 915// 919// 934// 939//=
57086 342300 1134300 01166 01168 4
20100326020000 212 040 211 047 210 049 0158 206 033 195 075 0155 0000 0104 0104 0156 0075 0101 044 043 0158 055 -013 10108 10109 0132 10106 0114 0243 0247 0156 0209 0125 0199 0199 0200 0129 0101 0097 0073 0076 0086 0095 0095 0095 0116 //// 10252 ///// ///// ////
000000000000000000000000000000000000000000000000000000000000000000000000000000000000000000000000000000000000000000000000=
57085 343200 1132000 02599 02648 4
20100326020000 209 025 232 024 255 029 0109 212 008 257 048 0101 0000 0102 0102 0158 0082 0101 039 039 0200 049 -031 09925 09927 0151 09924 0103 0163 0178 0157 0123 0101 0233 0233 0200 0152 0101 0098 0075 0078 0085 0097 0098 0095 0121 //// 10249 ///// ///// ////
000000000000000000000000000000000000000000000000000000000000000000000000000000000000000000000000000000000000000000000000=
57081 344800 1132600 01409 01419 4
20100326020000 260 010 283 011 278 016 0149 302 014 327 039 0144 0000 0091 0091 0200 0068 0101 045 043 0155 052 -022 10076 10079 0129 10075 0101 0238 0238 0200 0183 0107 0236 0236 0200 0160 0101 0095 0074 0077 0083 0088 0094 0097 0117 //// 10251 ///// ///// ////
000000000000000000000000000000000000000000000000000000000000000000000000000000000000000000000000000000000000000000000000=
57080 344400 1125800 01652 01661 4
20100326020000 226 031 230 030 217 035 0140 218 022 198 058 0131 0000 0076 0076 0200 0051 0101 035 035 0156 037 -069 10050 10054 0147 10050 0155 0189 0189 0200 0130 0102 0216 0216 0200 0138 0101 0084 0070 0077 0085 0087 0089 0090 0119 //// 10255 ///// ///// ////
000000000000000000000000000000000000000000000000000000000000000000000000000000000000000000000000000000000000000000000000=
57082 342800 1130100 04271 04284 4
20100326020000 198 009 097 007 172 019 0125 164 016 178 030 0119 0000 0097 0097 0200 0076 0131 033 033 0200 040 -058 09731 09734 0138 09730 0101 0211 0226 0158 0172 0101 0224 0224 0200 0141 0101 0091 0070 0071 0079 0091 0097 0101 //// //// 10248 ///// ///// ////
000000000000000000000000000000000000000000000000000000000000000000000000000000000000000000000000000000000000000000000000=
57189 330800 1135700 00646 00655 4
20100326020000 210 027 195 031 194 032 0159 212 014 223 046 0145 0000 0112 0112 0200 0083 0101 055 054 0157 073 0025 10174 10180 0131 10174 0200 0197 0199 0159 0154 0101 0189 0190 0159 0141 0101 0106 0073 0067 0071 0089 0096 0100 0122 //// 10255 ///// ///// ////
000000000000000000000000000000000000000000000000000000000000000000000000000000000000000000000000000000000000000000000000=
57194 331700 1141600 00598 00609 4
20100326020000 206 041 204 043 198 049 0111 206 043 192 072 0103 0000 0108 0108 0200 0090 0101 053 052 0157 069 0016 10182 10186 0129 10182 0200 0178 0181 0151 0146 0108 0176 0176 0200 0128 0101 0086 0073 0073 0078 0093 0095 0099 0126 //// 10257 ///// ///// ////
000000000000000000000000000000000000000000000000000000000000000000000000000000000000000000000000000000000000000000000000=
57294 325000 1140100 00836 00846 4
20100326020000 228 028 226 027 225 027 0156 232 019 251 043 0133 0000 0112 0112 0159 0089 0101 046 045 0154 061 0000 10152 10155 0145 10152 0200 0178 0185 0149 0157 0105 0190 0190 0200 0140 0101 0098 0069 0069 0077 0092 0104 0103 0118 //// 10257 ///// ///// ////
000000000000000000000000000000000000000000000000000000000000000000000000000000000000000000000000000000000000000000000000=
57195 333700 1143700 00466 00476 4
20100326020000 234 022 233 023 240 027 0149 249 011 172 063 0146 0000 0114 0115 0159 0082 0101 042 040 0149 057 -010 10203 10205 0101 10202 0150 0203 0207 0158 0154 0101 0208 0208 0200 0145 0101 0113 0076 0074 0083 0099 0099 0103 0142 //// 10262 ///// ///// ////
000000000000000000000000000000000000000000000000000000000000000000000000000000000000000000000000000000000000000000000000=
57193 334700 1143100 00526 00541 4
20100326020000 206 015 201 024 176 028 0151 226 019 173 048 0142 0000 0107 0107 0200 0086 0101 051 048 0158 066 0010 10192 10196 0127 10192 0200 0237 0248 0151 0194 0119 0214 0214 0200 0146 0101 0103 0076 0074 0080 0100 0102 0106 0131 //// 10259 ///// ///// ////
000000000000000000000000000000000000000000000000000000000000000000000000000000000000000000000000000000000000000000000000=
58101 335200 1152900 00413 00428 4
20100326020000 225 026 212 035 205 037 0137 237 029 203 065 0155 0000 0112 0113 0155 0076 0131 036 034 0157 048 -033 10215 10215 0105 10213 0146 0217 0219 0151 0163 0102 0222 0222 0200 0148 0101 0108 0068 0067 0077 0095 0098 0101 0131 //// 10268 ///// ///// ////
000000000000000000000000000000000000000000000000000000000000000000000000000000000000000000000000000000000000000000000000=
57098 340500 1142400 00583 00593 4
20100326020000 196 031 192 030 195 034 0123 203 028 192 047 0120 0000 0109 0109 0200 0079 0101 052 049 0156 068 0014 10184 10187 0101 10183 0138 0209 0210 0159 0152 0105 0183 0183 0200 0124 0101 0121 0076 0066 0073 0097 0098 0099 0129 //// 10258 ///// ///// ////
000000000000000000000000000000000000000000000000000000000000000000000000000000000000000000000000000000000000000000000000=
57182 335100 1133000 00805 00814 4
20100326020000 232 037 229 031 222 035 0146 203 043 262 054 0105 0000 0112 0112 0200 0091 0101 045 044 0139 060 -003 10151 10155 0104 10151 0200 0201 0207 0156 0170 0101 0265 0266 0159 0186 0101 0109 0079 0087 0097 0108 0106 0108 0139 //// 10252 ///// ///// ////
000000000000000000000000000000000000000000000000000000000000000000000000000000000000000000000000000000000000000000000000=
58207 321000 1150300 00428 00440 4
20100326020000 202 035 199 034 193 039 0133 206 036 197 069 0127 0000 0116 0116 0200 0081 0101 036 034 0152 049 -030 10215 10218 0101 10213 0150 0216 0217 0159 0177 0101 0099 0099 0200 0066 0101 0216 0071 0069 0076 0101 0110 0114 0137 //// 10270 ///// ///// ////
000000000000000000000000000000000000000000000000000000000000000000000000000000000000000000000000000000000000000000000000=
53986 351900 1135300 00732 00740 4
20100326020000 200 015 240 013 292 016 0138 187 034 187 034 0200 0000 0111 0111 0200 0079 0101 036 036 0200 048 -034 10155 10158 0102 10155 0138 0240 0246 0156 0199 0103 0229 0229 0200 0146 0101 0097 0072 0071 0079 0090 0095 0099 0127 //// 10247 ///// ///// ////
000000000000000000000000000000000000000000000000000000000000000000000000000000000000000000000000000000000000000000000000=
53994 352300 1140400 00700 00712 4
20100326020000 263 032 260 031 262 031 0157 259 028 259 047 0151 0000 0106 0106 0200 0069 0101 038 036 0156 049 -031 10156 10160 0101 10156 0200 0236 0240 0159 0180 0104 0284 0284 0200 0183 0101 0095 0061 0067 0079 0088 0090 0095 0127 //// 10244 ///// ///// ////
000000000000000000000000000000000000000000000000000000000000000000000000000000000000000000000000000000000000000000000000=
57051 344800 1111200 04099 04117 4
20100326020000 094 018 097 013 112 015 0152 094 020 091 028 0159 0000 0093 0093 0200 0069 0101 020 020 0200 023 -125 09750 09751 0145 09750 0114 0192 0192 0200 0121 0101 0201 0201 0200 0143 0101 0090 0068 0071 0078 0079 0087 0088 0114 //// 10249 ///// ///// ////
000000000000000000000000000000000000000000000000000000000000000000000000000000000000000000000000000000000000000000000000=
57063 344600 1114600 05236 05236 4
20100326020000 135 012 141 015 150 015 0156 128 010 161 028 0151 0000 0086 0086 0200 0060 0101 023 023 0158 026 -114 09621 09623 0150 09620 0118 0231 0235 0156 0186 0104 0239 0239 0159 0153 0101 0067 0046 0054 0065 0073 0077 0084 0110 //// 10260 ///// ///// ////
000000000000000000000000000000000000000000000000000000000000000000000000000000000000000000000000000000000000000000000000=
57067 340300 1110200 05688 05699 4
20100326020000 220 014 221 011 215 017 0105 218 015 240 025 0111 0000 0063 0063 0200 0028 0101 046 044 0151 044 -045 09569 09571 0115 09569 0158 0201 0201 0200 0141 0101 0148 0148 0200 0070 0101 0056 0048 0071 0060 0084 0093 0096 0122 //// 10264 ///// ///// ////
000000000000000000000000000000000000000000000000000000000000000000000000000000000000000000000000000000000000000000000000=
57056 343200 1105300 03904 03909 4
20100326020000 326 006 318 007 058 011 0140 336 007 054 018 0137 0000 0080 0080 0200 0054 0101 028 027 0157 030 -094 09777 09778 0136 09776 0101 0218 0220 0159 0144 0101 0206 0206 0200 0120 0101 0078 0058 0067 0079 0086 0090 0094 0118 //// 10256 ///// ///// ////
000000000000000000000000000000000000000000000000000000000000000000000000000000000000000000000000000000000000000000000000=
58007 340400 1151800 00472 00532 4
20100326020000 209 027 191 032 188 036 0155 220 030 223 064 0152 0000 0109 0109 0159 0077 0101 042 041 0146 055 -015 10198 10200 0153 10198 0141 0184 0191 0159 0156 0102 0214 0214 0200 0139 0101 0094 0069 0071 0081 0093 0100 0103 0131 //// 10264 ///// ///// ////
000000000000000000000000000000000000000000000000000000000000000000000000000000000000000000000000000000000000000000000000=
58006 342300 1155300 00463 00506 4
20100326020000 209 061 206 060 206 060 0200 226 100 226 100 0200 0000 0112 0112 0200 0084 0101 032 032 0200 043 -049 10207 10210 0130 10207 0141 0185 0189 0151 0155 0101 0196 0196 0200 0126 0101 0088 0057 0057 0068 0092 0094 0098 0126 //// 10270 ///// ///// ////
000000000000000000000000000000000000000000000000000000000000000000000000000000000000000000000000000000000000000000000000=
58111 335800 1162700 00325 00325 4
20100326020000 203 043 203 042 205 043 0150 212 029 209 084 0141 0000 0094 0094 0159 0067 0101 042 042 0159 050 -029 10237 10237 0158 10234 0145 0240 0245 0154 0186 0102 0162 0165 0151 0116 0101 0087 0064 0061 0068 0087 0097 0106 0138 //// 10278 ///// ///// ////
000000000000000000000000000000000000000000000000000000000000000000000000000000000000000000000000000000000000000000000000=
58017 341500 1160800 00410 00420 4
20100326020000 197 041 189 049 185 053 0156 218 024 201 091 0151 0000 0101 0101 0200 0074 0101 038 036 0147 047 -036 10215 10218 0137 10215 0159 0202 0202 0200 0150 0102 0190 0190 0200 0131 0102 0091 0072 0072 0078 0096 0097 0103 0128 //// 10267 ///// ///// ////
000000000000000000000000000000000000000000000000000000000000000000000000000000000000000000000000000000000000000000000000=
58001 342600 1150600 00563 00569 4
20100326020000 213 053 215 049 215 049 0200 220 054 209 075 0115 0000 0106 0106 0200 0084 0102 043 043 0156 055 -015 10188 10190 0102 10188 0157 0165 0173 0149 0132 0106 0180 0182 0150 0139 0103 0086 0059 0058 0065 0087 0089 0094 0126 //// 10259 ///// ///// ////
000000000000000000000000000000000000000000000000000000000000000000000000000000000000000000000000000000000000000000000000=
58005 342700 1154000 00501 00511 4
20100326020000 222 051 212 051 206 055 0154 228 046 228 080 0124 0000 0104 0104 0200 0082 0101 035 034 0155 044 -044 10199 10201 0113 10198 0155 0228 0228 0200 0171 0101 0212 0212 0200 0145 0101 0098 0075 0070 0076 0093 0097 0104 0132 0001 10263 ///// ///// ////
000000000000000000000000000000000000000000000000000000000000000000000000000000000000000000000000000000000000000000000000
160 000 000 /// //// //////////////////////// /// //// 6///1 0//// 7//// 1//// 2//// 3//// /// /// /// // 911// 915// 919// 934// 939//=
58008 342800 1152000 00544 00592 4
20100326020000 205 040 204 039 202 044 0142 203 031 192 077 0139 0000 0108 0108 0200 0079 0101 036 035 0159 047 -037 10185 10187 0114 10184 0148 0268 0268 0200 0199 0102 0183 0183 0200 0134 0101 0091 0060 0056 0064 0091 0094 0099 0129 //// 10259 ///// ///// ////
000000000000000000000000000000000000000000000000000000000000000000000000000000000000000000000000000000000000000000000000=
58004 343900 1150900 00606 00616 4
20100326020000 233 029 229 037 218 044 0150 254 035 198 093 0131 0000 0105 0105 0200 0081 0101 040 039 0145 051 -025 10179 10182 0105 10179 0156 0192 0192 0158 0147 0101 0184 0184 0200 0117 0101 0092 0071 0067 0074 0097 0100 0102 0127 //// 10256 ///// ///// ////
000000000000000000000000000000000000000000000000000000000000000000000000000000000000000000000000000000000000000000000000=
54817 355900 1155200 00421 00434 4
20100326020000 201 038 217 037 217 041 0110 206 040 240 082 0110 0000 0098 0098 0200 0073 0101 047 047 0158 057 -010 10195 10198 0104 10194 0158 0182 0182 0200 0129 0105 0196 0196 0200 0126 0101 0084 0052 0053 0060 0079 0079 0088 0116 //// 10249 ///// ///// ////
000000000000000000000000000000000000000000000000000000000000000000000000000000000000000000000000000000000000000000000000=
54900 354200 1150100 00537 00541 4
20100326020000 213 033 211 036 201 042 0119 212 035 220 067 0113 0000 0093 0093 0200 0065 0101 053 053 0157 062 0002 10175 10181 0107 10175 0158 0206 0206 0157 0142 0101 0227 0227 0200 0145 0101 0090 0061 0062 0072 0081 0082 0084 0110 //// 10242 ///// ///// ////
000000000000000000000000000000000000000000000000000000000000000000000000000000000000000000000000000000000000000000000000=
54901 360500 1151000 00475 00478 4
20100326020000 202 060 204 050 210 056 0144 203 073 203 073 0200 0000 0091 0092 0157 0066 0101 049 049 0200 057 -010 10182 10185 0120 10182 0156 0167 0174 0154 0133 0101 0195 0195 0200 0128 0101 0086 0058 0057 0064 0079 0081 0078 0105 //// 10242 ///// ///// ////
000000000000000000000000000000000000000000000000000000000000000000000000000000000000000000000000000000000000000000000000=
54903 355100 1152900 00457 00506 4
20100326020000 220 041 221 043 218 048 0110 212 043 206 074 0113 0000 0091 0091 0200 0068 0101 049 049 0157 057 -010 10182 10186 0113 10182 0200 0165 0165 0200 0125 0101 0202 0202 0200 0134 0101 0082 0064 0065 0071 0078 0081 0091 0114 //// 10245 ///// ///// ////
000000000000000000000000000000000000000000000000000000000000000000000000000000000000000000000000000000000000000000000000=
57184 333800 1132200 00834 00847 4
20100326020000 225 019 214 024 206 027 0154 279 021 195 061 0112 0000 0115 0115 0200 0089 0101 046 044 0146 062 0003 10146 10150 0103 10144 0158 0137 0140 0143 0117 0107 0220 0220 0200 0176 0101 0111 0080 0078 0086 0097 0102 0104 0129 //// 10251 ///// ///// ////
000000000000000000000000000000000000000000000000000000000000000000000000000000000000000000000000000000000000000000000000=
57177 332000 1133200 00898 00913 4
20100326020000 237 042 226 036 230 044 0149 214 047 228 079 0148 0000 0116 0116 0200 0099 0101 039 038 0130 053 -019 10142 10146 0101 10141 0159 0211 0211 0200 0166 0103 0175 0175 0200 0124 0103 0084 0068 0057 0076 0099 0103 0106 0121 //// 10255 ///// ///// ////
000000000000000000000000000000000000000000000000000000000000000000000000000000000000000000000000000000000000000000000000=
57075 341000 1125200 02031 02043 4
20100326020000 145 015 130 013 150 021 0122 152 024 138 028 0121 0000 0094 0094 0200 0073 0101 054 049 0156 064 0006 10004 10007 0110 10004 0200 0172 0176 0142 0144 0111 0235 0235 0159 0166 0101 0108 0073 0071 0077 0094 0100 0098 0118 //// 10256 ///// ///// ////
000000000000000000000000000000000000000000000000000000000000000000000000000000000000000000000000000000000000000000000000=
57173 334500 1125300 01457 01468 4
20100326020000 198 030 204 031 210 034 0152 204 041 212 056 0145 0000 0109 0109 0200 0082 0101 050 048 0153 065 0009 10067 10071 0101 10066 0150 0212 0212 0200 0174 0101 0228 0228 0200 0158 0101 0100 0074 0077 0083 0098 0103 0105 0134 //// 10248 ///// ///// ////
000000000000000000000000000000000000000000000000000000000000000000000000000000000000000000000000000000000000000000000000=
57180 335900 1131200 01175 01186 4
20100326020000 220 039 229 033 229 033 0200 203 036 226 057 0159 0000 0105 0106 0155 0080 0101 052 050 0159 066 0011 10105 10109 0101 10105 0200 0181 0214 0149 0169 0115 0236 0242 0154 0160 0102 0104 0070 0072 0083 0097 0099 0102 0130 //// 10252 ///// ///// ////
000000000000000000000000000000000000000000000000000000000000000000000000000000000000000000000000000000000000000000000000=
57181 335300 1130300 01364 01380 4
20100326020000 230 034 218 044 206 046 0145 209 038 229 070 0141 0000 0105 0106 0155 0081 0101 056 055 0158 071 0021 10084 10087 0106 10083 0155 0181 0184 0154 0156 0126 0205 0205 0200 0143 0101 0095 0062 0067 0079 0093 0100 0103 0129 //// 10255 ///// ///// ////
000000000000000000000000000000000000000000000000000000000000000000000000000000000000000000000000000000000000000000000000=
57171 334600 1130700 01420 01430 4
20100326020000 197 065 193 064 192 085 0119 192 059 192 104 0117 0000 0109 0109 0200 0086 0101 048 048 0200 063 0003 10071 10073 0101 10070 0146 0143 0151 0157 0126 0113 0187 0189 0158 0136 0101 0103 0084 0084 0091 0104 0110 0115 0125 //// 10247 ///// ///// ////
000000000000000000000000000000000000000000000000000000000000000000000000000000000000000000000000000000000000000000000000=
57175 330300 1121400 01914 01922 4
20100326020000 243 013 207 014 137 021 0108 226 019 133 038 0113 0000 0095 0095 0157 0078 0103 059 059 0159 070 0019 10031 10031 0159 10030 0140 0181 0181 0200 0128 0101 0215 0215 0200 0142 0101 0105 0078 0081 0092 0101 0107 0111 0138 //// 10269 ///// ///// ////
000000000000000000000000000000000000000000000000000000000000000000000000000000000000000000000000000000000000000000000000=
57156 331800 1113000 02503 02523 4
20100326020000 117 011 156 007 290 012 0104 099 005 139 021 0155 0000 0095 0095 0200 0056 0101 040 039 0159 047 -034 09955 09957 0101 09955 0200 0117 0117 0200 0063 0101 0225 0229 0158 0118 0101 0096 0071 0076 0085 0098 0109 0117 0142 //// 10264 ///// ///// ////
000000000000000000000000000000000000000000000000000000000000000000000000000000000000000000000000000000000000000000000000=
57271 323300 1122300 00879 00897 4
20100326020000 187 031 183 038 179 043 0155 147 038 164 063 0140 0000 0101 0101 0200 0082 0108 060 059 0135 074 0027 10154 10155 0141 10153 0151 0207 0207 0200 0177 0105 0196 0196 0200 0152 0101 0110 0083 0082 0090 0099 0106 0114 0139 //// 10265 ///// ///// ////
000000000000000000000000000000000000000000000000000000000000000000000000000000000000000000000000000000000000000000000000=
57261 330700 1113100 02330 02345 4
20100326020000 051 007 092 008 117 014 0101 051 007 130 020 0104 0000 0092 0092 0200 0069 0101 051 051 0200 059 -004 09968 09970 0101 09968 0200 0154 0154 0200 0098 0101 0194 0194 0159 0130 0101 0098 0079 0079 0086 0109 0119 0128 //// //// 10254 ///// ///// ////
000000000000000000000000000000000000000000000000000000000000000000000000000000000000000000000000000000000000000000000000=
57273 324100 1125100 01095 01105 4
20100326020000 214 023 218 022 226 022 0145 246 021 226 040 0159 0000 0109 0109 0200 0082 0111 044 042 0159 057 -009 10126 10129 0117 10125 0154 0243 0243 0200 0178 0101 0214 0214 0200 0150 0101 0101 0078 0078 0089 0107 0110 0113 0136 //// 10262 ///// ///// ////
000000000000000000000000000000000000000000000000000000000000000000000000000000000000000000000000000000000000000000000000=
57187 330400 1125600 01180 01193 4
20100326020000 235 028 229 024 240 026 0155 240 034 262 046 0152 0000 0095 0095 0200 0077 0101 053 051 0148 063 0004 10108 10111 0104 10107 0151 0192 0200 0159 0162 0101 0199 0199 0159 0138 0101 0102 0067 0072 0082 0108 0110 0111 0132 //// 10255 ///// ///// ////
000000000000000000000000000000000000000000000000000000000000000000000000000000000000000000000000000000000000000000000000=
57169 330300 1115200 01591 01600 4
20100326020000 071 004 129 010 167 014 0148 322 004 136 023 0141 0000 0092 0092 0200 0070 0101 064 064 0200 074 0028 10069 10071 0116 10069 0134 0101 0101 0200 0070 0111 0190 0191 0159 0141 0101 0093 0072 0074 0084 0097 0105 0109 0133 //// 10267 ///// ///// ////
000000000000000000000000000000000000000000000000000000000000000000000000000000000000000000000000000000000000000000000000=
57176 332900 1122500 02311 02304 4
20100326020000 028 005 081 009 135 013 0143 212 007 201 024 0149 0000 0091 0091 0157 0075 0103 050 049 0135 058 -008 09980 09984 0102 09979 0156 0212 0217 0159 0160 0119 0179 0179 0200 0118 0101 0092 0071 0070 0078 0106 0111 0113 0130 //// 10263 ///// ///// ////
000000000000000000000000000000000000000000000000000000000000000000000000000000000000000000000000000000000000000000000000=
57179 331700 1130000 01604 01616 4
20100326020000 239 050 237 042 237 042 0200 226 041 243 071 0158 0000 0093 0094 0158 0075 0101 054 054 0200 063 0005 10063 10067 0113 10062 0142 0175 0182 0159 0136 0101 0165 0166 0159 0113 0101 0089 0069 0070 0077 0098 0104 0106 0132 //// 10262 ///// ///// ////
000000000000000000000000000000000000000000000000000000000000000000000000000000000000000000000000000000000000000000000000=
57274 324200 1120700 01076 01088 4
20100326020000 192 027 204 031 205 032 0157 218 016 192 053 0148 0000 0094 0094 0200 0075 0101 058 058 0200 068 0016 10130 10130 0141 10127 0108 0225 0241 0146 0181 0101 0188 0188 0200 0137 0101 0108 0086 0085 0093 0112 0114 0117 0140 //// 10265 ///// ///// ////
000000000000000000000000000000000000000000000000000000000000000000000000000000000000000000000000000000000000000000000000=
57065 343000 1121100 01949 01964 4
20100326020000 270 029 264 028 264 037 0101 257 027 285 052 0103 0000 0076 0076 0200 0045 0101 028 027 0143 029 -097 10016 10019 0109 10016 0131 0145 0145 0159 0093 0101 0230 0230 0200 0164 0101 0095 0075 0079 0089 0095 0102 0111 0138 //// 10258 ///// ///// ////
000000000000000000000000000000000000000000000000000000000000000000000000000000000000000000000000000000000000000000000000=
57074 342500 1122500 01973 01989 4
20100326020000 156 008 083 006 001 008 0156 130 008 004 024 0147 0000 0084 0084 0200 0058 0101 050 050 0200 055 -014 10012 10016 0119 10012 0159 0191 0191 0159 0143 0102 0229 0229 0200 0161 0101 0090 0074 0080 0090 0097 0102 0103 0125 //// 10257 ///// ///// ////
000000000000000000000000000000000000000000000000000000000000000000000000000000000000000000000000000000000000000000000000=
57070 344400 1120700 03640 03595 4
20100326020000 100 012 122 018 132 021 0153 102 005 125 035 0150 0000 0082 0082 0157 0068 0101 034 033 0145 037 -067 09816 09817 0114 09815 0134 0179 0184 0139 0146 0110 0228 0228 0200 0155 0101 0082 0064 0071 0080 0088 0092 0096 0122 //// 10255 ///// ///// ////
000000000000000000000000000000000000000000000000000000000000000000000000000000000000000000000000000000000000000000000000=
57162 340900 1120500 03258 03275 4
20100326020000 051 011 066 011 115 016 0121 049 009 082 030 0121 0000 0081 0081 0200 0067 0101 044 037 0133 047 -034 09855 09856 0153 09852 0120 0157 0169 0151 0123 0114 0200 0202 0152 0129 0101 0084 0064 0072 0085 0094 0097 0103 0132 //// 10256 ///// ///// ////
000000000000000000000000000000000000000000000000000000000000000000000000000000000000000000000000000000000000000000000000=
57078 340900 1122800 03365 03340 4
20100326020000 126 010 209 007 134 011 0101 133 009 122 015 0101 0000 0075 0075 0200 0050 0101 044 044 0200 046 -040 09845 09846 0118 09844 0128 0216 0216 0200 0161 0102 0173 0173 0200 0108 0101 0071 0050 0058 0073 0092 0097 0098 0118 //// 10253 ///// ///// ////
000000000000000000000000000000000000000000000000000000000000000000000000000000000000000000000000000000000000000000000000=
57071 344900 1122600 03333 03332 4
20100326020000 184 008 186 014 192 019 0126 130 005 184 035 0126 0000 0086 0086 0158 0062 0101 035 035 0200 039 -060 09847 09850 0124 09846 0159 0191 0198 0155 0152 0102 0237 0237 0200 0152 0101 0087 0066 0069 0078 0085 0088 0092 0119 //// 10254 ///// ///// ////
000000000000000000000000000000000000000000000000000000000000000000000000000000000000000000000000000000000000000000000000=
57066 342300 1114000 03283 03298 4
20100326020000 093 010 165 008 165 008 0200 085 008 091 020 0159 0000 0072 0072 0200 0043 0101 031 031 0200 031 -088 09850 09854 0135 09850 0158 0179 0179 0200 0098 0106 0177 0177 0200 0101 0101 0064 0053 0064 0077 0088 0090 0092 0115 //// 10254 ///// ///// ////
000000000000000000000000000000000000000000000000000000000000000000000000000000000000000000000000000000000000000000000000=
57077 334700 1113900 07424 07388 4
20100326020000 285 018 285 019 252 026 0129 285 020 257 036 0120 0000 0089 0089 0200 0049 0101 035 034 0156 040 -057 09370 09372 0121 09370 0156 0218 0218 0200 0141 0107 0190 0190 0200 0095 0101 0063 0042 0048 0058 0079 0085 0092 0115 //// 10252 ///// ///// ////
000000000000000000000000000000000000000000000000000000000000000000000000000000000000000000000000000000000000000000000000=
57183 334800 1135500 00600 00615 4
20100326020000 220 025 231 029 216 032 0154 220 027 212 047 0149 0000 0107 0107 0200 0078 0101 058 053 0156 075 0028 10177 10179 0139 10177 0129 0213 0213 0200 0174 0105 0186 0186 0200 0127 0101 0095 0075 0077 0084 0099 0099 0098 0122 //// 10254 ///// ///// ////
000000000000000000000000000000000000000000000000000000000000000000000000000000000000000000000000000000000000000000000000=
57186 333600 1140300 00587 00598 4
20100326020000 186 026 198 027 187 037 0135 182 024 182 047 0131 0000 0107 0107 0200 0085 0101 052 048 0154 067 0013 10182 10185 0101 10182 0200 0219 0228 0152 0160 0101 0238 0240 0152 0175 0101 0116 0082 0079 0088 0101 0103 0104 0133 //// 10256 ///// ///// ////
000000000000000000000000000000000000000000000000000000000000000000000000000000000000000000000000000000000000000000000000=
57096 343200 1144700 00597 00607 4
20100326020000 195 027 199 029 206 036 0130 181 020 220 059 0135 0000 0111 0111 0200 0081 0101 040 040 0200 053 -020 10175 10179 0101 10175 0200 0223 0231 0159 0156 0104 0272 0272 0200 0184 0101 0107 0075 0078 0087 0102 0100 0102 0128 //// 10250 ///// ///// ////
000000000000000000000000000000000000000000000000000000000000000000000000000000000000000000000000000000000000000000000000=
53978 350500 1123800 01401 01409 4
20100326020000 246 014 224 018 216 019 0158 237 013 226 030 0144 0000 0110 0110 0200 0080 0101 024 023 0157 031 -088 10074 10076 0142 10074 0200 0235 0236 0152 0184 0101 0243 0243 0200 0160 0101 0105 0079 0077 0088 0089 0093 0098 0125 //// 10247 ///// ///// ////
000000000000000000000000000000000000000000000000000000000000000000000000000000000000000000000000000000000000000000000000=
53987 350600 1132500 00910 00918 4
20100326020000 214 025 219 024 223 024 0159 206 017 218 040 0156 0000 0106 0108 0152 0084 0101 040 031 0136 051 -024 10136 10138 0143 10135 0101 0201 0204 0157 0178 0104 0218 0218 0200 0146 0101 0110 0083 0081 0088 0097 0099 0101 0127 //// 10250 ///// ///// ////
000000000000000000000000000000000000000000000000000000000000000000000000000000000000000000000000000000000000000000000000=
57079 345700 1130200 01064 01069 4
20100326020000 233 036 236 033 237 034 0154 237 047 241 054 0152 0000 0084 0084 0200 0053 0101 054 053 0158 059 -004 10117 10120 0116 10117 0200 0166 0171 0157 0118 0101 0230 0231 0159 0154 0101 0087 0069 0073 0081 0096 0096 0096 0120 //// 10250 ///// ///// ////
000000000000000000000000000000000000000000000000000000000000000000000000000000000000000000000000000000000000000000000000=
57072 345500 1124500 01275 01285 4
20100326020000 222 028 228 026 229 029 0118 226 025 242 047 0139 0000 0089 0090 0157 0058 0101 046 045 0158 052 -021 10093 10097 0108 10093 0200 0172 0180 0156 0135 0103 0227 0227 0200 0144 0101 0084 0065 0069 0078 0085 0087 0087 0113 //// 10252 ///// ///// ////
000000000000000000000000000000000000000000000000000000000000000000000000000000000000000000000000000000000000000000000000=
53982 351400 1131600 01120 01135 4
20100326020000 240 020 229 021 229 021 0200 243 034 243 034 0200 0000 0129 0129 0200 0101 0102 019 018 0146 028 -102 10103 10107 0113 10103 0200 0189 0191 0157 0167 0115 0261 0261 0200 0176 0101 0111 0086 0086 0094 0098 0098 0102 0131 //// 10242 ///// ///// ////
000000000000000000000000000000000000000000000000000000000000000000000000000000000000000000000000000000000000000000000000=
53979 350900 1130500 01200 01211 4
20100326020000 245 032 254 028 257 030 0120 250 033 239 043 0106 0000 0112 0112 0200 0085 0101 028 028 0200 037 -066 10099 10103 0101 10099 0200 0212 0221 0154 0164 0101 0302 0303 0159 0211 0101 0102 0075 0082 0092 0099 0100 0105 0132 //// 10248 ///// ///// ////
000000000000000000000000000000000000000000000000000000000000000000000000000000000000000000000000000000000000000000000000=
53974 353700 1141100 00723 00739 4
20100326020000 210 036 216 034 202 034 0148 175 015 201 069 0113 0000 0122 0122 0200 0087 0101 028 026 0156 040 -058 10146 10152 0113 10146 0159 0202 0215 0153 0147 0101 0248 0248 0200 0170 0101 0099 0071 0072 0079 0088 0092 0098 0124 //// 10237 ///// ///// ////
000000000000000000000000000000000000000000000000000000000000000000000000000000000000000000000000000000000000000000000000=
53990 354300 1141900 00795 00805 4
20100326020000 197 049 194 046 186 049 0143 192 049 184 067 0155 0000 0115 0115 0200 0071 0101 040 040 0200 054 -016 10138 10144 0101 10138 0200 0193 0201 0154 0143 0101 0284 0285 0159 0188 0101 0093 0066 0066 0077 0090 0085 0084 0110 //// 10238 ///// ///// ////
000000000000000000000000000000000000000000000000000000000000000000000000000000000000000000000000000000000000000000000000=
53991 355600 1142100 00743 00753 4
20100326020000 150 015 169 017 212 022 0128 136 010 142 045 0127 0000 0122 0122 0200 0079 0101 031 030 0159 044 -044 10142 10148 0101 10142 0200 0210 0218 0155 0151 0105 0268 0268 0200 0172 0101 0103 0069 0064 0076 0087 0085 0088 0118 //// 10235 ///// ///// ////
000000000000000000000000000000000000000000000000000000000000000000000000000000000000000000000000000000000000000000000000=
53889 360400 1134900 03068 03086 4
20100326020000 355 020 353 019 349 020 0148 352 022 040 030 0132 0000 0097 0098 0130 0074 0101 032 025 0128 038 -062 09860 09865 0107 09859 0138 0196 0203 0154 0161 0106 0209 0209 0200 0131 0101 0112 0078 0062 0059 0073 0076 0089 0098 //// 10237 ///// ///// ////
000000000000000000000000000000000000000000000000000000000000000000000000000000000000000000000000000000000000000000000000=
53995 353300 1143000 00625 00645 4
20100326020000 190 036 191 034 212 038 0140 195 032 198 056 0146 0000 0092 0092 0200 0060 0101 054 054 0200 063 0004 10163 10166 0101 10163 0151 0204 0204 0200 0140 0102 0224 0224 0200 0139 0101 0104 0071 0063 0070 0085 0088 0088 0116 //// 10243 ///// ///// ////
000000000000000000000000000000000000000000000000000000000000000000000000000000000000000000000000000000000000000000000000=
NNNN
