57083 344300 1133900 01104 01116 4
20100501050000 183 012 169 019 158 027 0435 344 009 152 042 0434 0000 0289 0291 0444 0283 0401 034 028 0426 135 0115 09981 09991 0401 09981 0500 0542 0586 0442 0540 0458 0466 0472 0443 0459 0402 0290 0235 0197 0176 0146 0135 0127 0129 0000 10110 ///// ///// ////
000000000000000000000000000000000000000000000000000000000000000000000000000000000000000000000000000000000000000000000000
160 000 000 /// //// //////////////////////// /// //// 6///1 0//// 7//// 1//// 2//// 3//// /// /// /// // 911// 915// 919// 934// 939//=
57290 330000 1140100 00827 00838 4
20100501050000 286 035 281 027 285 028 0429 226 035 277 052 0441 0000 0279 0279 0500 0267 0403 048 048 0500 180 0159 10030 10041 0401 10030 0459 0441 0441 0500 0422 0401 0500 0500 0500 0471 0401 0308 0246 0209 0193 0162 0144 0130 0135 //// 10127 ///// ///// ////
000000000000000000000000000000000000000000000000000000000000000000000000000000000000000000000000000000000000000000000000=
57188 332200 1140200 00559 00568 4
20100501050000 251 029 219 023 238 029 0448 299 056 299 056 0500 0000 0274 0274 0458 0262 0401 044 044 0500 161 0141 10059 10067 0401 10058 0455 0341 0343 0458 0325 0421 0530 0533 0459 0505 0401 0302 0234 0200 0182 0140 0130 0124 0134 //// 10126 ///// ///// ////
000000000000000000000000000000000000000000000000000000000000000000000000000000000000000000000000000000000000000000000000=
57293 324400 1145900 00380 00391 4
20100501050000 217 031 225 028 227 036 0436 217 029 234 058 0432 0000 0270 0271 0455 0264 0410 048 048 0500 171 0151 10087 10095 0406 10087 0500 0369 0391 0450 0362 0406 0485 0489 0455 0476 0405 0306 0243 0210 0187 0174 0153 0135 0136 //// 10133 ///// ///// ////
000000000000000000000000000000000000000000000000000000000000000000000000000000000000000000000000000000000000000000000000=
57196 332800 1145200 00420 00428 4
20100501050000 240 033 228 026 233 041 0412 243 032 232 054 0408 0000 0270 0270 0500 0261 0403 051 044 0415 182 0160 10078 10088 0401 10078 0500 0357 0372 0458 0334 0409 0433 0436 0459 0409 0409 0276 0219 0183 0166 0144 0134 0127 0132 //// 10128 ///// ///// ////
000000000000000000000000000000000000000000000000000000000000000000000000000000000000000000000000000000000000000000000000=
58104 332400 1150400 00412 00425 4
20100501050000 235 029 232 027 246 030 0430 229 038 282 049 0428 0000 0273 0274 0450 0265 0401 050 048 0430 181 0160 10081 10090 0401 10081 0500 0382 0395 0426 0372 0430 0480 0481 0451 0464 0401 0327 0253 0206 0184 0167 0142 0126 0135 //// 10131 ///// ///// ////
000000000000000000000000000000000000000000000000000000000000000000000000000000000000000000000000000000000000000000000000=
57198 333300 1143700 00463 00473 4
20100501050000 225 016 230 018 207 029 0407 185 019 251 045 0428 0000 0277 0278 0456 0269 0414 045 042 0457 167 0147 10072 10081 0401 10072 0500 0444 0450 0451 0415 0407 0510 0510 0500 0484 0405 0307 0240 0200 0182 0150 0141 0131 0139 //// 10127 ///// ///// ////
000000000000000000000000000000000000000000000000000000000000000000000000000000000000000000000000000000000000000000000000=
57192 334400 1145100 00455 00466 4
20100501050000 253 011 226 013 256 024 0415 240 012 274 038 0412 0000 0278 0278 0500 0268 0401 042 042 0500 157 0137 10073 10082 0401 10072 0458 0432 0432 0500 0393 0411 0430 0430 0459 0404 0401 0302 0237 0198 0180 0163 0147 0133 0141 //// 10128 ///// ///// ////
000000000000000000000000000000000000000000000000000000000000000000000000000000000000000000000000000000000000000000000000=
58100 333900 1151000 00414 00424 4
20100501050000 264 027 255 026 244 029 0432 285 031 229 045 0429 0000 0273 0273 0500 0263 0401 042 042 0500 152 0133 10078 10088 0401 10078 0500 0361 0374 0424 0339 0401 0526 0533 0451 0506 0401 0349 0269 0219 0194 0170 0151 0138 0141 //// 10128 ///// ///// ////
000000000000000000000000000000000000000000000000000000000000000000000000000000000000000000000000000000000000000000000000=
57089 340200 1135200 00668 00681 4
20100501050000 241 029 241 033 240 034 0459 260 041 203 066 0454 0000 0270 0270 0500 0259 0401 047 047 0451 168 0147 10043 10053 0402 10043 0500 0372 0381 0446 0350 0423 0367 0371 0444 0356 0422 0286 0229 0198 0180 0151 0135 0127 0132 //// 10123 ///// ///// ////
000000000000000000000000000000000000000000000000000000000000000000000000000000000000000000000000000000000000000000000000=
57296 322100 1144400 00489 00501 4
20100501050000 234 028 230 022 218 032 0404 206 025 198 050 0403 0000 0283 0283 0500 0269 0405 042 041 0436 162 0142 10074 10081 0401 10074 0500 0365 0372 0451 0346 0401 0526 0530 0455 0503 0404 0320 0247 0206 0189 0172 0152 0135 0133 //// 10133 ///// ///// ////
000000000000000000000000000000000000000000000000000000000000000000000000000000000000000000000000000000000000000000000000=
57396 313800 1145100 01287 01297 4
20100501050000 176 041 178 048 181 056 0451 172 036 195 079 0418 0000 0288 0290 0432 0282 0403 034 033 0459 135 0114 09980 09990 0401 09980 0500 0391 0399 0401 0358 0418 0518 0520 0447 0496 0420 0329 0253 0210 0186 0173 0151 //// //// //// 10131 ///// ///// ////
000000000000000000000000000000000000000000000000000000000000000000000000000000000000000000000000000000000000000000000000=
57390 314800 1140400 07335 07347 4
20100501050000 220 045 218 045 213 047 0457 242 052 222 104 0449 0000 0242 0242 0500 0230 0406 049 049 0500 148 0128 09314 09322 0401 09314 0500 0344 0348 0446 0320 0404 0474 0474 0500 0459 0404 0307 0238 0191 0166 0145 0126 //// //// //// 10138 ///// ///// ////
000000000000000000000000000000000000000000000000000000000000000000000000000000000000000000000000000000000000000000000000=
58207 321000 1150300 00428 00440 4
20100501050000 219 016 216 022 242 032 0409 237 021 262 054 0449 0000 0288 0288 0500 0277 0401 039 038 0454 154 0135 10078 10087 0401 10078 0500 0418 0423 0446 0396 0408 0300 0300 0500 0274 0401 0528 0225 0190 0174 0149 0143 0133 0139 //// 10130 ///// ///// ////
000000000000000000000000000000000000000000000000000000000000000000000000000000000000000000000000000000000000000000000000=
57299 320100 1145400 00494 00506 4
20100501050000 194 030 173 024 163 025 0440 214 024 127 043 0437 0000 0290 0290 0500 0281 0401 041 039 0443 164 0144 10070 10079 0401 10070 0500 0404 0431 0401 0396 0440 0496 0500 0446 0482 0401 0363 0314 0269 0235 0173 0151 0133 0131 //// 10129 ///// ///// ////
000000000000000000000000000000000000000000000000000000000000000000000000000000000000000000000000000000000000000000000000=
53997 350900 1141100 00711 00723 4
20100501050000 254 032 234 026 225 032 0403 276 031 178 044 0418 0000 0269 0269 0500 0249 0401 046 041 0437 163 0143 10030 10040 0401 10030 0500 0405 0412 0431 0359 0401 0478 0480 0458 0452 0403 0282 0227 0186 0171 0144 0133 0121 0125 //// 10114 ///// ///// ////
000000000000000000000000000000000000000000000000000000000000000000000000000000000000000000000000000000000000000000000000=
53994 352300 1140400 00700 00712 4
20100501050000 203 018 194 019 199 028 0411 233 016 186 044 0403 0000 0281 0281 0500 0263 0412 037 037 0500 141 0121 10030 10038 0401 10030 0500 0411 0419 0439 0384 0411 0566 0571 0458 0538 0411 0322 0239 0194 0169 0142 0129 0121 0129 //// 10113 ///// ///// ////
000000000000000000000000000000000000000000000000000000000000000000000000000000000000000000000000000000000000000000000000=
53988 351600 1134000 00776 00784 4
20100501050000 180 025 197 025 206 033 0415 167 023 153 059 0448 0000 0280 0281 0459 0268 0415 034 032 0438 128 0107 10017 10025 0401 10017 0500 0449 0459 0454 0434 0430 0559 0559 0500 0547 0405 0308 0241 0198 0178 0141 0131 0122 0128 //// 10109 ///// ///// ////
000000000000000000000000000000000000000000000000000000000000000000000000000000000000000000000000000000000000000000000000=
53985 352700 1134900 00964 00979 4
20100501050000 305 012 300 014 276 018 0402 274 012 240 038 0443 0000 0279 0279 0500 0262 0401 038 033 0417 143 0123 09997 10006 0401 09997 0500 0409 0409 0500 0376 0405 0541 0541 0500 0496 0431 0265 0221 0183 0168 0152 0133 0118 0122 //// 10111 ///// ///// ////
000000000000000000000000000000000000000000000000000000000000000000000000000000000000000000000000000000000000000000000000=
53983 350200 1142500 00696 00708 4
20100501050000 222 021 218 022 208 028 0449 231 031 200 043 0443 0000 0277 0277 0500 0264 0401 044 039 0450 163 0143 10033 10042 0401 10033 0500 0396 0400 0403 0384 0401 0507 0507 0457 0487 0401 0328 0250 0206 0183 0132 0125 0117 0126 //// 10116 ///// ///// ////
000000000000000000000000000000000000000000000000000000000000000000000000000000000000000000000000000000000000000000000000=
57171 334600 1130700 01420 01430 4
20100501050000 105 019 115 019 099 024 0414 133 019 105 038 0413 0000 0271 0271 0500 0250 0406 052 050 0453 186 0164 09952 09962 0401 09952 0500 0363 0365 0451 0329 0401 0440 0440 0500 0402 0401 0324 0237 0201 0183 0171 0158 0140 0137 //// 10118 ///// ///// ////
000000000000000000000000000000000000000000000000000000000000000000000000000000000000000000000000000000000000000000000000=
57185 332700 1133500 00911 00921 4
20100501050000 254 030 254 030 241 036 0448 245 026 228 066 0443 0000 0278 0279 0458 0269 0401 044 044 0500 164 0144 10015 10026 0401 10015 0500 0363 0378 0437 0355 0441 0537 0538 0458 0511 0402 0292 0238 0206 0183 0165 0147 0128 0128 //// 10123 ///// ///// ////
000000000000000000000000000000000000000000000000000000000000000000000000000000000000000000000000000000000000000000000000=
57093 345100 1144900 00733 00740 4
20100501050000 224 035 225 032 215 035 0455 220 042 256 052 0453 0000 0267 0267 0500 0258 0401 043 042 0451 151 0131 10033 10043 0401 10033 0500 0372 0379 0451 0352 0417 0507 0515 0447 0493 0401 0305 0230 0187 0165 0153 0135 0122 0124 //// 10120 ///// ///// ////
000000000000000000000000000000000000000000000000000000000000000000000000000000000000000000000000000000000000000000000000=
53984 351400 1132800 00827 00837 4
20100501050000 205 036 215 038 230 046 0432 204 034 218 076 0414 0000 0275 0275 0500 0263 0401 035 032 0427 128 0107 10008 10018 0401 10008 0500 0373 0373 0500 0336 0401 0500 0500 0445 0472 0401 0277 0220 0185 0173 0153 0138 0123 0125 //// 10106 ///// ///// ////
000000000000000000000000000000000000000000000000000000000000000000000000000000000000000000000000000000000000000000000000=
53972 350700 1125500 01196 01210 4
20100501050000 206 028 220 030 226 031 0459 173 021 240 045 0457 0000 0265 0265 0500 0255 0417 033 033 0500 114 0089 09973 09984 0401 09973 0500 0348 0362 0430 0348 0500 0540 0544 0450 0523 0416 0283 0231 0200 0181 0154 0142 0133 0139 //// 10114 ///// ///// ////
000000000000000000000000000000000000000000000000000000000000000000000000000000000000000000000000000000000000000000000000=
NNNN
