57090 344300 1135800 00781 00802 4
20100323050000 023 029 041 034 043 038 0411 018 045 040 060 0457 0000 0119 0120 0456 0111 0408 041 039 0455 057 -009 10113 10118 0403 10113 0500 0173 0184 0452 0136 0406 0169 0169 0500 0132 0406 0115 0101 0095 0096 0096 0092 0084 0119 //// 10211 ///// ///// ////
000000000000000000000000000000000000000000000000000000000000000000000000000000000000000000000000000000000000000000000000=
57083 344300 1133900 01104 01116 4
20100323050000 072 034 067 034 066 035 0443 070 032 087 051 0453 0000 0125 0125 0500 0114 0401 033 031 0457 048 -033 10074 10080 0401 10074 0500 0254 0270 0456 0193 0402 0178 0180 0456 0134 0401 0115 0102 0097 0098 0096 0097 0102 0126 0002 10210 ///// ///// ////
000000000000000000000000000000000000000000000000000000000000000000000000000000000000000000000000000000000000000000000000
120 010 000 /// //// /////////////////////ACR /// //// 6///1 0//// 7//// 1//// 2//// 3//// /// /// /// // 911// 915// 919// 934// 939//=
57086 342300 1134300 01166 01168 4
20100323050000 050 022 026 024 026 024 0500 040 015 018 040 0454 0000 0102 0103 0453 0094 0401 047 043 0446 058 -006 10071 10078 0405 10071 0500 0148 0155 0437 0116 0401 0143 0146 0451 0115 0401 0110 0097 0096 0097 0099 0094 0092 0116 //// 10214 ///// ///// ////
000000000000000000000000000000000000000000000000000000000000000000000000000000000000000000000000000000000000000000000000=
57085 343200 1132000 02599 02648 4
20100323050000 069 028 073 030 070 031 0454 097 046 052 049 0452 0000 0109 0109 0459 0103 0402 028 028 0500 036 -069 09892 09898 0401 09892 0459 0145 0145 0500 0122 0401 0174 0174 0500 0134 0401 0112 0098 0096 0096 0101 0098 0091 0121 //// 10212 ///// ///// ////
000000000000000000000000000000000000000000000000000000000000000000000000000000000000000000000000000000000000000000000000=
57081 344800 1132600 01409 01419 4
20100323050000 048 017 052 015 079 017 0403 080 013 032 037 0437 0000 0117 0117 0500 0105 0404 035 032 0439 048 -032 10041 10046 0410 10041 0459 0182 0183 0459 0141 0404 0171 0171 0459 0144 0404 0119 0106 0103 0097 0089 0092 0094 0117 //// 10214 ///// ///// ////
000000000000000000000000000000000000000000000000000000000000000000000000000000000000000000000000000000000000000000000000=
57084 343000 1130300 11784 11790 4
20100323050000 089 047 080 052 076 080 0408 114 044 080 115 0406 0000 0038 0038 0500 0029 0403 051 044 0452 041 -054 08840 08845 0401 08839 0407 0087 0087 0500 0051 0404 0091 0091 0500 0057 0404 0059 0051 0052 0055 0060 //// //// //// //// 10209 ///// ///// ////
000000000000000000000000000000000000000000000000000000000000000000000000000000000000000000000000000000000000000000000000=
57080 344400 1125800 01652 01661 4
20100323050000 070 029 056 030 068 033 0402 063 028 063 052 0452 0000 0114 0115 0458 0105 0401 026 026 0500 035 -074 10011 10018 0405 10011 0459 0170 0185 0449 0132 0408 0169 0169 0459 0122 0401 0110 0097 0095 0095 0090 0087 0087 0119 //// 10213 ///// ///// ////
000000000000000000000000000000000000000000000000000000000000000000000000000000000000000000000000000000000000000000000000=
57082 342800 1130100 04271 04284 4
20100323050000 225 014 174 016 169 026 0413 218 022 156 041 0404 0000 0087 0087 0453 0083 0414 038 038 0458 043 -048 09698 09705 0401 09698 0500 0148 0148 0500 0103 0420 0139 0139 0500 0103 0420 0094 0091 0093 0096 0099 0099 0099 //// //// 10214 ///// ///// ////
000000000000000000000000000000000000000000000000000000000000000000000000000000000000000000000000000000000000000000000000=
57295 323700 1142100 00785 00802 4
20100323050000 072 024 085 019 083 022 0451 077 022 102 051 0426 0001 0076 0076 0455 0069 0401 079 079 0500 082 0042 10108 10108 0440 10105 0413 0108 0119 0420 0104 0457 0106 0108 0441 0097 0402 0102 0091 0093 0100 0106 0103 0101 0128 //// 10207 ///// ///// ////
000000000000000000000000000000000000000000000100000000000000000000000000000000000000000000000000000000000000000000000000=
57188 332200 1140200 00559 00568 4
20100323050000 287 019 295 020 294 020 0459 308 019 302 030 0451 0000 0082 0083 0450 0079 0401 074 073 0439 080 0038 10142 10148 0409 10138 0444 0104 0131 0405 0104 0458 0122 0128 0429 0118 0401 0107 0098 0101 0101 0098 0095 0100 0133 //// 10212 ///// ///// ////
000000000000000000000000000000000000000000000000000000000000000000000000000000000000000000000000000000000000000000000000=
57293 324400 1145900 00380 00391 4
20100323050000 078 033 086 029 086 035 0439 085 030 054 054 0437 0000 0075 0075 0500 0069 0401 080 080 0500 083 0043 10157 10160 0401 10155 0444 0087 0088 0459 0075 0402 0097 0099 0432 0091 0402 0092 0093 0097 0101 0113 0106 0104 0132 //// 10205 ///// ///// ////
000000000000000000000000000000000000000000000000000000000000000000000000000000000000000000000000000000000000000000000000=
57189 330800 1135700 00646 00655 4
20100323050000 270 006 255 004 010 007 0431 268 004 021 025 0423 0000 0079 0079 0451 0074 0401 081 081 0454 086 0048 10133 10137 0405 10133 0458 0104 0106 0451 0087 0415 0110 0112 0451 0097 0414 0101 0098 0099 0102 0100 0097 0096 0122 //// 10214 ///// ///// ////
000000000000000000000000000000000000000000000000000000000000000000000000000000000000000000000000000000000000000000000000=
57194 331700 1141600 00598 00609 4
20100323050000 341 004 332 006 323 012 0448 358 005 330 022 0440 0000 0080 0081 0457 0076 0406 076 076 0500 081 0040 10133 10139 0417 10133 0500 0110 0110 0500 0099 0420 0117 0117 0500 0106 0401 0100 0097 0099 0101 0098 0095 0096 0126 //// 10208 ///// ///// ////
000000000000000000000000000000000000000000000000000000000000000000000000000000000000000000000000000000000000000000000000=
57197 330000 1142000 00489 00545 4
20100323050000 023 016 003 014 086 015 0429 015 019 327 029 0442 0000 0080 0080 0459 0075 0402 084 084 0500 090 0055 10143 10145 0446 10141 0426 0104 0108 0436 0096 0401 0104 0105 0440 0096 0401 0097 0093 0093 0093 0105 0102 0099 0125 //// 10210 ///// ///// ////
000000000000000000000000000000000000000000000000000000000000000000000000000000000000000000000000000000000000000000000000=
57294 325000 1140100 00836 00846 4
20100323050000 014 020 028 019 028 019 0500 023 016 040 027 0452 0000 0072 0072 0447 0069 0405 088 087 0436 089 0053 10103 10107 0429 10103 0459 0088 0097 0412 0083 0443 0099 0106 0416 0097 0444 0093 0092 0095 0100 0105 0108 0101 0118 //// 10208 ///// ///// ////
000000000000000000000000000000000000000000000000000000000000000000000000000000000000000000000000000000000000000000000000=
57292 325800 1143800 00444 00453 4
20100323050000 030 012 063 015 078 022 0423 032 015 060 049 0414 0000 0076 0076 0500 0073 0401 082 082 0500 086 0047 10155 10155 0500 10152 0404 0111 0114 0401 0103 0418 0107 0107 0500 0104 0422 0096 0094 0096 0103 0107 0105 0103 0133 //// 10211 ///// ///// ////
000000000000000000000000000000000000000000000000000000000000000000000000000000000000000000000000000000000000000000000000=
57195 333700 1143700 00466 00476 4
20100323050000 260 014 265 014 272 016 0458 274 010 262 028 0419 0000 0089 0089 0500 0084 0401 077 076 0448 088 0051 10149 10156 0401 10149 0500 0111 0119 0431 0104 0441 0133 0135 0432 0123 0401 0114 0102 0101 0103 0104 0098 0101 0142 //// 10208 ///// ///// ////
000000000000000000000000000000000000000000000000000000000000000000000000000000000000000000000000000000000000000000000000=
57193 334700 1143100 00526 00541 4
20100323050000 284 017 279 019 273 024 0440 257 011 302 038 0433 0000 0091 0091 0454 0088 0401 075 075 0446 087 0049 10143 10152 0404 10143 0500 0123 0126 0406 0112 0439 0127 0129 0421 0122 0439 0112 0105 0104 0104 0105 0100 0103 0131 //// 10210 ///// ///// ////
000000000000000000000000000000000000000000000000000000000000000000000000000000000000000000000000000000000000000000000000=
57099 340400 1145100 00526 00536 4
20100323050000 267 029 257 029 248 031 0456 262 033 253 044 0454 0000 0099 0102 0429 0097 0401 076 073 0436 093 0059 10143 10151 0401 10143 0500 0119 0136 0429 0111 0455 0136 0150 0434 0132 0401 0116 0102 0095 0096 0100 0093 0097 0132 //// 10209 ///// ///// ////
000000000000000000000000000000000000000000000000000000000000000000000000000000000000000000000000000000000000000000000000=
58101 335200 1152900 00413 00428 4
20100323050000 289 023 287 018 269 026 0404 279 019 271 045 0401 0000 0087 0087 0459 0084 0401 083 082 0426 093 0060 10154 10162 0401 10153 0458 0111 0113 0456 0101 0401 0110 0111 0458 0102 0401 0105 0097 0096 0097 0101 0097 0098 0131 //// 10207 ///// ///// ////
000000000000000000000000000000000000000000000000000000000000000000000000000000000000000000000000000000000000000000000000=
57192 334400 1145100 00455 00466 4
20100323050000 265 018 282 019 282 019 0500 256 014 276 029 0455 0000 0092 0092 0500 0088 0401 076 073 0423 088 0052 10150 10158 0401 10150 0500 0129 0130 0449 0114 0406 0131 0131 0500 0118 0406 0107 0103 0105 0107 0110 0106 0106 0141 //// 10207 ///// ///// ////
000000000000000000000000000000000000000000000000000000000000000000000000000000000000000000000000000000000000000000000000=
57098 340500 1142400 00583 00593 4
20100323050000 259 037 250 037 243 038 0456 257 046 231 050 0454 0000 0097 0097 0500 0091 0401 076 074 0404 091 0057 10136 10143 0404 10136 0500 0121 0133 0441 0111 0401 0126 0131 0442 0111 0401 0115 0102 0097 0098 0101 0095 0096 0129 //// 10209 ///// ///// ////
000000000000000000000000000000000000000000000000000000000000000000000000000000000000000000000000000000000000000000000000=
57190 334500 1142400 00505 00516 4
20100323050000 277 027 280 026 273 030 0441 278 030 278 037 0457 0000 0088 0088 0500 0084 0407 078 077 0410 088 0052 10145 10156 0401 10145 0500 0105 0109 0450 0100 0439 0117 0119 0454 0113 0441 0106 0099 0097 0098 0101 0097 0100 0130 //// 10209 ///// ///// ////
000000000000000000000000000000000000000000000000000000000000000000000000000000000000000000000000000000000000000000000000=
58100 333900 1151000 00414 00424 4
20100323050000 298 014 314 012 303 017 0446 257 014 322 026 0444 0000 0088 0088 0500 0082 0401 077 077 0500 087 0050 10153 10162 0401 10153 0500 0114 0120 0418 0102 0445 0138 0140 0422 0119 0401 0114 0102 0103 0106 0110 0106 0108 0136 //// 10205 ///// ///// ////
000000000000000000000000000000000000000000000000000000000000000000000000000000000000000000000000000000000000000000000000=
57088 340900 1133000 01161 01177 4
20100323050000 037 009 058 015 079 024 0412 358 008 074 038 0453 0000 0107 0107 0500 0100 0401 050 048 0450 064 0007 10071 10077 0401 10069 0443 0141 0148 0446 0123 0401 0146 0147 0458 0120 0401 0116 0103 0101 0102 0102 0099 0101 0126 //// 10215 ///// ///// ////
000000000000000000000000000000000000000000000000000000000000000000000000000000000000000000000000000000000000000000000000=
57095 340700 1140900 00611 00622 4
20100323050000 267 019 266 021 259 026 0445 248 018 245 039 0437 0000 0102 0102 0500 0094 0401 074 073 0448 092 0058 10133 10139 0402 10133 0500 0144 0145 0457 0112 0403 0160 0160 0500 0120 0401 0131 0113 0106 0103 0100 0095 0094 0125 //// 10209 ///// ///// ////
000000000000000000000000000000000000000000000000000000000000000000000000000000000000000000000000000000000000000000000000=
57182 335100 1133000 00805 00814 4
20100323050000 302 022 295 021 279 023 0448 330 018 287 040 0443 0000 0093 0093 0500 0084 0401 077 076 0444 090 0055 10113 10121 0403 10113 0500 0114 0118 0452 0097 0406 0132 0132 0453 0110 0401 0109 0103 0107 0108 0109 0104 0106 0139 //// 10213 ///// ///// ////
000000000000000000000000000000000000000000000000000000000000000000000000000000000000000000000000000000000000000000000000=
57087 341200 1134800 00877 00885 4
20100323050000 026 019 023 021 024 022 0459 094 012 037 031 0441 0000 0105 0105 0500 0100 0408 048 046 0454 061 0000 10103 10109 0401 10103 0500 0139 0148 0447 0119 0408 0130 0134 0450 0109 0401 0107 0100 0099 0098 0097 0094 0096 0124 //// 10211 ///// ///// ////
000000000000000000000000000000000000000000000000000000000000000000000000000000000000000000000000000000000000000000000000=
57297 320800 1140300 01145 01154 4
20100323050000 047 031 060 034 064 053 0432 060 043 063 082 0426 0001 0061 0061 0500 0055 0401 088 087 0455 083 0043 10063 10064 0435 10059 0419 0063 0069 0410 0060 0401 0078 0086 0423 0075 0401 0083 0089 0098 0106 0118 0118 0114 //// //// 10205 ///// ///// ////
000000000000000000000000000000000000000000000000000001000000000000000000000000000000000000000000000000000000000000000000=
57296 322100 1144400 00489 00501 4
20100323050000 091 035 094 039 091 044 0446 096 036 096 076 0445 0014 0067 0067 0500 0061 0404 089 088 0401 087 0050 10139 10145 0401 10139 0500 0075 0075 0459 0061 0401 0100 0100 0500 0079 0401 0089 0093 0102 0110 0117 0111 0109 0132 //// 10201 ///// ///// ////
000000010100000100000000000100000000010000000101000001000000000100000000010000000000010100000000010000000000010000000000=
58301 314900 1152300 00916 00929 4
20100323050000 053 054 049 052 062 057 0423 079 049 034 094 0459 0044 0059 0061 0401 0059 0500 091 087 0415 084 0045 10072 10084 0401 10072 0500 0061 0063 0453 0058 0422 0073 0074 0452 0070 0424 0081 0090 0100 0107 0120 0119 0107 0128 //// 10187 ///// ///// ////
010001010101010001010100010100010100010102010001010001010001010001010001010101000101010001010001010001010002000100010001=
57390 314800 1140400 07335 07347 4
20100323050000 036 054 036 055 036 091 0420 054 020 034 240 0418 0002 0015 0016 0456 0011 0423 100 100 0500 068 0015 09310 09311 0444 09303 0418 0030 0030 0500 0020 0425 0047 0047 0500 0037 0430 0045 0051 0064 0076 0097 0094 //// //// //// 10189 ///// ///// ////
000000020000000000000000000000000000000000000000000000000000000000000000000000000000000000000000000000000000000000000000=
58207 321000 1150300 00428 00440 4
20100323050000 068 071 069 071 069 071 0500 082 057 066 096 0459 0028 0053 0053 0500 0048 0401 089 089 0500 079 0036 10144 10150 0409 10143 0451 0055 0056 0453 0046 0405 0073 0073 0500 0071 0405 0070 0086 0095 0104 0117 0113 0111 0138 //// 10199 ///// ///// ////
010001010001000100000001000000010001010000010000010003010001000000010000010000010101010001010000000100000002000000000001=
58205 322800 1152600 00349 00360 4
20100323050000 090 064 085 061 085 061 0500 082 057 063 088 0454 0037 0059 0063 0401 0059 0500 087 086 0456 081 0039 10159 10163 0401 10159 0500 0057 0064 0440 0057 0456 0077 0077 0452 0070 0402 0078 0078 0083 0084 0117 0110 0109 0123 //// 10204 ///// ///// ////
000001000100010100010001010001010001020100010101000101000100010100000101000100010100010001000100020100010100010001000100=
58208 321000 1153700 00429 00439 4
20100323050000 075 041 075 035 065 038 0401 067 034 084 065 0457 0059 0050 0053 0401 0050 0500 084 082 0401 073 0025 10150 10153 0401 10149 0452 0052 0055 0429 0051 0404 0066 0068 0452 0063 0408 0077 0092 0101 0111 0115 0112 0111 0139 //// 10205 ///// ///// ////
010101010201010202020102010201010201010201010101010101000101010101010100010101000101010001010100010001010100010001010100=
57299 320100 1145400 00494 00506 4
20100323050000 044 064 050 064 053 069 0454 043 057 065 118 0453 0039 0056 0056 0500 0052 0401 089 088 0452 081 0039 10127 10136 0401 10126 0457 0064 0065 0457 0052 0407 0077 0078 0458 0063 0407 0075 0077 0083 0089 0115 0111 0106 0126 //// 10190 ///// ///// ////
020100010100020100010100020101010101020100020101010000020100010001000200010000010001010000000100000001000000000100000000=
53989 350300 1135700 00766 00777 4
20100323050000 045 031 050 029 037 041 0401 021 029 040 066 0443 0000 0125 0125 0500 0111 0401 033 031 0430 048 -033 10119 10126 0403 10119 0500 0199 0206 0457 0151 0401 0208 0210 0458 0149 0401 0130 0106 0097 0094 0093 0090 0094 0123 //// 10214 ///// ///// ////
000000000000000000000000000000000000000000000000000000000000000000000000000000000000000000000000000000000000000000000000=
53997 350900 1141100 00711 00723 4
20100323050000 029 031 036 036 047 039 0410 004 022 015 064 0406 0000 0120 0120 0500 0109 0401 033 033 0500 046 -038 10127 10133 0411 10127 0500 0173 0218 0418 0157 0401 0187 0202 0418 0156 0401 0129 0107 0096 0095 0093 0092 0096 0124 //// 10215 ///// ///// ////
000000000000000000000000000000000000000000000000000000000000000000000000000000000000000000000000000000000000000000000000=
53986 351900 1135300 00732 00740 4
20100323050000 052 046 047 046 058 055 0427 085 058 043 085 0411 0000 0129 0132 0423 0127 0401 025 022 0453 037 -066 10126 10133 0403 10126 0459 0179 0195 0417 0172 0450 0203 0225 0421 0201 0458 0137 0111 0099 0096 0093 0093 0097 0128 //// 10216 ///// ///// ////
000000000000000000000000000000000000000000000000000000000000000000000000000000000000000000000000000000000000000000000000=
53994 352300 1140400 00700 00712 4
20100323050000 037 041 044 037 046 042 0439 009 032 046 071 0449 0000 0134 0136 0435 0130 0401 024 024 0500 037 -068 10129 10136 0404 10128 0459 0203 0227 0428 0198 0439 0246 0264 0427 0240 0408 0151 0109 0096 0093 0091 0088 0093 0127 //// 10216 ///// ///// ////
000000000000000000000000000000000000000000000000000000000000000000000000000000000000000000000000000000000000000000000000=
53985 352700 1134900 00964 00979 4
20100323050000 129 010 111 011 105 014 0430 285 006 150 030 0447 0000 0143 0143 0500 0138 0403 020 019 0430 033 -084 10093 10102 0401 10093 0500 0165 0179 0410 0159 0441 0208 0219 0412 0201 0440 0122 0103 0088 0084 0080 0077 0083 0118 //// 10212 ///// ///// ////
000000000000000000000000000000000000000000000000000000000000000000000000000000000000000000000000000000000000000000000000=
53998 351200 1143900 00616 00625 4
20100323050000 042 035 031 029 358 033 0401 043 041 355 058 0402 0000 0121 0121 0500 0100 0431 039 038 0456 055 -014 10136 10143 0402 10136 0500 0226 0226 0500 0144 0401 0231 0231 0500 0143 0401 0128 0100 0093 0092 0095 0094 0094 0129 //// 10212 ///// ///// ////
000000000000000000000000000000000000000000000000000000000000000000000000000000000000000000000000000000000000000000000000=
57051 344800 1111200 04099 04117 4
20100323050000 103 046 099 046 097 048 0454 094 057 088 095 0456 0000 0117 0117 0500 0105 0401 034 034 0500 047 -036 09699 09716 0401 09698 0459 0226 0226 0500 0158 0401 0259 0259 0500 0173 0401 0130 0105 0100 0098 0089 0086 0085 0114 //// 10189 ///// ///// ////
000000000000000000000000000000000000000000000000000000000000000000000000000000000000000000000000000000000000000000000000=
57063 344600 1114600 05236 05236 4
20100323050000 119 046 116 044 113 048 0440 102 037 130 079 0417 0000 0087 0088 0457 0081 0415 040 040 0458 045 -041 09581 09595 0406 09581 0500 0145 0145 0500 0114 0411 0172 0172 0500 0138 0411 0099 0084 0079 0079 0075 0076 0082 0110 //// 10206 ///// ///// ////
000000000000000000000000000000000000000000000000000000000000000000000000000000000000000000000000000000000000000000000000=
57067 340300 1110200 05688 05699 4
20100323050000 233 005 157 009 228 014 0409 243 003 246 022 0402 0000 0057 0058 0458 0043 0401 073 073 0454 067 0012 09518 09539 0402 09518 0500 0148 0148 0500 0112 0402 0175 0175 0459 0126 0401 0102 0080 0083 0079 0093 0099 0093 0122 //// 10203 ///// ///// ////
000000000000000000000000000000000000000000000000000000000000000000000000000000000000000000000000000000000000000000000000=
57056 343200 1105300 03904 03909 4
20100323050000 161 045 161 047 161 047 0500 170 030 156 089 0426 0000 0110 0111 0451 0105 0431 038 037 0453 050 -028 09714 09737 0401 09714 0500 0183 0183 0500 0147 0429 0213 0213 0500 0173 0415 0126 0104 0096 0096 0090 0089 0091 0118 //// 10180 ///// ///// ////
000000000000000000000000000000000000000000000000000000000000000000000000000000000000000000000000000000000000000000000000=
58007 340400 1151800 00472 00532 4
20100323050000 248 018 242 016 221 019 0401 237 021 232 036 0429 0000 0098 0098 0452 0091 0401 076 076 0456 092 0058 10139 10147 0410 10139 0447 0126 0132 0437 0102 0401 0140 0141 0459 0113 0401 0110 0102 0100 0101 0102 0099 0101 0131 //// 10204 ///// ///// ////
000000000000000000000000000000000000000000000000000000000000000000000000000000000000000000000000000000000000000000000000=
58006 342300 1155300 00463 00506 4
20100323050000 043 022 048 024 041 031 0426 052 018 052 052 0422 0000 0115 0115 0500 0113 0425 042 040 0408 057 -010 10145 10153 0418 10145 0456 0145 0145 0500 0126 0423 0142 0142 0500 0128 0423 0114 0105 0099 0096 0094 0091 0096 0127 //// 10207 ///// ///// ////
000000000000000000000000000000000000000000000000000000000000000000000000000000000000000000000000000000000000000000000000=
58111 335800 1162700 00325 00325 4
20100323050000 241 015 232 017 238 023 0429 226 013 268 038 0406 0000 0087 0090 0402 0087 0459 075 072 0407 084 0045 10165 10174 0422 10165 0458 0096 0097 0448 0091 0409 0098 0099 0437 0096 0424 0097 0095 0094 0094 0097 0097 0103 0138 //// 10205 ///// ///// ////
000000000000000000000000000000000000000000000000000000000000000000000000000000000000000000000000000000000000000000000000=
58017 341500 1160800 00410 00420 4
20100323050000 048 024 045 023 045 023 0458 040 020 066 040 0458 0000 0116 0116 0457 0113 0425 043 042 0425 059 -005 10150 10158 0408 10149 0457 0148 0154 0457 0126 0424 0119 0120 0458 0104 0426 0101 0100 0099 0100 0099 0096 0101 0128 //// 10201 ///// ///// ////
000000000000000000000000000000000000000000000000000000000000000000000000000000000000000000000000000000000000000000000000=
58001 342600 1150600 00563 00569 4
20100323050000 056 028 045 031 044 035 0450 049 020 035 050 0446 0000 0113 0113 0500 0108 0401 050 047 0406 067 0013 10132 10141 0401 10132 0500 0138 0139 0454 0118 0404 0136 0136 0500 0116 0404 0105 0096 0092 0090 0089 0086 0092 0126 //// 10202 ///// ///// ////
000000000000000000000000000000000000000000000000000000000000000000000000000000000000000000000000000000000000000000000000=
58005 342700 1154000 00501 00511 4
20100323050000 043 034 046 030 052 033 0437 037 046 046 049 0435 0000 0114 0115 0454 0112 0401 043 042 0431 058 -007 10139 10148 0402 10139 0500 0160 0161 0450 0141 0419 0134 0134 0500 0119 0420 0109 0104 0098 0096 0097 0095 0102 0132 0000 10202 ///// ///// ////
000000000000000000000000000000000000000000000000000000000000000000000000000000000000000000000000000000000000000000000000
140 010 000 /// //// //////////////////ACRASP /// //// 6///1 0//// 7//// 1//// 2//// 3//// /// /// /// // 911// 915// 919// 934// 939//=
58008 342800 1152000 00544 00592 4
20100323050000 042 029 037 030 036 031 0401 035 036 023 046 0451 0000 0116 0116 0500 0110 0409 048 044 0403 066 0010 10128 10138 0403 10128 0457 0189 0189 0500 0136 0406 0145 0145 0500 0118 0406 0106 0096 0093 0089 0093 0092 0096 0130 //// 10200 ///// ///// ////
000000000000000000000000000000000000000000000000000000000000000000000000000000000000000000000000000000000000000000000000=
58004 343900 1150900 00606 00616 4
20100323050000 049 020 039 026 040 027 0458 052 022 007 064 0454 0000 0123 0125 0451 0115 0401 041 039 0457 059 -006 10126 10135 0402 10126 0459 0171 0185 0446 0134 0405 0160 0160 0500 0120 0401 0117 0107 0098 0097 0100 0097 0100 0127 //// 10201 ///// ///// ////
000000000000000000000000000000000000000000000000000000000000000000000000000000000000000000000000000000000000000000000000=
54817 355900 1155200 00421 00434 4
20100323050000 043 020 077 023 044 031 0420 029 021 063 049 0443 0000 0125 0130 0446 0122 0419 040 035 0452 058 -007 10162 10168 0402 10162 0450 0170 0208 0443 0170 0500 0204 0223 0444 0200 0415 0143 0100 0082 0073 0077 0074 0086 0117 //// 10215 ///// ///// ////
000000000000000000000000000000000000000000000000000000000000000000000000000000000000000000000000000000000000000000000000=
54902 355400 1150700 00495 00499 4
20100323050000 070 018 061 021 066 028 0419 049 011 040 060 0404 0000 0138 0140 0456 0127 0401 034 034 0500 054 -018 10150 10159 0412 10150 0459 0218 0223 0409 0204 0442 0270 0272 0453 0243 0401 0152 0106 0085 0079 0077 0071 0078 0111 //// 10211 ///// ///// ////
000000000000000000000000000000000000000000000000000000000000000000000000000000000000000000000000000000000000000000000000=
54900 354200 1150100 00537 00541 4
20100323050000 039 030 049 028 043 033 0417 023 033 029 057 0408 0000 0129 0132 0452 0118 0401 035 035 0458 052 -022 10146 10153 0406 10146 0456 0262 0288 0454 0252 0414 0254 0254 0440 0228 0401 0152 0104 0085 0081 0082 0078 0081 0110 //// 10212 ///// ///// ////
000000000000000000000000000000000000000000000000000000000000000000000000000000000000000000000000000000000000000000000000=
54901 360500 1151000 00475 00478 4
20100323050000 040 037 046 045 045 052 0409 040 035 049 079 0405 0000 0132 0134 0452 0129 0401 024 022 0445 036 -069 10155 10162 0409 10155 0500 0202 0213 0418 0191 0436 0234 0237 0449 0221 0401 0143 0101 0081 0075 0078 0077 0075 0105 //// 10213 ///// ///// ////
000000000000000000000000000000000000000000000000000000000000000000000000000000000000000000000000000000000000000000000000=
54903 355100 1152900 00457 00506 4
20100323050000 086 019 064 013 085 022 0416 054 029 094 042 0410 0000 0130 0130 0459 0118 0402 032 032 0459 048 -033 10152 10158 0401 10152 0500 0196 0203 0458 0175 0405 0233 0234 0429 0199 0405 0134 0098 0083 0078 0077 0077 0089 0114 //// 10214 ///// ///// ////
000000000000000000000000000000000000000000000000000000000000000000000000000000000000000000000000000000000000000000000000=
57184 333800 1132200 00834 00847 4
20100323050000 292 017 282 019 286 023 0455 299 019 291 036 0451 0000 0085 0085 0500 0083 0401 076 076 0500 084 0045 10111 10119 0401 10111 0500 0093 0094 0459 0083 0405 0119 0119 0500 0109 0405 0107 0105 0105 0108 0101 0100 0102 0129 //// 10215 ///// ///// ////
000000000000000000000000000000000000000000000000000000000000000000000000000000000000000000000000000000000000000000000000=
57177 332000 1133200 00898 00913 4
20100323050000 320 015 337 011 325 012 0430 318 014 312 022 0429 0000 0080 0080 0500 0077 0401 077 077 0500 083 0042 10105 10110 0401 10104 0453 0107 0110 0456 0099 0424 0112 0113 0456 0108 0431 0085 0098 0090 0104 0108 0104 0103 0121 //// 10218 ///// ///// ////
000000000000000000000000000000000000000000000000000000000000000000000000000000000000000000000000000000000000000000000000=
57075 341000 1125200 02031 02043 4
20100323050000 287 023 283 024 285 035 0409 293 025 279 050 0406 0000 0096 0096 0500 0085 0401 073 072 0457 087 0050 09966 09974 0406 09966 0500 0128 0128 0456 0099 0407 0148 0148 0500 0106 0401 0107 0098 0098 0098 0105 0103 0094 0118 //// 10215 ///// ///// ////
000000000000000000000000000000000000000000000000000000000000000000000000000000000000000000000000000000000000000000000000=
57173 334500 1125300 01457 01468 4
20100323050000 172 015 187 014 202 015 0457 181 024 181 024 0500 0000 0089 0089 0500 0079 0401 076 076 0500 087 0049 10033 10043 0401 10033 0500 0129 0131 0455 0096 0401 0144 0146 0454 0108 0401 0107 0101 0102 0103 0105 0102 0103 0134 //// 10213 ///// ///// ////
000000000000000000000000000000000000000000000000000000000000000000000000000000000000000000000000000000000000000000000000=
57180 335900 1131200 01175 01186 4
20100323050000 253 016 267 017 248 028 0421 251 016 245 036 0410 0001 0100 0100 0500 0090 0401 077 072 0455 094 0062 10068 10076 0401 10068 0500 0144 0144 0459 0116 0401 0159 0159 0500 0129 0401 0119 0104 0100 0101 0100 0098 0100 0131 //// 10213 ///// ///// ////
000000000001000000000000000000000000000000000000000000000000000000000000000000000000000000000000000000000000000000000000=
57181 335300 1130300 01364 01380 4
20100323050000 243 014 244 016 224 022 0442 237 018 218 035 0434 0000 0091 0091 0453 0080 0401 082 081 0459 095 0062 10047 10057 0401 10047 0459 0121 0122 0450 0092 0401 0149 0149 0500 0109 0401 0113 0102 0100 0103 0102 0100 0100 0129 //// 10216 ///// ///// ////
000000000000000000000000000000000000000000000000000000000000000000000000000000000000000000000000000000000000000000000000=
57171 334600 1130700 01420 01430 4
20100323050000 218 027 220 027 232 032 0445 208 025 237 038 0441 0000 0082 0082 0500 0075 0401 079 079 0500 086 0048 10037 10045 0401 10037 0500 0098 0099 0457 0082 0401 0119 0119 0459 0094 0401 0102 0099 0102 0106 0113 0115 0112 0124 //// 10212 ///// ///// ////
000000000000000000000000000000000000000000000000000000000000000000000000000000000000000000000000000000000000000000000000=
57175 330300 1121400 01914 01922 4
20100323050000 270 028 280 025 301 040 0431 268 019 313 055 0428 0000 0071 0071 0457 0068 0401 085 085 0500 086 0048 09986 09995 0415 09986 0500 0081 0081 0500 0072 0430 0099 0099 0455 0091 0430 0098 0102 0109 0115 0112 0108 0109 0138 //// 10222 ///// ///// ////
000000000000000000000000000000000000000000000000000000000000000000000000000000000000000000000000000000000000000000000000=
57156 331800 1113000 02503 02523 4
20100323050000 279 032 278 030 291 030 0437 279 031 274 057 0429 0000 0066 0066 0500 0055 0401 081 081 0500 079 0036 09909 09927 0402 09909 0500 0076 0076 0500 0056 0401 0130 0130 0500 0074 0401 0087 0086 0094 0102 0107 0113 0115 0142 //// 10219 ///// ///// ////
000000000000000000000000000000000000000000000000000000000000000000000000000000000000000000000000000000000000000000000000=
57271 323300 1122300 00879 00897 4
20100323050000 016 011 350 013 335 027 0421 054 008 336 048 0433 0000 0080 0080 0500 0075 0401 080 080 0448 086 0048 10111 10118 0427 10111 0500 0088 0089 0457 0078 0420 0096 0097 0458 0091 0420 0097 0103 0111 0118 0110 0107 0112 0139 //// 10222 ///// ///// ////
000000000000000000000000000000000000000000000000000000000000000000000000000000000000000000000000000000000000000000000000=
57261 330700 1113100 02330 02345 4
20100323050000 064 012 077 014 121 023 0404 062 011 118 030 0401 0000 0067 0067 0500 0059 0413 083 083 0500 081 0040 09923 09941 0401 09923 0500 0117 0117 0455 0078 0404 0127 0127 0500 0089 0406 0093 0094 0099 0105 0124 0124 0126 //// //// 10211 ///// ///// ////
000000000000000000000000000000000000000000000000000000000000000000000000000000000000000000000000000000000000000000000000=
57285 322300 1132500 01530 01492 4
20100323050000 043 012 052 011 049 032 0429 057 012 049 055 0425 0000 0068 0068 0459 0063 0402 081 081 0426 080 0038 10029 10034 0407 10029 0500 0085 0086 0413 0077 0403 0096 0097 0411 0092 0403 0093 0095 0100 0107 0112 0109 0108 0135 //// ///// ///// ///// ////
////////////////////////////////////////////////////////////////////////////////////////////////////////////////////////=
57273 324100 1125100 01095 01105 4
20100323050000 008 020 013 020 028 023 0433 350 027 009 045 0424 0000 0077 0077 0457 0073 0414 075 075 0500 079 0036 10085 10085 0453 10082 0413 0081 0085 0404 0079 0419 0100 0104 0404 0099 0449 0101 0105 0110 0116 0117 0111 0110 0136 //// 10221 ///// ///// ////
000000000000000000000000000000000000000000000000000000000000000000000000000000000000000000000000000000000000000000000000=
57187 330400 1125600 01180 01193 4
20100323050000 358 012 000 014 001 021 0416 335 008 350 029 0423 0000 0078 0078 0500 0076 0401 078 078 0500 082 0042 10064 10068 0401 10064 0500 0091 0093 0435 0089 0401 0102 0104 0430 0102 0453 0103 0099 0107 0112 0120 0111 0107 0132 //// 10211 ///// ///// ////
000000000000000000000000000000000000000000000000000000000000000000000000000000000000000000000000000000000000000000000000=
57178 330200 1123500 01292 01305 4
20100323050000 020 015 010 014 042 021 0423 032 020 020 031 0408 0000 0082 0082 0500 0079 0422 075 075 0500 082 0040 10062 10065 0401 10062 0500 0102 0102 0500 0087 0423 0101 0101 0500 0095 0424 0099 0103 0105 0107 0115 0109 0108 0133 0001 10223 ///// ///// ////
000000000000000000000000000000000000000000000000000000000000000000000000000000000000000000000000000000000000000000000000
150 010 000 /// //// /////////////////////ACP /// //// 6///1 0//// 7//// 1//// 2//// 3//// /// /// /// // 911// 915// 919// 934// 939//=
57169 330300 1115200 01591 01600 4
20100323050000 290 021 292 022 294 030 0427 288 028 291 047 0422 0000 0076 0076 0500 0069 0404 087 086 0425 091 0056 10024 10037 0404 10024 0500 0080 0080 0500 0067 0409 0106 0106 0500 0082 0412 0093 0096 0102 0108 0109 0106 0106 0133 //// 10221 ///// ///// ////
000000000000000000000000000000000000000000000000000000000000000000000000000000000000000000000000000000000000000000000000=
57176 332900 1122500 02311 02304 4
20100323050000 161 008 098 007 189 010 0401 167 005 054 016 0450 0000 0079 0080 0458 0067 0401 079 079 0454 084 0045 09935 09947 0401 09935 0500 0121 0123 0459 0080 0401 0131 0131 0500 0092 0401 0100 0097 0100 0105 0114 0114 0111 0130 //// 10217 ///// ///// ////
000000000000000000000000000000000000000000000000000000000000000000000000000000000000000000000000000000000000000000000000=
57179 331700 1130000 01604 01616 4
20100323050000 016 008 018 008 028 020 0442 023 011 043 033 0433 0000 0082 0082 0500 0080 0420 077 077 0449 084 0044 10020 10025 0401 10020 0453 0098 0105 0405 0094 0444 0102 0104 0405 0101 0450 0098 0098 0100 0103 0106 0103 0103 0132 //// 10218 ///// ///// ////
000000000000000000000000000000000000000000000000000000000000000000000000000000000000000000000000000000000000000000000000=
57274 324200 1120700 01076 01088 4
20100323050000 334 023 329 023 323 027 0450 341 019 308 052 0434 0000 0074 0078 0408 0074 0436 082 080 0404 084 0045 10085 10095 0422 10085 0457 0089 0095 0402 0085 0431 0103 0107 0402 0099 0430 0107 0109 0115 0121 0124 0118 0113 0141 //// 10219 ///// ///// ////
000000000000000000000000000000000000000000000000000000000000000000000000000000000000000000000000000000000000000000000000=
57065 343000 1121100 01949 01964 4
20100323050000 054 031 057 024 055 027 0449 049 029 052 044 0455 0000 0112 0112 0500 0102 0401 049 047 0458 065 0009 09974 09984 0418 09974 0500 0162 0162 0500 0145 0402 0203 0203 0500 0164 0401 0127 0106 0100 0101 0100 0103 0109 0138 //// 10212 ///// ///// ////
000000000000000000000000000000000000000000000000000000000000000000000000000000000000000000000000000000000000000000000000=
57074 342500 1122500 01973 01989 4
20100323050000 197 010 149 007 227 012 0410 164 004 226 022 0416 0000 0106 0106 0500 0090 0401 064 064 0500 082 0041 09974 09981 0427 09974 0459 0175 0175 0500 0116 0405 0196 0196 0459 0131 0401 0117 0100 0098 0100 0103 0103 0101 0125 //// 10216 ///// ///// ////
000000000000000000000000000000000000000000000000000000000000000000000000000000000000000000000000000000000000000000000000=
57076 344400 1124700 01895 01901 4
20100323050000 081 054 077 048 072 049 0417 075 053 085 066 0415 0000 0112 0112 0500 0102 0401 030 030 0500 040 -057 09980 09988 0401 09980 0500 0153 0164 0458 0116 0401 0170 0177 0458 0118 0401 0106 0094 0090 0090 0092 0089 0088 0121 //// 10210 ///// ///// ////
000000000000000000000000000000000000000000000000000000000000000000000000000000000000000000000000000000000000000000000000=
57070 344400 1120700 03640 03595 4
20100323050000 053 032 062 040 066 041 0458 057 033 068 069 0458 0000 0096 0096 0439 0090 0401 044 044 0500 053 -020 09778 09787 0413 09778 0459 0140 0140 0500 0112 0405 0173 0173 0500 0130 0403 0109 0093 0089 0089 0091 0091 0093 0122 //// 10211 ///// ///// ////
000000000000000000000000000000000000000000000000000000000000000000000000000000000000000000000000000000000000000000000000=
57162 340900 1120500 03258 03275 4
20100323050000 154 009 172 009 251 010 0429 170 010 198 017 0437 0000 0090 0090 0500 0080 0401 070 069 0450 080 0038 09816 09827 0401 09816 0500 0150 0150 0500 0097 0412 0153 0153 0500 0113 0401 0105 0092 0093 0096 0098 0097 0100 0132 //// 10211 ///// ///// ////
000000000000000000000000000000000000000000000000000000000000000000000000000000000000000000000000000000000000000000000000=
57078 340900 1122800 03365 03340 4
20100323050000 200 013 246 010 201 013 0420 226 015 189 024 0415 0000 0088 0089 0459 0082 0401 064 064 0452 072 0024 09810 09819 0401 09810 0500 0148 0148 0459 0118 0401 0135 0135 0500 0108 0401 0096 0088 0087 0091 0099 0097 0095 0118 //// 10214 ///// ///// ////
000000000000000000000000000000000000000000000000000000000000000000000000000000000000000000000000000000000000000000000000=
57071 344900 1122600 03333 03332 4
20100323050000 017 037 014 033 006 041 0443 012 026 004 076 0430 0000 0098 0100 0455 0090 0404 034 032 0441 041 -053 09814 09822 0416 09814 0459 0143 0154 0446 0116 0405 0155 0156 0453 0121 0401 0105 0093 0090 0089 0090 0088 0090 0119 //// 10216 ///// ///// ////
000000000000000000000000000000000000000000000000000000000000000000000000000000000000000000000000000000000000000000000000=
57066 342300 1114000 03283 03298 4
20100323050000 116 011 123 010 123 010 0500 164 022 164 022 0500 0000 0096 0097 0457 0077 0403 065 065 0500 078 0034 09806 09820 0402 09806 0500 0195 0201 0458 0122 0406 0203 0203 0500 0129 0401 0110 0089 0087 0088 0093 0092 0089 0116 //// 10203 ///// ///// ////
000000000000000000000000000000000000000000000000000000000000000000000000000000000000000000000000000000000000000000000000=
57077 334700 1113900 07424 07388 4
20100323050000 103 014 075 011 089 017 0431 071 018 094 019 0428 0000 0037 0037 0500 0026 0401 087 087 0500 069 0017 09335 09353 0401 09335 0500 0090 0090 0500 0034 0401 0046 0046 0500 0001 0401 0024 0039 0052 0065 0089 0088 0090 0116 //// 10222 ///// ///// ////
000000000000000000000000000000000000000000000000000000000000000000000000000000000000000000000000000000000000000000000000=
57185 332700 1133500 00911 00921 4
20100323050000 280 018 272 016 267 018 0410 282 023 279 030 0408 0000 0080 0080 0500 0076 0409 079 078 0438 085 0046 10102 10108 0401 10102 0500 0098 0102 0432 0084 0401 0109 0111 0449 0099 0409 0100 0096 0099 0094 0109 0104 0099 0124 //// 10216 ///// ///// ////
000000000000000000000000000000000000000000000000000000000000000000000000000000000000000000000000000000000000000000000000=
57183 334800 1135500 00600 00615 4
20100323050000 285 034 276 031 276 031 0500 285 029 293 043 0458 0000 0085 0086 0446 0084 0407 081 079 0407 090 0054 10136 10141 0404 10135 0445 0102 0106 0447 0098 0410 0115 0116 0447 0110 0413 0106 0103 0103 0104 0104 0098 0095 0123 //// 10212 ///// ///// ////
000000000000000000000000000000000000000000000000000000000000000000000000000000000000000000000000000000000000000000000000=
57186 333600 1140300 00587 00598 4
20100323050000 279 020 285 020 288 021 0457 274 020 288 030 0429 0000 0087 0087 0500 0085 0427 081 072 0404 091 0056 10140 10145 0416 10137 0446 0109 0112 0407 0099 0430 0119 0125 0402 0115 0430 0109 0104 0102 0106 0107 0102 0101 0134 //// 10214 ///// ///// ////
000000000000000000000000000000000000000000000000000000000000000000000000000000000000000000000000000000000000000000000000=
57094 342400 1141300 00674 00685 4
20100323050000 132 013 113 012 086 013 0440 124 013 121 023 0436 0000 0105 0105 0500 0101 0401 050 047 0451 063 0005 10124 10131 0401 10124 0500 0148 0148 0500 0125 0401 0129 0129 0500 0108 0403 0104 0096 0095 0094 0099 0096 0089 0117 //// 10208 ///// ///// ////
000000000000000000000000000000000000000000000000000000000000000000000000000000000000000000000000000000000000000000000000=
57191 342900 1142900 00634 00642 4
20100323050000 318 005 004 010 021 023 0425 264 000 051 044 0424 0000 0109 0109 0500 0103 0401 054 049 0432 070 0020 10133 10138 0401 10132 0438 0129 0132 0442 0114 0404 0126 0129 0443 0112 0404 0103 0096 0094 0093 0096 0092 0093 0125 //// 10212 ///// ///// ////
000000000000000000000000000000000000000000000000000000000000000000000000000000000000000000000000000000000000000000000000=
57096 343200 1144700 00597 00607 4
20100323050000 013 015 018 017 018 024 0453 341 020 031 046 0451 0000 0119 0119 0500 0112 0401 046 042 0452 064 0007 10127 10135 0401 10126 0453 0158 0164 0425 0137 0401 0160 0160 0450 0133 0401 0119 0106 0100 0100 0101 0098 0100 0128 //// 10201 ///// ///// ////
000000000000000000000000000000000000000000000000000000000000000000000000000000000000000000000000000000000000000000000000=
57091 344700 1141800 00737 00748 4
20100323050000 022 025 027 031 047 042 0446 040 022 049 063 0441 0000 0114 0115 0445 0110 0403 039 039 0500 053 -021 10121 10127 0407 10121 0500 0167 0177 0445 0157 0403 0194 0198 0445 0175 0401 0128 0105 0099 0092 0103 0100 0100 0123 //// 10212 ///// ///// ////
000000000000000000000000000000000000000000000000000000000000000000000000000000000000000000000000000000000000000000000000=
53978 350500 1123800 01401 01409 4
20100323050000 132 043 131 041 133 042 0453 130 049 133 059 0445 0000 0119 0119 0500 0109 0401 036 034 0453 050 -027 10042 10050 0414 10042 0500 0175 0175 0500 0142 0405 0198 0198 0500 0156 0401 0132 0112 0101 0100 0091 0090 0095 0125 //// 10213 ///// ///// ////
000000000000000000000000000000000000000000000000000000000000000000000000000000000000000000000000000000000000000000000000=
53987 350600 1132500 00910 00918 4
20100323050000 070 059 069 054 069 054 0500 083 087 083 087 0500 0000 0130 0130 0500 0121 0401 025 024 0456 037 -066 10101 10108 0419 10101 0500 0193 0193 0500 0158 0405 0197 0197 0500 0152 0401 0125 0108 0101 0099 0097 0097 0098 0127 //// 10213 ///// ///// ////
000000000000000000000000000000000000000000000000000000000000000000000000000000000000000000000000000000000000000000000000=
57079 345700 1130200 01064 01069 4
20100323050000 095 041 095 040 093 046 0442 096 038 099 059 0434 0000 0124 0124 0500 0112 0401 038 035 0416 055 -015 10081 10088 0407 10080 0452 0165 0174 0433 0130 0401 0180 0180 0500 0125 0401 0113 0097 0094 0093 0097 0095 0093 0120 //// 10211 ///// ///// ////
000000000000000000000000000000000000000000000000000000000000000000000000000000000000000000000000000000000000000000000000=
53972 350700 1125500 01196 01210 4
20100323050000 098 042 099 042 099 045 0448 097 046 097 070 0456 0000 0121 0121 0500 0118 0401 025 025 0500 035 -073 10068 10075 0401 10068 0500 0170 0176 0403 0149 0429 0177 0177 0459 0156 0431 0127 0111 0106 0104 0097 0097 0108 0137 //// 10215 ///// ///// ////
000000000000000000000000000000000000000000000000000000000000000000000000000000000000000000000000000000000000000000000000=
53982 351400 1131600 01120 01135 4
20100323050000 085 046 082 041 082 041 0500 119 047 048 068 0420 0000 0137 0138 0454 0125 0421 023 022 0455 036 -070 10074 10082 0409 10074 0500 0176 0180 0451 0145 0422 0241 0241 0459 0178 0421 0134 0111 0101 0100 0098 0096 0099 0131 //// 10212 ///// ///// ////
000000000000000000000000000000000000000000000000000000000000000000000000000000000000000000000000000000000000000000000000=
53979 350900 1130500 01200 01211 4
20100323050000 073 056 076 051 076 061 0415 081 052 076 090 0411 0000 0123 0123 0500 0119 0415 025 023 0415 036 -072 10067 10074 0411 10067 0500 0159 0160 0454 0145 0412 0202 0202 0500 0178 0415 0128 0105 0100 0099 0098 0098 0103 0132 //// 10214 ///// ///// ////
000000000000000000000000000000000000000000000000000000000000000000000000000000000000000000000000000000000000000000000000=
53974 353700 1141100 00723 00739 4
20100323050000 042 041 041 035 018 043 0418 057 025 038 074 0414 0000 0137 0139 0447 0130 0401 019 019 0500 030 -095 10128 10135 0405 10128 0458 0192 0213 0431 0183 0416 0234 0253 0440 0220 0401 0149 0112 0096 0091 0089 0089 0096 0124 //// 10218 ///// ///// ////
000000000000000000000000000000000000000000000000000000000000000000000000000000000000000000000000000000000000000000000000=
53990 354300 1141900 00795 00805 4
20100323050000 018 048 021 043 014 061 0407 032 059 025 083 0405 0000 0131 0131 0500 0125 0401 029 027 0419 044 -045 10120 10128 0407 10120 0500 0188 0195 0417 0175 0401 0266 0280 0417 0251 0401 0142 0107 0089 0088 0088 0082 0081 0111 //// 10219 ///// ///// ////
000000000000000000000000000000000000000000000000000000000000000000000000000000000000000000000000000000000000000000000000=
53991 355600 1142100 00743 00753 4
20100323050000 054 038 043 030 048 030 0439 057 058 057 058 0500 0000 0129 0129 0500 0119 0403 025 025 0500 037 -066 10129 10137 0401 10129 0500 0195 0212 0450 0177 0402 0256 0260 0459 0216 0402 0150 0106 0084 0084 0084 0081 0086 0118 //// 10221 ///// ///// ////
000000000000000000000000000000000000000000000000000000000000000000000000000000000000000000000000000000000000000000000000=
53993 355600 1145500 00516 00524 4
20100323050000 103 047 092 037 079 039 0436 096 062 096 062 0500 0000 0134 0134 0500 0124 0401 030 028 0447 046 -038 10149 10157 0401 10149 0500 0194 0208 0457 0186 0430 0240 0241 0458 0211 0401 0143 0100 0082 0077 0079 0073 0073 0108 //// 10213 ///// ///// ////
000000000000000000000000000000000000000000000000000000000000000000000000000000000000000000000000000000000000000000000000=
53889 360400 1134900 03068 03086 4
20100323050000 116 029 115 028 103 034 0428 142 037 074 064 0431 0000 0121 0121 0500 0115 0401 022 019 0403 031 -090 09847 09853 0405 09846 0454 0194 0210 0440 0169 0410 0293 0296 0455 0249 0411 0187 0147 0119 0100 0074 0072 0086 0098 //// 10219 ///// ///// ////
000000000000000000000000000000000000000000000000000000000000000000000000000000000000000000000000000000000000000000000000=
53995 353300 1143000 00625 00645 4
20100323050000 059 027 019 029 030 039 0431 085 021 057 069 0407 0000 0132 0133 0458 0121 0410 028 028 0500 042 -049 10136 10143 0412 10135 0455 0197 0214 0451 0175 0410 0243 0251 0451 0221 0416 0159 0118 0095 0087 0086 0084 0085 0116 //// 10215 ///// ///// ////
000000000000000000000000000000000000000000000000000000000000000000000000000000000000000000000000000000000000000000000000=
53898 360300 1142400 00629 00638 4
20100323050000 029 027 023 030 069 034 0410 083 032 071 056 0402 0000 0133 0133 0500 0124 0407 025 024 0450 038 -063 10140 10147 0401 10140 0459 0288 0294 0458 0250 0405 0311 0311 0500 0260 0401 0154 0113 0092 0085 0073 0073 0084 0117 //// 10218 ///// ///// ////
000000000000000000000000000000000000000000000000000000000000000000000000000000000000000000000000000000000000000000000000=
NNNN
