57290 330000 1140100 00827 00838 4
20100501140000 249 010 297 008 297 008 1400 201 003 254 022 1359 0000 0238 0239 1358 0230 1301 066 066 1359 195 0171 10013 10013 1353 10008 1301 0165 0165 1400 0157 1301 0205 0210 1303 0204 1347 0229 0238 0233 0224 0167 0145 0130 0135 //// 10110 ///// ///// ////
000000000000000000000000000000000000000000000000000000000000000000000000000000000000000000000000000000000000000000000000=
57188 332200 1140200 00559 00568 4
20100501140000 198 011 186 012 145 015 1311 198 011 142 020 1305 0000 0201 0212 1301 0201 1354 079 072 1301 186 0163 10040 10041 1356 10038 1301 0140 0154 1304 0140 1349 0177 0185 1301 0177 1400 0228 0233 0232 0217 0145 0131 0124 0134 //// 10106 ///// ///// ////
000000000000000000000000000000000000000000000000000000000000000000000000000000000000000000000000000000000000000000000000=
57293 324400 1145900 00380 00391 4
20100501140000 181 009 182 009 155 018 1329 178 008 155 028 1328 0000 0198 0206 1332 0195 1301 084 080 1333 194 0170 10069 10069 1400 10065 1301 0174 0186 1321 0174 1359 0199 0208 1301 0199 1400 0232 0239 0234 0220 0178 0154 0136 0136 //// 10115 ///// ///// ////
000000000000000000000000000000000000000000000000000000000000000000000000000000000000000000000000000000000000000000000000=
57281 324200 1131800 01422 01431 4
20100501140000 111 003 115 005 102 016 1329 102 003 102 023 1322 0000 0201 0211 1301 0201 1400 081 080 1307 190 0167 09949 09950 1353 09945 1301 0174 0188 1326 0169 1348 0192 0201 1302 0192 1400 0226 0233 0231 0221 0161 0136 0129 0134 //// 10115 ///// ///// ////
000000000000000000000000000000000000000000000000000000000000000000000000000000000000000000000000000000000000000000000000=
57196 332800 1145200 00420 00428 4
20100501140000 145 022 150 022 149 023 1345 127 019 138 039 1340 0000 0218 0218 1400 0183 1301 075 075 1400 196 0172 10058 10058 1400 10055 1307 0171 0174 1355 0137 1305 0177 0179 1301 0174 1341 0208 0219 0214 0201 0146 0135 0127 0133 //// 10108 ///// ///// ////
000000000000000000000000000000000000000000000000000000000000000000000000000000000000000000000000000000000000000000000000=
57192 334400 1145100 00455 00466 4
20100501140000 180 013 173 012 170 013 1358 182 015 148 024 1358 0000 0220 0228 1301 0220 1400 073 069 1301 193 0169 10052 10052 1400 10049 1301 0174 0179 1357 0168 1350 0197 0208 1301 0197 1400 0229 0241 0235 0219 0167 0147 0133 0140 //// 10106 ///// ///// ////
000000000000000000000000000000000000000000000000000000000000000000000000000000000000000000000000000000000000000000000000=
58100 333900 1151000 00414 00424 4
20100501140000 164 012 160 014 169 019 1325 178 014 173 031 1323 0000 0222 0231 1301 0222 1400 071 068 1301 190 0167 10058 10059 1330 10056 1301 0205 0220 1301 0203 1359 0195 0210 1301 0195 1400 0233 0247 0247 0234 0176 0152 0138 0141 //// 10107 ///// ///// ////
000000000000000000000000000000000000000000000000000000000000000000000000000000000000000000000000000000000000000000000000=
57089 340200 1135200 00668 00681 4
20100501140000 209 023 208 019 210 023 1326 218 022 248 044 1326 0000 0232 0235 1335 0229 1331 067 066 1336 190 0167 10024 10024 1400 10020 1301 0206 0209 1329 0184 1307 0196 0200 1327 0196 1353 0212 0220 0219 0210 0157 0136 0127 0132 //// 10103 ///// ///// ////
000000000000000000000000000000000000000000000000000000000000000000000000000000000000000000000000000000000000000000000000=
57087 341200 1134800 00877 00885 4
20100501140000 209 025 208 021 208 021 1400 214 025 203 031 1358 0000 0221 0223 1321 0215 1305 072 069 1322 191 0168 10001 10001 1400 09995 1301 0187 0187 1400 0127 1305 0183 0184 1332 0175 1316 0212 0224 0222 0211 0152 0134 0124 0128 //// 10104 ///// ///// ////
000000000000000000000000000000000000000000000000000000000000000000000000000000000000000000000000000000000000000000000000=
57296 322100 1144400 00489 00501 4
20100501140000 210 013 216 013 215 018 1302 211 015 229 030 1333 0000 0234 0245 1301 0234 1400 063 058 1301 181 0160 10056 10056 1400 10052 1301 0200 0219 1303 0197 1349 0196 0210 1301 0196 1400 0229 0238 0232 0220 0178 0153 0136 0133 //// 10114 ///// ///// ////
000000000000000000000000000000000000000000000000000000000000000000000000000000000000000000000000000000000000000000000000=
57396 313800 1145100 01287 01297 4
20100501140000 213 038 208 038 203 040 1347 211 038 211 052 1338 0000 0226 0232 1301 0226 1400 064 060 1301 175 0155 09969 09969 1400 09966 1301 0214 0220 1309 0211 1358 0202 0211 1301 0202 1358 0229 0238 0236 0222 0191 0152 //// //// //// 10119 ///// ///// ////
000000000000000000000000000000000000000000000000000000000000000000000000000000000000000000000000000000000000000000000000=
58207 321000 1150300 00428 00440 4
20100501140000 224 021 221 022 222 027 1325 234 025 217 045 1319 0000 0242 0249 1301 0242 1400 057 056 1301 172 0152 10062 10062 1400 10058 1301 0194 0206 1347 0192 1357 0217 0225 1301 0217 1400 0194 0221 0215 0205 0154 0143 0132 0139 //// 10113 ///// ///// ////
000000000000000000000000000000000000000000000000000000000000000000000000000000000000000000000000000000000000000000000000=
58205 322800 1152600 00349 00360 4
20100501140000 302 004 231 004 136 011 1301 313 000 085 010 1342 0000 0210 0232 1301 0210 1400 080 069 1301 199 0174 10072 10073 1345 10070 1301 0191 0207 1301 0189 1346 0205 0214 1301 0205 1400 0216 0223 0228 0226 0169 0152 0137 0126 //// 10114 ///// ///// ////
000000000000000000000000000000000000000000000000000000000000000000000000000000000000000000000000000000000000000000000000=
57299 320100 1145400 00494 00506 4
20100501140000 186 010 181 012 197 017 1309 200 011 189 025 1304 0000 0218 0237 1301 0217 1350 069 059 1301 180 0159 10055 10055 1400 10052 1301 0152 0173 1301 0151 1359 0191 0208 1301 0191 1359 0217 0230 0237 0238 0187 0152 0134 0131 //// 10114 ///// ///// ////
000000000000000000000000000000000000000000000000000000000000000000000000000000000000000000000000000000000000000000000000=
53997 350900 1141100 00711 00723 4
20100501140000 156 017 154 016 161 021 1323 149 019 144 030 1319 0000 0215 0224 1301 0215 1400 068 063 1301 174 0154 10007 10008 1303 10007 1400 0165 0170 1334 0164 1311 0182 0189 1301 0181 1357 0216 0223 0214 0206 0147 0133 0121 0125 //// 10091 ///// ///// ////
000000000000000000000000000000000000000000000000000000000000000000000000000000000000000000000000000000000000000000000000=
53994 352300 1140400 00700 00712 4
20100501140000 296 011 297 013 209 016 1302 284 013 206 024 1316 0000 0210 0229 1301 0210 1400 075 065 1301 186 0164 10008 10009 1356 10006 1301 0145 0183 1301 0145 1400 0165 0186 1301 0165 1400 0214 0227 0223 0207 0149 0130 0121 0129 //// 10091 ///// ///// ////
000000000000000000000000000000000000000000000000000000000000000000000000000000000000000000000000000000000000000000000000=
53985 352700 1134900 00964 00979 4
20100501140000 123 000 086 000 096 005 1326 167 000 136 012 1352 0000 0220 0226 1301 0220 1400 065 057 1301 172 0151 09978 09979 1312 09978 1400 0170 0176 1305 0170 1400 0183 0190 1301 0183 1400 0210 0215 0207 0197 0158 0134 0118 0122 //// 10092 ///// ///// ////
000000000000000000000000000000000000000000000000000000000000000000000000000000000000000000000000000000000000000000000000=
53983 350200 1142500 00696 00708 4
20100501140000 170 025 167 023 167 023 1400 181 028 172 031 1351 0000 0187 0198 1301 0187 1400 086 080 1301 185 0163 10013 10014 1316 10012 1301 0148 0148 1359 0140 1345 0165 0174 1301 0165 1400 0208 0223 0224 0218 0138 0125 0117 0125 //// 10096 ///// ///// ////
000000000000000000000000000000000000000000000000000000000000000000000000000000000000000000000000000000000000000000000000=
57171 334600 1130700 01420 01430 4
20100501140000 166 026 156 028 183 032 1301 172 022 175 041 1316 0000 0220 0231 1301 0220 1400 075 069 1301 198 0174 09934 09935 1338 09932 1301 0209 0221 1301 0209 1400 0200 0211 1301 0200 1400 0209 0221 0220 0212 0188 0159 0141 0137 //// 10100 ///// ///// ////
000000000000000000000000000000000000000000000000000000000000000000000000000000000000000000000000000000000000000000000000=
57185 332700 1133500 00911 00921 4
20100501140000 193 016 197 019 197 022 1338 192 015 194 027 1332 0000 0181 0181 1400 0169 1301 082 082 1400 170 0150 09999 09999 1400 09996 1301 0147 0151 1308 0147 1400 0172 0178 1301 0172 1400 0225 0232 0231 0215 0175 0147 0129 0128 //// 10107 ///// ///// ////
000000000000000000000000000000000000000000000000000000000000000000000000000000000000000000000000000000000000000000000000=
57093 345100 1144900 00733 00740 4
20100501140000 170 014 172 015 176 019 1305 192 014 169 031 1301 0000 0210 0219 1305 0210 1400 077 074 1301 191 0168 10014 10014 1400 10011 1301 0190 0200 1308 0182 1353 0177 0188 1301 0176 1357 0210 0217 0213 0198 0162 0135 0122 0125 //// 10100 ///// ///// ////
000000000000000000000000000000000000000000000000000000000000000000000000000000000000000000000000000000000000000000000000=
53984 351400 1132800 00827 00837 4
20100501140000 017 007 008 008 020 012 1348 023 005 020 017 1330 0000 0192 0200 1301 0192 1400 062 061 1301 138 0118 09994 09994 1400 09991 1301 0132 0143 1301 0132 1400 0170 0185 1301 0170 1400 0214 0223 0215 0207 0162 0138 0123 0125 //// 10092 ///// ///// ////
000000000000000000000000000000000000000000000000000000000000000000000000000000000000000000000000000000000000000000000000=
53972 350700 1125500 01196 01210 4
20100501140000 021 000 018 005 029 010 1346 077 006 032 016 1310 0000 0220 0231 1301 0220 1400 049 047 1301 129 0108 09949 09949 1400 09945 1301 0132 0142 1301 0132 1357 0169 0182 1301 0169 1400 0215 0224 0222 0210 0160 0142 0133 0138 //// 10089 ///// ///// ////
000000000000000000000000000000000000000000000000000000000000000000000000000000000000000000000000000000000000000000000000=
53993 355600 1145500 00516 00524 4
20100501140000 204 019 196 019 190 020 1352 214 016 228 036 1351 0000 0209 0211 1320 0208 1345 067 056 1301 166 0145 10024 10025 1329 10022 1301 0194 0198 1329 0189 1305 0172 0175 1339 0171 1305 0207 0216 0212 0200 0165 0134 0115 0114 //// 10085 ///// ///// ////
000000000000000000000000000000000000000000000000000000000000000000000000000000000000000000000000000000000000000000000000=
53898 360300 1142400 00629 00638 4
20100501140000 160 019 162 020 165 021 1356 173 021 161 043 1352 0000 0196 0204 1310 0196 1400 063 059 1325 144 0124 10007 10008 1349 10007 1301 0154 0155 1359 0116 1301 0175 0178 1316 0174 1303 0214 0220 0214 0199 0135 0120 0112 0119 //// 10081 ///// ///// ////
000000000000000000000000000000000000000000000000000000000000000000000000000000000000000000000000000000000000000000000000=
NNNN
