57090 344300 1135800 00781 00802 4
20100325200000 175 015 170 011 171 014 1902 184 013 189 024 1905 0000 0026 0035 1901 0026 1956 073 068 1901 054 -017 10155 10162 1905 10155 1956 -033 -008 1901 -047 1952 -005 0005 1901 -005 1957 0052 0080 0092 0101 0101 0094 0088 0120 //// 10255 ///// ///// ////
000000000000000000000000000000000000000000000000000000000000000000000000000000000000000000000000000000000000000000000000=
57083 344300 1133900 01104 01116 4
20100325200000 PPC 001 PPC 002 109 013 1903 PPC 000 110 015 1901 0000 0018 0043 1901 0018 2000 073 062 1901 051 -025 10116 10122 1901 10116 2000 -081 -070 1901 -082 1954 -010 0000 1901 -010 1959 0058 0079 0093 0104 0100 0099 0104 0126 0000 10254 ///// ///// ////
000000000000000000000000000000000000000000000000000000000000000000000000000000000000000000000000000000000000000000000000
120 000 000 /// //// //////////////////////// /// //// 6///1 0//// 7//// 1//// 2//// 3//// /// /// /// // 911// 915// 919// 934// 939//=
57086 342300 1134300 01166 01168 4
20100325200000 189 012 200 015 192 018 1952 167 008 181 028 1943 0000 0027 0027 1958 0021 1930 070 070 2000 052 -022 10115 10122 1905 10115 1956 -018 -008 1933 -029 1903 0001 0006 1901 0001 1945 0046 0074 0092 0102 0100 0095 0094 0116 //// 10260 ///// ///// ////
000000000000000000000000000000000000000000000000000000000000000000000000000000000000000000000000000000000000000000000000=
57085 343200 1132000 02599 02648 4
20100325200000 333 018 330 019 331 020 1901 333 022 310 029 1951 0000 0024 0032 1902 0024 1959 063 062 1907 046 -039 09934 09939 1903 09934 1959 0007 0015 1905 0004 1956 -010 -005 1901 -011 1959 0042 0073 0090 0099 0103 0098 0095 0121 //// 10259 ///// ///// ////
000000000000000000000000000000000000000000000000000000000000000000000000000000000000000000000000000000000000000000000000=
57081 344800 1132600 01409 01419 4
20100325200000 000 000 194 001 251 005 1953 305 000 260 009 1949 0000 0024 0024 1959 0016 1937 062 061 1901 045 -041 10079 10085 1902 10079 2000 -064 -053 1904 -065 1946 -015 -010 1901 -015 2000 0046 0072 0091 0099 0091 0094 0096 0117 //// 10254 ///// ///// ////
000000000000000000000000000000000000000000000000000000000000000000000000000000000000000000000000000000000000000000000000=
57080 344400 1125800 01652 01661 4
20100325200000 000 000 246 005 238 007 1918 279 002 218 014 1909 0000 0007 0010 1952 0007 1927 054 050 1912 035 -075 10051 10055 1901 10050 1947 -067 -053 1918 -070 1932 -023 -019 1903 -023 2000 0048 0076 0094 0101 0091 0088 0090 0119 //// 10256 ///// ///// ////
000000000000000000000000000000000000000000000000000000000000000000000000000000000000000000000000000000000000000000000000=
57082 342800 1130100 04271 04284 4
20100325200000 319 021 322 012 322 012 2000 313 023 308 027 1958 0000 0014 0029 1901 0014 2000 059 059 2000 040 -057 09738 09743 1903 09738 1953 -005 -004 1901 -027 1944 -011 -005 1901 -012 1946 0043 0069 0086 0096 0094 0097 0101 //// //// 10259 ///// ///// ////
000000000000000000000000000000000000000000000000000000000000000000000000000000000000000000000000000000000000000000000000=
57295 323700 1142100 00785 00802 4
20100325200000 220 017 214 015 212 017 1931 212 032 212 032 2000 0000 0039 0047 1905 0039 2000 068 065 1908 055 -015 10172 10176 1902 10172 1959 -025 -019 1901 -026 1947 0010 0015 1901 0010 2000 0047 0067 0079 0090 0097 0099 0103 0127 //// 10272 ///// ///// ////
000000000000000000000000000000000000000000000000000000000000000000000000000000000000000000000000000000000000000000000000=
57189 330800 1135700 00646 00655 4
20100325200000 181 017 182 018 179 019 1955 181 013 170 026 1951 0000 0011 0013 1936 0010 1951 086 086 2000 057 -010 10184 10190 1901 10184 1944 -032 -025 1907 -032 2000 -002 0001 1905 -002 1958 0035 0058 0072 0084 0093 0096 0099 0122 //// 10266 ///// ///// ////
000000000000000000000000000000000000000000000000000000000000000000000000000000000000000000000000000000000000000000000000=
57194 331700 1141600 00598 00609 4
20100325200000 187 036 189 037 189 043 1931 175 050 195 063 1938 0000 0047 0049 1904 0046 1921 070 069 1949 060 -003 10188 10196 1902 10188 1956 0030 0033 1940 0028 1901 0014 0016 1905 0014 2000 0051 0069 0081 0089 0095 0093 0099 0126 //// 10264 ///// ///// ////
000000000000000000000000000000000000000000000000000000000000000000000000000000000000000000000000000000000000000000000000=
57294 325000 1140100 00836 00846 4
20100325200000 179 011 173 017 211 025 1912 187 009 226 034 1913 0000 0035 0046 1912 0035 1957 070 066 1913 055 -014 10159 10166 1901 10157 1954 0019 0036 1901 0017 1957 0003 0009 1907 0003 1958 0036 0059 0078 0089 0096 0105 0103 0119 //// 10264 ///// ///// ////
000000000000000000000000000000000000000000000000000000000000000000000000000000000000000000000000000000000000000000000000=
57195 333700 1143700 00466 00476 4
20100325200000 244 020 240 020 235 022 1958 274 010 228 044 1952 0000 0045 0050 1901 0045 2000 064 061 1901 054 -017 10207 10215 1901 10207 2000 0030 0032 1907 0024 1924 0009 0012 1905 0008 1955 0037 0064 0084 0096 0101 0099 0102 0141 //// 10266 ///// ///// ////
000000000000000000000000000000000000000000000000000000000000000000000000000000000000000000000000000000000000000000000000=
57193 334700 1143100 00526 00541 4
20100325200000 171 020 170 021 173 023 1933 195 019 187 051 1926 0000 0040 0041 1940 0039 1931 067 066 1938 054 -016 10201 10207 1901 10200 1959 0007 0009 1931 -001 1910 0006 0008 1901 0005 1959 0046 0067 0082 0093 0103 0102 0105 0131 //// 10268 ///// ///// ////
000000000000000000000000000000000000000000000000000000000000000000000000000000000000000000000000000000000000000000000000=
58101 335200 1152900 00413 00428 4
20100325200000 187 014 185 014 188 022 1935 187 013 173 045 1901 0000 0030 0038 1919 0030 1959 072 067 1901 055 -015 10218 10225 1901 10218 1953 0000 0014 1903 -007 1947 -013 -007 1903 -013 1951 0033 0057 0077 0089 0098 0098 0100 0130 //// 10272 ///// ///// ////
000000000000000000000000000000000000000000000000000000000000000000000000000000000000000000000000000000000000000000000000=
57098 340500 1142400 00583 00593 4
20100325200000 182 020 182 022 183 028 1927 175 022 186 038 1926 0000 0024 0026 1928 0022 1901 074 074 2000 054 -018 10190 10195 1905 10190 2000 -014 -001 1950 -019 1903 -005 -002 1901 -005 2000 0021 0049 0070 0084 0101 0097 0098 0129 //// 10264 ///// ///// ////
000000000000000000000000000000000000000000000000000000000000000000000000000000000000000000000000000000000000000000000000=
57088 340900 1133000 01161 01177 4
20100325200000 184 006 164 006 118 011 1901 186 006 085 010 1937 0000 0002 0013 1906 0001 1942 088 084 1913 055 -015 10119 10125 1901 10118 1948 -040 -028 1927 -040 1959 -034 -027 1904 -034 2000 0029 0068 0092 0103 0099 0100 0103 0126 //// 10265 ///// ///// ////
000000000000000000000000000000000000000000000000000000000000000000000000000000000000000000000000000000000000000000000000=
57182 335100 1133000 00805 00814 4
20100325200000 044 010 031 007 176 011 1901 051 012 189 014 1911 0000 0006 0026 1901 0006 2000 086 076 1901 055 -015 10160 10165 1901 10160 2000 -034 -015 1901 -037 1953 -016 -009 1901 -016 2000 0050 0085 0104 0111 0107 0106 0108 0139 //// 10261 ///// ///// ////
000000000000000000000000000000000000000000000000000000000000000000000000000000000000000000000000000000000000000000000000=
57297 320800 1140300 01145 01154 4
20100325200000 229 015 224 014 221 021 1907 187 012 220 036 1946 0000 0053 0054 1950 0049 1901 057 057 1947 051 -025 10132 10139 1904 10132 2000 0003 0005 1949 -002 1916 0011 0013 1935 0007 1956 0036 0059 0078 0089 0108 0112 0116 //// //// 10275 ///// ///// ////
000000000000000000000000000000000000000000000000000000000000000000000000000000000000000000000000000000000000000000000000=
58207 321000 1150300 00428 00440 4
20100325200000 144 012 158 012 173 014 1908 141 011 167 019 1919 0000 0040 0043 1914 0039 1940 077 077 2000 063 0003 10218 10227 1901 10218 2000 -011 -003 1909 -022 1955 0033 0038 1901 0033 2000 -011 0061 0077 0088 0103 0110 0114 0137 //// 10273 ///// ///// ////
000000000000000000000000000000000000000000000000000000000000000000000000000000000000000000000000000000000000000000000000=
53989 350300 1135700 00766 00777 4
20100325200000 190 016 181 015 181 015 2000 187 015 178 022 1924 0000 0028 0029 1920 0027 1908 070 069 1923 052 -021 10159 10166 1901 10158 1954 -034 -033 1959 -046 1913 -027 -021 1901 -028 1954 0041 0070 0087 0095 0095 0092 0096 0123 //// 10256 ///// ///// ////
000000000000000000000000000000000000000000000000000000000000000000000000000000000000000000000000000000000000000000000000=
53986 351900 1135300 00732 00740 4
20100325200000 096 003 087 001 055 007 1934 097 000 066 015 1931 0000 0013 0016 1903 0012 1957 083 080 1905 056 -013 10163 10169 1904 10163 1959 -067 -047 1909 -068 1952 -028 -022 1901 -028 2000 0041 0066 0083 0093 0096 0094 0099 0127 //// 10255 ///// ///// ////
000000000000000000000000000000000000000000000000000000000000000000000000000000000000000000000000000000000000000000000000=
53994 352300 1140400 00700 00712 4
20100325200000 263 019 269 016 269 016 2000 268 022 268 022 2000 0000 0017 0024 1904 0016 1950 075 070 1905 052 -022 10165 10173 1901 10165 2000 -070 -027 1907 -073 1958 -055 -039 1908 -055 1959 0025 0063 0084 0095 0092 0090 0095 0127 //// 10254 ///// ///// ////
000000000000000000000000000000000000000000000000000000000000000000000000000000000000000000000000000000000000000000000000=
57051 344800 1111200 04099 04117 4
20100325200000 000 000 000 000 101 016 1901 077 000 105 020 1911 0000 0006 0017 1901 0006 2000 043 043 1950 027 -105 09747 09749 1901 09745 1935 -072 -039 1901 -072 1957 -028 -020 1901 -028 2000 0037 0067 0084 0093 0085 0086 0088 0114 //// 10248 ///// ///// ////
000000000000000000000000000000000000000000000000000000000000000000000000000000000000000000000000000000000000000000000000=
57063 344600 1114600 05236 05236 4
20100325200000 237 009 209 005 302 012 1923 237 009 310 016 1920 0000 -042 -034 1904 -042 2000 053 048 1932 024 -124 09614 09623 1901 09614 1953 -107 -101 1901 -110 1955 -064 -061 1901 -064 2000 0016 0048 0067 0077 0074 0077 0084 0110 //// 10253 ///// ///// ////
000000000000000000000000000000000000000000000000000000000000000000000000000000000000000000000000000000000000000000000000=
57067 340300 1110200 05688 05699 4
20100325200000 228 009 240 007 241 018 1909 215 008 240 026 1906 0000 -029 -024 1912 -032 1935 069 067 1911 034 -078 09569 09574 1905 09569 1946 -052 -040 1912 -056 1937 -012 -010 1901 -012 2000 0033 0059 0083 0075 0087 0093 0096 0122 //// 10262 ///// ///// ////
000000000000000000000000000000000000000000000000000000000000000000000000000000000000000000000000000000000000000000000000=
57056 343200 1105300 03904 03909 4
20100325200000 276 008 263 008 012 017 1902 282 009 001 023 1902 0000 0001 0002 1954 -014 1901 043 038 1947 026 -110 09770 09771 1947 09769 1906 -076 -076 1957 -078 1914 -042 -040 1927 -042 1953 0022 0060 0083 0094 0088 0090 0093 0118 //// 10247 ///// ///// ////
000000000000000000000000000000000000000000000000000000000000000000000000000000000000000000000000000000000000000000000000=
58007 340400 1151800 00472 00532 4
20100325200000 180 009 170 008 165 013 1925 181 010 156 023 1923 0000 0017 0020 1944 0017 2000 072 069 1901 050 -028 10203 10210 1902 10202 1956 -026 -012 1928 -033 1902 -013 -009 1901 -013 2000 0041 0068 0085 0095 0098 0100 0103 0131 //// 10270 ///// ///// ////
000000000000000000000000000000000000000000000000000000000000000000000000000000000000000000000000000000000000000000000000=
58006 342300 1155300 00463 00506 4
20100325200000 187 021 187 021 187 021 2000 181 024 189 028 1954 0000 -006 0002 1903 -007 1956 069 066 1906 040 -056 10212 10219 1901 10212 1959 -059 -058 1944 -075 1927 -023 -020 1901 -023 1956 0018 0049 0070 0085 0095 0094 0098 0126 //// 10276 ///// ///// ////
000000000000000000000000000000000000000000000000000000000000000000000000000000000000000000000000000000000000000000000000=
58111 335800 1162700 00325 00325 4
20100325200000 187 017 189 016 192 018 1933 147 007 195 036 1932 0000 0030 0033 1901 0030 2000 059 058 1901 045 -042 10238 10242 1901 10238 1943 -015 -013 1956 -022 1920 -005 -003 1902 -006 1949 0026 0048 0064 0077 0091 0097 0105 0138 //// 10279 ///// ///// ////
000000000000000000000000000000000000000000000000000000000000000000000000000000000000000000000000000000000000000000000000=
58017 341500 1160800 00410 00420 4
20100325200000 189 027 189 020 186 021 1921 192 040 192 040 2000 0000 0035 0037 1931 0034 1941 060 058 1930 047 -035 10219 10225 1901 10219 1945 -011 -004 1954 -035 1908 -004 -003 1931 -006 1941 0040 0064 0080 0090 0098 0097 0103 0128 //// 10272 ///// ///// ////
000000000000000000000000000000000000000000000000000000000000000000000000000000000000000000000000000000000000000000000000=
58001 342600 1150600 00563 00569 4
20100325200000 189 025 191 025 191 025 2000 187 026 184 038 1954 0000 0017 0021 1907 0014 1952 073 069 1901 050 -026 10191 10200 1902 10191 2000 0000 0000 2000 -011 1932 -005 -005 1959 -009 1901 0025 0047 0065 0077 0089 0089 0094 0126 //// 10262 ///// ///// ////
000000000000000000000000000000000000000000000000000000000000000000000000000000000000000000000000000000000000000000000000=
58005 342700 1154000 00501 00511 4
20100325200000 201 032 201 031 196 033 1953 186 029 214 051 1926 0000 0038 0038 2000 0034 1905 057 056 1901 046 -039 10203 10211 1901 10203 2000 0007 0007 1959 -019 1904 -004 -004 1953 -009 1904 0037 0063 0077 0089 0097 0097 0103 0131 0000 10267 ///// ///// ////
000000000000000000000000000000000000000000000000000000000000000000000000000000000000000000000000000000000000000000000000
160 000 000 /// //// //////////////////////// /// //// 6///1 0//// 7//// 1//// 2//// 3//// /// /// /// // 911// 915// 919// 934// 939//=
58008 342800 1152000 00544 00592 4
20100325200000 168 013 168 014 168 018 1948 181 009 167 032 1942 0000 0024 0025 1949 0023 1910 064 062 1901 046 -037 10191 10198 1903 10191 1959 -027 -022 1925 -040 1905 -007 -004 1939 -013 1905 0021 0045 0062 0077 0094 0094 0099 0129 //// 10265 ///// ///// ////
000000000000000000000000000000000000000000000000000000000000000000000000000000000000000000000000000000000000000000000000=
58004 343900 1150900 00606 00616 4
20100325200000 143 008 141 010 140 014 1950 133 012 156 029 1947 0000 0016 0021 1903 0016 2000 069 066 1901 047 -035 10185 10193 1904 10185 1959 -025 -014 1909 -040 1938 -005 -003 1926 -010 1924 0033 0064 0080 0091 0100 0100 0102 0127 //// 10262 ///// ///// ////
000000000000000000000000000000000000000000000000000000000000000000000000000000000000000000000000000000000000000000000000=
54817 355900 1155200 00421 00434 4
20100325200000 196 028 194 025 192 029 1931 184 022 198 051 1906 0000 0025 0031 1903 0025 1959 058 053 1903 042 -049 10203 10208 1901 10203 1958 0002 0017 1904 0002 2000 -011 -008 1904 -011 1959 0022 0045 0063 0072 0081 0078 0088 0116 //// 10257 ///// ///// ////
000000000000000000000000000000000000000000000000000000000000000000000000000000000000000000000000000000000000000000000000=
54900 354200 1150100 00537 00541 4
20100325200000 191 022 188 022 188 029 1901 181 025 206 045 1906 0000 0027 0035 1901 0027 2000 067 063 1901 050 -028 10187 10195 1903 10187 1959 -005 0010 1901 -005 2000 -012 -002 1901 -012 2000 0038 0062 0078 0087 0086 0082 0084 0110 //// 10255 ///// ///// ////
000000000000000000000000000000000000000000000000000000000000000000000000000000000000000000000000000000000000000000000000=
54901 360500 1151000 00475 00478 4
20100325200000 181 032 184 031 182 043 1919 173 030 187 060 1916 0000 0019 0031 1918 0019 2000 067 060 1917 047 -036 10191 10197 1901 10191 1958 0003 0018 1916 0002 1959 -009 -002 1917 -009 2000 0029 0052 0067 0077 0084 0080 0077 0105 //// 10251 ///// ///// ////
000000000000000000000000000000000000000000000000000000000000000000000000000000000000000000000000000000000000000000000000=
54903 355100 1152900 00457 00506 4
20100325200000 209 037 207 034 207 035 1930 226 054 226 054 2000 0000 0030 0032 1922 0028 1901 058 055 1921 044 -045 10193 10198 1903 10193 2000 0019 0021 1923 0014 1901 -002 -002 1924 -005 1901 0037 0060 0073 0081 0081 0080 0090 0114 //// 10256 ///// ///// ////
000000000000000000000000000000000000000000000000000000000000000000000000000000000000000000000000000000000000000000000000=
57184 333800 1132200 00834 00847 4
20100325200000 042 008 024 006 146 017 1920 288 007 144 030 1916 0000 0034 0036 1901 0030 1937 073 073 2000 057 -010 10155 10161 1901 10155 2000 0009 0014 1921 0007 1939 -001 0007 1920 -002 1954 0044 0073 0087 0099 0099 0102 0104 0129 //// 10260 ///// ///// ////
000000000000000000000000000000000000000000000000000000000000000000000000000000000000000000000000000000000000000000000000=
57177 332000 1133200 00898 00913 4
20100325200000 303 009 304 010 193 016 1904 321 006 194 023 1901 0000 0003 0023 1906 0001 1948 088 078 1905 055 -015 10149 10152 1901 10149 2000 -028 -015 1917 -029 1953 0000 0000 1953 -007 1948 0007 0052 0065 0089 0102 0103 0105 0121 //// 10263 ///// ///// ////
000000000000000000000000000000000000000000000000000000000000000000000000000000000000000000000000000000000000000000000000=
57075 341000 1125200 02031 02043 4
20100325200000 090 027 092 027 087 030 1908 088 027 088 036 1908 0000 0019 0019 2000 0010 1903 073 073 2000 051 -024 10009 10013 1909 10008 1946 0002 0004 1958 -007 1929 -013 -011 1939 -017 1930 0032 0060 0078 0089 0100 0100 0097 0117 //// 10261 ///// ///// ////
000000000000000000000000000000000000000000000000000000000000000000000000000000000000000000000000000000000000000000000000=
57173 334500 1125300 01457 01468 4
20100325200000 097 010 096 010 161 018 1935 099 011 189 034 1932 0000 0039 0054 1918 0039 2000 065 058 1916 052 -021 10074 10080 1901 10074 2000 -016 0018 1935 -016 2000 -003 0006 1935 -003 2000 0047 0072 0088 0096 0101 0102 0105 0133 //// 10254 ///// ///// ////
000000000000000000000000000000000000000000000000000000000000000000000000000000000000000000000000000000000000000000000000=
57180 335900 1131200 01175 01186 4
20100325200000 072 016 074 016 072 018 1943 074 015 071 021 1943 0000 0008 0010 1908 0003 1922 085 082 1911 055 -014 10115 10120 1901 10115 2000 -038 -034 1919 -043 1956 -021 -019 1901 -022 1956 0032 0067 0088 0100 0100 0099 0102 0130 //// 10262 ///// ///// ////
000000000000000000000000000000000000000000000000000000000000000000000000000000000000000000000000000000000000000000000000=
57181 335300 1130300 01364 01380 4
20100325200000 135 008 142 017 164 032 1919 147 010 167 047 1924 0000 0048 0049 1957 0025 1901 065 065 1952 056 -012 10092 10096 1901 10091 1948 0007 0010 1954 -016 1901 -008 -006 1941 -009 1901 0029 0061 0080 0094 0097 0100 0103 0129 //// 10262 ///// ///// ////
000000000000000000000000000000000000000000000000000000000000000000000000000000000000000000000000000000000000000000000000=
57171 334600 1130700 01420 01430 4
20100325200000 131 024 132 026 135 030 1941 138 022 138 037 1954 0000 0052 0060 1919 0051 1955 071 066 1901 063 0004 10080 10085 1901 10080 2000 0043 0052 1922 0043 2000 0023 0026 1929 0023 1911 0057 0077 0091 0101 0109 0110 0115 0124 //// 10256 ///// ///// ////
000000000000000000000000000000000000000000000000000000000000000000000000000000000000000000000000000000000000000000000000=
57175 330300 1121400 01914 01922 4
20100325200000 068 006 076 006 111 019 1942 088 008 133 030 1939 0000 0023 0032 1953 0004 1917 079 079 1958 057 -010 10030 10035 1928 10028 1956 -025 -024 1947 -027 1925 -002 -001 1919 -005 1907 0044 0075 0097 0109 0104 0107 0111 0138 //// 10266 ///// ///// ////
000000000000000000000000000000000000000000000000000000000000000000000000000000000000000000000000000000000000000000000000=
57156 331800 1113000 02503 02523 4
20100325200000 271 019 271 018 286 025 1933 277 018 271 038 1927 0000 0027 0035 1901 0027 2000 061 058 1901 045 -041 09956 09962 1901 09956 2000 0021 0031 1907 0020 1944 -004 0000 1901 -004 1956 0047 0070 0088 0098 0100 0109 0117 0142 //// 10264 ///// ///// ////
000000000000000000000000000000000000000000000000000000000000000000000000000000000000000000000000000000000000000000000000=
57285 322300 1132500 01530 01492 4
20100325200000 215 011 212 006 209 019 1930 218 009 201 044 1923 0000 0063 0069 1924 0062 1940 050 050 2000 048 -034 10085 10091 1901 10084 1959 0000 0023 1928 -003 1958 0012 0018 1928 0012 1959 0050 0071 0086 0098 0103 0107 0110 0135 //// ///// ///// ///// ////
////////////////////////////////////////////////////////////////////////////////////////////////////////////////////////=
57273 324100 1125100 01095 01105 4
20100325200000 123 020 111 018 174 029 1922 133 023 181 051 1907 0000 0029 0054 1902 0029 2000 072 060 1901 054 -016 10126 10132 1902 10126 1953 0008 0028 1904 0008 2000 0011 0019 1903 0011 2000 0051 0073 0089 0100 0109 0110 0113 0136 //// 10263 ///// ///// ////
000000000000000000000000000000000000000000000000000000000000000000000000000000000000000000000000000000000000000000000000=
57187 330400 1125600 01180 01193 4
20100325200000 033 009 034 007 081 014 1901 035 011 094 016 1901 0000 0002 0014 1920 0002 2000 089 088 1901 055 -014 10112 10116 1901 10112 2000 -031 -012 1901 -031 2000 0000 0001 1901 -001 1938 0039 0062 0083 0094 0110 0110 0110 0131 //// 10260 ///// ///// ////
000000000000000000000000000000000000000000000000000000000000000000000000000000000000000000000000000000000000000000000000=
57169 330300 1115200 01591 01600 4
20100325200000 315 011 326 007 023 017 1911 308 013 026 023 1910 0000 0013 0022 1918 0013 1904 084 082 1924 056 -011 10067 10073 1907 10067 1957 0020 0021 1904 0018 1909 -003 -002 1923 -003 1959 0042 0067 0085 0097 0101 0105 0109 0133 //// 10264 ///// ///// ////
000000000000000000000000000000000000000000000000000000000000000000000000000000000000000000000000000000000000000000000000=
57176 332900 1122500 02311 02304 4
20100325200000 013 018 019 013 337 017 1916 358 028 358 028 2000 0000 0015 0020 1901 0013 1945 072 070 1901 049 -030 09984 09991 1917 09984 2000 -018 -018 2000 -024 1937 -002 0001 1903 -002 2000 0039 0063 0080 0093 0111 0111 0113 0130 //// 10266 ///// ///// ////
000000000000000000000000000000000000000000000000000000000000000000000000000000000000000000000000000000000000000000000000=
57179 331700 1130000 01604 01616 4
20100325200000 255 016 252 015 244 024 1902 251 019 240 030 1914 0000 0031 0039 1905 0031 2000 074 073 1907 056 -011 10067 10071 1901 10067 1954 -014 0002 1903 -014 2000 0005 0009 1901 0005 2000 0043 0065 0079 0088 0102 0104 0106 0132 //// 10266 ///// ///// ////
000000000000000000000000000000000000000000000000000000000000000000000000000000000000000000000000000000000000000000000000=
57274 324200 1120700 01076 01088 4
20100325200000 004 017 000 013 000 013 2000 007 016 007 022 1959 0000 0020 0030 1908 0020 1958 082 073 1901 058 -007 10126 10130 1901 10126 1950 -013 -008 1901 -014 1952 0015 0018 1904 0015 1959 0057 0078 0095 0107 0114 0114 0116 0140 //// 10260 ///// ///// ////
000000000000000000000000000000000000000000000000000000000000000000000000000000000000000000000000000000000000000000000000=
57065 343000 1121100 01949 01964 4
20100325200000 279 011 276 012 279 017 1952 279 011 282 026 1949 0000 0015 0015 2000 0009 1931 038 038 1959 026 -113 10014 10019 1901 10014 1955 -012 -010 1901 -016 1935 -019 -018 1955 -026 1935 0045 0076 0094 0104 0098 0102 0111 0138 //// 10256 ///// ///// ////
000000000000000000000000000000000000000000000000000000000000000000000000000000000000000000000000000000000000000000000000=
57074 342500 1122500 01973 01989 4
20100325200000 155 003 155 004 115 011 1901 195 001 206 015 1948 0000 0023 0028 1943 0017 1917 062 059 1901 045 -042 10013 10016 1912 10013 1957 -027 -001 1901 -027 2000 -007 0002 1901 -007 2000 0054 0079 0095 0104 0101 0102 0103 0125 //// 10257 ///// ///// ////
000000000000000000000000000000000000000000000000000000000000000000000000000000000000000000000000000000000000000000000000=
57070 344400 1120700 03640 03595 4
20100325200000 064 011 065 009 014 019 1934 066 010 012 024 1930 0000 0027 0032 1911 0026 1942 029 028 1947 022 -136 09811 09816 1905 09811 1959 -044 -010 1908 -044 2000 -025 -018 1908 -025 2000 0040 0070 0086 0092 0091 0091 0096 0122 //// 10248 ///// ///// ////
000000000000000000000000000000000000000000000000000000000000000000000000000000000000000000000000000000000000000000000000=
57162 340900 1120500 03258 03275 4
20100325200000 276 009 253 009 258 010 1920 015 005 263 018 1910 0000 0017 0024 1901 0017 2000 051 047 1926 035 -073 09853 09859 1901 09853 2000 -020 -012 1902 -035 1943 -018 -014 1901 -019 1943 0041 0072 0090 0100 0095 0097 0102 0131 //// 10252 ///// ///// ////
000000000000000000000000000000000000000000000000000000000000000000000000000000000000000000000000000000000000000000000000=
57078 340900 1122800 03365 03340 4
20100325200000 004 003 004 002 349 006 1928 350 006 350 009 1925 0000 0009 0018 1901 0009 2000 057 052 1901 037 -067 09848 09853 1902 09848 1956 -058 -053 1928 -063 1914 -022 -017 1901 -022 1958 0025 0053 0074 0088 0095 0097 0098 0118 //// 10257 ///// ///// ////
000000000000000000000000000000000000000000000000000000000000000000000000000000000000000000000000000000000000000000000000=
57071 344900 1122600 03333 03332 4
20100325200000 310 016 313 019 324 022 1910 316 013 327 032 1955 0000 0026 0029 1919 0026 1948 061 061 1901 045 -042 09847 09852 1904 09846 1952 -017 -011 1913 -033 1934 -017 -013 1912 -019 1941 0042 0068 0084 0093 0090 0088 0092 0119 //// 10254 ///// ///// ////
000000000000000000000000000000000000000000000000000000000000000000000000000000000000000000000000000000000000000000000000=
57066 342300 1114000 03283 03298 4
20100325200000 172 003 222 005 260 007 1926 187 003 254 013 1921 0000 0013 0018 1903 0012 1931 041 039 1954 028 -105 09849 09852 1901 09848 1933 -028 -017 1904 -035 1941 -029 -023 1902 -030 1954 0029 0060 0081 0091 0091 0090 0091 0115 //// 10251 ///// ///// ////
000000000000000000000000000000000000000000000000000000000000000000000000000000000000000000000000000000000000000000000000=
57077 334700 1113900 07424 07388 4
20100325200000 271 036 256 037 256 037 2000 268 024 254 051 1938 0000 -001 0002 1904 -001 1954 057 056 1903 035 -076 09374 09379 1901 09374 1959 -021 -021 2000 -027 1920 -018 -018 1944 -019 1912 0022 0044 0058 0068 0080 0085 0092 0115 //// 10258 ///// ///// ////
000000000000000000000000000000000000000000000000000000000000000000000000000000000000000000000000000000000000000000000000=
57183 334800 1135500 00600 00615 4
20100325200000 217 013 217 013 192 017 1922 220 016 187 021 1921 0000 0014 0021 1917 0014 2000 080 078 1920 054 -017 10183 10190 1901 10183 2000 -038 -031 1911 -039 1957 0005 0009 1901 0005 1959 0049 0072 0088 0098 0102 0099 0098 0122 //// 10260 ///// ///// ////
000000000000000000000000000000000000000000000000000000000000000000000000000000000000000000000000000000000000000000000000=
57186 333600 1140300 00587 00598 4
20100325200000 179 037 179 034 176 038 1917 173 025 196 057 1905 0000 0043 0049 1905 0043 2000 065 064 1904 054 -017 10189 10194 1901 10189 2000 -002 0010 1916 -008 1929 0006 0011 1905 0005 1959 0048 0075 0090 0101 0104 0103 0103 0133 //// 10263 ///// ///// ////
000000000000000000000000000000000000000000000000000000000000000000000000000000000000000000000000000000000000000000000000=
57191 342900 1142900 00634 00642 4
20100325200000 193 015 207 012 189 018 1903 127 019 102 042 1954 0000 0032 0037 1901 0032 2000 071 069 1901 055 -015 10181 10188 1903 10181 2000 0019 0024 1907 0011 1938 0007 0012 1901 0007 2000 0046 0064 0077 0086 0096 0093 0095 0124 //// 10261 ///// ///// ////
000000000000000000000000000000000000000000000000000000000000000000000000000000000000000000000000000000000000000000000000=
53978 350500 1123800 01401 01409 4
20100325200000 342 012 338 012 351 016 1915 341 012 353 025 1912 0000 0021 0023 1919 0019 1905 062 062 2000 044 -044 10081 10085 1910 10081 1958 -045 -025 1925 -051 1901 -013 -007 1916 -013 2000 0044 0073 0090 0104 0093 0093 0097 0125 //// 10255 ///// ///// ////
000000000000000000000000000000000000000000000000000000000000000000000000000000000000000000000000000000000000000000000000=
53987 350600 1132500 00910 00918 4
20100325200000 190 019 175 011 044 016 1915 184 024 184 024 2000 0000 0013 0023 1906 0010 1955 077 072 1908 052 -023 10141 10147 1901 10141 1934 -020 -019 1916 -045 1940 -002 0004 1903 -002 1958 0047 0074 0090 0102 0102 0098 0101 0127 //// 10255 ///// ///// ////
000000000000000000000000000000000000000000000000000000000000000000000000000000000000000000000000000000000000000000000000=
57079 345700 1130200 01064 01069 4
20100325200000 001 005 047 008 092 017 1906 010 006 088 023 1902 0000 0023 0027 1909 0019 1933 069 068 1910 050 -028 10120 10124 1901 10119 1950 -025 -019 1907 -037 1939 -020 -015 1901 -020 1958 0052 0072 0088 0097 0100 0095 0096 0119 //// 10252 ///// ///// ////
000000000000000000000000000000000000000000000000000000000000000000000000000000000000000000000000000000000000000000000000=
57072 345500 1124500 01275 01285 4
20100325200000 316 012 321 011 352 014 1940 307 012 007 018 1939 0000 -005 -001 1901 -005 2000 088 086 1901 052 -022 10098 10100 1901 10097 1931 -059 -047 1948 -062 1931 -036 -031 1901 -036 2000 0033 0066 0084 0093 0089 0086 0087 0113 //// 10257 ///// ///// ////
000000000000000000000000000000000000000000000000000000000000000000000000000000000000000000000000000000000000000000000000=
53982 351400 1131600 01120 01135 4
20100325200000 199 017 164 015 055 019 1946 200 017 079 033 1949 0000 0036 0048 1901 0036 2000 057 053 1901 045 -041 10112 10115 1901 10109 1929 0009 0018 1951 0004 1928 -002 0003 1901 -002 1925 0059 0084 0100 0109 0101 0098 0101 0131 //// 10252 ///// ///// ////
000000000000000000000000000000000000000000000000000000000000000000000000000000000000000000000000000000000000000000000000=
53979 350900 1130500 01200 01211 4
20100325200000 270 015 263 017 221 019 1932 264 015 261 029 1953 0000 0020 0038 1901 0019 1937 068 048 1901 048 -033 10110 10110 2000 10107 1908 -007 -003 1928 -024 1920 -041 -038 1955 -047 1921 0042 0077 0098 0108 0100 0100 0105 0132 //// 10260 ///// ///// ////
000000000000000000000000000000000000000000000000000000000000000000000000000000000000000000000000000000000000000000000000=
53974 353700 1141100 00723 00739 4
20100325200000 200 018 186 019 195 021 1942 203 014 167 045 1955 0000 0034 0041 1905 0034 2000 063 059 1904 049 -030 10159 10168 1901 10159 1959 -006 0002 1945 -009 1926 0001 0007 1903 0001 2000 0046 0071 0087 0095 0091 0092 0097 0124 //// 10251 ///// ///// ////
000000000000000000000000000000000000000000000000000000000000000000000000000000000000000000000000000000000000000000000000=
53990 354300 1141900 00795 00805 4
20100325200000 165 027 162 030 170 041 1940 161 027 170 050 1937 0000 -005 0009 1918 -005 2000 083 077 1901 049 -030 10150 10158 1901 10150 2000 -015 0001 1935 -017 1953 -033 -023 1936 -033 2000 0040 0068 0081 0092 0093 0085 0083 0110 //// 10251 ///// ///// ////
000000000000000000000000000000000000000000000000000000000000000000000000000000000000000000000000000000000000000000000000=
53889 360400 1134900 03068 03086 4
20100325200000 007 007 042 006 256 009 1901 343 008 020 015 1940 0000 0004 0013 1901 0002 1938 066 063 1901 041 -052 09869 09874 1901 09869 2000 -049 -033 1902 -055 1941 -034 -025 1901 -034 1959 0013 0037 0054 0067 0080 0075 0088 0098 //// 10248 ///// ///// ////
000000000000000000000000000000000000000000000000000000000000000000000000000000000000000000000000000000000000000000000000=
53995 353300 1143000 00625 00645 4
20100325200000 138 029 138 027 140 028 1950 133 027 139 034 1954 0000 0006 0019 1901 0005 1949 075 070 1909 048 -033 10172 10180 1903 10172 2000 -017 -004 1923 -020 1946 -020 -015 1904 -020 2000 0035 0065 0079 0090 0090 0087 0088 0116 //// 10253 ///// ///// ////
000000000000000000000000000000000000000000000000000000000000000000000000000000000000000000000000000000000000000000000000=
NNNN
