57089 340200 1135200 1
20100502000000 00 00 00 00 00 00 03 10 10 10 10 10 10 10 10 10 10 06 00 00 00 00 00 00 109=
57390 314800 1140400 1
20100502000000 00 00 00 00 00 00 04 10 10 10 10 10 10 10 10 10 10 10 00 00 00 00 00 00 114=
57299 320100 1145400 1
20100502000000 00 00 00 00 00 00 10 10 10 10 10 10 10 10 10 10 10 08 00 00 00 00 00 00 118=
53985 352700 1134900 1
20100502000000 00 00 00 00 00 00 03 10 10 10 10 10 10 10 10 10 10 00 00 00 00 00 00 00 103=
57051 344800 1111200 1
20100502000000 00 00 00 00 00 00 02 10 10 10 10 10 10 10 10 10 10 06 00 00 00 00 00 00 108=
57074 342500 1122500 1
20100502000000 00 00 00 00 00 00 00 07 10 10 10 10 10 10 10 10 10 09 00 00 00 00 00 00 106=
NNNN
