57090 344300 1135800 00781 00802 4
20100322180000 000 000 000 000 273 003 1745 274 000 274 010 1738 0000 0100 0101 1701 0100 1713 091 089 1701 112 0086 10113 10114 1744 10110 1705 0079 0082 1702 0078 1757 0086 0088 1702 0086 1800 0092 0098 0098 0101 0099 0092 0083 0119 //// 10211 ///// ///// ////
000000000000000000000000000000000000000000000000000000000000000000000000000000000000000000000000000000000000000000000000=
57083 344300 1133900 01104 01116 4
20100322180000 251 004 256 005 217 008 1736 262 005 214 012 1731 0000 0102 0104 1701 0101 1728 086 084 1701 107 0080 10077 10079 1755 10075 1701 0078 0078 1749 0077 1725 0088 0089 1701 0088 1759 0095 0098 0101 0104 0098 0097 0101 0126 0000 10213 ///// ///// ////
000000000000000000000000000000000000000000000000000000000000000000000000000000000000000000000000000000000000000000000000
080 010 000 010 2800 /////////////////////ASP 02/ 1000 6///1 0//// 7//// 10142 2//// 3//// /// /// /// // 911// 915// 919// 934// 939//=
57086 342300 1134300 01166 01168 4
20100322180000 317 016 317 016 317 016 1800 305 017 310 023 1756 0000 0094 0094 1743 0093 1755 085 084 1701 100 0070 10069 10072 1733 10067 1702 0086 0086 1800 0084 1701 0087 0087 1704 0087 1754 0094 0098 0101 0104 0101 0094 0091 0116 //// 10212 ///// ///// ////
000000000000000000000000000000000000000000000000000000000000000000000000000000000000000000000000000000000000000000000000=
57085 343200 1132000 02599 02648 4
20100322180000 353 014 338 008 351 011 1745 353 016 353 016 1800 0000 0092 0094 1745 0092 1759 082 081 1744 095 0063 09895 09896 1749 09892 1703 0085 0088 1715 0084 1731 0079 0080 1703 0079 1759 0090 0097 0102 0103 0105 0097 0091 0121 //// 10216 ///// ///// ////
000000000000000000000000000000000000000000000000000000000000000000000000000000000000000000000000000000000000000000000000=
57081 344800 1132600 01409 01419 4
20100322180000 160 014 162 011 151 014 1710 158 012 181 024 1702 0000 0104 0104 1703 0102 1748 076 076 1800 096 0064 10040 10042 1730 10038 1705 0092 0094 1712 0088 1739 0087 0088 1708 0087 1740 0093 0097 0102 0101 0089 0091 0094 0117 //// 10213 ///// ///// ////
000000000000000000000000000000000000000000000000000000000000000000000000000000000000000000000000000000000000000000000000=
57084 343000 1130300 11784 11790 4
20100322180000 091 064 079 060 082 079 1753 077 073 082 111 1750 0000 0021 0039 1701 0021 1800 078 071 1747 055 -013 08850 08852 1731 08847 1749 0010 0036 1705 0008 1752 0021 0029 1731 0019 1755 0036 0049 0060 0065 0064 //// //// //// //// 10220 ///// ///// ////
000000000000000000000000000000000000000000000000000000000000000000000000000000000000000000000000000000000000000000000000=
57080 344400 1125800 01652 01661 4
20100322180000 347 012 037 011 107 013 1744 333 010 102 025 1739 0000 0114 0114 1759 0107 1701 061 061 1757 082 0042 10010 10012 1710 10008 1722 0098 0101 1743 0086 1718 0084 0084 1744 0084 1718 0091 0095 0099 0100 0092 0087 0086 0119 //// 10212 ///// ///// ////
000000000000000000000000000000000000000000000000000000000000000000000000000000000000000000000000000000000000000000000000=
57082 342800 1130100 04271 04284 4
20100322180000 074 028 051 013 081 018 1750 052 043 094 055 1748 0001 0088 0088 1755 0083 1701 058 057 1759 066 0010 09708 09708 1800 09702 1719 0062 0082 1708 0062 1800 0074 0077 1744 0074 1800 0086 0095 0101 0106 0102 0099 0098 //// //// 10223 ///// ///// ////
000000000000000000000000000000000000000000000000000000000000000000000000000000000000000000000000000000000000010000000000=
57295 323700 1142100 00785 00802 4
20100322180000 028 059 027 050 013 051 1716 012 064 035 136 1737 0006 0076 0082 1701 0076 1800 078 077 1729 081 0040 10101 10109 1706 10100 1736 0067 0071 1701 0067 1800 0072 0079 1717 0072 1800 0102 0109 0113 0116 0109 0102 0100 0128 //// 10199 ///// ///// ////
010000010000000000000000000000000000000000000000000000000100000000000000000001000000000000000100000000000001000000000000=
57188 332200 1140200 00559 00568 4
20100322180000 315 007 118 006 247 025 1714 299 011 254 045 1712 0008 0085 0088 1701 0083 1742 080 077 1701 089 0053 10141 10144 1734 10138 1712 0076 0077 1707 0075 1751 0084 0085 1702 0084 1743 0099 0106 0113 0113 0100 0094 0100 0133 //// 10210 ///// ///// ////
000100000001000000000100000000000000000000000001010000000000000000000000000000000100000000000000000100000000000000010000=
57293 324400 1145900 00380 00391 4
20100322180000 026 067 024 067 022 070 1758 026 057 018 102 1757 0010 0085 0097 1701 0084 1730 077 071 1701 085 0047 10153 10158 1709 10139 1701 0070 0076 1701 0069 1752 0079 0087 1701 0079 1800 0099 0107 0111 0112 0116 0105 0103 0132 //// 10201 ///// ///// ////
010000000000000000010000000001000001000001000000000101010001000000000000000001000000000000000000000000000000000000000000=
57189 330800 1135700 00646 00655 4
20100322180000 223 008 255 003 294 023 1733 212 008 302 033 1732 0008 0079 0081 1701 0079 1727 094 091 1701 100 0070 10133 10137 1733 10132 1704 0074 0075 1701 0072 1755 0083 0085 1706 0081 1727 0099 0107 0112 0115 0103 0096 0096 0122 //// 10213 ///// ///// ////
000000000100000000000000000001000000000000000000000000000000010000000000010000000000010000000000000000000002000000000100=
57194 331700 1141600 00598 00609 4
20100322180000 233 026 250 028 267 030 1752 246 020 271 047 1752 0003 0081 0086 1702 0079 1734 087 080 1704 094 0061 10135 10137 1749 10129 1714 0071 0071 1737 0068 1705 0081 0084 1740 0081 1800 0101 0106 0110 0110 0099 0093 0096 0126 //// 10210 ///// ///// ////
000000010000000000000000000000000000000000000000000000000001000000000000000000000000000000000000000000000000000100000000=
57197 330000 1142000 00489 00545 4
20100322180000 127 033 119 024 114 025 1754 130 041 130 041 1800 0011 0080 0083 1711 0080 1800 089 085 1726 095 0063 10139 10145 1703 10139 1800 0068 0068 1752 0066 1745 0077 0078 1713 0077 1800 0091 0099 0105 0106 0110 0101 0098 0125 //// 10206 ///// ///// ////
000000000000000000000100000000000000000000000000000200010002000100000001010000000000000000010000000000000000010000000000=
57294 325000 1140100 00836 00846 4
20100322180000 105 003 089 007 065 044 1701 094 008 068 056 1701 0015 0074 0080 1701 0074 1753 093 087 1701 096 0063 10107 10111 1723 10105 1748 0068 0072 1701 0068 1758 0077 0077 1759 0074 1701 0093 0104 0111 0113 0110 0108 0100 0118 //// 10211 ///// ///// ////
010000010000010100020100010000000001000000000000000000000100000000000000000000000100000000000000000100000000020000010000=
57292 325800 1143800 00444 00453 4
20100322180000 077 035 083 034 058 054 1713 066 026 049 083 1712 0028 0076 0083 1708 0076 1800 087 079 1707 091 0056 10157 10159 1724 10151 1739 0068 0068 1800 0067 1705 0075 0075 1704 0075 1734 0092 0104 0110 0116 0112 0104 0103 0133 //// 10213 ///// ///// ////
000000010000000000010000000100010001010001000101010101000102010101010000010000010100010000010001000000010000000001000001=
57195 333700 1143700 00466 00476 4
20100322180000 045 014 100 013 287 017 1709 324 010 304 035 1705 0000 0107 0107 1800 0103 1726 071 070 1752 091 0057 10147 10147 1800 10137 1731 0092 0095 1735 0091 1748 0086 0087 1742 0086 1759 0095 0103 0110 0113 0106 0097 0100 0142 //// 10205 ///// ///// ////
000000000000000000000000000000000000000000000000000000000000000000000000000000000000000000000000000000000000000000000000=
57193 334700 1143100 00526 00541 4
20100322180000 271 012 288 012 304 023 1737 263 010 313 040 1734 0000 0102 0103 1718 0102 1758 082 079 1701 102 0073 10140 10142 1707 10135 1732 0089 0090 1751 0088 1703 0090 0091 1712 0090 1742 0101 0106 0110 0113 0107 0100 0103 0131 //// 10206 ///// ///// ////
000000000000000000000000000000000000000000000000000000000000000000000000000000000000000000000000000000000000000000000000
120 010 010 010 1200 /////////////////////SCP 5// 0060 69931 0//// 7//// 10151 2//// 3//// /// /// /// // 911// 915// 919// 934// 939//=
57196 332800 1145200 00420 00428 4
20100322180000 176 011 143 009 047 027 1702 178 015 023 048 1717 0001 0098 0102 1701 0098 1800 073 063 1702 088 0052 10149 10151 1758 10145 1722 0076 0082 1739 0076 1800 0080 0080 1759 0079 1706 0093 0101 0104 0105 0106 0098 0103 0132 //// 10201 ///// ///// ////
000000000000000000000000000000000100000000000000000000000000000000000000000000000000000000000000000000000000000000000000=
57099 340400 1145100 00526 00536 4
20100322180000 009 004 010 010 339 018 1740 355 000 350 029 1738 0000 0098 0098 1800 0096 1701 080 080 1800 097 0065 10137 10144 1701 10137 1800 0080 0081 1701 0079 1732 0085 0087 1701 0085 1800 0095 0099 0100 0102 0101 0092 0096 0131 //// 10202 ///// ///// ////
000000000000000000000000000000000000000000000000000000000000000000000000000000000000000000000000000000000000000000000000=
58104 332400 1150400 00412 00425 4
20100322180000 112 030 116 035 062 054 1714 104 026 071 112 1712 0012 0089 0096 1701 0088 1746 078 069 1701 089 0053 10150 10154 1703 10148 1745 0073 0075 1756 0069 1712 0077 0077 1754 0076 1729 0088 0098 0104 0107 0105 0096 0097 0136 //// 10202 ///// ///// ////
000101000100000100000100010000010000000100000000000101000000000000000000000001000000000000000100000000000000000000000000=
57198 333300 1143700 00463 00473 4
20100322180000 340 016 337 019 355 024 1748 249 024 046 065 1757 0000 0110 0111 1749 0107 1712 064 058 1746 084 0045 10147 10147 1800 10139 1736 0082 0082 1756 0079 1747 0087 0089 1701 0087 1759 0100 0108 0112 0114 0107 0103 0106 0138 //// 10205 ///// ///// ////
000000000000000000000000000000000000000000000000000000000000000000000000000000000000000000000000000000000000000000000000=
58101 335200 1152900 00413 00428 4
20100322180000 018 015 006 017 005 018 1758 336 015 007 036 1751 0000 0097 0101 1702 0097 1800 084 081 1701 101 0071 10143 10154 1718 10143 1758 0088 0088 1800 0085 1718 0082 0083 1706 0082 1800 0096 0097 0101 0103 0103 0096 0097 0131 //// 10195 ///// ///// ////
000000000000000000000000000000000000000000000000000000000000000000000000000000000000000000000000000000000000000000000000=
57192 334400 1145100 00455 00466 4
20100322180000 310 012 314 012 313 021 1703 307 018 047 031 1702 0000 0102 0103 1701 0101 1736 080 080 1800 099 0069 10148 10148 1800 10140 1729 0092 0094 1729 0092 1800 0088 0089 1721 0088 1800 0098 0108 0115 0116 0112 0104 0105 0141 //// 10205 ///// ///// ////
000000000000000000000000000000000000000000000000000000000000000000000000000000000000000000000000000000000000000000000000=
57098 340500 1142400 00583 00593 4
20100322180000 320 017 319 016 318 016 1759 337 019 302 027 1758 0000 0099 0099 1800 0097 1701 088 088 1800 107 0080 10135 10135 1800 10131 1720 0090 0090 1756 0087 1704 0089 0090 1701 0089 1800 0094 0098 0100 0103 0103 0094 0096 0129 //// 10207 ///// ///// ////
000000000000000000000000000000000000000000000000000000000000000000000000000000000000000000000000000000000000000000000000=
57190 334500 1142400 00505 00516 4
20100322180000 307 020 310 020 315 022 1755 307 019 312 034 1745 0000 0097 0100 1713 0097 1800 084 078 1712 101 0071 10143 10144 1704 10138 1716 0094 0096 1714 0091 1734 0085 0085 1712 0084 1733 0094 0100 0105 0107 0104 0096 0099 0130 //// 10206 ///// ///// ////
000000000000000000000000000000000000000000000000000000000000000000000000000000000000000000000000000000000000000000000000=
58100 333900 1151000 00414 00424 4
20100322180000 044 014 048 010 356 014 1721 029 017 319 023 1721 0000 0098 0102 1701 0098 1800 078 071 1701 094 0062 10148 10154 1708 10144 1738 0091 0097 1724 0091 1759 0084 0086 1704 0084 1759 0096 0104 0111 0116 0112 0105 0107 0136 //// 10200 ///// ///// ////
000000000000000000000000000000000000000000000000000000000000000000000000000000000000000000000000000000000000000000000000=
57088 340900 1133000 01161 01177 4
20100322180000 121 018 010 023 265 032 1755 165 015 279 052 1754 0000 0106 0106 1800 0099 1701 073 073 1800 093 0060 10070 10074 1725 10067 1737 0086 0091 1709 0086 1800 0086 0088 1737 0086 1800 0096 0104 0109 0111 0105 0099 0100 0126 //// 10213 ///// ///// ////
000000000000000000000000000000000000000000000000000000000000000000000000000000000000000000000000000000000000000000000000=
57095 340700 1140900 00611 00622 4
20100322180000 281 007 298 010 317 016 1745 239 005 335 023 1743 0000 0097 0099 1701 0097 1800 091 090 1701 109 0083 10129 10133 1749 10128 1716 0087 0089 1701 0083 1717 0088 0089 1701 0088 1800 0094 0099 0102 0105 0101 0094 0094 0125 //// 10205 ///// ///// ////
000000000000000000000000000000000000000000000000000000000000000000000000000000000000000000000000000000000000000000000000=
57182 335100 1133000 00805 00814 4
20100322180000 059 033 079 037 088 040 1757 054 023 074 079 1743 0000 0116 0119 1745 0106 1701 052 042 1744 071 0021 10112 10114 1720 10111 1702 0089 0104 1741 0087 1759 0084 0092 1721 0084 1759 0103 0112 0118 0117 0110 0103 0106 0140 //// 10210 ///// ///// ////
000000000000000000000000000000000000000000000000000000000000000000000000000000000000000000000000000000000000000000000000=
57087 341200 1134800 00877 00885 4
20100322180000 250 022 204 018 204 018 1800 251 023 226 033 1758 0000 0109 0109 1800 0106 1725 066 066 1800 086 0048 10098 10104 1732 10098 1800 0097 0097 1800 0087 1754 0090 0091 1702 0089 1754 0095 0101 0104 0105 0098 0093 0096 0124 //// 10206 ///// ///// ////
000000000000000000000000000000000000000000000000000000000000000000000000000000000000000000000000000000000000000000000000=
57297 320800 1140300 01145 01154 4
20100322180000 014 041 020 054 023 057 1758 358 064 029 110 1752 0000 0086 0092 1701 0086 1800 075 074 1701 084 0044 10059 10062 1738 10055 1701 0081 0085 1715 0081 1800 0082 0086 1704 0082 1758 0103 0114 0122 0126 0123 0118 0113 //// //// 10200 ///// ///// ////
000000000000000000000000000000000000000000000000000000000000000000000000000000000000000000000000000000000000000000000000
050 010 010 010 1500 /////////////////////SCP 5// 1060 69901 0//// 7//// 10133 2//// 3//// /// /// /// // 911// 915// 919// 934// 939//=
57296 322100 1144400 00489 00501 4
20100322180000 046 051 039 045 039 045 1800 054 074 043 092 1750 0000 0093 0102 1701 0093 1800 072 072 1800 084 0045 10134 10138 1721 10132 1752 0082 0091 1731 0082 1800 0085 0095 1701 0085 1800 0107 0117 0122 0125 0121 0110 0108 0131 //// 10195 ///// ///// ////
000000000000000000000000000000000000000000000000000000000000000000000000000000000000000000000000000000000000000000000000=
57396 313800 1145100 01287 01297 4
20100322180000 339 078 345 076 343 077 1747 339 084 344 126 1705 0000 0086 0090 1701 0086 1800 082 076 1701 092 0057 10013 10019 1702 10012 1725 0081 0086 1702 0081 1800 0078 0079 1740 0078 1758 0087 0101 0113 0120 0126 0116 //// //// //// 10171 ///// ///// ////
000000000000000000000000000000000000000000000000000000000000000000000000000000000000000000000000000000000000000000000000=
58301 314900 1152300 00916 00929 4
20100322180000 050 027 045 029 048 034 1745 026 024 059 053 1745 0000 0083 0089 1701 0083 1800 085 079 1701 093 0059 10069 10080 1715 10068 1747 0077 0079 1744 0077 1800 0085 0087 1719 0085 1758 0098 0107 0117 0122 0130 0119 0106 0129 //// 10182 ///// ///// ////
000000000000000000000000000000000000000000000000000000000000000000000000000000000000000000000000000000000000000000000000=
57298 321300 1143300 00554 00562 4
20100322180000 013 060 006 059 006 059 1800 002 046 007 100 1755 0001 0091 0097 1716 0091 1800 078 078 1800 090 0055 10127 10132 1752 10123 1741 0080 0091 1728 0078 1754 0047 0059 1727 0047 1800 0107 0091 0115 0121 0116 0107 0100 0134 //// 10196 ///// ///// ////
000000000000000000000000000100000000000000000000000000000000000000000000000000000000000000000000000000000000000000000000=
57390 314800 1140400 07335 07347 4
20100322180000 006 084 005 077 005 077 1800 005 084 350 170 1746 0001 0044 0054 1701 0044 1800 099 099 1800 083 0043 09310 09318 1718 09310 1800 0044 0054 1701 0044 1800 0053 0060 1701 0053 1758 0069 0078 0088 0095 0106 0094 //// //// //// 10178 ///// ///// ////
000000000000000000010000000000000000000000000000000000000000000000000000000000000000000000000000000000000000000000000000=
58207 321000 1150300 00428 00440 4
20100322180000 007 020 022 023 103 026 1706 015 021 023 033 1753 0000 0092 0094 1714 0092 1800 090 088 1702 105 0076 10135 10140 1701 10131 1732 0086 0088 1717 0086 1800 0103 0105 1701 0103 1800 0090 0114 0119 0123 0120 0112 0111 0138 //// 10189 ///// ///// ////
000000000000000000000000000000000000000000000000000000000000000000000000000000000000000000000000000000000000000000000000=
58205 322800 1152600 00349 00360 4
20100322180000 015 021 016 019 016 023 1746 355 028 032 031 1740 0002 0092 0093 1701 0092 1800 086 086 1800 100 0070 10149 10153 1731 10145 1701 0086 0088 1701 0086 1758 0090 0093 1701 0090 1800 0095 0099 0104 0105 0119 0109 0108 0123 //// 10193 ///// ///// ////
000000000000000001000000000000000100000000000000000000000000000000000000000000000000000000000000000000000000000000000000=
58208 321000 1153700 00429 00439 4
20100322180000 097 026 069 019 069 019 1800 093 038 093 038 1800 0000 0090 0090 1800 0089 1701 083 083 1800 095 0063 10131 10143 1705 10131 1800 0084 0086 1725 0083 1744 0094 0096 1707 0094 1800 0104 0114 0120 0125 0118 0112 0110 0139 //// 10185 ///// ///// ////
000000000000000000000000000000000000000000000000000000000000000000000000000000000000000000000000000000000000000000000000=
57299 320100 1145400 00494 00506 4
20100322180000 052 013 043 022 053 033 1744 089 013 046 051 1744 0000 0094 0095 1701 0093 1720 086 086 1800 101 0072 10121 10128 1705 10117 1743 0084 0086 1703 0083 1752 0090 0092 1703 0089 1755 0094 0100 0107 0111 0123 0110 0105 0126 //// 10183 ///// ///// ////
000000000000000000000000000000000000000000000000000000000000000000000000000000000000000000000000000000000000000000000000=
53989 350300 1135700 00766 00777 4
20100322180000 319 005 304 006 292 010 1723 313 004 350 014 1707 0000 0091 0095 1701 0090 1748 093 092 1701 107 0080 10118 10120 1740 10115 1701 0077 0081 1706 0077 1758 0082 0083 1706 0081 1754 0089 0095 0099 0100 0094 0090 0094 0123 //// 10213 ///// ///// ////
000000000000000000000000000000000000000000000000000000000000000000000000000000000000000000000000000000000000000000000000=
53997 350900 1141100 00711 00723 4
20100322180000 048 019 046 021 045 023 1747 051 018 048 037 1743 0000 0107 0108 1737 0099 1701 059 059 1800 076 0030 10127 10127 1800 10120 1701 0074 0076 1749 0069 1728 0080 0084 1701 0080 1800 0090 0096 0098 0102 0093 0092 0096 0125 //// 10216 ///// ///// ////
000000000000000000000000000000000000000000000000000000000000000000000000000000000000000000000000000000000000000000000000=
53986 351900 1135300 00732 00740 4
20100322180000 068 006 085 007 091 011 1730 085 005 066 019 1713 0000 0104 0106 1723 0104 1800 065 062 1750 082 0041 10125 10127 1748 10119 1701 0082 0093 1726 0082 1800 0080 0083 1701 0080 1800 0092 0096 0099 0101 0096 0093 0096 0128 //// 10215 ///// ///// ////
000000000000000000000000000000000000000000000000000000000000000000000000000000000000000000000000000000000000000000000000
040 010 000 010 2800 /////////////////////ASP 02/ 1000 6///1 0//// 7//// 10133 2//// 3//// /// /// /// // 911// 915// 919// 934// 939//=
53994 352300 1140400 00700 00712 4
20100322180000 064 017 066 018 057 019 1713 062 015 082 032 1753 0000 0107 0111 1721 0107 1800 047 043 1720 060 -001 10130 10130 1800 10120 1701 0090 0096 1724 0090 1800 0070 0076 1701 0070 1800 0086 0095 0099 0100 0093 0087 0093 0127 //// 10217 ///// ///// ////
000000000000000000000000000000000000000000000000000000000000000000000000000000000000000000000000000000000000000000000000=
53988 351600 1134000 00776 00784 4
20100322180000 104 004 123 008 144 011 1756 110 005 152 014 1754 0000 0099 0099 1800 0095 1701 079 078 1751 096 0064 10115 10116 1709 10112 1701 0076 0076 1701 0073 1751 0076 0078 1701 0076 1753 0087 0094 0097 0101 0092 0090 0097 0126 //// 10211 ///// ///// ////
000000000000000000000000000000000000000000000000000000000000000000000000000000000000000000000000000000000000000000000000=
53985 352700 1134900 00964 00979 4
20100322180000 095 005 092 000 050 007 1701 082 004 020 012 1707 0000 0115 0121 1703 0115 1800 042 034 1708 057 -010 10098 10098 1800 10090 1701 0094 0114 1701 0094 1730 0079 0080 1701 0079 1747 0083 0088 0089 0089 0080 0076 0082 0118 //// 10217 ///// ///// ////
000000000000000000000000000000000000000000000000000000000000000000000000000000000000000000000000000000000000000000000000=
53983 350200 1142500 00696 00708 4
20100322180000 018 023 022 021 022 021 1755 020 034 020 034 1800 0000 0108 0108 1800 0103 1725 063 063 1800 082 0040 10127 10127 1800 10123 1701 0095 0095 1758 0084 1725 0081 0084 1701 0081 1800 0088 0094 0097 0099 0088 0084 0086 0123 //// 10214 ///// ///// ////
000000000000000000000000000000000000000000000000000000000000000000000000000000000000000000000000000000000000000000000000=
53998 351200 1143900 00616 00625 4
20100322180000 351 015 001 012 025 019 1706 353 011 018 032 1701 0000 0104 0110 1704 0104 1800 062 059 1703 078 0034 10135 10138 1746 10133 1714 0084 0091 1701 0083 1736 0075 0079 1701 0075 1757 0086 0092 0095 0097 0098 0093 0094 0129 //// 10212 ///// ///// ////
000000000000000000000000000000000000000000000000000000000000000000000000000000000000000000000000000000000000000000000000=
57051 344800 1111200 04099 04117 4
20100322180000 130 013 149 015 149 016 1755 116 009 187 028 1754 0000 0116 0116 1800 0109 1710 019 016 1734 026 -112 09707 09718 1701 09706 1748 0093 0099 1715 0090 1747 0086 0087 1714 0085 1740 0094 0100 0104 0105 0091 0086 0084 0114 //// 10194 ///// ///// ////
000000000000000000000000000000000000000000000000000000000000000000000000000000000000000000000000000000000000000000000000
100 010 000 010 3800 /////////////////////ACP 07/ 0000 6///1 0//// 7//// 10154 2//// 3//// /// /// /// // 911// 915// 919// 934// 939//=
57063 344600 1114600 05236 05236 4
20100322180000 129 015 126 015 109 024 1747 128 016 113 037 1743 0000 0088 0092 1701 0084 1732 043 033 1702 049 -031 09586 09594 1709 09584 1752 0073 0074 1751 0062 1718 0058 0059 1701 0057 1733 0070 0077 0081 0083 0075 0076 0082 0110 //// 10207 ///// ///// ////
000000000000000000000000000000000000000000000000000000000000000000000000000000000000000000000000000000000000000000000000=
57067 340300 1110200 05688 05699 4
20100322180000 061 011 016 012 099 021 1711 071 008 080 039 1702 0029 0027 0054 1701 0027 1800 084 065 1701 062 0003 09555 09561 1721 09555 1800 0029 0038 1703 0028 1756 0047 0054 1701 0046 1756 0070 0082 0093 0089 0099 0100 0093 0122 //// 10246 ///// ///// ////
000000010001000001000101010001000000010001000100010001010001000001000101010001010001010001000100000100010001000001000001
060 010 004 004 0400 //////////////////ACPFNB 77/ 6060 60031 0//// 7//// 10104 2//// 3//// /// /// /// // 911// 915// 919// 934// 939//=
57056 343200 1105300 03904 03909 4
20100322180000 174 050 174 050 174 050 1759 181 055 147 094 1756 0000 0090 0114 1701 0090 1800 046 026 1701 053 -020 09743 09750 1715 09743 1751 0082 0090 1723 0082 1800 0077 0079 1736 0077 1800 0086 0095 0099 0101 0091 0089 0091 0118 //// 10209 ///// ///// ////
000000000000000000000000000000000000000000000000000000000000000000000000000000000000000000000000000000000000000000000000=
58007 340400 1151800 00472 00532 4
20100322180000 334 012 006 014 331 015 1729 302 005 344 047 1740 0000 0103 0103 1800 0102 1753 074 074 1800 093 0059 10133 10142 1715 10133 1757 0093 0095 1717 0093 1749 0086 0089 1701 0086 1800 0098 0103 0106 0108 0105 0098 0101 0131 //// 10198 ///// ///// ////
000000000000000000000000000000000000000000000000000000000000000000000000000000000000000000000000000000000000000000000000=
58006 342300 1155300 00463 00506 4
20100322180000 006 007 356 009 328 013 1701 040 003 322 019 1747 0000 0096 0099 1714 0096 1800 075 073 1719 090 0054 10141 10150 1746 10141 1800 0083 0088 1701 0077 1739 0082 0084 1701 0082 1758 0089 0096 0099 0101 0095 0091 0096 0127 //// 10203 ///// ///// ////
000000000000000000000000000000000000000000000000000000000000000000000000000000000000000000000000000000000000000000000000=
58111 335800 1162700 00325 00325 4
20100322180000 012 021 028 017 028 017 1800 344 015 032 039 1759 0001 0099 0100 1721 0098 1755 073 072 1757 089 0053 10161 10168 1723 10160 1701 0077 0082 1705 0077 1756 0081 0082 1715 0081 1720 0087 0091 0094 0097 0099 0096 0103 0138 //// 10201 ///// ///// ////
000000000000000000000000000000000000000000000000000000000000000000000000000001000000000000000000000000000000000000000000
110 010 000 010 3000 /////////////////////ACP 07/ 6060 69921 0//// 7//// 10122 2//// 3//// /// /// /// // 911// 915// 919// 934// 939//=
58017 341500 1160800 00410 00420 4
20100322180000 356 005 311 005 313 012 1712 015 003 299 015 1712 0000 0089 0098 1701 0089 1759 087 081 1701 099 0069 10148 10154 1720 10148 1701 0070 0076 1701 0069 1731 0082 0084 1704 0082 1758 0094 0100 0103 0105 0099 0095 0101 0128 //// 10199 ///// ///// ////
000000000000000000000000000000000000000000000000000000000000000000000000000000000000000000000000000000000000000000000000=
58001 342600 1150600 00563 00569 4
20100322180000 356 005 355 006 333 023 1709 299 006 035 036 1727 0000 0097 0100 1701 0097 1800 076 074 1704 091 0057 10133 10140 1703 10131 1745 0085 0086 1703 0084 1759 0082 0085 1704 0082 1800 0088 0091 0093 0094 0090 0085 0092 0127 //// 10202 ///// ///// ////
000000000000000000000000000000000000000000000000000000000000000000000000000000000000000000000000000000000000000000000000=
58005 342700 1154000 00501 00511 4
20100322180000 015 009 006 010 324 019 1736 348 010 332 028 1733 0000 0101 0103 1701 0101 1800 073 072 1727 090 0055 10136 10145 1733 10135 1758 0082 0086 1730 0080 1758 0084 0086 1701 0084 1755 0094 0101 0102 0103 0098 0094 0101 0132 0001 10198 ///// ///// ////
000000000000000000000000000000000000000000000000000000000000000000000000000000000000000000000000000000000000000000000000
120 010 000 010 2900 /////////////////////ASP 02/ 0000 6///1 0//// 7//// 10145 2//// 3//// /// /// /// // 911// 915// 919// 934// 939//=
58008 342800 1152000 00544 00592 4
20100322180000 354 012 354 012 316 017 1722 001 010 336 029 1719 0000 0095 0096 1701 0094 1753 075 075 1800 089 0053 10127 10135 1706 10127 1758 0079 0079 1703 0077 1740 0083 0085 1702 0083 1750 0086 0091 0093 0095 0094 0091 0097 0129 //// 10199 ///// ///// ////
000000000000000000000000000000000000000000000000000000000000000000000000000000000000000000000000000000000000000000000000=
58004 343900 1150900 00606 00616 4
20100322180000 355 011 357 012 343 012 1728 330 011 355 024 1719 0000 0101 0103 1701 0101 1748 069 069 1758 085 0047 10128 10135 1702 10126 1746 0088 0091 1701 0085 1752 0084 0085 1708 0084 1759 0092 0103 0102 0104 0101 0096 0100 0127 //// 10203 ///// ///// ////
000000000000000000000000000000000000000000000000000000000000000000000000000000000000000000000000000000000000000000000000=
54817 355900 1155200 00421 00434 4
20100322180000 007 018 356 015 009 017 1721 007 024 004 035 1718 0000 0090 0093 1728 0090 1800 054 052 1727 062 0002 10157 10162 1705 10157 1741 0073 0079 1701 0072 1758 0055 0059 1701 0055 1800 0066 0073 0078 0078 0078 0074 0086 0115 //// 10210 ///// ///// ////
000000000000000000000000000000000000000000000000000000000000000000000000000000000000000000000000000000000000000000000000=
54902 355400 1150700 00495 00499 4
20100322180000 010 021 017 020 009 023 1721 327 028 009 039 1731 0000 0095 0099 1701 0095 1758 043 043 1800 051 -024 10154 10154 1800 10149 1704 0079 0080 1721 0076 1702 0054 0058 1701 0054 1800 0071 0078 0082 0084 0078 0070 0078 0111 //// 10215 ///// ///// ////
000000000000000000000000000000000000000000000000000000000000000000000000000000000000000000000000000000000000000000000000=
54900 354200 1150100 00537 00541 4
20100322180000 009 029 360 023 360 023 1800 009 022 012 043 1759 0000 0106 0108 1702 0106 1743 042 042 1800 054 -018 10149 10149 1758 10143 1712 0081 0081 1759 0078 1712 0059 0063 1701 0059 1800 0075 0082 0085 0087 0084 0078 0081 0110 //// 10215 ///// ///// ////
000000000000000000000000000000000000000000000000000000000000000000000000000000000000000000000000000000000000000000000000=
54901 360500 1151000 00475 00478 4
20100322180000 335 017 349 019 003 021 1704 333 015 355 035 1702 0000 0085 0092 1701 0085 1800 049 043 1703 054 -016 10157 10158 1739 10155 1732 0062 0074 1703 0062 1800 0053 0058 1701 0053 1800 0066 0075 0080 0082 0081 0076 0074 0105 //// 10216 ///// ///// ////
000000000000000000000000000000000000000000000000000000000000000000000000000000000000000000000000000000000000000000000000=
54903 355100 1152900 00457 00506 4
20100322180000 008 016 016 013 021 015 1703 015 027 015 027 1800 0000 0094 0097 1708 0094 1800 046 045 1713 054 -016 10150 10150 1740 10148 1708 0081 0086 1713 0079 1739 0055 0060 1701 0055 1800 0070 0078 0081 0083 0079 0076 0089 0114 //// 10212 ///// ///// ////
000000000000000000000000000000000000000000000000000000000000000000000000000000000000000000000000000000000000000000000000=
57184 333800 1132200 00834 00847 4
20100322180000       1600     1600    1600  1600   1600 000 -800 ///// ///// //// 0//// ////   1600  1600   1600  1600          /////   1600
//0000000000000000000000000000000000000000000000000000000000000000000000000000000000000000000000000000000000000000000000=
57177 332000 1133200 00898 00913 4
20100322180000 037 011 039 011 078 020 1702 043 012 094 029 1743 0018 0078 0080 1701 0077 1740 086 086 1800 091 0056 10104 10107 1720 10103 1734 0072 0075 1707 0071 1755 0085 0088 1701 0085 1749 0078 0105 0103 0117 0111 0103 0102 0121 //// 10215 ///// ///// ////
000100000001000001000001000001000002000001000000010001000200010000000000010000000000000001000000000001000001000000000100=
57075 341000 1125200 02031 02043 4
20100322180000 004 013 019 013 097 021 1710 341 014 062 029 1743 0006 0089 0089 1800 0088 1701 087 087 1800 099 0069 09975 09975 1800 09968 1713 0079 0084 1714 0078 1730 0081 0082 1739 0081 1701 0091 0099 0104 0105 0109 0103 0093 0117 //// 10224 ///// ///// ////
000000000000000000000000000000000000000000000000000000010000000000000000000100000001000000010000010000000000000000010000=
57173 334500 1125300 01457 01468 4
20100322180000 187 021 176 018 198 021 1716 178 019 192 029 1713 0013 0088 0092 1701 0086 1741 086 080 1710 097 0066 10043 10043 1800 10033 1740 0078 0079 1730 0076 1715 0082 0082 1724 0081 1742 0099 0108 0113 0113 0108 0102 0102 0134 //// 10221 ///// ///// ////
010000000000000001000000000100000000000100000100000000010000000100000001000000010000000001000001000000000001000000010000=
57180 335900 1131200 01175 01186 4
20100322180000 243 025 250 018 237 024 1710 245 027 217 035 1705 0006 0090 0094 1701 0090 1800 088 086 1701 101 0071 10069 10074 1704 10068 1753 0079 0081 1702 0078 1755 0083 0084 1702 0083 1759 0094 0103 0107 0109 0101 0097 0099 0131 //// 10213 ///// ///// ////
000000000100000000000000000000000000010000000000010000000000000001000000000000000000010000000000000000000000010000000000=
57181 335300 1130300 01364 01380 4
20100322180000 234 023 214 016 186 037 1701 237 020 206 038 1705 0014 0085 0090 1701 0085 1800 088 085 1724 098 0066 10055 10055 1800 10050 1747 0076 0078 1702 0076 1747 0082 0083 1739 0082 1800 0094 0106 0108 0111 0105 0100 0100 0129 //// 10223 ///// ///// ////
000000010000000000000000000001000000000000010000000000020000000001000000010000000100000001000100000001000000010100010000
110 010 010 010 1800 /////////////////////SCP 5// 6066 60021 0//// 7//// 10152 2//// 3//// /// /// /// // 911// 915// 919// 934// 939//=
57171 334600 1130700 01420 01430 4
20100322180000 238 031 233 024 229 037 1707 239 030 237 049 1737 0018 0088 0091 1701 0088 1800 089 085 1718 101 0071 10042 10042 1800 10038 1719 0079 0082 1701 0078 1738 0086 0087 1701 0085 1724 0099 0108 0114 0117 0119 0115 0111 0124 //// 10216 ///// ///// ////
010000000001000100000100010000020000010000010000000100000000000001000001000000010100010000000100000001000000000100000000=
57175 330300 1121400 01914 01922 4
20100322180000 017 022 013 024 027 040 1714 043 021 043 067 1713 0004 0073 0075 1717 0073 1743 087 087 1716 089 0053 09992 09993 1757 09985 1709 0072 0074 1703 0071 1734 0077 0080 1701 0077 1751 0108 0126 0135 0137 0115 0106 0108 0139 //// 10223 ///// ///// ////
000000010000000000000000000000000000010000000000000000000001000000000000000000000000000000000000000100000000000000000000=
57156 331800 1113000 02503 02523 4
20100322180000 286 030 282 031 278 041 1703 308 024 274 064 1714 0031 0054 0060 1702 0054 1800 090 089 1736 081 0039 09921 09925 1736 09920 1703 0053 0059 1701 0053 1800 0058 0064 1701 0058 1800 0088 0101 0114 0121 0113 0112 0115 0143 //// 10226 ///// ///// ////
010000010000010000010000010001000100010001000100010000010001000100010001000100010101000101000101010101010001000100000100=
57271 323300 1122300 00879 00897 4
20100322180000 343 027 346 030 353 033 1707 347 029 009 066 1721 0007 0085 0089 1701 0085 1759 089 086 1707 099 0068 10108 10110 1750 10104 1714 0076 0078 1702 0076 1724 0086 0089 1702 0086 1800 0116 0129 0136 0138 0113 0106 0112 0139 //// 10217 ///// ///// ////
000000000100000100000002000000000000000000000000000000000000000001000000000000000000000000000000000000000100000000000001=
57261 330700 1113100 02330 02345 4
20100322180000 126 045 131 042 131 042 1800 127 042 152 064 1755 0018 0060 0066 1701 0060 1800 092 092 1800 086 0048 09932 09938 1714 09932 1800 0062 0068 1703 0062 1800 0071 0075 1701 0071 1800 0094 0108 0118 0124 0130 0123 0125 //// //// 10215 ///// ///// ////
000000010001000001000100000100010001000001000000010000000100000000000100000001000000000000000100000100000101000100000100=
57285 322300 1132500 01530 01492 4
20100322180000 024 019 015 030 022 039 1736 032 018 032 077 1741 0004 0083 0088 1701 0083 1800 075 074 1744 082 0041 10029 10032 1753 10026 1726 0066 0072 1727 0066 1755 0080 0085 1702 0079 1758 0103 0116 0122 0127 0115 0108 0108 0135 //// 10210 ///// ///// ////
000000000000000000000000000000000000000000000000000000000000010001000000000000000200000000000000000000000000000000000000
100 010 004 004 0500 //////////////////ASPFNB 72/ 6060 60021 0//// 7//// 10156 2//// 3//// /// /// /// // 911// 915// 919// 934// 939//=
57273 324100 1125100 01095 01105 4
20100322180000 040 031 041 031 027 032 1701 043 072 043 072 1800 0000 0086 0087 1730 0086 1759 079 079 1800 088 0052 10084 10084 1800 10075 1719 0075 0082 1727 0075 1800 0085 0091 1701 0085 1800 0115 0126 0130 0132 0119 0111 0110 0136 //// 10218 ///// ///// ////
000000000000000000000000000000000000000000000000000000000000000000000000000000000000000000000000000000000000000000000000=
57187 330400 1125600 01180 01193 4
20100322180000 063 033 061 032 061 034 1747 049 032 060 064 1738 0000 0080 0086 1701 0080 1800 086 086 1800 092 0058 10067 10067 1800 10060 1707 0071 0083 1701 0071 1800 0088 0096 1701 0088 1800 0108 0115 0126 0129 0123 0110 0106 0132 //// 10212 ///// ///// ////
000000000000000000000000000000000000000000000000000000000000000000000000000000000000000000000000000000000000000000000000=
57178 330200 1123500 01292 01305 4
20100322180000 330 030 333 028 341 034 1703 324 032 358 049 1744 0010 0081 0084 1701 0080 1743 090 088 1701 097 0066 10064 10066 1750 10057 1721 0073 0075 1701 0073 1738 0087 0088 1710 0086 1739 0106 0120 0124 0125 0119 0108 0108 0133 0008 10221 ///// ///// ////
000000000100000000000000000000000000000001000000000000010000000100000100000002000001000000000000000100000000010000000000
120 010 000 010 3000 /////////////////////ASP 02/ 6060 60061 0//// 7//// 10199 2//// 3//// /// /// /// // 911// 915// 919// 934// 939//=
57169 330300 1115200 01591 01600 4
20100322180000 337 023 331 019 289 034 1735 310 029 310 055 1735 0009 0079 0082 1705 0079 1736 096 096 1800 102 0073 10027 10032 1745 10026 1759 0078 0080 1703 0075 1747 0080 0083 1705 0078 1737 0102 0115 0123 0126 0114 0105 0106 0133 //// 10220 ///// ///// ////
000000000000010000000000000001000000000000010000000100000001000000000100000000000000010100000000000000000000000100000000=
57176 332900 1122500 02311 02304 4
20100322180000 280 019 274 023 266 032 1749 291 019 271 049 1744 0018 0069 0071 1717 0069 1753 087 087 1701 087 0049 09948 09948 1759 09941 1724 0067 0068 1709 0067 1737 0077 0080 1722 0077 1747 0096 0108 0118 0125 0120 0113 0110 0130 //// 10227 ///// ///// ////
010000000100020000010000010000000100000000010000000000000002000000000100000100010001000002000000000001000000000100000000=
57179 331700 1130000 01604 01616 4
20100322180000 081 030 084 025 084 025 1800 083 046 083 046 1800 0012 0080 0084 1726 0080 1800 095 095 1702 102 0072 10024 10025 1757 10018 1741 0075 0079 1706 0075 1800 0086 0089 1724 0086 1759 0101 0110 0115 0117 0110 0102 0103 0133 //// 10220 ///// ///// ////
000200000000000000000002000000000000000002000000000002000000000000000000000000000000000200000000000000000000000002000000=
57274 324200 1120700 01076 01088 4
20100322180000 003 016 006 018 004 035 1717 007 014 344 080 1708 0007 0079 0083 1701 0079 1800 082 080 1733 087 0050 10090 10093 1743 10085 1710 0076 0077 1701 0075 1735 0089 0091 1704 0089 1756 0115 0127 0136 0140 0127 0117 0112 0141 //// 10222 ///// ///// ////
000000000000000000010000000000000000000000000000010000000000000000000000000000000000000000000100000001000100000100000100=
57065 343000 1121100 01949 01964 4
20100322180000 026 006 032 013 259 038 1732 189 006 265 052 1730 0000 0104 0107 1743 0104 1715 056 053 1752 071 0020 09973 09977 1716 09973 1753 0078 0079 1754 0077 1726 0078 0080 1728 0078 1800 0090 0097 0102 0106 0102 0102 0108 0138 //// 10211 ///// ///// ////
000000000000000000000000000000000000000000000000000000000000000000000000000000000000000000000000000000000000000000000000=
57074 342500 1122500 01973 01989 4
20100322180000 106 019 136 011 039 019 1720 057 011 074 042 1717 0000 0104 0106 1728 0101 1701 062 061 1726 078 0034 09977 09979 1757 09971 1704 0080 0095 1712 0080 1800 0079 0080 1712 0079 1800 0090 0097 0102 0106 0106 0104 0100 0125 //// 10219 ///// ///// ////
000000000000000000000000000000000000000000000000000000000000000000000000000000000000000000000000000000000000000000000000=
57076 344400 1124700 01895 01901 4
20100322180000 166 019 144 015 144 015 1800 170 024 170 024 1800 0000 0108 0110 1701 0106 1731 063 058 1712 082 0040 09981 09981 1800 09978 1713 0085 0088 1713 0079 1735 0078 0078 1701 0077 1757 0084 0089 0093 0095 0094 0088 0087 0120 //// 10212 ///// ///// ////
000000000000000000000000000000000000000000000000000000000000000000000000000000000000000000000000000000000000000000000000=
57070 344400 1120700 03640 03595 4
20100322180000 023 018 353 016 353 016 1800 046 015 347 026 1756 0000 0093 0099 1701 0093 1800 078 068 1701 091 0057 09772 09783 1719 09772 1800 0080 0083 1726 0077 1752 0071 0072 1705 0071 1736 0081 0088 0092 0094 0093 0090 0093 0122 //// 10203 ///// ///// ////
000000000000000000000000000000000000000000000000000000000000000000000000000000000000000000000000000000000000000000000000=
57162 340900 1120500 03258 03275 4
20100322180000 226 021 220 019 247 021 1748 243 026 277 046 1745 0000 0093 0106 1705 0093 1800 061 045 1702 071 0022 09831 09832 1754 09824 1709 0066 0085 1746 0066 1800 0068 0072 1714 0068 1800 0084 0093 0099 0104 0100 0097 0099 0132 //// 10227 ///// ///// ////
000000000000000000000000000000000000000000000000000000000000000000000000000000000000000000000000000000000000000000000000=
57078 340900 1122800 03365 03340 4
20100322180000 294 035 332 027 115 033 1733 293 029 102 057 1730 0000 0100 0106 1720 0095 1701 047 042 1719 058 -008 09818 09818 1800 09812 1723 0062 0079 1727 0062 1800 0065 0070 1701 0065 1758 0079 0087 0093 0098 0101 0097 0095 0118 //// 10221 ///// ///// ////
000000000000000000000000000000000000000000000000000000000000000000000000000000000000000000000000000000000000000000000000=
57071 344900 1122600 03333 03332 4
20100322180000 018 023 028 025 001 035 1709 038 029 015 059 1704 0000 0088 0093 1701 0088 1800 087 081 1701 098 0068 09811 09814 1731 09811 1706 0083 0087 1701 0082 1752 0076 0077 1706 0076 1740 0085 0090 0093 0095 0093 0088 0089 0119 //// 10213 ///// ///// ////
000000000000000000000000000000000000000000000000000000000000000000000000000000000000000000000000000000000000000000000000
080 010 000 010 3300 /////////////////////ACP 07/ 1000 6///1 0//// 7//// 10126 2//// 3//// /// /// /// // 911// 915// 919// 934// 939//=
57066 342300 1114000 03283 03298 4
20100322180000 281 018 269 020 267 025 1753 240 011 240 053 1749 0000 0098 0106 1734 0098 1800 046 040 1746 056 -013 09824 09826 1728 09820 1701 0058 0082 1747 0058 1800 0063 0069 1701 0063 1800 0079 0086 0091 0094 0095 0092 0088 0116 //// 10222 ///// ///// ////
000000000000000000000000000000000000000000000000000000000000000000000000000000000000000000000000000000000000000000000000=
57077 334700 1113900 07424 07388 4
20100322180000 260 012 282 018 241 039 1708 271 012 232 049 1706 0029 0011 0030 1701 0011 1800 087 085 1701 058 -008 09359 09364 1749 09358 1718 0000 0022 1701 0000 1756 0001 0031 1701 0001 1800 0048 0068 0078 0086 0094 0088 0089 0116 //// 10245 ///// ///// ////
010001000101000100000100000100000101000100000100000100010000010001010001010101010001000101000100010002000000000100000000=
57185 332700 1133500 00911 00921 4
20100322180000 276 012 258 013 172 024 1703 268 011 144 033 1703 0013 0078 0084 1701 0078 1800 091 088 1706 096 0064 10100 10104 1731 10100 1800 0073 0078 1701 0073 1755 0084 0087 1701 0084 1800 0099 0104 0110 0105 0113 0103 0098 0123 //// 10212 ///// ///// ////
000000000001010000000000000001000000000001000000000001000000010000000100000100010000000001000000010000000000010000010000=
57183 334800 1135500 00600 00615 4
20100322180000 308 044 290 040 290 040 1800 293 019 293 077 1758 0000 0096 0099 1722 0094 1759 086 085 1701 103 0074 10128 10132 1743 10126 1758 0087 0089 1720 0085 1755 0090 0092 1706 0090 1800 0100 0107 0111 0113 0106 0097 0095 0123 //// 10203 ///// ///// ////
000000000000000000000000000000000000000000000000000000000000000000000000000000000000000000000000000000000000000000000000=
57186 333600 1140300 00587 00598 4
20100322180000 359 047 022 028 068 051 1725 339 039 066 088 1723 0003 0114 0114 1800 0098 1710 047 047 1800 063 0005 10132 10135 1712 10132 1800 0074 0082 1706 0073 1728 0086 0090 1701 0082 1725 0101 0110 0113 0116 0110 0101 0100 0134 //// 10204 ///// ///// ////
000100000000000000000000000000000000000000000000000000000000020000000000000000000000000000000000000000000000000000000000=
57094 342400 1141300 00674 00685 4
20100322180000 341 013 336 014 326 015 1753 327 010 336 023 1749 0000 0102 0103 1701 0102 1800 088 087 1701 109 0083 10120 10124 1738 10119 1707 0090 0090 1758 0085 1740 0087 0088 1705 0086 1740 0093 0096 0099 0100 0102 0095 0088 0116 //// 10203 ///// ///// ////
000000000000000000000000000000000000000000000000000000000000000000000000000000000000000000000000000000000000000000000000=
57191 342900 1142900 00634 00642 4
20100322180000 342 010 335 011 331 011 1759 350 014 339 023 1758 0000 0103 0103 1800 0102 1701 081 080 1757 101 0072 10132 10132 1800 10127 1718 0095 0097 1743 0091 1718 0087 0088 1701 0087 1800 0093 0095 0097 0098 0096 0091 0093 0124 //// 10210 ///// ///// ////
000000000000000000000000000000000000000000000000000000000000000000000000000000000000000000000000000000000000000000000000=
57096 343200 1144700 00597 00607 4
20100322180000 356 019 000 017 346 019 1701 359 020 012 032 1729 0000 0104 0106 1701 0103 1748 066 066 1800 083 0043 10128 10133 1701 10125 1729 0088 0089 1733 0087 1749 0083 0085 1701 0083 1800 0094 0102 0106 0106 0102 0097 0099 0128 //// 10202 ///// ///// ////
000000000000000000000000000000000000000000000000000000000000000000000000000000000000000000000000000000000000000000000000=
57091 344700 1141800 00737 00748 4
20100322180000 036 006 023 006 041 015 1736 054 006 046 022 1730 0000 0107 0109 1742 0103 1709 068 064 1735 087 0050 10121 10123 1753 10116 1716 0082 0085 1719 0082 1800 0085 0087 1701 0085 1800 0096 0100 0103 0098 0104 0099 0099 0123 //// 10213 ///// ///// ////
000000000000000000000000000000000000000000000000000000000000000000000000000000000000000000000000000000000000000000000000
110 010 000 010 3200 /////////////////////ASP 02/ 0000 6///1 0//// 7//// 10135 2//// 3//// /// /// /// // 911// 915// 919// 934// 939//=
53978 350500 1123800 01401 01409 4
20100322180000 028 005 037 002 175 013 1722 029 004 161 021 1722 0000 0098 0102 1701 0097 1752 083 082 1701 100 0071 10038 10041 1708 10038 1800 0079 0089 1714 0079 1756 0084 0086 1704 0084 1759 0092 0097 0098 0102 0092 0090 0094 0125 //// 10209 ///// ///// ////
000000000000000000000000000000000000000000000000000000000000000000000000000000000000000000000000000000000000000000000000=
53984 351400 1132800 00827 00837 4
20100322180000 126 006 136 008 156 012 1738 121 005 158 014 1735 0000 0091 0092 1735 0089 1701 088 088 1800 102 0072 10111 10113 1701 10109 1708 0073 0082 1738 0073 1800 0078 0080 1717 0078 1800 0088 0093 0094 0098 0097 0094 0093 0121 //// 10214 ///// ///// ////
000000000000000000000000000000000000000000000000000000000000000000000000000000000000000000000000000000000000000000000000=
53987 350600 1132500 00910 00918 4
20100322180000 111 002 079 004 342 007 1702 108 003 302 009 1701 0000 0094 0098 1709 0094 1759 089 088 1722 105 0077 10102 10104 1733 10101 1706 0082 0093 1704 0082 1758 0087 0088 1705 0087 1759 0093 0097 0100 0103 0100 0097 0098 0127 //// 10214 ///// ///// ////
000000000000000000000000000000000000000000000000000000000000000000000000000000000000000000000000000000000000000000000000=
57079 345700 1130200 01064 01069 4
20100322180000 078 010 074 012 053 016 1702 094 009 076 020 1741 0000 0094 0096 1701 0093 1741 091 089 1701 107 0080 10077 10080 1706 10077 1800 0087 0089 1701 0087 1723 0083 0085 1701 0083 1800 0089 0091 0094 0096 0099 0094 0092 0120 //// 10208 ///// ///// ////
000000000000000000000000000000000000000000000000000000000000000000000000000000000000000000000000000000000000000000000000=
53972 350700 1125500 01196 01210 4
20100322180000 066 008 084 008 100 013 1704 041 007 108 016 1701 0000 0104 0106 1701 0104 1800 083 083 1800 105 0076 10064 10068 1713 10062 1701 0079 0090 1703 0078 1759 0086 0088 1706 0086 1759 0095 0101 0106 0108 0097 0096 0107 0136 //// 10211 ///// ///// ////
000000000000000000000000000000000000000000000000000000000000000000000000000000000000000000000000000000000000000000000000=
57072 345500 1124500 01275 01285 4
20100322180000 041 008 036 007 027 013 1727 026 009 032 018 1724 0000 0091 0093 1701 0091 1800 090 089 1701 104 0075 10053 10057 1737 10053 1800 0079 0086 1731 0078 1759 0081 0082 1701 0081 1800 0088 0093 0096 0096 0089 0085 0084 0113 //// 10210 ///// ///// ////
000000000000000000000000000000000000000000000000000000000000000000000000000000000000000000000000000000000000000000000000=
53982 351400 1131600 01120 01135 4
20100322180000 334 006 001 006 184 009 1734 005 005 170 012 1731 0000 0103 0110 1701 0102 1745 079 073 1701 099 0068 10074 10074 1800 10070 1702 0083 0088 1701 0083 1800 0084 0086 1701 0084 1754 0094 0099 0103 0105 0099 0096 0098 0131 //// 10212 ///// ///// ////
000000000000000000000000000000000000000000000000000000000000000000000000000000000000000000000000000000000000000000000000=
53979 350900 1130500 01200 01211 4
20100322180000 015 006 146 005 139 012 1704 046 008 155 017 1701 0000 0097 0101 1701 0097 1800 086 085 1701 103 0075 10066 10068 1714 10063 1705 0084 0091 1702 0084 1746 0075 0077 1702 0075 1750 0091 0096 0102 0104 0098 0097 0102 0132 //// 10214 ///// ///// ////
000000000000000000000000000000000000000000000000000000000000000000000000000000000000000000000000000000000000000000000000=
53992 353900 1143100 00582 00592 4
20100322180000 027 026 024 027 021 032 1734 032 026 015 046 1725 0000 0092 0097 1701 0092 1800 055 052 1703 064 0006 10142 10144 1755 10137 1718 0076 0081 1723 0075 1755 0062 0067 1701 0062 1800 0076 0079 0086 0086 0082 0079 0086 0122 //// 10215 ///// ///// ////
000000000000000000000000000000000000000000000000000000000000000000000000000000000000000000000000000000000000000000000000=
53974 353700 1141100 00723 00739 4
20100322180000 022 015 026 019 029 022 1724 040 015 001 035 1752 0000 0103 0104 1701 0102 1743 042 042 1758 053 -020 10129 10129 1759 10120 1714 0083 0084 1756 0079 1707 0069 0073 1701 0069 1800 0083 0091 0096 0097 0091 0088 0095 0124 //// 10219 ///// ///// ////
000000000000000000000000000000000000000000000000000000000000000000000000000000000000000000000000000000000000000000000000=
53990 354300 1141900 00795 00805 4
20100322180000 006 024 007 025 011 033 1723 013 024 010 036 1718 0000 0080 0081 1723 0079 1715 064 063 1737 069 0016 10120 10120 1800 10113 1709 0072 0077 1724 0072 1758 0064 0069 1701 0064 1800 0083 0090 0091 0094 0089 0081 0081 0111 //// 10219 ///// ///// ////
000000000000000000000000000000000000000000000000000000000000000000000000000000000000000000000000000000000000000000000000=
53991 355600 1142100 00743 00753 4
20100322180000 001 011 025 012 347 016 1738 339 009 357 024 1712 0000 0098 0099 1701 0097 1745 036 035 1757 044 -046 10126 10126 1800 10123 1705 0083 0087 1703 0081 1754 0060 0064 1702 0060 1758 0075 0085 0085 0091 0085 0080 0085 0118 //// 10218 ///// ///// ////
000000000000000000000000000000000000000000000000000000000000000000000000000000000000000000000000000000000000000000000000=
53993 355600 1145500 00516 00524 4
20100322180000 015 015 019 014 006 021 1722 018 014 007 034 1719 0000 0100 0103 1716 0100 1800 035 033 1715 043 -047 10153 10154 1753 10148 1702 0079 0086 1715 0078 1701 0058 0064 1701 0058 1800 0073 0082 0084 0084 0082 0072 0073 0108 //// 10217 ///// ///// ////
000000000000000000000000000000000000000000000000000000000000000000000000000000000000000000000000000000000000000000000000=
53889 360400 1134900 03068 03086 4
20100322180000 010 009 013 008 341 011 1703 012 010 346 017 1702 0000 0087 0090 1732 0087 1800 044 044 1800 049 -029 09851 09851 1800 09847 1701 0062 0072 1737 0060 1758 0057 0061 1701 0057 1800 0068 0075 0079 0082 0076 0072 0086 0098 //// 10223 ///// ///// ////
000000000000000000000000000000000000000000000000000000000000000000000000000000000000000000000000000000000000000000000000=
53995 353300 1143000 00625 00645 4
20100322180000 033 021 032 016 032 016 1724 029 028 029 028 1800 0000 0102 0105 1701 0101 1755 042 042 1740 052 -021 10135 10137 1754 10130 1715 0090 0092 1728 0080 1741 0069 0072 1703 0069 1800 0083 0091 0091 0093 0089 0084 0084 0116 //// 10214 ///// ///// ////
000000000000000000000000000000000000000000000000000000000000000000000000000000000000000000000000000000000000000000000000=
53898 360300 1142400 00629 00638 4
20100322180000 006 022 003 027 003 027 1759 353 021 358 051 1756 0000 0111 0113 1701 0111 1800 024 023 1748 032 -087 10140 10140 1753 10137 1708 0097 0099 1758 0090 1701 0071 0071 1758 0069 1703 0081 0087 0091 0091 0073 0072 0083 0117 //// 10218 ///// ///// ////
000000000000000000000000000000000000000000000000000000000000000000000000000000000000000000000000000000000000000000000000
070 010 000 010 3500 /////////////////////ACP 07/ 0500 6///1 0//// 7//// 10140 2//// 3//// /// /// /// // 911// 915// 919// 934// 939//=
NNNN
