57090 344300 1135800 00781 00802 4
20100324030000 322 006 264 009 182 012 0210 350 000 198 021 0205 0000 0136 0136 0300 0121 0201 041 039 0257 064 0006 10127 10129 0250 10123 0224 0209 0223 0252 0194 0230 0227 0227 0300 0193 0201 0141 0109 0098 0097 0096 0092 0086 0119 //// 10225 ///// ///// ////
000000000000000000000000000000000000000000000000000000000000000000000000000000000000000000000000000000000000000000000000=
57083 344300 1133900 01104 01116 4
20100324030000 345 007 302 011 291 022 0236 025 014 287 037 0234 0000 0138 0140 0217 0134 0201 030 029 0232 047 -035 10084 10090 0235 10082 0208 0301 0353 0201 0301 0300 0210 0220 0201 0205 0230 0132 0109 0099 0098 0096 0098 0102 0126 0003 10220 ///// ///// ////
000000000000000000000000000000000000000000000000000000000000000000000000000000000000000000000000000000000000000000000000
100 10- 000 000 //// /////////////////////CIE 002 0000 6///1 0//// 7//// 1//// 2//// 3//// /// /// /// // 911// 915// 919// 934// 939//=
57086 342300 1134300 01166 01168 4
20100324030000 047 017 019 011 032 012 0250 071 027 071 027 0300 0000 0126 0126 0300 0109 0201 048 041 0252 070 0019 10083 10086 0253 10082 0206 0222 0239 0237 0158 0206 0218 0218 0259 0162 0201 0133 0104 0096 0095 0096 0095 0093 0116 //// 10226 ///// ///// ////
000000000000000000000000000000000000000000000000000000000000000000000000000000000000000000000000000000000000000000000000=
57085 343200 1132000 02599 02648 4
20100324030000 194 011 218 017 224 017 0259 218 013 195 028 0257 0000 0132 0132 0251 0116 0201 029 028 0248 044 -044 09899 09904 0241 09897 0201 0179 0187 0210 0156 0203 0222 0228 0247 0180 0201 0134 0105 0098 0096 0100 0098 0093 0121 //// 10218 ///// ///// ////
000000000000000000000000000000000000000000000000000000000000000000000000000000000000000000000000000000000000000000000000=
57081 344800 1132600 01409 01419 4
20100324030000 263 017 267 013 273 016 0253 257 016 293 038 0244 0000 0132 0132 0259 0123 0210 027 027 0259 041 -054 10047 10053 0231 10044 0204 0179 0190 0220 0155 0207 0179 0181 0232 0154 0208 0119 0102 0098 0094 0090 0093 0095 0117 //// 10219 ///// ///// ////
000000000000000000000000000000000000000000000000000000000000000000000000000000000000000000000000000000000000000000000000=
57080 344400 1125800 01652 01661 4
20100324030000 201 033 217 031 216 037 0224 192 029 234 058 0217 0000 0115 0115 0300 0107 0201 034 034 0256 046 -038 10024 10030 0232 10024 0201 0176 0176 0300 0141 0223 0179 0179 0300 0146 0201 0108 0096 0093 0094 0091 0088 0088 0119 //// 10226 ///// ///// ////
000000000000000000000000000000000000000000000000000000000000000000000000000000000000000000000000000000000000000000000000=
57082 342800 1130100 04271 04284 4
20100324030000 322 039 319 038 329 040 0232 324 032 310 075 0259 0000 0104 0110 0235 0100 0201 030 022 0228 038 -064 09709 09716 0234 09708 0255 0150 0175 0224 0150 0300 0173 0183 0243 0154 0201 0111 0092 0087 0088 0095 0098 0100 //// //// 10223 ///// ///// ////
000000000000000000000000000000000000000000000000000000000000000000000000000000000000000000000000000000000000000000000000=
57295 323700 1142100 00785 00802 4
20100324030000 038 015 041 011 023 017 0220 350 017 054 034 0218 0000 0082 0082 0256 0075 0201 081 081 0300 088 0051 10125 10132 0205 10124 0251 0123 0125 0256 0094 0201 0108 0108 0256 0090 0201 0099 0087 0087 0092 0100 0102 0102 0128 //// 10224 ///// ///// ////
000000000000000000000000000000000000000000000000000000000000000000000000000000000000000000000000000000000000000000000000=
57189 330800 1135700 00646 00655 4
20100324030000 075 006 073 006 069 014 0235 080 003 077 022 0234 0000 0091 0091 0259 0083 0201 080 079 0242 092 0058 10148 10151 0205 10146 0234 0112 0112 0300 0102 0207 0126 0126 0300 0113 0201 0104 0094 0092 0094 0096 0097 0097 0122 //// 10229 ///// ///// ////
000000000000000000000000000000000000000000000000000000000000000000000000000000000000000000000000000000000000000000000000=
57194 331700 1141600 00598 00609 4
20100324030000 020 013 017 014 017 014 0300 032 013 341 025 0256 0000 0091 0092 0252 0084 0204 081 081 0258 094 0060 10151 10155 0202 10150 0252 0118 0127 0249 0113 0209 0128 0132 0253 0116 0201 0098 0093 0092 0093 0095 0094 0097 0126 //// 10226 ///// ///// ////
000000000000000000000000000000000000000000000000000000000000000000000000000000000000000000000000000000000000000000000000=
57197 330000 1142000 00489 00545 4
20100324030000 032 003 020 007 011 011 0249 029 004 322 025 0248 0000 0088 0088 0300 0081 0201 089 089 0300 101 0071 10159 10163 0208 10157 0227 0118 0118 0300 0096 0201 0114 0114 0300 0097 0201 0095 0088 0086 0086 0100 0102 0100 0125 //// 10227 ///// ///// ////
000000000000000000000000000000000000000000000000000000000000000000000000000000000000000000000000000000000000000000000000=
57294 325000 1140100 00836 00846 4
20100324030000 036 008 052 013 086 020 0231 021 010 085 028 0222 0000 0084 0084 0259 0078 0201 086 086 0300 095 0062 10122 10123 0258 10120 0213 0103 0103 0300 0094 0210 0106 0106 0245 0096 0203 0091 0086 0088 0092 0099 0107 0102 0118 //// 10227 ///// ///// ////
000000000000000000000000000000000000000000000000000000000000000000000000000000000000000000000000000000000000000000000000=
57195 333700 1143700 00466 00476 4
20100324030000 050 014 038 013 067 017 0214 069 014 071 033 0209 0000 0103 0104 0247 0095 0201 066 064 0258 083 0042 10169 10173 0201 10169 0300 0150 0165 0243 0137 0203 0154 0162 0242 0137 0201 0124 0100 0096 0097 0102 0099 0101 0142 //// 10228 ///// ///// ////
000000000000000000000000000000000000000000000000000000000000000000000000000000000000000000000000000000000000000000000000=
57193 334700 1143100 00526 00541 4
20100324030000 049 008 039 010 042 017 0216 PPC 002 043 029 0212 0000 0108 0108 0300 0096 0202 068 067 0241 088 0051 10164 10165 0241 10161 0214 0187 0194 0255 0144 0202 0173 0173 0300 0138 0201 0120 0102 0099 0099 0104 0101 0104 0131 //// 10231 ///// ///// ////
000000000000000000000000000000000000000000000000000000000000000000000000000000000000000000000000000000000000000000000000
120 10- 000 10- 4200 /////////////////////ACR 03/ 0000 6///1 0//// 7//// 1//// 2//// 3//// /// /// /// // 911// 915// 919// 934// 939//=
58101 335200 1152900 00413 00428 4
20100324030000 079 019 087 023 074 024 0240 071 016 063 040 0216 0000 0091 0091 0300 0083 0201 065 065 0300 075 0029 10173 10181 0209 10173 0259 0151 0151 0300 0127 0239 0143 0143 0300 0121 0201 0107 0089 0087 0090 0098 0098 0099 0131 //// 10226 ///// ///// ////
000000000000000000000000000000000000000000000000000000000000000000000000000000000000000000000000000000000000000000000000=
57098 340500 1142400 00583 00593 4
20100324030000 153 014 125 012 065 016 0220 158 012 085 029 0217 0000 0119 0120 0257 0109 0201 050 047 0229 070 0018 10157 10159 0241 10153 0225 0183 0188 0249 0157 0201 0179 0179 0300 0151 0201 0139 0109 0096 0095 0100 0096 0097 0129 //// 10230 ///// ///// ////
000000000000000000000000000000000000000000000000000000000000000000000000000000000000000000000000000000000000000000000000=
57182 335100 1133000 00805 00814 4
20100324030000 157 018 176 016 167 016 0245 159 017 167 024 0242 0000 0114 0114 0300 0105 0201 063 060 0224 085 0046 10127 10133 0228 10127 0300 0157 0163 0258 0145 0226 0183 0183 0259 0161 0201 0125 0104 0103 0104 0108 0105 0107 0139 //// 10227 ///// ///// ////
000000000000000000000000000000000000000000000000000000000000000000000000000000000000000000000000000000000000000000000000=
58207 321000 1150300 00428 00440 4
20100324030000 053 037 047 034 035 046 0210 048 034 035 058 0208 0000 0073 0073 0300 0069 0201 087 087 0300 089 0053 10171 10174 0215 10170 0201 0074 0081 0238 0072 0214 0080 0080 0259 0076 0201 0085 0080 0082 0088 0106 0113 0112 0137 //// 10226 ///// ///// ////
000000000000000000000000000000000000000000000000000000000000000000000000000000000000000000000000000000000000000000000000=
53989 350300 1135700 00766 00777 4
20100324030000 234 023 217 025 194 027 0253 234 019 204 039 0252 0000 0128 0128 0300 0118 0201 041 041 0300 061 -001 10130 10132 0201 10124 0221 0182 0207 0245 0165 0231 0219 0230 0246 0199 0232 0138 0112 0101 0097 0094 0091 0095 0123 //// 10225 ///// ///// ////
000000000000000000000000000000000000000000000000000000000000000000000000000000000000000000000000000000000000000000000000=
53986 351900 1135300 00732 00740 4
20100324030000 166 012 219 013 209 017 0221 192 024 201 030 0236 0000 0124 0124 0300 0116 0201 053 053 0225 076 0031 10134 10136 0202 10126 0225 0184 0187 0259 0161 0214 0194 0195 0259 0170 0207 0125 0107 0099 0098 0095 0094 0097 0128 //// 10224 ///// ///// ////
000000000000000000000000000000000000000000000000000000000000000000000000000000000000000000000000000000000000000000000000
110 10- 000 000 //// //////////////////CIECII 002 0000 6///1 0//// 7//// 1//// 2//// 3//// /// /// /// // 911// 915// 919// 934// 939//=
53994 352300 1140400 00700 00712 4
20100324030000 238 024 240 020 203 021 0210 244 032 244 032 0300 0000 0121 0121 0300 0110 0201 054 052 0257 076 0031 10137 10139 0201 10129 0230 0195 0206 0241 0162 0210 0232 0232 0300 0188 0202 0131 0103 0097 0096 0092 0089 0094 0127 //// 10224 ///// ///// ////
000000000000000000000000000000000000000000000000000000000000000000000000000000000000000000000000000000000000000000000000=
53998 351200 1143900 00616 00625 4
20100324030000 188 014 195 019 210 034 0201 206 020 181 053 0210 0000 0122 0123 0252 0116 0216 052 051 0202 074 0026 10144 10154 0201 10142 0253 0210 0226 0230 0169 0219 0214 0222 0201 0186 0219 0133 0103 0093 0093 0097 0094 0095 0128 //// 10220 ///// ///// ////
000000000000000000000000000000000000000000000000000000000000000000000000000000000000000000000000000000000000000000000000=
57051 344800 1111200 04099 04117 4
20100324030000 252 012 252 013 220 016 0235 282 010 248 032 0217 0000 0110 0110 0300 0096 0231 033 033 0300 043 -046 09755 09755 0255 09750 0211 0153 0154 0247 0128 0201 0171 0171 0300 0140 0201 0109 0097 0096 0096 0088 0086 0086 0114 //// 10250 ///// ///// ////
////////////////////////////////////////////////////////////////////////////////////////////////////////////////////////
150 10- 000 10- 3800 /////////////////////ACR 03/ 0000 6///1 0//// 7//// 1//// 2//// 3//// /// /// /// // 911// 915// 919// 934// 939//=
57063 344600 1114600 05236 05236 4
20100324030000 306 041 302 049 289 055 0201 310 056 302 085 0222 0000 0109 0109 0300 0100 0201 031 030 0234 040 -056 09609 09610 0203 09606 0224 0150 0150 0300 0133 0204 0167 0167 0300 0145 0203 0091 0078 0076 0078 0075 0077 0083 0110 //// 10235 ///// ///// ////
000000000000000000000000000000000000000000000000000000000000000000000000000000000000000000000000000000000000000000000000=
57067 340300 1110200 05688 05699 4
20100324030000 119 011 184 012 211 015 0247 052 014 212 024 0240 0000 0076 0076 0300 0060 0201 062 062 0300 065 0008 09560 09564 0217 09557 0204 0155 0162 0258 0119 0201 0158 0158 0300 0111 0201 0099 0083 0086 0083 0091 0096 0094 0122 //// 10246 ///// ///// ////
000000000000000000000000000000000000000000000000000000000000000000000000000000000000000000000000000000000000000000000000
080 10- 000 10- 3600 /////////////////////ACR 03/ 1000 6///1 0//// 7//// 1//// 2//// 3//// /// /// /// // 911// 915// 919// 934// 939//=
57056 343200 1105300 03904 03909 4
20100324030000 275 037 296 023 279 025 0236 279 063 279 063 0300 0000 0116 0117 0258 0104 0201 039 037 0253 053 -019 09782 09784 0243 09774 0207 0189 0201 0256 0140 0222 0207 0210 0258 0153 0201 0114 0098 0094 0096 0090 0089 0092 0118 //// 10252 ///// ///// ////
000000000000000000000000000000000000000000000000000000000000000000000000000000000000000000000000000000000000000000000000=
58007 340400 1151800 00472 00532 4
20100324030000 129 013 089 015 066 017 0258 116 010 057 035 0255 0000 0103 0103 0300 0088 0203 050 049 0258 063 0003 10163 10168 0204 10160 0241 0173 0179 0255 0129 0204 0196 0196 0300 0137 0201 0111 0094 0093 0095 0100 0099 0102 0131 //// 10229 ///// ///// ////
000000000000000000000000000000000000000000000000000000000000000000000000000000000000000000000000000000000000000000000000=
58006 342300 1155300 00463 00506 4
20100324030000 116 016 099 017 135 019 0236 094 012 099 031 0232 0000 0107 0107 0254 0092 0201 045 043 0233 058 -007 10168 10179 0205 10168 0259 0189 0203 0248 0152 0208 0209 0209 0300 0150 0201 0127 0097 0087 0087 0093 0092 0097 0127 //// 10230 ///// ///// ////
000000000000000000000000000000000000000000000000000000000000000000000000000000000000000000000000000000000000000000000000=
58111 335800 1162700 00325 00325 4
20100324030000 108 021 094 015 089 015 0254 128 013 099 029 0259 0000 0090 0092 0248 0084 0201 054 054 0259 062 0002 10186 10196 0202 10186 0259 0154 0163 0246 0141 0230 0135 0136 0246 0123 0225 0099 0086 0082 0085 0093 0097 0104 0138 //// 10226 ///// ///// ////
000000000000000000000000000000000000000000000000000000000000000000000000000000000000000000000000000000000000000000000000
120 010 000 010 3000 /////////////////////ACP 07/ 0000 6///1 0//// 7//// 1//// 2//// 3//// /// /// /// // 911// 915// 919// 934// 939//=
58017 341500 1160800 00410 00420 4
20100324030000 072 022 069 019 100 020 0255 074 027 097 037 0254 0000 0100 0100 0300 0084 0201 051 050 0257 063 0003 10172 10183 0222 10172 0300 0211 0211 0300 0148 0201 0167 0167 0300 0118 0201 0103 0091 0089 0091 0097 0097 0102 0128 //// 10224 ///// ///// ////
000000000000000000000000000000000000000000000000000000000000000000000000000000000000000000000000000000000000000000000000=
58001 342600 1150600 00563 00569 4
20100324030000 085 010 135 015 135 015 0300 066 010 142 027 0256 0000 0109 0113 0251 0101 0204 045 045 0300 059 -006 10157 10162 0202 10155 0250 0154 0182 0249 0151 0203 0171 0197 0251 0158 0201 0122 0095 0087 0085 0089 0087 0093 0126 //// 10227 ///// ///// ////
000000000000000000000000000000000000000000000000000000000000000000000000000000000000000000000000000000000000000000000000=
58005 342700 1154000 00501 00511 4
20100324030000 165 017 147 021 126 023 0256 214 011 065 048 0255 0000 0114 0115 0255 0099 0203 043 040 0253 058 -007 10161 10172 0202 10161 0300 0234 0246 0252 0177 0203 0221 0226 0252 0162 0201 0126 0099 0089 0088 0095 0096 0102 0132 0001 10224 ///// ///// ////
000000000000000000000000000000000000000000000000000000000000000000000000000000000000000000000000000000000000000000000000
140 010 000 000 //// /////////////////////CSI 007 0000 6///1 0//// 7//// 1//// 2//// 3//// /// /// /// // 911// 915// 919// 934// 939//=
58008 342800 1152000 00544 00592 4
20100324030000 121 019 094 018 107 021 0249 113 018 111 035 0210 0000 0113 0114 0240 0103 0204 044 042 0219 059 -005 10152 10159 0202 10151 0258 0274 0280 0238 0199 0219 0199 0205 0255 0160 0217 0131 0097 0087 0085 0093 0093 0097 0129 //// 10225 ///// ///// ////
000000000000000000000000000000000000000000000000000000000000000000000000000000000000000000000000000000000000000000000000=
58004 343900 1150900 00606 00616 4
20100324030000 195 016 216 016 196 017 0201 206 014 164 037 0253 0000 0122 0122 0300 0103 0201 040 037 0237 057 -010 10151 10157 0220 10146 0242 0237 0237 0300 0174 0205 0237 0237 0300 0169 0201 0136 0109 0094 0093 0100 0098 0101 0127 //// 10227 ///// ///// ////
000000000000000000000000000000000000000000000000000000000000000000000000000000000000000000000000000000000000000000000000=
54817 355900 1155200 00421 00434 4
20100324030000 210 009 239 017 257 028 0201 209 014 265 041 0201 0000 0118 0118 0300 0105 0201 055 051 0256 076 0031 10171 10179 0213 10171 0300 0185 0187 0243 0128 0213 0191 0191 0300 0141 0213 0115 0085 0077 0074 0081 0076 0087 0116 //// 10224 ///// ///// ////
000000000000000000000000000000000000000000000000000000000000000000000000000000000000000000000000000000000000000000000000=
54900 354200 1150100 00537 00541 4
20100324030000 189 024 180 032 180 033 0259 195 033 173 048 0253 0000 0120 0120 0300 0111 0229 050 049 0254 070 0019 10150 10162 0210 10149 0255 0203 0203 0300 0147 0225 0195 0195 0300 0154 0226 0117 0092 0084 0085 0085 0080 0082 0110 //// 10216 ///// ///// ////
000000000000000000000000000000000000000000000000000000000000000000000000000000000000000000000000000000000000000000000000=
54901 360500 1151000 00475 00478 4
20100324030000 195 022 189 029 180 041 0227 173 017 175 055 0237 0000 0117 0117 0256 0107 0206 050 049 0254 069 0016 10158 10167 0201 10158 0300 0158 0184 0253 0133 0227 0170 0188 0254 0138 0206 0106 0082 0076 0076 0082 0078 0075 0105 //// 10217 ///// ///// ////
000000000000000000000000000000000000000000000000000000000000000000000000000000000000000000000000000000000000000000000000=
54903 355100 1152900 00457 00506 4
20100324030000 214 028 218 026 240 033 0203 206 031 232 046 0203 0000 0118 0118 0300 0102 0201 044 042 0253 061 0000 10161 10168 0226 10160 0254 0173 0181 0258 0133 0201 0202 0203 0259 0146 0201 0107 0087 0080 0080 0081 0078 0089 0114 //// 10223 ///// ///// ////
000000000000000000000000000000000000000000000000000000000000000000000000000000000000000000000000000000000000000000000000=
57184 333800 1132200 00834 00847 4
20100324030000 057 008 093 011 130 013 0210 322 004 130 027 0227 0000 0111 0111 0300 0106 0202 067 066 0254 088 0052 10122 10127 0223 10121 0250 0148 0150 0256 0131 0227 0182 0182 0300 0154 0218 0128 0110 0104 0105 0101 0101 0103 0129 //// 10226 ///// ///// ////
000000000000000000000000000000000000000000000000000000000000000000000000000000000000000000000000000000000000000000000000=
57177 332000 1133200 00898 00913 4
20100324030000 081 011 053 009 131 016 0215 085 016 136 022 0210 0000 0101 0101 0300 0094 0201 068 065 0251 084 0045 10116 10121 0240 10116 0300 0151 0157 0248 0141 0201 0148 0148 0300 0134 0201 0102 0102 0089 0100 0105 0104 0104 0121 //// 10228 ///// ///// ////
000000000000000000000000000000000000000000000000000000000000000000000000000000000000000000000000000000000000000000000000=
57075 341000 1125200 02031 02043 4
20100324030000 298 043 303 038 299 038 0209 320 052 308 057 0207 0000 0118 0119 0258 0109 0201 037 037 0300 051 -024 09979 09986 0226 09978 0256 0152 0162 0249 0137 0222 0155 0164 0251 0141 0207 0117 0099 0096 0095 0103 0102 0095 0117 //// 10228 ///// ///// ////
000000000000000000000000000000000000000000000000000000000000000000000000000000000000000000000000000000000000000000000000=
57173 334500 1125300 01457 01468 4
20100324030000 338 039 345 028 338 031 0234 339 037 342 045 0259 0000 0127 0127 0300 0115 0201 036 036 0300 053 -020 10047 10051 0217 10047 0300 0169 0178 0257 0155 0211 0167 0171 0255 0145 0201 0120 0104 0100 0100 0104 0103 0103 0134 //// 10226 ///// ///// ////
000000000000000000000000000000000000000000000000000000000000000000000000000000000000000000000000000000000000000000000000=
57180 335900 1131200 01175 01186 4
20100324030000 253 022 262 021 262 021 0300 268 022 277 033 0254 0000 0119 0123 0252 0109 0201 062 049 0239 086 0049 10082 10085 0207 10080 0201 0177 0199 0222 0164 0201 0197 0197 0300 0169 0201 0136 0107 0098 0098 0100 0099 0101 0131 //// 10227 ///// ///// ////
000000000000000000000000000000000000000000000000000000000000000000000000000000000000000000000000000000000000000000000000=
57181 335300 1130300 01364 01380 4
20100324030000 337 032 336 034 336 035 0257 336 020 308 059 0242 0000 0119 0119 0300 0106 0201 052 049 0257 072 0024 10063 10067 0227 10062 0209 0162 0164 0254 0143 0207 0171 0173 0254 0147 0201 0125 0103 0098 0100 0101 0100 0101 0129 //// 10232 ///// ///// ////
000000000000000000000000000000000000000000000000000000000000000000000000000000000000000000000000000000000000000000000000=
57171 334600 1130700 01420 01430 4
20100324030000 317 036 322 036 331 038 0247 321 038 316 055 0232 0000 0117 0117 0300 0105 0201 053 052 0251 073 0024 10051 10055 0218 10049 0251 0138 0142 0254 0124 0201 0150 0152 0237 0126 0201 0116 0103 0101 0103 0108 0113 0114 0125 //// 10226 ///// ///// ////
000000000000000000000000000000000000000000000000000000000000000000000000000000000000000000000000000000000000000000000000=
57175 330300 1121400 01914 01922 4
20100324030000 303 007 289 011 290 015 0207 271 012 271 023 0202 0000 0106 0106 0300 0099 0205 066 066 0259 084 0045 09998 10000 0206 09996 0241 0148 0148 0300 0124 0206 0148 0148 0300 0127 0204 0113 0102 0101 0105 0108 0108 0110 0138 //// 10233 ///// ///// ////
000000000000000000000000000000000000000000000000000000000000000000000000000000000000000000000000000000000000000000000000=
57156 331800 1113000 02503 02523 4
20100324030000 254 025 262 019 277 025 0227 268 029 274 042 0221 0000 0095 0095 0259 0087 0201 063 063 0300 075 0028 09924 09928 0221 09924 0259 0092 0092 0300 0079 0225 0143 0143 0300 0107 0223 0096 0091 0095 0099 0104 0111 0116 0142 //// 10232 ///// ///// ////
000000000000000000000000000000000000000000000000000000000000000000000000000000000000000000000000000000000000000000000000
150 010 000 010 3500 /////////////////////ACP 07/ 0000 6///1 0//// 7//// 1//// 2//// 3//// /// /// /// // 911// 915// 919// 934// 939//=
57271 323300 1122300 00879 00897 4
20100324030000 303 025 296 034 295 037 0252 319 034 299 061 0251 0000 0098 0098 0240 0095 0203 076 075 0247 092 0058 10117 10125 0219 10117 0300 0119 0120 0239 0111 0221 0119 0119 0300 0110 0201 0103 0099 0101 0106 0104 0107 0113 0139 //// 10227 ///// ///// ////
000000000000000000000000000000000000000000000000000000000000000000000000000000000000000000000000000000000000000000000000=
57261 330700 1113100 02330 02345 4
20100324030000 016 018 040 012 040 012 0300 012 024 012 024 0300 0000 0098 0098 0300 0091 0201 067 063 0245 081 0040 09937 09943 0223 09937 0300 0137 0137 0300 0116 0227 0133 0133 0300 0116 0201 0104 0099 0100 0102 0117 0123 0127 //// //// 10223 ///// ///// ////
000000000000000000000000000000000000000000000000000000000000000000000000000000000000000000000000000000000000000000000000=
57285 322300 1132500 01530 01492 4
20100324030000 341 014 348 015 338 017 0237 330 015 336 027 0233 0000 0086 0086 0300 0083 0201 072 072 0300 080 0038 10046 10050 0209 10046 0258 0103 0103 0300 0093 0218 0101 0101 0300 0094 0216 0092 0091 0093 0097 0105 0109 0109 0135 //// 10230 ///// ///// ////
000000000000000000000000000000000000000000000000000000000000000000000000000000000000000000000000000000000000000000000000
100 010 000 010 3000 /////////////////////ACP 07/ 0000 6///1 0//// 7//// 1//// 2//// 3//// /// /// /// // 911// 915// 919// 934// 939//=
57273 324100 1125100 01095 01105 4
20100324030000 050 003 051 005 109 008 0211 032 002 077 013 0253 0000 0097 0097 0300 0091 0201 067 067 0300 081 0039 10091 10097 0227 10091 0255 0116 0118 0254 0101 0201 0125 0125 0250 0114 0201 0103 0099 0100 0105 0111 0112 0111 0136 //// 10227 ///// ///// ////
000000000000000000000000000000000000000000000000000000000000000000000000000000000000000000000000000000000000000000000000=
57187 330400 1125600 01180 01193 4
20100324030000 132 011 122 010 120 011 0254 139 011 119 016 0251 0000 0099 0099 0300 0092 0201 075 075 0300 091 0057 10073 10077 0221 10073 0300 0122 0124 0240 0114 0203 0133 0133 0258 0121 0201 0111 0096 0100 0104 0114 0112 0108 0132 //// 10220 ///// ///// ////
000000000000000000000000000000000000000000000000000000000000000000000000000000000000000000000000000000000000000000000000=
57178 330200 1123500 01292 01305 4
20100324030000 106 005 096 006 133 014 0243 133 006 133 021 0241 0000 0107 0107 0300 0103 0201 061 054 0226 078 0035 10069 10074 0213 10068 0204 0146 0149 0201 0138 0216 0129 0130 0245 0124 0216 0109 0101 0099 0098 0110 0109 0109 0132 0001 10229 ///// ///// ////
000000000000000000000000000000000000000000000000000000000000000000000000000000000000000000000000000000000000000000000000
150 010 000 010 3600 /////////////////////ACR 03/ 0000 6///1 0//// 7//// 1//// 2//// 3//// /// /// /// // 911// 915// 919// 934// 939//=
57169 330300 1115200 01591 01600 4
20100324030000 285 012 272 017 302 025 0202 257 013 324 041 0201 0000 0109 0109 0300 0098 0201 072 070 0233 094 0061 10036 10039 0240 10035 0204 0107 0107 0300 0089 0201 0144 0144 0300 0111 0201 0108 0101 0101 0104 0105 0106 0107 0133 //// 10232 ///// ///// ////
000000000000000000000000000000000000000000000000000000000000000000000000000000000000000000000000000000000000000000000000=
57176 332900 1122500 02311 02304 4
20100324030000 153 018 155 017 155 017 0300 147 025 147 025 0300 0000 0112 0112 0259 0100 0205 044 044 0300 058 -006 09947 09952 0210 09946 0256 0155 0162 0233 0134 0204 0147 0148 0250 0121 0204 0114 0103 0101 0103 0111 0113 0112 0130 //// 10227 ///// ///// ////
000000000000000000000000000000000000000000000000000000000000000000000000000000000000000000000000000000000000000000000000=
57179 331700 1130000 01604 01616 4
20100324030000 095 024 083 023 090 025 0239 083 032 085 033 0250 0000 0103 0103 0259 0099 0201 074 071 0239 093 0059 10028 10035 0224 10028 0259 0153 0154 0257 0139 0201 0141 0141 0300 0127 0201 0110 0100 0097 0098 0103 0104 0104 0132 //// 10226 ///// ///// ////
000000000000000000000000000000000000000000000000000000000000000000000000000000000000000000000000000000000000000000000000=
57274 324200 1120700 01076 01088 4
20100324030000 291 040 289 033 272 033 0216 285 057 285 057 0300 0000 0098 0099 0259 0094 0202 068 068 0300 082 0042 10096 10101 0208 10096 0254 0127 0127 0259 0111 0212 0122 0122 0300 0109 0212 0106 0103 0105 0109 0118 0118 0114 0140 //// 10230 ///// ///// ////
000000000000000000000000000000000000000000000000000000000000000000000000000000000000000000000000000000000000000000000000=
57065 343000 1121100 01949 01964 4
20100324030000 267 033 269 037 267 047 0203 263 049 274 073 0231 0000 0129 0129 0300 0114 0201 037 036 0257 055 -014 09991 09997 0210 09989 0254 0140 0140 0300 0119 0201 0193 0193 0300 0159 0201 0121 0104 0099 0101 0101 0103 0109 0138 //// 10229 ///// ///// ////
000000000000000000000000000000000000000000000000000000000000000000000000000000000000000000000000000000000000000000000000=
57074 342500 1122500 01973 01989 4
20100324030000 309 017 304 022 298 022 0258 285 011 285 056 0255 0000 0131 0131 0254 0115 0204 036 034 0245 054 -016 09989 09996 0216 09988 0246 0165 0190 0219 0160 0257 0184 0198 0223 0176 0201 0125 0103 0098 0100 0103 0103 0102 0125 //// 10230 ///// ///// ////
000000000000000000000000000000000000000000000000000000000000000000000000000000000000000000000000000000000000000000000000=
57070 344400 1120700 03640 03595 4
20100324030000 290 018 274 020 282 039 0215 268 022 271 055 0209 0000 0122 0122 0257 0113 0201 031 029 0259 044 -044 09793 09799 0211 09791 0239 0166 0166 0300 0140 0201 0170 0170 0300 0142 0201 0102 0088 0086 0088 0091 0091 0094 0122 //// 10225 ///// ///// ////
000000000000000000000000000000000000000000000000000000000000000000000000000000000000000000000000000000000000000000000000=
57162 340900 1120500 03258 03275 4
20100324030000 227 012 205 013 196 016 0235 246 011 170 026 0233 0000 0122 0122 0300 0106 0201 037 037 0300 053 -021 09836 09841 0204 09834 0230 0191 0200 0257 0144 0205 0178 0179 0259 0137 0205 0115 0092 0090 0093 0096 0097 0101 0132 //// 10231 ///// ///// ////
000000000000000000000000000000000000000000000000000000000000000000000000000000000000000000000000000000000000000000000000=
57078 340900 1122800 03365 03340 4
20100324030000 303 035 288 031 288 031 0300 282 049 305 063 0231 0000 0120 0120 0254 0108 0201 034 032 0255 048 -034 09827 09832 0217 09825 0243 0198 0215 0252 0182 0201 0159 0168 0252 0144 0201 0111 0090 0085 0088 0097 0098 0096 0118 //// 10230 ///// ///// ////
000000000000000000000000000000000000000000000000000000000000000000000000000000000000000000000000000000000000000000000000=
57071 344900 1122600 03333 03332 4
20100324030000 241 032 233 036 233 036 0259 251 035 220 055 0253 0000 0113 0114 0246 0107 0201 029 026 0237 039 -061 09826 09832 0219 09825 0248 0144 0151 0245 0137 0213 0159 0160 0246 0145 0201 0105 0089 0085 0086 0089 0089 0090 0119 //// 10228 ///// ///// ////
000000000000000000000000000000000000000000000000000000000000000000000000000000000000000000000000000000000000000000000000
150 10- 000 10- 3500 /////////////////////ACR 04/ 0000 6///1 0//// 7//// 1//// 2//// 3//// /// /// /// // 911// 915// 919// 934// 939//=
57066 342300 1114000 03283 03298 4
20100324030000 306 010 278 013 278 013 0300 305 013 282 024 0258 0000 0119 0119 0256 0106 0201 046 046 0300 064 0007 09840 09843 0205 09837 0237 0173 0188 0245 0162 0202 0184 0190 0253 0162 0209 0113 0090 0087 0089 0092 0091 0090 0116 //// 10238 ///// ///// ////
000000000000000000000000000000000000000000000000000000000000000000000000000000000000000000000000000000000000000000000000=
57077 334700 1113900 07424 07388 4
20100324030000 128 003 116 007 056 010 0244 203 004 068 020 0215 0000 0079 0079 0300 0062 0201 054 054 0259 057 -008 09363 09366 0231 09360 0244 0152 0166 0248 0109 0201 0144 0148 0248 0102 0201 0087 0066 0063 0066 0083 0087 0090 0116 //// 10243 ///// ///// ////
000000000000000000000000000000000000000000000000000000000000000000000000000000000000000000000000000000000000000000000000
140 10- 10- 10- 1700 /////////////////////SCR 5// 0000 6///1 0//// 7//// 1//// 2//// 3//// /// /// /// // 911// 915// 919// 934// 939//=
57183 334800 1135500 00600 00615 4
20100324030000 167 011 143 006 176 009 0233 184 006 153 016 0259 0000 0110 0111 0259 0102 0205 064 063 0254 084 0045 10151 10155 0241 10149 0207 0174 0174 0300 0148 0202 0162 0162 0300 0139 0202 0120 0104 0101 0101 0102 0099 0096 0123 //// 10227 ///// ///// ////
000000000000000000000000000000000000000000000000000000000000000000000000000000000000000000000000000000000000000000000000=
57186 333600 1140300 00587 00598 4
20100324030000 081 011 076 011 070 014 0240 069 011 092 023 0239 0000 0109 0109 0300 0101 0201 063 061 0255 082 0041 10155 10157 0221 10154 0237 0164 0166 0258 0147 0216 0164 0164 0248 0151 0206 0124 0105 0099 0102 0105 0103 0102 0134 //// 10229 ///// ///// ////
000000000000000000000000000000000000000000000000000000000000000000000000000000000000000000000000000000000000000000000000=
57096 343200 1144700 00597 00607 4
20100324030000 136 018 142 017 168 018 0253 189 028 161 030 0245 0000 0128 0128 0300 0109 0201 041 041 0300 061 -001 10148 10156 0205 10146 0241 0231 0248 0255 0189 0224 0284 0293 0255 0215 0201 0145 0106 0096 0096 0101 0099 0101 0128 //// 10222 ///// ///// ////
000000000000000000000000000000000000000000000000000000000000000000000000000000000000000000000000000000000000000000000000=
53978 350500 1123800 01401 01409 4
20100324030000 227 020 192 011 238 027 0227 237 017 226 054 0238 0000 0140 0140 0300 0125 0201 030 025 0241 048 -033 10047 10053 0220 10046 0257 0184 0184 0300 0165 0240 0176 0176 0300 0156 0201 0122 0105 0098 0099 0092 0091 0096 0125 //// 10218 ///// ///// ////
000000000000000000000000000000000000000000000000000000000000000000000000000000000000000000000000000000000000000000000000=
53987 350600 1132500 00910 00918 4
20100324030000 236 030 239 026 238 027 0259 240 019 234 046 0250 0000 0127 0127 0259 0119 0201 043 043 0244 063 0005 10108 10114 0247 10103 0209 0160 0173 0211 0160 0300 0167 0171 0232 0156 0201 0125 0108 0101 0100 0098 0098 0099 0127 //// 10220 ///// ///// ////
000000000000000000000000000000000000000000000000000000000000000000000000000000000000000000000000000000000000000000000000=
57079 345700 1130200 01064 01069 4
20100324030000 245 039 244 045 244 049 0258 257 045 259 068 0238 0000 0116 0116 0300 0108 0201 047 042 0252 064 0007 10087 10094 0225 10085 0201 0146 0147 0216 0129 0201 0162 0162 0300 0141 0201 0108 0095 0092 0093 0097 0096 0094 0120 //// 10218 ///// ///// ////
000000000000000000000000000000000000000000000000000000000000000000000000000000000000000000000000000000000000000000000000=
57072 345500 1124500 01275 01285 4
20100324030000 255 032 252 035 241 043 0226 256 031 242 060 0246 0000 0123 0123 0300 0112 0205 034 033 0257 049 -031 10065 10073 0220 10064 0259 0158 0158 0255 0139 0223 0156 0156 0300 0141 0226 0111 0094 0089 0089 0089 0086 0085 0113 //// 10222 ///// ///// ////
000000000000000000000000000000000000000000000000000000000000000000000000000000000000000000000000000000000000000000000000=
53982 351400 1131600 01120 01135 4
20100324030000 081 021 084 019 071 024 0202 088 021 051 042 0216 0000 0123 0123 0300 0115 0208 045 045 0300 064 0007 10080 10085 0240 10076 0201 0150 0155 0250 0137 0206 0179 0191 0248 0163 0204 0124 0108 0103 0103 0099 0097 0100 0131 //// 10218 ///// ///// ////
000000000000000000000000000000000000000000000000000000000000000000000000000000000000000000000000000000000000000000000000=
53979 350900 1130500 01200 01211 4
20100324030000 226 030 224 034 213 043 0242 228 037 222 059 0231 0000 0124 0124 0300 0116 0203 047 041 0224 068 0014 10072 10077 0235 10070 0203 0157 0170 0207 0152 0251 0192 0209 0207 0183 0201 0122 0102 0099 0100 0098 0098 0103 0132 //// 10220 ///// ///// ////
000000000000000000000000000000000000000000000000000000000000000000000000000000000000000000000000000000000000000000000000=
53974 353700 1141100 00723 00739 4
20100324030000 223 026 214 024 214 026 0243 240 032 203 045 0244 0000 0121 0121 0300 0110 0201 053 053 0258 075 0028 10130 10137 0204 10128 0231 0180 0196 0250 0143 0201 0195 0197 0249 0147 0201 0122 0103 0098 0097 0091 0090 0096 0124 //// 10220 ///// ///// ////
000000000000000000000000000000000000000000000000000000000000000000000000000000000000000000000000000000000000000000000000=
53990 354300 1141900 00795 00805 4
20100324030000 221 031 210 033 192 038 0230 231 037 184 050 0229 0000 0117 0117 0300 0106 0201 058 057 0252 080 0037 10121 10128 0201 10119 0235 0160 0176 0235 0129 0201 0220 0232 0249 0165 0201 0119 0099 0091 0093 0092 0083 0082 0111 //// 10220 ///// ///// ////
000000000000000000000000000000000000000000000000000000000000000000000000000000000000000000000000000000000000000000000000=
53889 360400 1134900 03068 03086 4
20100324030000 194 012 192 011 189 012 0257 182 012 114 019 0228 0000 0106 0107 0252 0100 0201 038 036 0213 049 -031 09844 09849 0201 09842 0234 0134 0150 0244 0127 0230 0157 0166 0252 0143 0233 0116 0100 0091 0087 0078 0074 0087 0098 //// 10217 ///// ///// ////
000000000000000000000000000000000000000000000000000000000000000000000000000000000000000000000000000000000000000000000000=
53995 353300 1143000 00625 00645 4
20100324030000 210 031 204 032 204 033 0218 218 025 209 047 0231 0000 0118 0118 0258 0108 0209 058 058 0242 080 0038 10139 10146 0222 10137 0244 0176 0187 0258 0140 0206 0197 0200 0258 0163 0208 0134 0110 0096 0092 0089 0085 0086 0116 //// 10218 ///// ///// ////
000000000000000000000000000000000000000000000000000000000000000000000000000000000000000000000000000000000000000000000000=
NNNN
