57090 344300 1135800 00781 00802 4
20100322070000 000 000 011 007 232 025 0613 330 000 237 043 0611 0003 0111 0111 0700 0108 0601 087 084 0609 115 0090 10052 10055 0602 10050 0617 0108 0108 0700 0095 0614 0117 0117 0700 0110 0614 0111 0110 0107 0105 0099 0091 0083 0119 //// 10149 ///// ///// ////
000000000100000000000000000000000100000000000000000000000000000000000000000000000000000100000000000000000000000000000000=
57083 344300 1133900 01104 01116 4
20100322070000 241 016 131 013 256 019 0638 236 023 287 031 0643 0000 0121 0121 0700 0113 0605 074 074 0700 104 0076 10018 10018 0700 10014 0626 0131 0132 0654 0107 0601 0121 0121 0657 0110 0601 0113 0111 0109 0109 0098 0097 0101 0126 0000 10153 ///// ///// ////
000000000000000000000000000000000000000000000000000000000000000000000000000000000000000000000000000000000000000000000000
110 010 002 /// //// //////////////////ASPFNB /// //// 6///1 0//// 7//// 1//// 2//// 3//// /// /// /// // 911// 915// 919// 934// 939//=
57086 342300 1134300 01166 01168 4
20100322070000 082 029 021 023 329 052 0616 074 023 308 103 0609 0003 0109 0121 0612 0109 0700 076 064 0611 099 0068 10017 10017 0700 10011 0635 0098 0128 0601 0098 0700 0112 0134 0601 0111 0652 0123 0120 0113 0108 0101 0094 0091 0116 //// 10159 ///// ///// ////
000000000000000000000000000000000000000000000000000000000000000000000000000000000100000000000000000200000000000000000000=
57085 343200 1132000 02599 02648 4
20100322070000 246 013 213 012 306 018 0624 263 011 296 026 0619 0001 0112 0115 0650 0109 0605 076 068 0614 101 0071 09841 09841 0659 09836 0611 0108 0110 0646 0089 0603 0113 0114 0648 0105 0601 0114 0114 0112 0108 0106 0097 0090 0121 //// 10159 ///// ///// ////
000000000000000000010000000000000000000000000000000000000000000000000000000000000000000000000000000000000000000000000000=
57081 344800 1132600 01409 01419 4
20100322070000 254 009 266 008 250 014 0644 324 010 226 029 0637 0000 0127 0127 0659 0117 0601 067 065 0649 098 0067 09981 09982 0615 09978 0639 0132 0140 0613 0129 0601 0129 0132 0652 0119 0601 0113 0107 0108 0104 0089 0091 0094 0117 //// 10152 ///// ///// ////
000000000000000000000000000000000000000000000000000000000000000000000000000000000000000000000000000000000000000000000000=
57080 344400 1125800 01652 01661 4
20100322070000 205 016 213 019 236 028 0636 220 018 223 047 0633 0000 0112 0113 0631 0107 0604 082 080 0632 109 0082 09959 09962 0602 09956 0619 0118 0124 0628 0114 0643 0125 0132 0629 0124 0651 0113 0105 0103 0103 0092 0086 0086 0119 //// 10160 ///// ///// ////
000000000000000000000000000000000000000000000000000000000000000000000000000000000000000000000000000000000000000000000000=
57082 342800 1130100 04271 04284 4
20100322070000 338 023 301 014 216 028 0642 299 021 277 061 0626 0002 0104 0108 0641 0094 0601 065 058 0639 082 0041 09651 09656 0638 09647 0656 0091 0095 0640 0080 0602 0099 0101 0636 0094 0602 0107 0114 0117 0117 0104 0098 0097 //// //// 10160 ///// ///// ////
000000010100000000000000000000000000000000000000000000000000000000000000000000000000000000000000000000000000000000000000=
57189 330800 1135700 00646 00655 4
20100322070000 350 041 353 036 353 036 0700 336 076 336 076 0700 0000 0150 0150 0700 0131 0601 064 064 0700 109 0083 10066 10066 0659 10064 0601 0180 0181 0658 0138 0616 0178 0179 0659 0138 0616 0135 0125 0122 0120 0102 0095 0095 0122 //// 10145 ///// ///// ////
000000000000000000000000000000000000000000000000000000000000000000000000000000000000000000000000000000000000000000000000=
57194 331700 1141600 00598 00609 4
20100322070000 357 025 357 027 359 027 0655 344 039 355 049 0646 0000 0138 0138 0659 0131 0605 060 060 0658 095 0062 10071 10071 0700 10067 0602 0154 0154 0700 0130 0606 0145 0145 0700 0128 0612 0118 0118 0117 0115 0099 0092 0095 0126 //// 10144 ///// ///// ////
000000000000000000000000000000000000000000000000000000000000000000000000000000000000000000000000000000000000000000000000=
57294 325000 1140100 00836 00846 4
20100322070000 008 029 359 028 011 032 0645 012 033 347 061 0611 0000 0130 0130 0651 0125 0601 073 071 0649 109 0083 10039 10039 0656 10034 0604 0142 0142 0700 0130 0602 0147 0147 0700 0132 0601 0123 0120 0119 0117 0112 0107 0099 0118 //// 10141 ///// ///// ////
000000000000000000000000000000000000000000000000000000000000000000000000000000000000000000000000000000000000000000000000=
57195 333700 1143700 00466 00476 4
20100322070000 070 025 070 024 070 024 0700 071 040 027 050 0603 0000 0142 0142 0700 0138 0601 052 050 0628 084 0045 10087 10088 0625 10084 0605 0146 0150 0620 0143 0601 0143 0146 0619 0140 0601 0131 0125 0121 0119 0106 0097 0100 0142 //// 10144 ///// ///// ////
000000000000000000000000000000000000000000000000000000000000000000000000000000000000000000000000000000000000000000000000=
57193 334700 1143100 00526 00541 4
20100322070000 013 041 350 030 353 037 0611 338 043 353 079 0607 0000 0151 0151 0656 0146 0601 052 049 0607 089 0053 10083 10083 0700 10079 0602 0171 0193 0652 0161 0632 0163 0171 0652 0152 0632 0132 0123 0120 0117 0107 0099 0103 0131 //// 10148 ///// ///// ////
000000000000000000000000000000000000000000000000000000000000000000000000000000000000000000000000000000000000000000000000=
58101 335200 1152900 00413 00428 4
20100322070000 014 019 009 016 351 034 0607 015 034 026 063 0605 0000 0131 0133 0603 0131 0700 057 056 0640 086 0048 10090 10090 0652 10085 0632 0137 0138 0649 0132 0615 0125 0126 0649 0123 0619 0122 0114 0109 0107 0103 0096 0097 0131 //// 10142 ///// ///// ////
000000000000000000000000000000000000000000000000000000000000000000000000000000000000000000000000000000000000000000000000=
57098 340500 1142400 00583 00593 4
20100322070000 340 041 347 035 006 052 0603 306 045 336 087 0602 0000 0148 0151 0642 0145 0601 056 055 0601 094 0061 10077 10077 0700 10072 0601 0174 0197 0642 0170 0601 0153 0166 0641 0147 0601 0141 0123 0111 0107 0101 0094 0095 0129 //// 10149 ///// ///// ////
000000000000000000000000000000000000000000000000000000000000000000000000000000000000000000000000000000000000000000000000=
57182 335100 1133000 00805 00814 4
20100322070000 349 044 347 044 017 066 0605 355 060 015 090 0602 0000 0149 0163 0601 0149 0700 051 045 0603 086 0049 10058 10059 0644 10053 0601 0159 0194 0601 0157 0655 0182 0233 0601 0180 0655 0157 0136 0125 0116 0109 0102 0106 0140 //// 10156 ///// ///// ////
000000000000000000000000000000000000000000000000000000000000000000000000000000000000000000000000000000000000000000000000=
57390 314800 1140400 07335 07347 4
20100322070000 015 120 014 118 013 120 0657 009 060 012 283 0618 0000 0085 0089 0601 0085 0700 059 057 0612 065 0010 09267 09269 0601 09265 0613 0084 0085 0625 0080 0610 0074 0080 0601 0073 0653 0089 0099 0107 0110 0111 0093 //// //// //// 10115 ///// ///// ////
000000000000000000000000000000000000000000000000000000000000000000000000000000000000000000000000000000000000000000000000=
58207 321000 1150300 00428 00440 4
20100322070000 011 021 008 022 347 038 0619 007 018 341 052 0604 0000 0116 0123 0601 0115 0634 073 069 0601 100 0069 10087 10087 0700 10082 0601 0116 0122 0601 0106 0636 0128 0131 0601 0128 0700 0116 0133 0134 0134 0122 0111 0110 0138 //// 10140 ///// ///// ////
000000000000000000000000000000000000000000000000000000000000000000000000000000000000000000000000000000000000000000000000=
53989 350300 1135700 00766 00777 4
20100322070000 241 018 238 020 220 027 0647 254 014 234 036 0648 0000 0117 0117 0700 0102 0601 078 078 0700 107 0080 10052 10059 0605 10049 0641 0136 0136 0657 0111 0601 0136 0136 0700 0113 0601 0110 0104 0103 0103 0094 0089 0093 0123 //// 10146 ///// ///// ////
000000000000000000000000000000000000000000000000000000000000000000000000000000000000000000000000000000000000000000000000=
53986 351900 1135300 00732 00740 4
20100322070000 359 009 359 012 195 031 0610 336 011 195 056 0607 0000 0122 0125 0638 0116 0604 079 076 0636 112 0087 10066 10067 0658 10054 0610 0141 0144 0650 0119 0601 0139 0139 0652 0120 0601 0114 0106 0103 0103 0096 0092 0096 0128 //// 10156 ///// ///// ////
000000000000000000000000000000000000000000000000000000000000000000000000000000000000000000000000000000000000000000000000=
57051 344800 1111200 04099 04117 4
20100322070000 315 035 314 030 329 042 0612 319 048 330 080 0604 0000 0151 0154 0604 0149 0642 018 018 0700 031 -090 09689 09691 0602 09688 0647 0193 0226 0603 0178 0640 0200 0232 0603 0189 0643 0136 0114 0106 0102 0090 0085 0083 0114 //// 10176 ///// ///// ////
000000000000000000000000000000000000000000000000000000000000000000000000000000000000000000000000000000000000000000000000=
57063 344600 1114600 05236 05236 4
20100322070000 321 035 320 051 314 055 0642 330 033 330 097 0638 0000 0137 0139 0651 0128 0609 025 022 0656 039 -060 09551 09553 0606 09548 0635 0145 0173 0629 0145 0659 0134 0160 0630 0134 0700 0103 0088 0084 0083 0075 0075 0082 0110 //// 10170 ///// ///// ////
000000000000000000000000000000000000000000000000000000000000000000000000000000000000000000000000000000000000000000000000=
57067 340300 1110200 05688 05699 4
20100322070000 208 023 231 024 207 037 0634 192 025 184 055 0643 0009 0057 0060 0601 0057 0654 088 085 0611 081 0039 09521 09530 0606 09521 0700 0066 0066 0620 0060 0644 0083 0083 0623 0078 0644 0090 0094 0099 0098 0102 0100 0092 0122 //// 10205 ///// ///// ////
000100010000010000010001000000000100000000010000000000010000000000000000000000000100000000000000000000000000000000000000=
57056 343200 1105300 03904 03909 4
20100322070000 338 042 333 028 308 039 0650 347 088 347 088 0700 0000 0142 0148 0601 0142 0700 013 013 0650 021 -138 09715 09719 0604 09715 0659 0141 0164 0603 0141 0649 0131 0153 0601 0130 0650 0117 0108 0102 0101 0091 0089 0090 0118 //// 10180 ///// ///// ////
000000000000000000000000000000000000000000000000000000000000000000000000000000000000000000000000000000000000000000000000=
58007 340400 1151800 00472 00532 4
20100322070000 018 014 360 017 348 027 0604 007 015 358 068 0623 0000 0140 0140 0659 0137 0605 049 046 0609 078 0035 10079 10079 0659 10071 0625 0142 0144 0657 0136 0602 0138 0139 0656 0134 0602 0125 0119 0115 0111 0105 0097 0100 0131 //// 10143 ///// ///// ////
000000000000000000000000000000000000000000000000000000000000000000000000000000000000000000000000000000000000000000000000=
58006 342300 1155300 00463 00506 4
20100322070000 011 022 007 021 360 033 0607 007 023 350 067 0605 0000 0133 0133 0700 0131 0601 051 050 0608 078 0034 10083 10083 0658 10077 0617 0132 0138 0649 0127 0601 0130 0133 0649 0126 0601 0124 0120 0113 0107 0094 0090 0095 0127 //// 10144 ///// ///// ////
000000000000000000000000000000000000000000000000000000000000000000000000000000000000000000000000000000000000000000000000=
58111 335800 1162700 00325 00325 4
20100322070000 350 025 002 021 357 025 0613 023 021 358 050 0606 0000 0120 0120 0700 0117 0609 054 054 0633 076 0030 10098 10100 0632 10093 0601 0115 0125 0641 0115 0700 0103 0108 0640 0103 0612 0101 0102 0100 0100 0099 0095 0102 0138 //// 10137 ///// ///// ////
000000000000000000000000000000000000000000000000000000000000000000000000000000000000000000000000000000000000000000000000=
58017 341500 1160800 00410 00420 4
20100322070000 006 029 006 029 334 032 0610 341 032 012 057 0656 0000 0127 0128 0639 0125 0617 054 054 0659 079 0036 10085 10086 0608 10082 0601 0129 0142 0636 0121 0612 0114 0120 0637 0113 0613 0114 0114 0111 0109 0099 0094 0100 0128 //// 10136 ///// ///// ////
000000000000000000000000000000000000000000000000000000000000000000000000000000000000000000000000000000000000000000000000=
58001 342600 1150600 00563 00569 4
20100322070000 020 034 024 037 011 039 0603 032 026 336 071 0611 0000 0134 0142 0602 0134 0700 058 053 0605 089 0053 10075 10077 0641 10066 0612 0136 0166 0602 0136 0700 0131 0160 0602 0131 0700 0118 0107 0100 0095 0088 0085 0092 0127 //// 10144 ///// ///// ////
000000000000000000000000000000000000000000000000000000000000000000000000000000000000000000000000000000000000000000000000=
58005 342700 1154000 00501 00511 4
20100322070000 026 033 025 032 016 040 0621 012 034 007 073 0643 0000 0145 0145 0700 0137 0601 049 047 0609 081 0039 10079 10079 0700 10072 0603 0171 0182 0606 0163 0626 0152 0155 0606 0145 0601 0130 0122 0113 0107 0097 0093 0101 0132 0000 10141 ///// ///// ////
000000000000000000000000000000000000000000000000000000000000000000000000000000000000000000000000000000000000000000000000
120 010 000 /// //// //////////////////ACRASP /// //// 6///1 0//// 7//// 1//// 2//// 3//// /// /// /// // 911// 915// 919// 934// 939//=
58008 342800 1152000 00544 00592 4
20100322070000 020 034 010 034 017 052 0614 023 022 009 089 0614 0000 0136 0141 0605 0136 0700 055 050 0607 086 0047 10072 10073 0656 10062 0601 0151 0220 0601 0151 0700 0134 0165 0601 0134 0700 0117 0107 0101 0096 0093 0091 0096 0129 //// 10144 ///// ///// ////
000000000000000000000000000000000000000000000000000000000000000000000000000000000000000000000000000000000000000000000000=
58004 343900 1150900 00606 00616 4
20100322070000 026 035 024 027 357 041 0636 007 013 015 084 0633 0000 0127 0138 0616 0127 0700 061 053 0601 090 0054 10071 10071 0640 10060 0611 0121 0154 0611 0121 0700 0126 0153 0605 0126 0700 0132 0130 0117 0110 0100 0096 0100 0127 //// 10145 ///// ///// ////
000000000000000000000000000000000000000000000000000000000000000000000000000000000000000000000000000000000000000000000000=
54817 355900 1155200 00421 00434 4
20100322070000 296 017 295 022 294 025 0627 288 019 285 035 0655 0000 0101 0101 0700 0098 0601 077 077 0700 095 0063 10094 10095 0654 10088 0601 0107 0109 0650 0102 0612 0104 0105 0650 0101 0614 0094 0086 0083 0078 0077 0073 0086 0117 //// 10147 ///// ///// ////
000000000000000000000000000000000000000000000000000000000000000000000000000000000000000000000000000000000000000000000000=
54900 354200 1150100 00537 00541 4
20100322070000 305 010 295 014 291 021 0631 296 008 277 034 0615 0000 0109 0109 0700 0106 0607 068 065 0643 089 0052 10079 10083 0622 10079 0658 0109 0112 0638 0102 0601 0104 0108 0638 0103 0605 0100 0095 0091 0089 0084 0077 0081 0110 //// 10145 ///// ///// ////
000000000000000000000000000000000000000000000000000000000000000000000000000000000000000000000000000000000000000000000000=
54901 360500 1151000 00475 00478 4
20100322070000 330 018 315 020 296 024 0639 336 015 293 033 0631 0000 0120 0120 0700 0112 0601 060 059 0659 084 0045 10086 10090 0624 10086 0700 0135 0135 0700 0125 0609 0124 0126 0629 0118 0601 0106 0092 0085 0082 0080 0075 0074 0105 //// 10144 ///// ///// ////
000000000000000000000000000000000000000000000000000000000000000000000000000000000000000000000000000000000000000000000000=
54903 355100 1152900 00457 00506 4
20100322070000 303 011 311 013 312 017 0652 285 009 308 025 0651 0000 0100 0100 0700 0096 0601 078 078 0700 096 0063 10083 10085 0649 10081 0601 0103 0104 0657 0097 0608 0103 0103 0700 0102 0612 0093 0090 0087 0085 0078 0075 0088 0114 //// 10145 ///// ///// ////
000000000000000000000000000000000000000000000000000000000000000000000000000000000000000000000000000000000000000000000000=
57184 333800 1132200 00834 00847 4
20100322070000 310 044 315 045 321 060 0644 296 056 307 101 0610 0000 0140 0154 0601 0140 0700 060 057 0625 096 0064 10054 10054 0700 10047 0610 0140 0158 0601 0140 0655 0173 0208 0601 0172 0656 0155 0140 0130 0123 0101 0099 0101 0129 //// 10156 ///// ///// ////
000000000000000000000000000000000000000000000000000000000000000000000000000000000000000000000000000000000000000000000000=
57177 332000 1133200 00898 00913 4
20100322070000 332 033 340 035 359 044 0652 290 027 332 094 0649 0000 0161 0165 0630 0156 0601 056 052 0652 102 0073 10043 10043 0700 10035 0619 0181 0224 0601 0178 0648 0192 0218 0603 0189 0649 0136 0133 0114 0120 0110 0102 0102 0121 //// 10153 ///// ///// ////
000000000000000000000000000000000000000000000000000000000000000000000000000000000000000000000000000000000000000000000000=
57075 341000 1125200 02031 02043 4
20100322070000 289 045 283 050 288 066 0626 287 051 285 091 0613 0008 0099 0104 0601 0098 0656 081 078 0637 099 0068 09921 09924 0616 09917 0654 0085 0092 0601 0083 0649 0092 0104 0601 0091 0652 0114 0118 0116 0112 0110 0102 0092 0117 //// 10168 ///// ///// ////
000000000100000001000000000000000000000000000100000000000000000000000000000000000100000000000000010001000001000100000000=
57173 334500 1125300 01457 01468 4
20100322070000 306 043 315 048 324 097 0620 302 046 315 137 0618 0000 0128 0144 0601 0128 0700 054 048 0601 080 0037 09986 09987 0629 09981 0601 0137 0165 0602 0136 0634 0152 0199 0602 0151 0655 0141 0132 0124 0116 0108 0101 0102 0134 //// 10163 ///// ///// ////
000000000000000000000000000000000000000000000000000000000000000000000000000000000000000000000000000000000000000000000000=
57180 335900 1131200 01175 01186 4
20100322070000 290 045 291 050 297 062 0637 296 055 310 094 0616 0000 0111 0137 0601 0111 0700 077 061 0602 102 0072 10018 10020 0648 10011 0603 0108 0162 0604 0108 0700 0134 0192 0605 0134 0700 0144 0132 0119 0111 0100 0097 0099 0131 //// 10162 ///// ///// ////
000000000000000000000000000000000000000000000000000000000000000000000000000000000000000000000000000000000000000000000000=
57181 335300 1130300 01364 01380 4
20100322070000 332 033 328 036 327 082 0606 319 032 313 141 0611 0000 0113 0132 0601 0113 0700 069 060 0602 092 0058 10002 10003 0647 09996 0605 0117 0147 0605 0117 0700 0139 0181 0606 0139 0700 0139 0126 0120 0115 0105 0099 0099 0129 //// 10170 ///// ///// ////
000000000000000000000000000000000000000000000000000000000000000000000000000000000000000000000000000000000000000000000000=
57171 334600 1130700 01420 01430 4
20100322070000 312 100 310 103 321 128 0605 313 104 310 177 0625 0000 0122 0137 0601 0122 0700 062 056 0604 088 0051 09983 09984 0638 09973 0602 0129 0151 0601 0129 0700 0147 0175 0601 0147 0700 0142 0135 0128 0123 0119 0115 0110 0124 //// 10156 ///// ///// ////
000000000000000000000000000000000000000000000000000000000000000000000000000000000000000000000000000000000000000000000000=
57175 330300 1121400 01914 01922 4
20100322070000 049 027 051 037 051 041 0657 046 038 046 069 0650 0000 0184 0198 0602 0184 0700 042 036 0635 089 0053 09907 09907 0654 09904 0601 0197 0249 0601 0197 0659 0253 0305 0601 0253 0659 0204 0175 0151 0138 0113 0105 0108 0138 //// 10134 ///// ///// ////
000000000000000000000000000000000000000000000000000000000000000000000000000000000000000000000000000000000000000000000000=
57156 331800 1113000 02503 02523 4
20100322070000 301 031 305 036 325 053 0612 310 022 322 105 0639 0000 0147 0159 0601 0147 0700 035 034 0607 059 -006 09853 09853 0700 09848 0604 0130 0144 0601 0130 0700 0149 0184 0601 0149 0700 0143 0138 0135 0132 0114 0112 0114 0143 //// 10153 ///// ///// ////
000000000000000000000000000000000000000000000000000000000000000000000000000000000000000000000000000000000000000000000000=
57271 323300 1122300 00879 00897 4
20100322070000 074 029 063 022 067 025 0644 080 027 074 038 0659 0000 0178 0180 0618 0177 0643 054 049 0611 110 0084 10030 10030 0653 10024 0601 0202 0249 0601 0202 0700 0241 0286 0601 0241 0700 0185 0159 0145 0138 0112 0104 0111 0139 //// 10137 ///// ///// ////
000000000000000000000000000000000000000000000000000000000000000000000000000000000000000000000000000000000000000000000000=
57285 322300 1132500 01530 01492 4
20100322070000 058 019 050 020 051 025 0651 085 021 052 038 0649 0000 0144 0146 0601 0144 0651 052 047 0602 085 0047 09965 09965 0700 09959 0621 0144 0148 0647 0137 0607 0143 0145 0648 0135 0607 0134 0133 0134 0134 0116 0107 0107 0135 //// ///// ///// ///// ////
////////////////////////////////////////////////////////////////////////////////////////////////////////////////////////=
57273 324100 1125100 01095 01105 4
20100322070000 027 081 026 083 026 085 0658 021 074 046 151 0650 0000 0166 0182 0619 0166 0700 042 040 0623 079 0036 10010 10010 0659 10001 0605 0192 0243 0603 0189 0654 0233 0292 0602 0228 0654 0168 0149 0137 0133 0119 0110 0109 0136 //// 10142 ///// ///// ////
000000000000000000000000000000000000000000000000000000000000000000000000000000000000000000000000000000000000000000000000=
57187 330400 1125600 01180 01193 4
20100322070000 002 075 005 064 013 092 0622 355 087 010 146 0621 0000 0159 0171 0601 0159 0700 044 043 0622 079 0037 09996 09996 0700 09988 0601 0192 0235 0606 0192 0700 0238 0285 0607 0238 0700 0178 0146 0136 0131 0122 0109 0106 0132 //// 10139 ///// ///// ////
000000000000000000000000000000000000000000000000000000000000000000000000000000000000000000000000000000000000000000000000=
57169 330300 1115200 01591 01600 4
20100322070000 295 037 300 047 303 064 0648 313 043 310 106 0625 0000 0178 0194 0610 0178 0700 042 033 0611 086 0047 09945 09945 0658 09941 0602 0168 0184 0607 0168 0700 0190 0220 0606 0190 0659 0173 0156 0142 0130 0112 0104 0105 0133 //// 10135 ///// ///// ////
000000000000000000000000000000000000000000000000000000000000000000000000000000000000000000000000000000000000000000000000=
57176 332900 1122500 02311 02304 4
20100322070000 359 046 001 048 010 084 0601 021 068 009 123 0603 0000 0152 0158 0602 0152 0700 039 036 0602 067 0013 09875 09875 0700 09868 0601 0162 0187 0603 0162 0700 0176 0203 0603 0176 0700 0165 0155 0145 0137 0120 0113 0109 0130 //// 10150 ///// ///// ////
000000000000000000000000000000000000000000000000000000000000000000000000000000000000000000000000000000000000000000000000=
57179 331700 1130000 01604 01616 4
20100322070000 005 051 008 063 360 078 0625 336 046 336 152 0618 0000 0148 0158 0608 0148 0659 048 047 0620 081 0039 09959 09959 0700 09948 0602 0167 0189 0611 0163 0654 0183 0208 0608 0181 0655 0150 0136 0126 0121 0109 0101 0102 0132 //// 10153 ///// ///// ////
000000000000000000000000000000000000000000000000000000000000000000000000000000000000000000000000000000000000000000000000=
57274 324200 1120700 01076 01088 4
20100322070000 053 013 013 010 334 013 0601 049 023 358 025 0635 0000 0192 0196 0634 0192 0656 045 038 0623 100 0070 10002 10002 0700 10001 0601 0232 0277 0621 0232 0700 0247 0288 0610 0247 0700 0202 0176 0157 0144 0125 0117 0112 0140 //// 10132 ///// ///// ////
000000000000000000000000000000000000000000000000000000000000000000000000000000000000000000000000000000000000000000000000=
57065 343000 1121100 01949 01964 4
20100322070000 275 055 274 050 274 060 0602 268 065 257 089 0604 0000 0112 0120 0611 0112 0700 063 057 0609 084 0044 09927 09935 0602 09927 0656 0095 0098 0601 0091 0639 0103 0109 0601 0100 0639 0105 0108 0109 0110 0103 0102 0108 0138 //// 10164 ///// ///// ////
000000000000000000000000000000000000000000000000000000000000000000000000000000000000000000000000000000000000000000000000=
57074 342500 1122500 01973 01989 4
20100322070000 240 040 239 034 239 034 0700 254 043 218 076 0644 0000 0109 0109 0655 0108 0620 071 071 0653 093 0059 09928 09935 0611 09923 0639 0088 0092 0603 0088 0700 0097 0105 0606 0097 0700 0106 0109 0110 0111 0108 0103 0100 0125 //// 10168 ///// ///// ////
000000000000000000000000000000000000000000000000000000000000000000000000000000000000000000000000000000000000000000000000=
57070 344400 1120700 03640 03595 4
20100322070000 241 078 235 065 235 065 0700 234 094 234 094 0700 0000 0117 0128 0616 0117 0700 066 058 0614 091 0056 09733 09735 0603 09732 0640 0122 0144 0635 0122 0700 0118 0136 0636 0118 0700 0106 0096 0094 0094 0093 0090 0093 0123 //// 10162 ///// ///// ////
000000000000000000000000000000000000000000000000000000000000000000000000000000000000000000000000000000000000000000000000=
57162 340900 1120500 03258 03275 4
20100322070000 205 017 216 018 218 025 0654 232 019 206 043 0653 0009 0098 0100 0601 0098 0700 075 072 0645 091 0056 09792 09795 0620 09791 0632 0089 0089 0700 0077 0604 0100 0100 0700 0088 0606 0103 0106 0109 0110 0101 0096 0099 0132 //// 10186 ///// ///// ////
000000000000000000000000000000000000000000000000000000000000010000000000010000000100000101000100000100000101000000000000=
57078 340900 1122800 03365 03340 4
20100322070000 261 016 249 028 255 034 0656 248 021 268 057 0653 0008 0095 0095 0700 0093 0635 073 072 0650 087 0049 09773 09781 0602 09771 0638 0084 0085 0610 0079 0630 0091 0095 0601 0088 0633 0101 0104 0104 0104 0102 0096 0094 0118 //// 10174 ///// ///// ////
010000000000010000000000000000000000000000000001000000000000000000000000000100000000000000000000000000010000010000010001=
57071 344900 1122600 03333 03332 4
20100322070000 164 019 173 023 173 023 0700 184 020 164 039 0656 0000 0125 0125 0700 0111 0601 059 059 0700 085 0047 09762 09765 0602 09759 0632 0138 0140 0653 0118 0604 0141 0144 0652 0133 0601 0111 0098 0094 0093 0093 0088 0089 0119 //// 10159 ///// ///// ////
000000000000000000000000000000000000000000000000000000000000000000000000000000000000000000000000000000000000000000000000=
57066 342300 1114000 03283 03298 4
20100322070000 274 014 274 014 269 018 0603 310 015 302 042 0634 0000 0096 0096 0700 0095 0637 069 069 0608 082 0042 09787 09791 0604 09785 0651 0083 0083 0627 0076 0602 0088 0092 0627 0087 0652 0093 0094 0096 0098 0097 0091 0087 0116 //// 10185 ///// ///// ////
000000000000000000000000000000000000000000000000000000000000000000000000000000000000000000000000000000000000000000000000=
57077 334700 1113900 07424 07388 4
20100322070000 253 034 241 040 275 046 0613 265 039 274 068 0610 0020 0056 0073 0601 0056 0659 079 070 0601 072 0023 09331 09333 0631 09330 0601 0049 0057 0603 0049 0658 0060 0066 0636 0059 0659 0088 0096 0097 0098 0096 0087 0089 0116 //// 10207 ///// ///// ////
000000010100010001000002000001000001000001000001000000000100000000010000010000010000010000010100010000010000000100000000=
57183 334800 1135500 00600 00615 4
20100322070000 017 038 013 042 018 061 0623 038 039 001 126 0618 0000 0154 0154 0700 0151 0634 057 052 0601 100 0069 10075 10076 0659 10071 0618 0181 0185 0616 0166 0601 0180 0181 0658 0162 0601 0141 0126 0119 0115 0106 0097 0094 0123 //// 10149 ///// ///// ////
000000000000000000000000000000000000000000000000000000000000000000000000000000000000000000000000000000000000000000000000=
57186 333600 1140300 00587 00598 4
20100322070000 343 047 348 051 351 057 0608 324 051 356 090 0627 0000 0156 0157 0628 0153 0606 059 048 0603 104 0076 10076 10078 0642 10073 0601 0209 0209 0700 0165 0606 0220 0220 0700 0178 0606 0144 0129 0121 0119 0109 0100 0100 0134 //// 10148 ///// ///// ////
000000000000000000000000000000000000000000000000000000000000000000000000000000000000000000000000000000000000000000000000=
57091 344700 1141800 00737 00748 4
20100322070000 017 007 010 010 304 020 0601 355 010 015 031 0635 0003 0104 0106 0608 0103 0657 079 079 0700 100 0069 10059 10064 0617 10058 0603 0108 0115 0608 0103 0642 0113 0118 0607 0109 0639 0117 0114 0111 0101 0104 0098 0099 0123 //// 10150 ///// ///// ////
000000000000000100000000000000000000000000000000000000000001000000000000010000000000000000000000000000000000000000000000=
53978 350500 1123800 01401 01409 4
20100322070000 178 015 180 018 173 024 0651 161 016 175 032 0634 0000 0130 0133 0608 0129 0656 071 065 0602 106 0079 09981 09989 0602 09981 0655 0143 0164 0605 0138 0647 0142 0165 0604 0138 0652 0122 0110 0101 0101 0091 0090 0094 0125 //// 10151 ///// ///// ////
000000000000000000000000000000000000000000000000000000000000000000000000000000000000000000000000000000000000000000000000=
53987 350600 1132500 00910 00918 4
20100322070000 262 030 259 031 263 050 0641 254 035 274 075 0634 0000 0116 0117 0632 0111 0601 080 079 0639 109 0083 10039 10042 0601 10038 0613 0124 0136 0628 0117 0601 0121 0133 0629 0114 0601 0112 0106 0105 0105 0100 0097 0097 0127 //// 10150 ///// ///// ////
000000000000000000000000000000000000000000000000000000000000000000000000000000000000000000000000000000000000000000000000=
57079 345700 1130200 01064 01069 4
20100322070000 250 033 250 033 264 042 0644 249 028 268 052 0643 0000 0118 0118 0700 0108 0601 080 080 0700 111 0085 10021 10027 0628 10020 0658 0128 0130 0632 0120 0601 0126 0128 0632 0118 0601 0106 0098 0097 0097 0100 0094 0092 0120 //// 10151 ///// ///// ////
000000000000000000000000000000000000000000000000000000000000000000000000000000000000000000000000000000000000000000000000=
57072 345500 1124500 01275 01285 4
20100322070000 219 022 211 022 211 022 0700 200 017 208 031 0659 0000 0123 0123 0700 0114 0601 072 071 0644 103 0074 10002 10008 0604 10000 0645 0142 0148 0624 0138 0657 0144 0149 0612 0143 0658 0119 0103 0097 0096 0089 0085 0084 0113 //// 10158 ///// ///// ////
000000000000000000000000000000000000000000000000000000000000000000000000000000000000000000000000000000000000000000000000=
53982 351400 1131600 01120 01135 4
20100322070000 267 022 271 024 272 035 0640 207 024 246 069 0624 0000 0128 0129 0626 0120 0601 068 066 0628 100 0070 10007 10013 0604 10006 0649 0108 0116 0624 0108 0657 0120 0136 0623 0120 0700 0114 0109 0107 0107 0099 0096 0098 0131 //// 10144 ///// ///// ////
000000000000000000000000000000000000000000000000000000000000000000000000000000000000000000000000000000000000000000000000=
53979 350900 1130500 01200 01211 4
20100322070000 247 031 248 033 252 041 0645 216 026 250 063 0619 0000 0121 0122 0629 0116 0601 076 075 0619 107 0080 10006 10013 0601 10005 0651 0127 0154 0613 0126 0656 0123 0161 0613 0123 0659 0118 0105 0103 0103 0099 0097 0102 0132 //// 10152 ///// ///// ////
000000000000000000000000000000000000000000000000000000000000000000000000000000000000000000000000000000000000000000000000=
53974 353700 1141100 00723 00739 4
20100322070000 218 006 264 008 277 011 0629 201 006 299 022 0621 0000 0122 0122 0700 0113 0601 071 071 0700 101 0071 10062 10065 0616 10060 0628 0162 0162 0700 0121 0613 0148 0148 0700 0122 0613 0110 0101 0099 0098 0090 0088 0095 0124 //// 10152 ///// ///// ////
000000000000000000000000000000000000000000000000000000000000000000000000000000000000000000000000000000000000000000000000=
53990 354300 1141900 00795 00805 4
20100322070000 228 011 207 010 191 012 0653 260 013 204 017 0652 0000 0124 0124 0700 0114 0601 067 067 0700 096 0065 10052 10056 0606 10052 0700 0165 0165 0700 0129 0601 0192 0192 0700 0135 0601 0111 0098 0091 0092 0089 0080 0080 0111 //// 10150 ///// ///// ////
000000000000000000000000000000000000000000000000000000000000000000000000000000000000000000000000000000000000000000000000=
53889 360400 1134900 03068 03086 4
20100322070000 249 016 250 012 231 014 0620 244 017 246 022 0619 0000 0127 0127 0700 0119 0617 044 043 0601 065 0008 09784 09787 0601 09781 0645 0174 0178 0658 0135 0614 0172 0172 0659 0139 0614 0121 0105 0096 0090 0074 0072 0085 0098 //// 10153 ///// ///// ////
000000000000000000000000000000000000000000000000000000000000000000000000000000000000000000000000000000000000000000000000=
53995 353300 1143000 00625 00645 4
20100322070000 271 016 282 014 281 019 0654 260 015 293 031 0648 0000 0107 0107 0700 0102 0601 076 074 0649 098 0066 10070 10074 0617 10068 0639 0120 0132 0631 0114 0601 0120 0126 0633 0114 0601 0113 0106 0099 0097 0088 0083 0084 0116 //// 10148 ///// ///// ////
000000000000000000000000000000000000000000000000000000000000000000000000000000000000000000000000000000000000000000000000=
NNNN
