57090 344300 1135800 00781 00802 4
20100323160000 112 013 102 009 089 023 1540 116 011 099 040 1537 0000 0101 0107 1506 0101 1600 056 050 1505 069 0017 10122 10132 1507 10122 1600 0083 0090 1538 0081 1523 0081 0083 1503 0081 1600 0094 0102 0104 0106 0100 0092 0085 0119 //// 10220 ///// ///// ////
000000000000000000000000000000000000000000000000000000000000000000000000000000000000000000000000000000000000000000000000=
57083 344300 1133900 01104 01116 4
20100323160000 106 015 104 016 106 018 1553 121 012 087 026 1545 0000 0104 0105 1501 0103 1539 049 045 1501 062 0002 10084 10094 1501 10084 1600 0070 0071 1554 0064 1512 0080 0081 1518 0080 1556 0094 0100 0104 0107 0098 0098 0102 0126 0001 10220 ///// ///// ////
000000000000000000000000000000000000000000000000000000000000000000000000000000000000000000000000000000000000000000000000
110 010 000 /// //// /////////////////////ACP /// //// 6///1 0//// 7//// 1//// 2//// 3//// /// /// /// // 911// 915// 919// 934// 939//=
57086 342300 1134300 01166 01168 4
20100323160000 060 016 065 019 045 020 1535 063 014 063 036 1555 0000 0090 0093 1512 0088 1539 055 052 1508 063 0005 10080 10086 1501 10080 1555 0087 0089 1511 0080 1539 0077 0078 1513 0077 1553 0089 0097 0102 0104 0099 0095 0093 0116 //// 10223 ///// ///// ////
000000000000000000000000000000000000000000000000000000000000000000000000000000000000000000000000000000000000000000000000=
57085 343200 1132000 02599 02648 4
20100323160000 107 011 107 012 025 017 1504 111 012 029 024 1503 0000 0094 0097 1502 0094 1544 047 035 1506 055 -013 09901 09907 1501 09900 1556 0088 0091 1525 0087 1542 0076 0076 1519 0076 1546 0090 0100 0105 0105 0103 0098 0092 0121 //// 10222 ///// ///// ////
000000000000000000000000000000000000000000000000000000000000000000000000000000000000000000000000000000000000000000000000=
57081 344800 1132600 01409 01419 4
20100323160000 144 011 145 010 157 012 1538 125 010 158 020 1537 0000 0097 0099 1546 0097 1526 038 033 1501 046 -039 10046 10055 1501 10046 1600 0075 0078 1542 0060 1504 0074 0076 1522 0074 1600 0089 0098 0106 0104 0091 0092 0095 0117 //// 10219 ///// ///// ////
000000000000000000000000000000000000000000000000000000000000000000000000000000000000000000000000000000000000000000000000=
57080 344400 1125800 01652 01661 4
20100323160000 114 021 126 022 138 025 1553 099 019 133 038 1545 0000 0107 0107 1557 0104 1526 028 028 1600 036 -071 10014 10025 1502 10014 1558 0095 0095 1556 0085 1505 0076 0077 1502 0076 1513 0092 0101 0106 0106 0093 0087 0087 0119 //// 10216 ///// ///// ////
000000000000000000000000000000000000000000000000000000000000000000000000000000000000000000000000000000000000000000000000=
57082 342800 1130100 04271 04284 4
20100323160000 109 015 098 013 058 018 1517 066 018 094 030 1558 0000 0086 0088 1509 0084 1532 031 030 1548 035 -076 09706 09714 1501 09706 1600 0076 0078 1515 0074 1534 0060 0061 1511 0060 1553 0075 0087 0095 0100 0098 0099 0099 //// //// 10222 ///// ///// ////
000000000000000000000000000000000000000000000000000000000000000000000000000000000000000000000000000000000000000000000000=
57295 323700 1142100 00785 00802 4
20100323160000 037 003 047 005 069 014 1503 043 001 068 027 1519 0000 0060 0060 1530 0059 1501 083 083 1536 078 0033 10125 10126 1554 10122 1501 0056 0057 1532 0055 1510 0065 0065 1555 0065 1505 0083 0088 0093 0099 0102 0102 0101 0128 //// 10225 ///// ///// ////
000000000000000000000000000000000000000000000000000000000000000000000000000000000000000000000000000000000000000000000000=
57188 332200 1140200 00559 00568 4
20100323160000 200 012 194 012 194 012 1600 206 012 164 018 1549 0000 0075 0076 1523 0075 1600 082 082 1501 085 0046 10155 10155 1522 10151 1501 0068 0068 1546 0065 1501 0077 0078 1508 0077 1600 0090 0096 0103 0103 0098 0095 0101 0132 //// 10225 ///// ///// ////
000000000000000000000000000000000000000000000000000000000000000000000000000000000000000000000000000000000000000000000000=
57189 330800 1135700 00646 00655 4
20100323160000 148 012 152 015 151 023 1518 147 014 147 036 1511 0000 0067 0072 1501 0067 1559 095 093 1501 093 0060 10143 10145 1546 10141 1501 0066 0071 1506 0066 1600 0075 0078 1501 0075 1555 0088 0095 0099 0102 0098 0097 0097 0122 //// 10224 ///// ///// ////
000000000000000000000000000000000000000000000000000000000000000000000000000000000000000000000000000000000000000000000000=
57194 331700 1141600 00598 00609 4
20100323160000 153 007 159 012 171 024 1540 150 008 173 037 1532 0000 0068 0076 1503 0067 1558 089 088 1501 088 0051 10148 10150 1531 10146 1501 0064 0070 1505 0064 1600 0073 0077 1504 0072 1559 0087 0095 0099 0101 0097 0094 0097 0126 //// 10224 ///// ///// ////
000000000000000000000000000000000000000000000000000000000000000000000000000000000000000000000000000000000000000000000000=
57197 330000 1142000 00489 00545 4
20100323160000 123 004 116 001 149 014 1538 119 006 130 021 1513 0000 0066 0066 1529 0065 1514 089 089 1600 087 0049 10155 10158 1525 10155 1545 0055 0058 1516 0055 1557 0071 0071 1509 0070 1539 0082 0088 0093 0095 0103 0102 0099 0125 //// 10223 ///// ///// ////
000000000000000000000000000000000000000000000000000000000000000000000000000000000000000000000000000000000000000000000000=
57294 325000 1140100 00836 00846 4
20100323160000 188 008 182 009 180 010 1557 195 008 178 013 1550 0000 0062 0062 1544 0061 1524 089 089 1530 084 0045 10116 10119 1525 10115 1558 0063 0063 1549 0062 1514 0067 0068 1529 0067 1557 0079 0088 0095 0099 0103 0108 0102 0118 //// 10221 ///// ///// ////
000000000000000000000000000000000000000000000000000000000000000000000000000000000000000000000000000000000000000000000000=
57195 333700 1143700 00466 00476 4
20100323160000 085 010 090 010 104 015 1537 094 010 136 021 1542 0000 0084 0086 1501 0084 1600 083 081 1501 091 0057 10162 10166 1514 10162 1600 0078 0082 1528 0078 1600 0077 0079 1511 0077 1600 0087 0096 0103 0106 0103 0098 0101 0142 //// 10221 ///// ///// ////
000000000000000000000000000000000000000000000000000000000000000000000000000000000000000000000000000000000000000000000000=
57193 334700 1143100 00526 00541 4
20100323160000 000 000 166 004 126 011 1521 187 000 142 020 1503 0000 0084 0085 1501 0084 1559 082 082 1600 090 0055 10157 10158 1501 10156 1534 0075 0076 1503 0075 1558 0082 0083 1501 0082 1600 0095 0101 0106 0108 0105 0101 0104 0131 //// 10224 ///// ///// ////
000000000000000000000000000000000000000000000000000000000000000000000000000000000000000000000000000000000000000000000000=
58101 335200 1152900 00413 00428 4
20100323160000 086 002 088 006 136 015 1544 116 000 153 021 1544 0000 0074 0076 1549 0069 1531 090 089 1544 093 0059 10171 10175 1510 10169 1548 0066 0070 1550 0061 1505 0069 0070 1511 0069 1559 0087 0091 0096 0099 0100 0098 0098 0131 //// 10224 ///// ///// ////
000000000000000000000000000000000000000000000000000000000000000000000000000000000000000000000000000000000000000000000000=
57098 340500 1142400 00583 00593 4
20100323160000 052 013 047 012 036 014 1549 051 013 026 020 1546 0000 0083 0087 1501 0083 1600 089 086 1501 097 0066 10152 10154 1541 10149 1501 0075 0077 1506 0074 1555 0080 0084 1501 0080 1600 0089 0096 0099 0103 0102 0095 0096 0129 //// 10225 ///// ///// ////
000000000000000000000000000000000000000000000000000000000000000000000000000000000000000000000000000000000000000000000000=
57182 335100 1133000 00805 00814 4
20100323160000 262 006 286 007 333 017 1519 242 006 324 024 1514 0000 0090 0091 1523 0088 1501 066 065 1536 076 0030 10123 10127 1517 10123 1600 0082 0083 1557 0075 1545 0079 0082 1501 0079 1520 0095 0105 0111 0111 0108 0104 0106 0139 //// 10223 ///// ///// ////
000000000000000000000000000000000000000000000000000000000000000000000000000000000000000000000000000000000000000000000000=
57297 320800 1140300 01145 01154 4
20100323160000 012 019 025 020 053 031 1516 038 016 057 058 1510 0001 0058 0060 1501 0058 1600 086 083 1503 079 0036 10081 10081 1600 10074 1515 0048 0051 1512 0048 1600 0056 0058 1507 0056 1540 0068 0080 0091 0098 0113 0117 0114 //// //// 10224 ///// ///// ////
000000000000000000000000000000000000000000000000000000000000000000000000000000010000000000000000000000000000000000000000=
57390 314800 1140400 07335 07347 4
20100323160000 037 042 038 042 052 074 1508 338 017 074 165 1502 0002 0013 0013 1600 0011 1519 100 100 1600 067 0013 09331 09331 1600 09321 1506 0015 0015 1559 0014 1505 0020 0020 1557 0019 1504 0031 0043 0056 0066 0087 0094 //// //// //// 10219 ///// ///// ////
000000000000000000000000000000000000000000000000000000000000000000000000000000000000000000010000000000000100000000000000=
58207 321000 1150300 00428 00440 4
20100323160000 045 032 052 033 079 049 1502 037 042 074 067 1540 0000 0061 0062 1501 0061 1600 086 083 1501 081 0039 10158 10163 1501 10155 1539 0057 0059 1513 0057 1502 0067 0068 1501 0067 1559 0055 0079 0086 0094 0111 0114 0112 0138 //// 10213 ///// ///// ////
000000000000000000000000000000000000000000000000000000000000000000000000000000000000000000000000000000000000000000000000=
58205 322800 1152600 00349 00360 4
20100323160000 057 019 061 020 065 038 1519 060 019 063 047 1510 0000 0061 0062 1501 0061 1600 088 086 1501 083 0043 10172 10175 1501 10169 1519 0060 0060 1556 0057 1501 0060 0061 1551 0059 1518 0065 0069 0076 0079 0115 0111 0109 0123 //// 10217 ///// ///// ////
000000000000000000000000000000000000000000000000000000000000000000000000000000000000000000000000000000000000000000000000=
53989 350300 1135700 00766 00777 4
20100323160000 133 015 134 017 132 018 1558 125 013 147 036 1557 0000 0100 0101 1501 0100 1600 052 050 1501 064 0006 10123 10135 1503 10123 1600 0090 0090 1544 0085 1516 0079 0080 1502 0079 1556 0093 0103 0107 0108 0095 0091 0094 0123 //// 10218 ///// ///// ////
000000000000000000000000000000000000000000000000000000000000000000000000000000000000000000000000000000000000000000000000=
53997 350900 1141100 00711 00723 4
20100323160000 142 011 146 012 115 013 1526 132 011 099 022 1517 0000 0096 0101 1501 0096 1600 054 051 1511 065 0008 10130 10141 1501 10130 1600 0071 0072 1556 0062 1533 0080 0084 1501 0080 1600 0097 0105 0108 0109 0093 0092 0096 0124 //// 10219 ///// ///// ////
000000000000000000000000000000000000000000000000000000000000000000000000000000000000000000000000000000000000000000000000=
53986 351900 1135300 00732 00740 4
20100323160000 176 003 170 007 167 009 1556 164 000 156 024 1539 0000 0104 0104 1556 0099 1504 052 051 1502 066 0010 10129 10140 1503 10129 1556 0087 0091 1556 0074 1519 0077 0077 1549 0077 1558 0095 0102 0106 0108 0097 0093 0097 0128 //// 10219 ///// ///// ////
000000000000000000000000000000000000000000000000000000000000000000000000000000000000000000000000000000000000000000000000=
53994 352300 1140400 00700 00712 4
20100323160000 216 004 236 005 145 013 1535 217 005 138 020 1529 0000 0094 0101 1501 0094 1600 053 046 1501 062 0003 10131 10141 1501 10131 1600 0064 0084 1533 0064 1600 0072 0076 1501 0072 1600 0094 0106 0111 0108 0093 0088 0093 0127 //// 10218 ///// ///// ////
000000000000000000000000000000000000000000000000000000000000000000000000000000000000000000000000000000000000000000000000=
53998 351200 1143900 00616 00625 4
20100323160000 156 029 149 027 149 027 1600 156 039 156 039 1600 0000 0097 0101 1501 0097 1600 052 052 1551 063 0003 10142 10153 1517 10142 1558 0084 0086 1501 0083 1535 0078 0081 1501 0078 1600 0093 0102 0105 0104 0099 0094 0095 0128 //// 10219 ///// ///// ////
000000000000000000000000000000000000000000000000000000000000000000000000000000000000000000000000000000000000000000000000=
57051 344800 1111200 04099 04117 4
20100323160000 090 016 096 015 108 032 1509 105 013 119 058 1504 0000 0087 0093 1501 0087 1600 036 032 1502 040 -055 09722 09727 1513 09721 1539 0068 0079 1508 0068 1600 0076 0080 1501 0076 1600 0094 0103 0107 0107 0091 0086 0085 0114 //// 10216 ///// ///// ////
000000000000000000000000000000000000000000000000000000000000000000000000000000000000000000000000000000000000000000000000=
57063 344600 1114600 05236 05236 4
20100323160000 059 019 062 017 131 024 1519 060 017 128 038 1513 0000 0066 0074 1501 0066 1600 041 036 1520 040 -057 09593 09603 1501 09593 1557 0053 0059 1521 0052 1556 0054 0056 1501 0054 1600 0073 0082 0086 0086 0075 0076 0082 0110 //// 10222 ///// ///// ////
000000000000000000000000000000000000000000000000000000000000000000000000000000000000000000000000000000000000000000000000=
57067 340300 1110200 05688 05699 4
20100323160000 004 006 036 003 068 012 1515 083 003 066 027 1510 0000 0055 0058 1514 0054 1558 056 056 1559 051 -026 09543 09552 1501 09541 1554 0056 0063 1515 0055 1545 0064 0067 1501 0064 1600 0080 0088 0094 0093 0092 0097 0094 0122 //// 10232 ///// ///// ////
000000000000000000000000000000000000000000000000000000000000000000000000000000000000000000000000000000000000000000000000=
57056 343200 1105300 03904 03909 4
20100323160000 188 018 176 012 164 030 1513 201 010 167 052 1512 0000 0095 0096 1532 0094 1549 038 036 1501 045 -041 09747 09750 1501 09743 1545 0078 0085 1530 0075 1557 0081 0083 1502 0081 1557 0094 0103 0105 0105 0090 0089 0092 0118 //// 10216 ///// ///// ////
000000000000000000000000000000000000000000000000000000000000000000000000000000000000000000000000000000000000000000000000=
58007 340400 1151800 00472 00532 4
20100323160000 042 007 065 006 086 012 1541 060 005 142 021 1540 0000 0084 0086 1542 0083 1508 073 073 1600 080 0038 10160 10162 1516 10157 1542 0076 0078 1539 0071 1508 0076 0077 1502 0076 1600 0091 0099 0104 0105 0103 0099 0101 0131 //// 10226 ///// ///// ////
000000000000000000000000000000000000000000000000000000000000000000000000000000000000000000000000000000000000000000000000=
58006 342300 1155300 00463 00506 4
20100323160000 122 015 126 018 127 018 1559 125 016 125 032 1554 0000 0073 0074 1544 0071 1521 061 061 1557 062 0003 10168 10174 1509 10166 1556 0055 0063 1541 0055 1600 0059 0065 1515 0059 1600 0077 0089 0095 0098 0095 0092 0096 0127 //// 10230 ///// ///// ////
000000000000000000000000000000000000000000000000000000000000000000000000000000000000000000000000000000000000000000000000=
58111 335800 1162700 00325 00325 4
20100323160000 081 016 081 018 082 021 1551 080 030 074 048 1541 0000 0072 0072 1540 0071 1516 058 057 1545 059 -005 10183 10191 1501 10182 1552 0057 0057 1600 0050 1513 0057 0058 1557 0056 1501 0072 0083 0089 0094 0096 0097 0103 0138 //// 10223 ///// ///// ////
000000000000000000000000000000000000000000000000000000000000000000000000000000000000000000000000000000000000000000000000=
58017 341500 1160800 00410 00420 4
20100323160000 099 014 096 016 108 025 1501 116 010 094 035 1513 0000 0076 0081 1501 0076 1559 062 057 1501 065 0008 10172 10179 1512 10172 1600 0063 0069 1501 0057 1532 0059 0061 1505 0058 1543 0079 0091 0097 0100 0099 0096 0102 0128 //// 10224 ///// ///// ////
000000000000000000000000000000000000000000000000000000000000000000000000000000000000000000000000000000000000000000000000=
58001 342600 1150600 00563 00569 4
20100323160000 106 010 111 011 113 020 1506 102 011 105 027 1506 0000 0078 0084 1511 0078 1600 074 068 1508 078 0035 10155 10159 1546 10155 1523 0069 0077 1505 0066 1554 0068 0073 1504 0068 1553 0080 0087 0092 0094 0090 0087 0093 0126 //// 10225 ///// ///// ////
000000000000000000000000000000000000000000000000000000000000000000000000000000000000000000000000000000000000000000000000=
58005 342700 1154000 00501 00511 4
20100323160000 104 006 112 008 143 020 1531 127 007 150 027 1528 0000 0078 0082 1518 0078 1600 060 060 1600 063 0005 10165 10167 1501 10160 1535 0040 0066 1517 0040 1600 0059 0068 1501 0059 1600 0082 0094 0096 0099 0098 0095 0102 0132 0004 10228 ///// ///// ////
000000000000000000000000000000000000000000000000000000000000000000000000000000000000000000000000000000000000000000000000
140 010 000 /// //// /////////////////////ASP /// //// 6///1 0//// 7//// 1//// 2//// 3//// /// /// /// // 911// 915// 919// 934// 939//=
58008 342800 1152000 00544 00592 4
20100323160000 000 000 000 000 115 012 1502 133 000 133 017 1506 0000 0076 0082 1510 0076 1557 068 064 1508 071 0021 10154 10155 1551 10152 1529 0046 0063 1510 0044 1554 0065 0071 1506 0063 1555 0077 0086 0090 0094 0094 0093 0097 0129 //// 10227 ///// ///// ////
000000000000000000000000000000000000000000000000000000000000000000000000000000000000000000000000000000000000000000000000=
58004 343900 1150900 00606 00616 4
20100323160000 135 009 114 008 139 014 1524 130 009 142 030 1523 0000 0085 0088 1542 0085 1600 064 061 1544 071 0021 10146 10155 1538 10146 1600 0067 0076 1531 0061 1509 0074 0075 1501 0073 1514 0087 0101 0102 0104 0101 0098 0101 0127 //// 10222 ///// ///// ////
000000000000000000000000000000000000000000000000000000000000000000000000000000000000000000000000000000000000000000000000=
54817 355900 1155200 00421 00434 4
20100323160000 190 014 183 017 180 018 1557 206 022 187 026 1557 0000 0088 0088 1559 0079 1516 052 052 1600 059 -005 10166 10174 1509 10165 1556 0075 0075 1600 0059 1502 0060 0063 1501 0060 1558 0076 0085 0090 0089 0081 0075 0087 0116 //// 10219 ///// ///// ////
000000000000000000000000000000000000000000000000000000000000000000000000000000000000000000000000000000000000000000000000=
54900 354200 1150100 00537 00541 4
20100323160000 176 019 185 018 185 018 1600 170 015 184 028 1557 0000 0092 0096 1505 0092 1545 053 053 1503 062 0001 10150 10160 1503 10150 1600 0072 0077 1503 0070 1514 0069 0073 1501 0069 1600 0091 0100 0102 0100 0088 0079 0082 0110 //// 10216 ///// ///// ////
000000000000000000000000000000000000000000000000000000000000000000000000000000000000000000000000000000000000000000000000=
54901 360500 1151000 00475 00478 4
20100323160000 180 009 169 013 141 028 1512 187 008 139 035 1515 0000 0080 0089 1522 0080 1600 053 043 1521 057 -010 10159 10164 1501 10159 1600 0056 0081 1513 0056 1600 0057 0070 1501 0057 1600 0081 0090 0094 0093 0086 0077 0075 0105 //// 10218 ///// ///// ////
000000000000000000000000000000000000000000000000000000000000000000000000000000000000000000000000000000000000000000000000=
54903 355100 1152900 00457 00506 4
20100323160000 202 015 198 014 196 015 1557 223 013 209 026 1554 0000 0092 0096 1501 0084 1538 044 043 1505 051 -024 10157 10164 1501 10156 1547 0081 0083 1551 0063 1529 0065 0068 1501 0065 1600 0083 0092 0095 0093 0083 0077 0089 0114 //// 10219 ///// ///// ////
000000000000000000000000000000000000000000000000000000000000000000000000000000000000000000000000000000000000000000000000=
57184 333800 1132200 00834 00847 4
20100323160000 288 007 304 007 284 010 1549 279 006 258 015 1541 0000 0086 0087 1547 0085 1501 085 084 1547 095 0062 10119 10122 1532 10117 1501 0080 0085 1502 0080 1557 0085 0088 1504 0085 1600 0099 0108 0111 0114 0101 0101 0102 0129 //// 10223 ///// ///// ////
000000000000000000000000000000000000000000000000000000000000000000000000000000000000000000000000000000000000000000000000=
57177 332000 1133200 00898 00913 4
20100323160000 010 008 340 007 201 008 1521 015 008 226 011 1539 0000 0081 0081 1600 0075 1501 081 081 1600 087 0050 10112 10114 1524 10112 1600 0072 0073 1520 0070 1546 0081 0083 1501 0081 1600 0072 0097 0094 0107 0106 0104 0103 0121 //// 10225 ///// ///// ////
000000000000000000000000000000000000000000000000000000000000000000000000000000000000000000000000000000000000000000000000=
57075 341000 1125200 02031 02043 4
20100323160000 259 011 282 012 333 017 1501 253 010 301 019 1503 0000 0081 0084 1520 0080 1557 069 065 1518 074 0028 09977 09982 1505 09977 1600 0070 0080 1518 0070 1600 0071 0071 1600 0070 1501 0086 0097 0103 0105 0106 0102 0094 0117 //// 10227 ///// ///// ////
000000000000000000000000000000000000000000000000000000000000000000000000000000000000000000000000000000000000000000000000=
57173 334500 1125300 01457 01468 4
20100323160000 294 008 292 010 295 017 1514 299 009 313 023 1503 0000 0082 0085 1504 0082 1600 075 070 1501 082 0040 10047 10049 1511 10047 1600 0075 0077 1505 0075 1600 0076 0077 1501 0075 1556 0092 0102 0108 0108 0105 0102 0103 0134 //// 10228 ///// ///// ////
000000000000000000000000000000000000000000000000000000000000000000000000000000000000000000000000000000000000000000000000=
57180 335900 1131200 01175 01186 4
20100323160000 265 008 262 009 314 014 1502 268 008 299 025 1501 0000 0088 0089 1508 0088 1600 073 070 1515 083 0042 10079 10082 1501 10079 1600 0071 0077 1519 0071 1600 0074 0075 1510 0074 1501 0087 0098 0104 0106 0101 0098 0100 0131 //// 10225 ///// ///// ////
000000000000000000000000000000000000000000000000000000000000000000000000000000000000000000000000000000000000000000000000=
57181 335300 1130300 01364 01380 4
20100323160000 309 013 318 012 320 017 1502 324 010 313 025 1541 0000 0080 0082 1523 0080 1532 076 074 1549 081 0040 10061 10063 1515 10061 1547 0071 0073 1549 0071 1600 0075 0077 1501 0075 1600 0089 0101 0106 0110 0103 0100 0101 0129 //// 10231 ///// ///// ////
000000000000000000000000000000000000000000000000000000000000000000000000000000000000000000000000000000000000000000000000=
57171 334600 1130700 01420 01430 4
20100323160000 310 028 315 027 315 028 1535 313 025 329 033 1530 0000 0088 0090 1527 0087 1501 068 064 1510 077 0032 10050 10051 1517 10047 1501 0083 0085 1529 0082 1501 0076 0078 1501 0076 1558 0091 0101 0107 0111 0113 0114 0113 0124 //// 10226 ///// ///// ////
000000000000000000000000000000000000000000000000000000000000000000000000000000000000000000000000000000000000000000000000=
57175 330300 1121400 01914 01922 4
20100323160000 050 018 102 016 114 030 1543 088 014 268 072 1534 0000 0081 0082 1550 0079 1506 075 075 1600 081 0039 10000 10001 1541 09992 1501 0068 0074 1501 0067 1553 0074 0080 1501 0074 1600 0094 0105 0113 0116 0110 0108 0109 0138 //// 10236 ///// ///// ////
000000000000000000000000000000000000000000000000000000000000000000000000000000000000000000000000000000000000000000000000=
57156 331800 1113000 02503 02523 4
20100323160000 295 019 295 022 301 026 1526 353 010 299 049 1520 0000 0079 0080 1503 0079 1547 073 073 1532 078 0034 09924 09928 1516 09924 1501 0068 0069 1507 0067 1535 0068 0071 1501 0068 1558 0087 0095 0103 0108 0106 0112 0116 0142 //// 10234 ///// ///// ////
000000000000000000000000000000000000000000000000000000000000000000000000000000000000000000000000000000000000000000000000=
57271 323300 1122300 00879 00897 4
20100323160000 005 013 006 013 008 014 1559 012 022 029 028 1558 0000 0085 0085 1503 0084 1557 080 079 1531 089 0053 10118 10120 1546 10118 1557 0074 0074 1545 0070 1517 0078 0079 1534 0078 1559 0091 0100 0108 0114 0107 0107 0112 0139 //// 10229 ///// ///// ////
000000000000000000000000000000000000000000000000000000000000000000000000000000000000000000000000000000000000000000000000=
57261 330700 1113100 02330 02345 4
20100323160000 260 012 337 009 106 026 1508 256 012 091 034 1504 0000 0081 0082 1519 0080 1506 084 081 1519 091 0056 09937 09941 1537 09937 1600 0073 0075 1501 0072 1550 0078 0080 1501 0078 1533 0091 0101 0107 0109 0120 0123 0126 //// //// 10225 ///// ///// ////
000000000000000000000000000000000000000000000000000000000000000000000000000000000000000000000000000000000000000000000000=
57285 322300 1132500 01530 01492 4
20100323160000 047 008 051 013 055 017 1520 054 013 040 027 1554 0000 0065 0066 1501 0064 1520 081 080 1520 078 0035 10047 10047 1557 10041 1510 0060 0062 1501 0059 1529 0068 0069 1507 0068 1524 0082 0091 0098 0104 0108 0109 0108 0135 //// ///// ///// ///// ////
////////////////////////////////////////////////////////////////////////////////////////////////////////////////////////=
57273 324100 1125100 01095 01105 4
20100323160000 032 003 330 005 310 008 1517 246 000 305 011 1513 0000 0077 0077 1559 0075 1512 079 078 1551 083 0043 10094 10095 1557 10091 1508 0068 0069 1502 0068 1558 0078 0079 1501 0078 1600 0092 0101 0107 0113 0114 0112 0110 0136 //// 10231 ///// ///// ////
000000000000000000000000000000000000000000000000000000000000000000000000000000000000000000000000000000000000000000000000=
57187 330400 1125600 01180 01193 4
20100323160000 203 014 196 014 193 016 1522 203 012 189 021 1519 0000 0078 0080 1501 0078 1600 083 082 1502 088 0051 10076 10076 1600 10070 1529 0072 0075 1501 0072 1600 0081 0084 1505 0081 1600 0094 0098 0108 0112 0116 0111 0108 0132 //// 10223 ///// ///// ////
000000000000000000000000000000000000000000000000000000000000000000000000000000000000000000000000000000000000000000000000=
57169 330300 1115200 01591 01600 4
20100323160000 035 024 053 025 067 030 1530 023 018 049 086 1521 0000 0089 0091 1547 0079 1501 070 058 1545 080 0037 10038 10040 1528 10033 1503 0069 0086 1501 0069 1534 0075 0083 1501 0072 1533 0095 0104 0110 0113 0108 0106 0107 0133 //// 10235 ///// ///// ////
000000000000000000000000000000000000000000000000000000000000000000000000000000000000000000000000000000000000000000000000=
57176 332900 1122500 02311 02304 4
20100323160000 062 042 048 043 048 043 1600 077 070 077 070 1600 0000 0093 0093 1600 0083 1540 047 047 1600 055 -014 09952 09953 1545 09949 1516 0085 0085 1600 0075 1537 0074 0085 1501 0074 1600 0097 0106 0111 0115 0114 0113 0111 0130 //// 10234 ///// ///// ////
000000000000000000000000000000000000000000000000000000000000000000000000000000000000000000000000000000000000000000000000=
57179 331700 1130000 01604 01616 4
20100323160000 240 009 249 005 318 010 1546 248 011 305 013 1545 0000 0077 0080 1501 0077 1559 089 085 1501 093 0060 10032 10032 1559 10028 1527 0065 0068 1501 0065 1559 0078 0080 1503 0078 1552 0091 0098 0103 0106 0105 0104 0104 0132 //// 10231 ///// ///// ////
000000000000000000000000000000000000000000000000000000000000000000000000000000000000000000000000000000000000000000000000=
57274 324200 1120700 01076 01088 4
20100323160000 032 006 007 007 243 010 1524 052 005 240 016 1519 0000 0084 0086 1511 0084 1600 080 075 1509 088 0052 10094 10098 1536 10091 1506 0076 0077 1501 0076 1549 0084 0086 1517 0084 1600 0099 0105 0113 0118 0121 0118 0114 0140 //// 10228 ///// ///// ////
000000000000000000000000000000000000000000000000000000000000000000000000000000000000000000000000000000000000000000000000=
57065 343000 1121100 01949 01964 4
20100323160000 000 000 000 000 129 011 1501 358 000 128 014 1505 0000 0091 0096 1501 0090 1552 040 038 1537 046 -038 09980 09992 1501 09980 1600 0073 0074 1533 0073 1503 0075 0076 1502 0075 1549 0094 0104 0109 0111 0102 0103 0109 0138 //// 10219 ///// ///// ////
000000000000000000000000000000000000000000000000000000000000000000000000000000000000000000000000000000000000000000000000=
57074 342500 1122500 01973 01989 4
20100323160000 196 010 175 008 175 008 1600 203 016 203 016 1600 0000 0091 0094 1506 0091 1537 067 065 1505 077 0033 09979 09990 1511 09979 1600 0082 0083 1509 0078 1542 0078 0081 1501 0078 1600 0095 0104 0109 0110 0106 0103 0101 0125 //// 10222 ///// ///// ////
000000000000000000000000000000000000000000000000000000000000000000000000000000000000000000000000000000000000000000000000=
57070 344400 1120700 03640 03595 4
20100323160000 081 013 075 012 056 015 1501 068 012 057 027 1511 0000 0082 0086 1501 0082 1559 041 038 1501 045 -043 09786 09793 1509 09786 1600 0070 0076 1501 0067 1528 0063 0065 1501 0063 1600 0080 0092 0097 0097 0093 0091 0094 0123 //// 10221 ///// ///// ////
000000000000000000000000000000000000000000000000000000000000000000000000000000000000000000000000000000000000000000000000=
57162 340900 1120500 03258 03275 4
20100323160000 223 012 237 011 242 012 1559 215 013 196 020 1539 0000 0079 0081 1501 0079 1600 064 059 1516 068 0015 09827 09836 1511 09827 1600 0070 0071 1556 0063 1506 0064 0067 1504 0064 1552 0081 0091 0097 0101 0097 0097 0100 0132 //// 10225 ///// ///// ////
000000000000000000000000000000000000000000000000000000000000000000000000000000000000000000000000000000000000000000000000=
57078 340900 1122800 03365 03340 4
20100323160000 220 012 204 013 202 014 1552 226 013 215 021 1557 0000 0079 0082 1501 0079 1600 063 058 1501 067 0013 09818 09827 1504 09818 1600 0066 0066 1555 0062 1537 0061 0062 1522 0061 1600 0076 0086 0093 0097 0098 0097 0096 0118 //// 10224 ///// ///// ////
000000000000000000000000000000000000000000000000000000000000000000000000000000000000000000000000000000000000000000000000=
57071 344900 1122600 03333 03332 4
20100323160000 354 013 021 013 011 022 1503 004 013 021 033 1509 0000 0080 0086 1504 0080 1559 042 037 1501 045 -041 09819 09826 1517 09818 1548 0064 0076 1538 0064 1600 0061 0063 1501 0061 1600 0081 0091 0097 0098 0092 0088 0090 0119 //// 10223 ///// ///// ////
000000000000000000000000000000000000000000000000000000000000000000000000000000000000000000000000000000000000000000000000=
57066 342300 1114000 03283 03298 4
20100323160000 245 002 180 002 039 010 1504 248 001 052 018 1503 0000 0083 0093 1502 0083 1600 051 045 1516 056 -012 09820 09832 1501 09820 1600 0064 0074 1501 0064 1600 0065 0068 1501 0065 1600 0082 0091 0097 0098 0094 0091 0089 0115 //// 10221 ///// ///// ////
000000000000000000000000000000000000000000000000000000000000000000000000000000000000000000000000000000000000000000000000=
57077 334700 1113900 07424 07388 4
20100323160000 064 009 087 007 200 010 1521 060 013 189 013 1519 0000 0043 0046 1502 0043 1600 076 072 1501 063 0004 09354 09361 1519 09354 1559 0034 0034 1600 0033 1528 0039 0039 1512 0039 1524 0050 0059 0065 0070 0085 0088 0090 0116 //// 10242 ///// ///// ////
000000000000000000000000000000000000000000000000000000000000000000000000000000000000000000000000000000000000000000000000=
57183 334800 1135500 00600 00615 4
20100323160000 215 014 203 014 201 014 1559 218 015 209 018 1558 0000 0078 0083 1501 0078 1559 091 090 1524 096 0064 10149 10149 1545 10141 1504 0069 0074 1501 0069 1557 0085 0088 1502 0085 1556 0097 0104 0108 0109 0104 0099 0096 0123 //// 10225 ///// ///// ////
000000000000000000000000000000000000000000000000000000000000000000000000000000000000000000000000000000000000000000000000=
57186 333600 1140300 00587 00598 4
20100323160000 230 018 223 021 216 024 1558 223 016 235 032 1555 0000 0082 0083 1501 0081 1551 083 083 1600 090 0055 10153 10153 1600 10147 1501 0074 0076 1514 0072 1551 0083 0086 1501 0083 1559 0096 0104 0107 0110 0106 0102 0101 0133 //// 10227 ///// ///// ////
000000000000000000000000000000000000000000000000000000000000000000000000000000000000000000000000000000000000000000000000=
57191 342900 1142900 00634 00642 4
20100323160000 104 015 105 013 110 015 1502 121 016 120 027 1533 0000 0090 0094 1501 0090 1600 064 060 1501 073 0026 10146 10154 1522 10146 1600 0083 0086 1510 0082 1557 0073 0075 1513 0073 1600 0086 0091 0095 0096 0096 0092 0094 0124 //// 10225 ///// ///// ////
000000000000000000000000000000000000000000000000000000000000000000000000000000000000000000000000000000000000000000000000=
57096 343200 1144700 00597 00607 4
20100323160000 113 017 109 016 126 021 1516 130 016 124 029 1512 0000 0087 0088 1501 0087 1600 065 064 1511 073 0025 10146 10152 1528 10145 1513 0079 0081 1521 0075 1501 0073 0074 1522 0072 1504 0088 0100 0104 0105 0102 0098 0100 0128 //// 10221 ///// ///// ////
000000000000000000000000000000000000000000000000000000000000000000000000000000000000000000000000000000000000000000000000=
53978 350500 1123800 01401 01409 4
20100323160000 309 007 331 003 204 006 1527 310 009 232 010 1518 0000 0085 0092 1520 0085 1559 053 045 1517 059 -005 10049 10055 1511 10047 1547 0060 0067 1528 0060 1558 0077 0080 1501 0077 1600 0095 0105 0108 0110 0094 0091 0095 0125 //// 10221 ///// ///// ////
000000000000000000000000000000000000000000000000000000000000000000000000000000000000000000000000000000000000000000000000=
53984 351400 1132800 00827 00837 4
20100323160000 143 002 076 000 076 007 1516 119 000 035 009 1554 0000 0081 0088 1513 0081 1600 060 047 1506 065 0008 10120 10124 1501 10118 1541 0060 0062 1554 0057 1545 0074 0076 1501 0074 1556 0094 0103 0103 0106 0097 0094 0094 0120 //// 10223 ///// ///// ////
000000000000000000000000000000000000000000000000000000000000000000000000000000000000000000000000000000000000000000000000=
53987 350600 1132500 00910 00918 4
20100323160000 103 007 111 005 111 005 1600 102 006 094 010 1556 0000 0089 0095 1501 0089 1600 061 052 1545 070 0018 10108 10116 1501 10108 1555 0070 0079 1521 0069 1554 0083 0084 1502 0083 1551 0096 0104 0108 0110 0101 0097 0099 0127 //// 10220 ///// ///// ////
000000000000000000000000000000000000000000000000000000000000000000000000000000000000000000000000000000000000000000000000=
57079 345700 1130200 01064 01069 4
20100323160000 045 000 091 001 112 012 1520 063 000 142 016 1519 0000 0087 0088 1501 0086 1519 060 053 1539 067 0014 10084 10093 1501 10084 1600 0070 0074 1515 0069 1557 0074 0075 1508 0074 1600 0091 0098 0102 0103 0099 0095 0094 0120 //// 10215 ///// ///// ////
000000000000000000000000000000000000000000000000000000000000000000000000000000000000000000000000000000000000000000000000=
53972 350700 1125500 01196 01210 4
20100323160000 002 008 014 007 003 009 1523 002 009 088 013 1506 0000 0100 0104 1509 0100 1600 041 036 1506 050 -026 10071 10080 1518 10071 1600 0057 0063 1518 0057 1553 0080 0083 1501 0080 1600 0098 0108 0114 0116 0099 0097 0108 0136 //// 10219 ///// ///// ////
000000000000000000000000000000000000000000000000000000000000000000000000000000000000000000000000000000000000000000000000=
57072 345500 1124500 01275 01285 4
20100323160000 308 006 324 008 316 013 1526 307 005 313 015 1524 0000 0077 0081 1527 0077 1600 067 053 1502 070 0020 10060 10070 1516 10060 1600 0061 0066 1529 0060 1549 0067 0069 1505 0067 1600 0083 0095 0099 0100 0090 0086 0085 0113 //// 10217 ///// ///// ////
000000000000000000000000000000000000000000000000000000000000000000000000000000000000000000000000000000000000000000000000=
53982 351400 1131600 01120 01135 4
20100323160000 015 007 346 006 031 007 1521 015 006 314 011 1528 0000 0100 0104 1540 0100 1600 038 037 1532 047 -037 10080 10086 1501 10080 1600 0074 0075 1518 0072 1545 0082 0084 1501 0082 1600 0101 0110 0114 0114 0100 0097 0099 0131 //// 10218 ///// ///// ////
000000000000000000000000000000000000000000000000000000000000000000000000000000000000000000000000000000000000000000000000=
53979 350900 1130500 01200 01211 4
20100323160000 004 007 315 005 014 009 1527 012 007 006 010 1523 0000 0096 0099 1501 0094 1527 044 040 1539 053 -020 10073 10081 1501 10073 1600 0070 0076 1532 0070 1600 0067 0070 1501 0067 1600 0095 0105 0111 0111 0098 0098 0103 0132 //// 10221 ///// ///// ////
000000000000000000000000000000000000000000000000000000000000000000000000000000000000000000000000000000000000000000000000=
53992 353900 1143100 00582 00592 4
20100323160000 180 014 178 016 167 024 1532 167 015 168 033 1519 0000 0095 0101 1501 0095 1600 055 049 1501 065 0009 10143 10151 1501 10143 1600 0082 0091 1517 0082 1600 0070 0074 1501 0070 1550 0088 0093 0100 0098 0084 0080 0087 0122 //// 10216 ///// ///// ////
000000000000000000000000000000000000000000000000000000000000000000000000000000000000000000000000000000000000000000000000=
53974 353700 1141100 00723 00739 4
20100323160000 272 011 258 011 203 015 1511 251 007 203 028 1504 0000 0109 0113 1501 0109 1555 041 037 1502 053 -018 10132 10137 1511 10130 1546 0081 0081 1600 0073 1549 0084 0086 1506 0084 1600 0100 0109 0113 0112 0091 0089 0096 0124 //// 10222 ///// ///// ////
000000000000000000000000000000000000000000000000000000000000000000000000000000000000000000000000000000000000000000000000=
53990 354300 1141900 00795 00805 4
20100323160000 230 022 236 019 220 020 1545 234 021 234 025 1559 0000 0095 0095 1600 0086 1505 051 050 1548 061 -001 10122 10129 1503 10122 1600 0087 0087 1600 0076 1511 0074 0076 1501 0074 1554 0096 0105 0105 0105 0092 0082 0081 0111 //// 10220 ///// ///// ////
000000000000000000000000000000000000000000000000000000000000000000000000000000000000000000000000000000000000000000000000=
53991 355600 1142100 00743 00753 4
20100323160000 190 011 219 009 213 011 1526 110 014 201 022 1523 0000 0094 0099 1501 0094 1600 042 037 1501 050 -029 10127 10133 1510 10127 1600 0070 0084 1501 0066 1553 0066 0078 1501 0065 1550 0091 0103 0101 0104 0088 0081 0086 0118 //// 10219 ///// ///// ////
000000000000000000000000000000000000000000000000000000000000000000000000000000000000000000000000000000000000000000000000=
53993 355600 1145500 00516 00524 4
20100323160000 207 011 215 012 187 015 1545 197 012 183 022 1516 0000 0094 0094 1600 0090 1501 049 046 1520 058 -008 10152 10158 1502 10152 1600 0078 0084 1534 0073 1512 0062 0070 1501 0062 1600 0084 0093 0095 0093 0084 0073 0074 0108 //// 10216 ///// ///// ////
000000000000000000000000000000000000000000000000000000000000000000000000000000000000000000000000000000000000000000000000=
53889 360400 1134900 03068 03086 4
20100323160000 273 007 263 008 248 010 1551 258 006 255 013 1548 0000 0082 0090 1501 0082 1600 039 036 1506 042 -049 09847 09851 1501 09847 1600 0044 0067 1508 0044 1600 0059 0070 1501 0059 1546 0082 0094 0101 0105 0083 0073 0086 0098 //// 10220 ///// ///// ////
000000000000000000000000000000000000000000000000000000000000000000000000000000000000000000000000000000000000000000000000=
53995 353300 1143000 00625 00645 4
20100323160000 172 008 152 015 143 022 1542 167 011 142 029 1536 0000 0089 0095 1509 0088 1534 060 053 1504 068 0016 10137 10147 1513 10137 1553 0071 0081 1521 0071 1559 0077 0085 1501 0077 1600 0102 0112 0111 0110 0091 0085 0085 0116 //// 10216 ///// ///// ////
000000000000000000000000000000000000000000000000000000000000000000000000000000000000000000000000000000000000000000000000=
NNNN
