57086 342300 1134300 1
20100502000000 00 00 00 00 00 00 07 10 10 10 10 10 10 10 10 10 10 07 00 00 00 00 00 00 114=
57063 344600 1114600 1
20100502000000 00 00 00 00 00 00 07 10 10 10 10 10 10 10 10 10 10 10 05 00 00 00 00 00 122=
57067 340300 1110200 1
20100502000000 00 00 00 00 00 00 00 09 10 10 10 10 10 10 10 10 10 10 00 00 00 00 00 00 109=
57175 330300 1121400 1
20100502000000 00 00 00 00 00 00 01 10 10 10 10 10 10 10 10 10 10 10 00 00 00 00 00 00 111=
57065 343000 1121100 1
20100502000000 00 00 00 00 00 00 03 10 10 10 10 10 10 10 10 10 10 10 03 00 00 00 00 00 116=
53984 351400 1132800 1
20100502000000 00 00 00 00 00 00 03 10 10 10 10 10 10 10 10 10 10 04 00 00 00 00 00 00 107=
53979 350900 1130500 1
20100502000000 00 00 00 00 00 00 06 10 10 10 10 10 10 10 10 10 10 08 00 00 00 00 00 00 114=
NNNN
