57090 344300 1135800 00781 00802 4
20100501210000 000 000 000 000 191 002 2015 091 000 192 011 2008 0000 0168 0177 2001 0168 2100 092 089 2001 176 0155 09974 09974 2100 09970 2023 0106 0110 2018 0105 2046 0138 0142 2001 0138 2048 0174 0191 0196 0200 0184 0153 0129 0131 //// 10067 ///// ///// ////
000000000000000000000000000000000000000000000000000000000000000000000000000000000000000000000000000000000000000000000000=
57083 344300 1133900 01104 01116 4
20100501210000 223 006 198 008 206 017 2014 248 006 231 028 2012 0000 0199 0214 2026 0199 2100 072 067 2021 167 0147 09936 09937 2005 09935 2037 0108 0121 2021 0107 2002 0146 0151 2018 0146 2059 0170 0180 0186 0189 0157 0138 0128 0130 0000 10064 ///// ///// ////
000000000000000000000000000000000000000000000000000000000000000000000000000000000000000000000000000000000000000000000000
100 000 000 000 //// //////////////////////// /// 0000 6///1 0//// 7//// 1//// 2//// 3//// /// /// /// // 911// 915// 919// 934// 939//=
57086 342300 1134300 01166 01168 4
20100501210000 231 015 227 017 052 021 2006 223 013 248 029 2051 0000 0196 0196 2100 0170 2009 079 079 2100 180 0159 09936 09938 2004 09936 2029 0148 0155 2001 0142 2051 0154 0155 2001 0151 2047 0173 0184 0188 0189 0169 0137 0122 0124 //// 10070 ///// ///// ////
000000000000000000000000000000000000000000000000000000000000000000000000000000000000000000000000000000000000000000000000=
57085 343200 1132000 02599 02648 4
20100501210000 328 010 306 008 333 016 2001 330 010 336 023 2020 0000 0184 0199 2008 0184 2100 078 073 2008 165 0145 09766 09768 2010 09765 2041 0156 0173 2001 0156 2052 0143 0150 2001 0143 2059 0164 0176 0181 0181 0173 0143 0125 0128 //// 10068 ///// ///// ////
000000000000000000000000000000000000000000000000000000000000000000000000000000000000000000000000000000000000000000000000=
57081 344800 1132600 01409 01419 4
20100501210000 264 006 264 006 257 008 2029 260 004 268 016 2028 0000 0189 0190 2053 0187 2001 056 056 2050 122 0099 09903 09903 2001 09901 2036 0101 0108 2013 0101 2100 0137 0141 2013 0137 2100 0166 0181 0191 0190 0155 0139 0125 0122 //// 10065 ///// ///// ////
000000000000000000000000000000000000000000000000000000000000000000000000000000000000000000000000000000000000000000000000=
57084 343000 1130300 11784 11790 4
20100501210000 269 092 266 093 265 096 2055 290 088 273 114 2044 0000 0182 0182 2100 0171 2009 052 052 2100 109 0082 08784 08785 2010 08783 2023 0144 0147 2056 0137 2013 0133 0133 2055 0130 2019 0142 0154 0160 0159 0126 //// //// //// //// 10063 ///// ///// ////
000000000000000000000000000000000000000000000000000000000000000000000000000000000000000000000000000000000000000000000000=
57080 344400 1125800 01652 01661 4
20100501210000 342 004 275 001 197 010 2008 330 003 178 019 2002 0000 0159 0171 2019 0159 2100 073 064 2019 132 0111 09877 09879 2014 09876 2047 0101 0107 2008 0101 2100 0129 0133 2001 0129 2100 0165 0182 0192 0194 0155 0132 0119 0123 //// 10068 ///// ///// ////
000000000000000000000000000000000000000000000000000000000000000000000000000000000000000000000000000000000000000000000000=
57082 342800 1130100 04271 04284 4
20100501210000 065 003 056 002 296 016 2002 358 006 296 027 2001 0000 0188 0208 2002 0188 2100 061 056 2001 132 0111 09587 09589 2006 09586 2051 0146 0173 2001 0146 2100 0152 0158 2001 0152 2100 0179 0193 0201 0203 0166 0141 0126 //// //// 10069 ///// ///// ////
000000000000000000000000000000000000000000000000000000000000000000000000000000000000000000000000000000000000000000000000=
57290 330000 1140100 00827 00838 4
20100501210000 305 006 227 007 139 010 2003 310 005 195 016 2053 0000 0191 0192 2059 0177 2025 080 080 2100 177 0156 09987 09989 2002 09986 2035 0128 0129 2058 0114 2001 0155 0155 2056 0152 2028 0180 0196 0202 0205 0170 0145 0131 0135 //// 10084 ///// ///// ////
000000000000000000000000000000000000000000000000000000000000000000000000000000000000000000000000000000000000000000000000
120 000 000 000 //// //////////////////////// /// 0000 6///1 0//// 7//// 1//// 2//// 3//// /// /// /// // 911// 915// 919// 934// 939//=
57295 323700 1142100 00785 00802 4
20100501210000 206 020 204 019 196 022 2050 215 027 181 044 2026 0000 0190 0192 2010 0189 2041 084 083 2001 184 0162 09997 09998 2004 09996 2038 0147 0148 2058 0140 2005 0169 0171 2011 0169 2100 0200 0203 0203 0202 0161 0143 0129 0132 //// 10090 ///// ///// ////
000000000000000000000000000000000000000000000000000000000000000000000000000000000000000000000000000000000000000000000000=
57189 330800 1135700 00646 00655 4
20100501210000 166 007 174 007 195 014 2023 170 006 203 023 2020 0000 0155 0156 2054 0151 2020 098 095 2003 172 0152 10006 10008 2013 10006 2052 0107 0107 2054 0103 2026 0145 0146 2001 0144 2023 0173 0186 0192 0195 0152 0135 0124 0127 //// 10082 ///// ///// ////
000000000000000000000000000000000000000000000000000000000000000000000000000000000000000000000000000000000000000000000000=
57194 331700 1141600 00598 00609 4
20100501210000 213 014 195 020 195 026 2024 192 013 195 041 2018 0000 0186 0190 2039 0186 2100 086 084 2031 184 0162 10010 10012 2001 10008 2046 0154 0158 2032 0139 2012 0152 0155 2032 0146 2012 0179 0189 0194 0194 0153 0134 0123 0128 //// 10080 ///// ///// ////
000000000000000000000000000000000000000000000000000000000000000000000000000000000000000000000000000000000000000000000000=
57197 330000 1142000 00489 00545 4
20100501210000 178 016 179 018 179 018 2058 170 016 187 028 2055 0000 0168 0169 2011 0166 2041 098 096 2001 187 0165 10022 10024 2008 10021 2056 0104 0109 2056 0088 2017 0140 0142 2001 0138 2040 0183 0192 0197 0194 0164 0144 0128 0129 //// 10085 ///// ///// ////
000000000000000000000000000000000000000000000000000000000000000000000000000000000000000000000000000000000000000000000000=
57294 325000 1140100 00836 00846 4
20100501210000 212 015 208 015 205 019 2052 184 015 195 038 2049 0000 0200 0200 2100 0186 2009 083 083 2100 194 0170 09984 09986 2013 09984 2039 0153 0158 2052 0127 2025 0158 0159 2052 0151 2025 0180 0191 0195 0192 0155 0142 0128 0126 //// 10081 ///// ///// ////
000000000000000000000000000000000000000000000000000000000000000000000000000000000000000000000000000000000000000000000000=
57292 325800 1143800 00444 00453 4
20100501210000 198 029 193 022 173 029 2038 173 015 203 064 2059 0000 0190 0196 2022 0190 2059 087 085 2001 191 0168 10037 10038 2001 10035 2030 0164 0167 2032 0162 2056 0166 0170 2001 0166 2056 0190 0199 0203 0204 0177 0148 0132 0135 //// 10089 ///// ///// ////
000000000000000000000000000000000000000000000000000000000000000000000000000000000000000000000000000000000000000000000000=
57195 333700 1143700 00466 00476 4
20100501210000 231 009 235 009 234 015 2004 082 006 231 027 2004 0000 0192 0198 2001 0192 2100 082 080 2001 182 0161 10027 10029 2002 10026 2031 0152 0165 2018 0152 2100 0156 0162 2008 0156 2100 0180 0194 0203 0206 0166 0142 0128 0140 //// 10082 ///// ///// ////
000000000000000000000000000000000000000000000000000000000000000000000000000000000000000000000000000000000000000000000000=
57193 334700 1143100 00526 00541 4
20100501210000 182 004 PPC 002 200 004 2043 192 003 181 017 2041 0000 0170 0177 2001 0170 2100 092 090 2006 178 0157 10019 10021 2005 10018 2038 0139 0142 2007 0138 2040 0144 0148 2001 0144 2100 0169 0182 0189 0192 0169 0144 0130 0132 //// 10082 ///// ///// ////
000000000000000000000000000000000000000000000000000000000000000000000000000000000000000000000000000000000000000000000000
100 000 000 000 //// //////////////////////// /// 0000 6///1 0//// 7//// 1//// 2//// 3//// /// /// /// // 911// 915// 919// 934// 939//=
57099 340400 1145100 00526 00536 4
20100501210000 172 006 171 007 196 014 2026 211 008 222 026 2025 0000 0173 0179 2007 0173 2100 089 088 2001 176 0155 10018 10020 2001 10018 2100 0122 0143 2038 0119 2016 0138 0143 2007 0138 2100 0163 0177 0183 0186 0167 0140 0123 0132 //// 10080 ///// ///// ////
000000000000000000000000000000000000000000000000000000000000000000000000000000000000000000000000000000000000000000000000=
58104 332400 1150400 00412 00425 4
20100501210000 201 016 200 016 219 019 2024 170 012 217 031 2023 0000 0176 0181 2001 0175 2052 090 088 2001 181 0159 10036 10039 2003 10036 2100 0141 0148 2056 0137 2054 0143 0148 2001 0143 2100 0171 0187 0196 0199 0180 0144 0126 0135 //// 10085 ///// ///// ////
000000000000000000000000000000000000000000000000000000000000000000000000000000000000000000000000000000000000000000000000=
57198 333300 1143700 00463 00473 4
20100501210000 173 008 172 007 227 010 2009 167 009 226 015 2006 0000 0164 0171 2014 0164 2100 091 090 2025 170 0149 10028 10029 2001 10028 2100 0098 0103 2004 0098 2100 0134 0139 2002 0134 2100 0166 0184 0192 0196 0157 0142 0131 0139 //// 10083 ///// ///// ////
000000000000000000000000000000000000000000000000000000000000000000000000000000000000000000000000000000000000000000000000=
58101 335200 1152900 00413 00428 4
20100501210000 178 008 168 007 193 011 2039 178 003 209 029 2035 0000 0158 0162 2041 0150 2012 090 088 2003 161 0142 10036 10036 2001 10035 2042 0092 0103 2039 0090 2002 0116 0120 2039 0116 2100 0162 0173 0180 0182 0154 0138 0125 0131 //// 10086 ///// ///// ////
000000000000000000000000000000000000000000000000000000000000000000000000000000000000000000000000000000000000000000000000=
57098 340500 1142400 00583 00593 4
20100501210000 168 011 168 014 167 018 2053 170 011 167 031 2010 0000 0163 0173 2013 0163 2100 091 091 2100 169 0148 10008 10009 2001 10007 2034 0126 0148 2030 0126 2100 0136 0139 2032 0136 2100 0150 0162 0170 0175 0165 0139 0125 0129 //// 10077 ///// ///// ////
000000000000000000000000000000000000000000000000000000000000000000000000000000000000000000000000000000000000000000000000=
57088 340900 1133000 01161 01177 4
20100501210000 310 006 262 005 047 014 2004 344 010 062 020 2005 0000 0159 0178 2001 0157 2046 093 084 2001 168 0148 09937 09939 2001 09936 2040 0126 0142 2001 0124 2045 0137 0144 2001 0136 2049 0166 0184 0193 0195 0148 0132 0127 0131 //// 10073 ///// ///// ////
000000000000000000000000000000000000000000000000000000000000000000000000000000000000000000000000000000000000000000000000=
57089 340200 1135200 00668 00681 4
20100501210000 226 014 219 017 221 019 2055 246 013 181 044 2048 0000 0194 0196 2003 0192 2031 077 076 2001 173 0153 09995 09996 2001 09994 2043 0170 0172 2024 0165 2032 0164 0165 2003 0163 2045 0177 0186 0192 0192 0160 0137 0127 0132 //// 10074 ///// ///// ////
000000000000000000000000000000000000000000000000000000000000000000000000000000000000000000000000000000000000000000000000
080 000 000 000 //// //////////////////////// /// 1000 6///1 0//// 7//// 1//// 2//// 3//// /// /// /// // 911// 915// 919// 934// 939//=
57182 335100 1133000 00805 00814 4
20100501210000 139 013 137 013 159 017 2001 136 013 155 026 2005 0000 0194 0205 2001 0194 2100 084 079 2001 189 0166 09980 09982 2002 09980 2100 0155 0172 2001 0154 2058 0159 0165 2013 0159 2058 0188 0200 0207 0204 0174 0148 0133 0139 //// 10074 ///// ///// ////
000000000000000000000000000000000000000000000000000000000000000000000000000000000000000000000000000000000000000000000000=
57087 341200 1134800 00877 00885 4
20100501210000 237 008 218 008 210 021 2001 276 007 203 028 2007 0000 0173 0177 2001 0173 2100 089 089 2100 176 0155 09972 09972 2100 09970 2034 0119 0161 2006 0119 2100 0143 0155 2011 0143 2100 0173 0185 0191 0191 0155 0135 0124 0128 //// 10074 ///// ///// ////
000000000000000000000000000000000000000000000000000000000000000000000000000000000000000000000000000000000000000000000000=
57297 320800 1140300 01145 01154 4
20100501210000 204 065 209 062 210 065 2059 209 041 218 115 2059 0000 0231 0231 2100 0225 2018 072 072 2057 203 0178 09957 09961 2005 09956 2041 0209 0210 2057 0202 2001 0199 0199 2057 0195 2004 0206 0212 0217 0216 0185 0159 0141 //// //// 10089 ///// ///// ////
000000000000000000000000000000000000000000000000000000000000000000000000000000000000000000000000000000000000000000000000
100 000 000 000 //// //////////////////////// /// 0000 6///1 0//// 7//// 1//// 2//// 3//// /// /// /// // 911// 915// 919// 934// 939//=
58301 314900 1152300 00916 00929 4
20100501210000 205 040 203 037 202 038 2023 206 044 206 052 2025 0000 0204 0205 2025 0195 2001 070 070 2100 168 0147 09995 09996 2023 09995 2100 0173 0174 2028 0167 2001 0173 0175 2025 0172 2001 0193 0202 0209 0211 0194 0162 0138 0134 //// 10102 ///// ///// ////
000000000000000000000000000000000000000000000000000000000000000000000000000000000000000000000000000000000000000000000000=
57298 321300 1143300 00554 00562 4
20100501210000 169 024 171 022 183 028 2009 172 027 202 042 2005 0000 0200 0201 2034 0199 2001 083 082 2032 194 0170 10029 10031 2001 10029 2100 0172 0174 2030 0172 2100 0171 0173 2009 0171 2055 0193 0202 0206 0203 0162 0144 0127 0138 //// 10094 ///// ///// ////
000000000000000000000000000000000000000000000000000000000000000000000000000000000000000000000000000000000000000000000000=
57390 314800 1140400 07335 07347 4
20100501210000 218 063 216 062 211 083 2003 220 116 211 148 2041 0000 0181 0181 2100 0174 2034 084 083 2056 174 0154 09282 09283 2001 09281 2026 0169 0174 2001 0165 2040 0151 0160 2001 0150 2059 0168 0172 0178 0178 0158 0129 //// //// //// 10104 ///// ///// ////
000000000000000000000000000000000000000000000000000000000000000000000000000000000000000000000000000000000000000000000000=
58208 321000 1153700 00429 00439 4
20100501210000 217 024 220 023 220 023 2100 216 025 228 033 2057 0000 0205 0205 2100 0194 2015 075 075 2100 181 0159 10047 10047 2100 10044 2033 0175 0176 2058 0141 2005 0173 0173 2100 0168 2005 0194 0211 0218 0222 0180 0158 0141 0142 //// 10098 ///// ///// ////
000000000000000000000000000000000000000000000000000000000000000000000000000000000000000000000000000000000000000000000000
150 000 000 000 //// //////////////////////// /// 0000 6///1 0//// 7//// 1//// 2//// 3//// /// /// /// // 911// 915// 919// 934// 939//=
53989 350300 1135700 00766 00777 4
20100501210000 167 006 181 006 186 013 2003 164 007 184 019 2002 0000 0175 0185 2001 0175 2100 086 083 2001 172 0151 09974 09975 2018 09973 2034 0120 0136 2001 0120 2100 0137 0144 2001 0137 2100 0168 0183 0191 0192 0162 0137 0123 0126 //// 10064 ///// ///// ////
000000000000000000000000000000000000000000000000000000000000000000000000000000000000000000000000000000000000000000000000=
53986 351900 1135300 00732 00740 4
20100501210000 210 026 209 026 209 026 2100 212 030 209 043 2056 0000 0191 0194 2001 0185 2035 089 087 2001 197 0172 09973 09979 2015 09973 2100 0165 0165 2059 0126 2027 0150 0150 2100 0138 2033 0173 0183 0187 0189 0163 0139 0125 0130 //// 10058 ///// ///// ////
000000000000000000000000000000000000000000000000000000000000000000000000000000000000000000000000000000000000000000000000
060 006 000 000 //// //////////////////CIECII 002 1000 6///1 0//// 7//// 1//// 2//// 3//// /// /// /// // 911// 915// 919// 934// 939//=
53988 351600 1134000 00776 00784 4
20100501210000 212 006 214 008 203 014 2013 181 004 195 021 2008 0000 0169 0172 2013 0168 2045 087 086 2020 167 0147 09968 09970 2042 09968 2100 0112 0121 2026 0109 2008 0125 0125 2044 0124 2021 0164 0179 0187 0190 0149 0132 0122 0128 //// 10058 ///// ///// ////
000000000000000000000000000000000000000000000000000000000000000000000000000000000000000000000000000000000000000000000000=
53998 351200 1143900 00616 00625 4
20100501210000 196 023 195 016 174 029 2020 209 018 181 048 2034 0000 0178 0180 2020 0178 2059 088 087 2049 179 0158 09993 09994 2002 09992 2039 0148 0156 2020 0145 2055 0152 0156 2011 0151 2055 0176 0186 0189 0188 0172 0142 0123 0130 //// 10065 ///// ///// ////
000000000000000000000000000000000000000000000000000000000000000000000000000000000000000000000000000000000000000000000000=
57051 344800 1111200 04099 04117 4
20100501210000 095 018 093 016 094 021 2006 105 015 105 032 2001 0000 0165 0173 2001 0165 2058 051 046 2002 096 0063 09604 09604 2100 09601 2004 0097 0119 2004 0097 2100 0121 0132 2001 0121 2100 0166 0182 0190 0191 0163 0132 0118 0120 //// 10068 ///// ///// ////
000000000000000000000000000000000000000000000000000000000000000000000000000000000000000000000000000000000000000000000000
120 000 000 000 //// //////////////////////// /// 0000 6///1 0//// 7//// 1//// 2//// 3//// /// /// /// // 911// 915// 919// 934// 939//=
57063 344600 1114600 05236 05236 4
20100501210000 305 013 302 013 319 017 2038 296 013 322 018 2035 0000 0116 0124 2001 0116 2056 079 073 2002 108 0081 09481 09481 2010 09479 2047 0055 0058 2004 0055 2032 0094 0099 2001 0094 2053 0142 0159 0168 0169 0121 0111 0103 0111 //// 10073 ///// ///// ////
000000000000000000000000000000000000000000000000000000000000000000000000000000000000000000000000000000000000000000000000=
57067 340300 1110200 05688 05699 4
20100501210000 193 022 203 021 208 025 2050 192 013 209 039 2030 0000 0139 0142 2013 0138 2058 081 081 2047 129 0107 09447 09447 2100 09444 2017 0120 0122 2004 0115 2021 0141 0144 2006 0141 2058 0172 0187 0192 0194 0167 0146 0123 0125 //// 10089 ///// ///// ////
000000000000000000000000000000000000000000000000000000000000000000000000000000000000000000000000000000000000000000000000
120 000 000 000 //// //////////////////////// /// 0000 6///1 0//// 7//// 1//// 2//// 3//// /// /// /// // 911// 915// 919// 934// 939//=
57056 343200 1105300 03904 03909 4
20100501210000 273 006 266 010 206 023 2016 234 008 147 043 2013 0000 0183 0214 2016 0183 2100 046 037 2027 097 0065 09627 09627 2100 09622 2008 0111 0141 2019 0111 2100 0140 0159 2016 0140 2100 0175 0192 0196 0196 0146 0129 0117 0121 //// 10067 ///// ///// ////
000000000000000000000000000000000000000000000000000000000000000000000000000000000000000000000000000000000000000000000000=
58007 340400 1151800 00472 00532 4
20100501210000 186 004 182 005 161 009 2044 175 003 173 015 2039 0000 0153 0158 2001 0153 2100 092 089 2007 160 0140 10020 10022 2015 10019 2045 0095 0100 2001 0095 2039 0121 0126 2002 0121 2100 0161 0176 0184 0186 0150 0137 0126 0132 //// 10082 ///// ///// ////
000000000000000000000000000000000000000000000000000000000000000000000000000000000000000000000000000000000000000000000000=
58006 342300 1155300 00463 00506 4
20100501210000 155 013 149 012 161 013 2011 142 016 173 023 2016 0000 0139 0146 2005 0139 2100 084 084 2100 133 0112 10028 10030 2014 10028 2029 0090 0092 2009 0084 2043 0109 0116 2001 0109 2100 0138 0160 0171 0176 0161 0138 0122 0127 //// 10087 ///// ///// ////
000000000000000000000000000000000000000000000000000000000000000000000000000000000000000000000000000000000000000000000000=
58111 335800 1162700 00325 00325 4
20100501210000 154 016 158 019 160 023 2013 150 019 156 046 2055 0000 0178 0180 2001 0176 2045 070 066 2001 143 0123 10055 10056 2003 10053 2047 0134 0135 2028 0134 2009 0138 0142 2014 0138 2100 0153 0164 0169 0172 0153 0138 0129 0138 //// 10093 ///// ///// ////
000000000000000000000000000000000000000000000000000000000000000000000000000000000000000000000000000000000000000000000000
140 000 000 000 //// //////////////////////// /// 0000 6///1 0//// 7//// 1//// 2//// 3//// /// /// /// // 911// 915// 919// 934// 939//=
58017 341500 1160800 00410 00420 4
20100501210000 129 010 148 014 148 020 2004 113 019 116 047 2051 0000 0180 0187 2003 0180 2100 075 071 2001 155 0135 10036 10038 2010 10035 2045 0129 0136 2006 0129 2028 0140 0146 2002 0140 2100 0162 0172 0176 0177 0150 0137 0126 0129 //// 10085 ///// ///// ////
000000000000000000000000000000000000000000000000000000000000000000000000000000000000000000000000000000000000000000000000=
58001 342600 1150600 00563 00569 4
20100501210000 205 019 207 019 207 019 2100 218 020 209 036 2004 0000 0164 0168 2001 0161 2050 093 090 2002 173 0153 10009 10012 2001 10009 2047 0124 0129 2029 0116 2001 0127 0129 2033 0127 2052 0150 0162 0169 0171 0149 0128 0118 0126 //// 10075 ///// ///// ////
000000000000000000000000000000000000000000000000000000000000000000000000000000000000000000000000000000000000000000000000=
58005 342700 1154000 00501 00511 4
20100501210000 169 011 163 011 181 016 2009 175 009 181 023 2004 0000 0163 0172 2001 0163 2100 085 081 2012 157 0138 10021 10023 2001 10019 2041 0081 0104 2001 0081 2100 0114 0126 2001 0114 2100 0160 0175 0179 0179 0151 0132 0126 0133 0002 10080 ///// ///// ////
000000000000000000000000000000000000000000000000000000000000000000000000000000000000000000000000000000000000000000000000
150 000 000 000 //// //////////////////////// /// 0000 6///1 0//// 7//// 1//// 2//// 3//// /// /// /// // 911// 915// 919// 934// 939//=
58008 342800 1152000 00544 00592 4
20100501210000 173 013 167 014 167 014 2100 147 010 178 026 2052 0000 0164 0169 2022 0164 2058 088 085 2009 164 0144 10007 10010 2002 10007 2055 0110 0131 2021 0107 2014 0126 0132 2019 0126 2056 0149 0163 0172 0174 0147 0134 0122 0129 //// 10076 ///// ///// ////
000000000000000000000000000000000000000000000000000000000000000000000000000000000000000000000000000000000000000000000000=
58004 343900 1150900 00606 00616 4
20100501210000 000 000 151 002 151 006 2019 139 001 206 015 2031 0000 0157 0160 2005 0156 2038 093 092 2001 166 0146 10001 10004 2003 10001 2039 0103 0113 2038 0101 2022 0126 0131 2001 0126 2100 0156 0179 0184 0188 0160 0137 0126 0129 //// 10073 ///// ///// ////
000000000000000000000000000000000000000000000000000000000000000000000000000000000000000000000000000000000000000000000000=
54817 355900 1155200 00421 00434 4
20100501210000 176 034 169 030 166 033 2049 164 035 164 061 2014 0000 0179 0181 2001 0178 2034 090 089 2001 184 0162 10017 10020 2019 10016 2043 0150 0152 2052 0147 2010 0142 0144 2001 0142 2026 0163 0171 0176 0174 0138 0119 0111 0114 //// 10067 ///// ///// ////
000000000000000000000000000000000000000000000000000000000000000000000000000000000000000000000000000000000000000000000000=
54902 355400 1150700 00495 00499 4
20100501210000 170 030 167 033 173 035 2018 181 022 173 063 2011 0000 0176 0182 2002 0176 2100 088 086 2006 177 0156 09996 10000 2023 09996 2056 0159 0166 2001 0158 2057 0144 0148 2014 0143 2050 0169 0176 0178 0178 0144 0118 0110 0115 //// 10054 ///// ///// ////
000000000000000000000000000000000000000000000000000000000000000000000000000000000000000000000000000000000000000000000000=
54900 354200 1150100 00537 00541 4
20100501210000 164 027 167 026 168 028 2033 147 031 150 045 2032 0000 0175 0180 2001 0175 2100 092 090 2001 184 0162 09995 09999 2001 09995 2053 0144 0150 2033 0142 2012 0144 0148 2033 0144 2059 0170 0178 0180 0179 0159 0130 0114 0115 //// 10058 ///// ///// ////
000000000000000000000000000000000000000000000000000000000000000000000000000000000000000000000000000000000000000000000000=
54901 360500 1151000 00475 00478 4
20100501210000 170 050 169 050 167 050 2057 167 056 181 078 2053 0000 0173 0174 2005 0172 2034 088 088 2012 174 0153 09998 10002 2021 09997 2050 0156 0157 2056 0153 2023 0150 0150 2057 0147 2035 0162 0169 0173 0173 0158 0133 0115 0115 //// 10053 ///// ///// ////
000000000000000000000000000000000000000000000000000000000000000000000000000000000000000000000000000000000000000000000000=
54903 355100 1152900 00457 00506 4
20100501210000 191 022 187 025 185 028 2015 173 022 164 047 2034 0000 0183 0186 2001 0183 2100 085 084 2001 179 0157 10003 10007 2003 10003 2059 0163 0169 2002 0162 2042 0148 0152 2003 0148 2043 0165 0175 0178 0176 0154 0129 0117 0116 //// 10062 ///// ///// ////
000000000000000000000000000000000000000000000000000000000000000000000000000000000000000000000000000000000000000000000000=
57184 333800 1132200 00834 00847 4
20100501210000 141 000 141 007 134 010 2055 124 003 124 014 2053 0000 0171 0178 2001 0170 2036 091 086 2003 177 0156 09975 09976 2001 09974 2050 0140 0147 2026 0139 2053 0147 0151 2001 0147 2055 0184 0199 0204 0207 0140 0132 0125 0132 //// 10073 ///// ///// ////
000000000000000000000000000000000000000000000000000000000000000000000000000000000000000000000000000000000000000000000000=
57177 332000 1133200 00898 00913 4
20100501210000 150 007 104 009 131 019 2037 268 005 223 039 2027 0000 0196 0206 2007 0196 2100 075 071 2007 171 0151 09970 09972 2001 09969 2048 0161 0172 2034 0153 2014 0161 0164 2032 0160 2057 0153 0188 0184 0198 0166 0143 0130 0125 //// 10075 ///// ///// ////
000000000000000000000000000000000000000000000000000000000000000000000000000000000000000000000000000000000000000000000000=
57075 341000 1125200 02031 02043 4
20100501210000 249 011 257 010 079 015 2002 245 011 085 018 2001 0000 0173 0180 2004 0168 2022 090 085 2015 178 0156 09840 09842 2001 09839 2047 0140 0153 2001 0135 2057 0136 0147 2001 0136 2059 0167 0185 0194 0195 0197 0158 0131 0126 //// 10075 ///// ///// ////
000000000000000000000000000000000000000000000000000000000000000000000000000000000000000000000000000000000000000000000000=
57173 334500 1125300 01457 01468 4
20100501210000 179 014 193 011 205 016 2023 175 013 198 023 2020 0000 0182 0208 2001 0182 2100 085 076 2001 178 0156 09899 09902 2001 09899 2100 0134 0159 2007 0134 2100 0149 0164 2001 0149 2100 0192 0204 0209 0206 0168 0144 0129 0134 //// 10068 ///// ///// ////
000000000000000000000000000000000000000000000000000000000000000000000000000000000000000000000000000000000000000000000000=
57180 335900 1131200 01175 01186 4
20100501210000 041 007 053 009 055 009 2059 024 006 026 012 2059 0000 0150 0156 2005 0149 2052 095 094 2001 162 0142 09936 09938 2012 09935 2027 0116 0120 2054 0112 2031 0136 0140 2001 0136 2100 0173 0191 0200 0200 0161 0141 0129 0133 //// 10073 ///// ///// ////
000000000000000000000000000000000000000000000000000000000000000000000000000000000000000000000000000000000000000000000000=
57181 335300 1130300 01364 01380 4
20100501210000 000 000 314 001 304 004 2042 068 000 277 012 2049 0000 0146 0179 2001 0146 2059 091 087 2017 151 0131 09916 09919 2009 09916 2048 0123 0135 2001 0122 2049 0137 0150 2001 0137 2100 0177 0195 0202 0206 0171 0144 0129 0132 //// 10076 ///// ///// ////
000000000000000000000000000000000000000000000000000000000000000000000000000000000000000000000000000000000000000000000000=
57175 330300 1121400 01914 01922 4
20100501210000 314 012 313 010 315 010 2027 316 013 316 013 2100 0000 0139 0151 2005 0139 2100 099 099 2028 157 0137 09871 09871 2100 09869 2005 0133 0139 2028 0132 2054 0144 0150 2001 0144 2100 0184 0200 0208 0208 0160 0144 0133 0139 //// 10094 ///// ///// ////
000000000000000000000000000000000000000000000000000000000000000000000000000000000000000000000000000000000000000000000000=
57156 331800 1113000 02503 02523 4
20100501210000 277 020 277 024 280 031 2032 282 027 299 051 2032 0000 0178 0184 2001 0176 2049 087 085 2001 177 0156 09803 09804 2001 09802 2050 0162 0167 2001 0162 2100 0165 0171 2001 0165 2100 0193 0202 0208 0207 0179 0156 0138 0143 //// 10091 ///// ///// ////
000000000000000000000000000000000000000000000000000000000000000000000000000000000000000000000000000000000000000000000000
120 004 000 000 6800 /////////////////////CIE 002 0000 6///1 0//// 7//// 1//// 2//// 3//// /// /// /// // 911// 915// 919// 934// 939//=
57271 323300 1122300 00879 00897 4
20100501210000 137 006 124 005 110 009 2043 147 007 113 013 2040 0000 0167 0175 2031 0167 2100 096 096 2007 182 0161 09987 09987 2051 09986 2007 0119 0124 2017 0119 2059 0150 0154 2001 0150 2100 0189 0204 0212 0213 0165 0143 0135 0139 //// 10091 ///// ///// ////
000000000000000000000000000000000000000000000000000000000000000000000000000000000000000000000000000000000000000000000000=
57261 330700 1113100 02330 02345 4
20100501210000 291 010 316 010 324 011 2059 282 009 307 015 2057 0000 0170 0176 2033 0170 2100 093 091 2001 180 0159 09816 09816 2100 09815 2001 0145 0151 2004 0144 2043 0165 0170 2002 0165 2058 0197 0211 0217 0218 0195 0166 0148 //// //// 10084 ///// ///// ////
000000000000000000000000000000000000000000000000000000000000000000000000000000000000000000000000000000000000000000000000=
57285 322300 1132500 01530 01492 4
20100501210000 266 029 280 020 217 023 2013 285 029 220 052 2008 0000 0232 0234 2031 0226 2002 063 062 2031 179 0158 09916 09920 2001 09916 2047 0166 0173 2029 0143 2001 0177 0180 2028 0169 2001 0192 0203 0208 0211 0158 0140 0129 0135 //// 10086 ///// ///// ////
000000000000000000000000000000000000000000000000000000000000000000000000000000000000000000000000000000000000000000000000
130 000 000 000 //// //////////////////////// /// 0000 6///1 0//// 7//// 1//// 2//// 3//// /// /// /// // 911// 915// 919// 934// 939//=
57273 324100 1125100 01095 01105 4
20100501210000 312 011 315 012 316 015 2050 316 010 316 021 2041 0000 0178 0178 2047 0163 2001 084 084 2049 171 0151 09962 09963 2057 09961 2032 0149 0149 2001 0143 2028 0165 0166 2001 0165 2028 0196 0209 0213 0213 0171 0150 0135 0138 //// 10090 ///// ///// ////
000000000000000000000000000000000000000000000000000000000000000000000000000000000000000000000000000000000000000000000000=
57187 330400 1125600 01180 01193 4
20100501210000 085 006 076 004 042 008 2012 077 007 110 011 2001 0000 0156 0158 2017 0155 2001 094 094 2100 166 0146 09941 09942 2006 09941 2100 0122 0127 2055 0120 2033 0154 0157 2001 0154 2100 0184 0189 0204 0206 0184 0155 0138 0136 //// 10079 ///// ///// ////
000000000000000000000000000000000000000000000000000000000000000000000000000000000000000000000000000000000000000000000000=
57178 330200 1123500 01292 01305 4
20100501210000 205 019 204 018 205 018 2058 208 019 200 033 2041 0000 0207 0207 2100 0181 2001 081 081 2100 198 0173 09938 09939 2001 09937 2044 0174 0175 2041 0141 2005 0172 0172 2100 0158 2001 0192 0201 0203 0202 0167 0145 0133 0135 0001 10088 ///// ///// ////
000000000000000000000000000000000000000000000000000000000000000000000000000000000000000000000000000000000000000000000000
040 10- 000 000 6500 /////////////////////CIE 002 1000 6///1 0//// 7//// 1//// 2//// 3//// /// /// /// // 911// 915// 919// 934// 939//=
57169 330300 1115200 01591 01600 4
20100501210000 265 011 270 011 337 014 2035 274 009 333 022 2050 0000 0168 0173 2018 0163 2051 099 099 2052 189 0166 09907 09908 2045 09907 2024 0154 0158 2003 0154 2050 0145 0148 2002 0145 2100 0182 0196 0204 0206 0181 0150 0133 0135 //// 10092 ///// ///// ////
000000000000000000000000000000000000000000000000000000000000000000000000000000000000000000000000000000000000000000000000=
57176 332900 1122500 02311 02304 4
20100501210000 351 008 342 008 350 013 2025 001 009 009 016 2033 0000 0161 0167 2001 0161 2100 091 091 2001 166 0146 09826 09828 2001 09825 2049 0135 0141 2003 0135 2100 0156 0160 2001 0156 2100 0187 0200 0208 0210 0185 0158 0139 0137 //// 10091 ///// ///// ////
000000000000000000000000000000000000000000000000000000000000000000000000000000000000000000000000000000000000000000000000=
57179 331700 1130000 01604 01616 4
20100501210000 241 017 241 020 242 021 2050 243 014 248 026 2055 0000 0178 0185 2003 0172 2037 093 090 2023 189 0167 09900 09901 2004 09899 2050 0137 0141 2006 0130 2044 0158 0162 2006 0158 2058 0187 0198 0202 0204 0172 0145 0129 0134 //// 10086 ///// ///// ////
000000000000000000000000000000000000000000000000000000000000000000000000000000000000000000000000000000000000000000000000=
57274 324200 1120700 01076 01088 4
20100501210000 296 012 293 013 293 013 2100 293 008 279 019 2055 0000 0167 0171 2036 0166 2054 090 090 2054 171 0151 09964 09965 2059 09961 2019 0153 0153 2100 0151 2016 0158 0160 2007 0158 2052 0186 0198 0208 0213 0202 0176 0148 0145 //// 10090 ///// ///// ////
000000000000000000000000000000000000000000000000000000000000000000000000000000000000000000000000000000000000000000000000=
57065 343000 1121100 01949 01964 4
20100501210000 263 020 261 023 272 024 2050 254 020 254 038 2043 0000 0163 0172 2001 0163 2059 062 059 2001 115 0090 09847 09848 2050 09846 2021 0144 0145 2010 0143 2037 0145 0149 2003 0145 2100 0181 0197 0206 0208 0164 0143 0133 0138 //// 10072 ///// ///// ////
000000000000000000000000000000000000000000000000000000000000000000000000000000000000000000000000000000000000000000000000=
57074 342500 1122500 01973 01989 4
20100501210000 249 012 252 010 228 011 2014 243 013 220 020 2008 0000 0199 0201 2001 0198 2035 078 077 2022 181 0160 09844 09845 2022 09844 2035 0149 0163 2002 0139 2046 0161 0169 2001 0157 2051 0189 0199 0203 0201 0160 0141 0128 0130 //// 10070 ///// ///// ////
000000000000000000000000000000000000000000000000000000000000000000000000000000000000000000000000000000000000000000000000=
57076 344400 1124700 01895 01901 4
20100501210000 318 013 338 010 338 010 2100 305 013 197 014 2030 0000 0178 0190 2001 0178 2100 067 055 2005 136 0116 09846 09848 2001 09846 2100 0131 0139 2001 0129 2039 0133 0139 2001 0133 2100 0161 0176 0183 0184 0156 0134 0121 0125 //// 10063 ///// ///// ////
000000000000000000000000000000000000000000000000000000000000000000000000000000000000000000000000000000000000000000000000=
57070 344400 1120700 03640 03595 4
20100501210000 268 021 257 021 256 022 2057 279 019 268 027 2043 0000 0168 0178 2024 0168 2100 069 068 2044 132 0111 09660 09660 2037 09658 2049 0144 0145 2052 0126 2018 0134 0139 2001 0134 2100 0168 0182 0186 0184 0167 0138 0122 0125 //// 10067 ///// ///// ////
000000000000000000000000000000000000000000000000000000000000000000000000000000000000000000000000000000000000000000000000=
57162 340900 1120500 03258 03275 4
20100501210000 187 006 211 006 257 007 2035 189 006 353 013 2004 0000 0168 0172 2013 0168 2100 072 069 2013 138 0117 09697 09699 2001 09696 2041 0107 0121 2013 0107 2100 0132 0139 2013 0132 2100 0182 0199 0207 0208 0159 0141 0128 0134 //// 10068 ///// ///// ////
000000000000000000000000000000000000000000000000000000000000000000000000000000000000000000000000000000000000000000000000=
57078 340900 1122800 03365 03340 4
20100501210000 220 002 234 005 192 012 2026 237 005 192 019 2022 0000 0162 0166 2022 0162 2100 079 077 2036 145 0126 09692 09695 2004 09692 2053 0115 0124 2027 0115 2017 0134 0137 2032 0133 2058 0163 0181 0192 0195 0146 0132 0123 0124 //// 10072 ///// ///// ////
000000000000000000000000000000000000000000000000000000000000000000000000000000000000000000000000000000000000000000000000=
57071 344900 1122600 03333 03332 4
20100501210000 208 022 210 022 140 024 2001 206 024 150 038 2023 0000 0178 0186 2038 0178 2100 072 068 2038 147 0127 09690 09692 2004 09689 2050 0127 0137 2010 0125 2058 0145 0149 2011 0145 2100 0173 0184 0189 0189 0175 0139 0121 0123 //// 10068 ///// ///// ////
000000000000000000000000000000000000000000000000000000000000000000000000000000000000000000000000000000000000000000000000
100 000 000 000 //// //////////////////////// /// 0000 6///1 0//// 7//// 1//// 2//// 3//// /// /// /// // 911// 915// 919// 934// 939//=
57066 342300 1114000 03283 03298 4
20100501210000 000 000 000 000 142 004 2010 215 000 147 007 2009 0000 0154 0156 2001 0151 2040 065 064 2044 114 0089 09693 09693 2100 09692 2033 0118 0124 2001 0118 2100 0137 0142 2002 0137 2059 0163 0172 0176 0174 0152 0134 0119 0120 //// 10068 ///// ///// ////
000000000000000000000000000000000000000000000000000000000000000000000000000000000000000000000000000000000000000000000000=
57077 334700 1113900 07424 07388 4
20100501210000 257 027 258 026 268 035 2045 254 030 277 052 2038 0000 0161 0167 2001 0161 2100 070 068 2003 128 0106 09263 09263 2100 09261 2035 0136 0141 2033 0129 2001 0132 0135 2024 0131 2001 0157 0170 0177 0179 0156 0127 0113 0117 //// 10083 ///// ///// ////
000000000000000000000000000000000000000000000000000000000000000000000000000000000000000000000000000000000000000000000000
230 000 000 000 //// //////////////////////// /// 0000 6///1 0//// 7//// 1//// 2//// 3//// /// /// /// // 911// 915// 919// 934// 939//=
57185 332700 1133500 00911 00921 4
20100501210000 201 022 204 019 204 019 2100 202 019 197 030 2059 0000 0147 0147 2100 0144 2015 086 084 2001 144 0124 09969 09972 2001 09968 2059 0131 0131 2059 0124 2001 0141 0142 2052 0139 2021 0182 0192 0200 0195 0176 0148 0129 0128 //// 10076 ///// ///// ////
000000000000000000000000000000000000000000000000000000000000000000000000000000000000000000000000000000000000000000000000=
57183 334800 1135500 00600 00615 4
20100501210000 161 008 174 007 202 014 2001 167 008 178 013 2046 0000 0140 0152 2001 0139 2054 095 095 2039 152 0132 10004 10005 2008 10003 2022 0119 0125 2002 0117 2042 0132 0134 2001 0131 2041 0170 0182 0190 0192 0178 0145 0127 0125 //// 10076 ///// ///// ////
000000000000000000000000000000000000000000000000000000000000000000000000000000000000000000000000000000000000000000000000=
57186 333600 1140300 00587 00598 4
20100501210000 112 012 135 011 192 018 2001 102 012 189 022 2020 0000 0168 0180 2019 0168 2100 089 083 2024 170 0150 10008 10009 2001 10007 2028 0110 0110 2057 0105 2030 0136 0137 2001 0135 2045 0173 0189 0195 0199 0178 0150 0132 0136 //// 10077 ///// ///// ////
000000000000000000000000000000000000000000000000000000000000000000000000000000000000000000000000000000000000000000000000=
57094 342400 1141300 00674 00685 4
20100501210000 212 016 212 014 207 016 2016 181 015 187 033 2008 0000 0182 0186 2027 0182 2100 089 088 2028 186 0164 09988 09990 2010 09988 2100 0153 0161 2001 0149 2038 0152 0155 2026 0151 2038 0171 0180 0187 0189 0176 0151 0129 0130 //// 10067 ///// ///// ////
000000000000000000000000000000000000000000000000000000000000000000000000000000000000000000000000000000000000000000000000=
57191 342900 1142900 00634 00642 4
20100501210000 199 010 192 010 192 011 2010 187 009 161 017 2009 0000 0187 0187 2100 0184 2008 084 084 2100 181 0159 09998 10000 2001 09997 2024 0148 0159 2040 0148 2059 0157 0161 2001 0157 2059 0181 0191 0197 0198 0166 0139 0124 0127 //// 10072 ///// ///// ////
000000000000000000000000000000000000000000000000000000000000000000000000000000000000000000000000000000000000000000000000=
57096 343200 1144700 00597 00607 4
20100501210000 202 014 204 013 198 018 2035 223 016 189 034 2036 0000 0182 0184 2029 0182 2100 084 084 2100 175 0155 09999 10000 2001 09997 2033 0148 0150 2047 0147 2026 0137 0141 2001 0136 2055 0165 0182 0189 0188 0159 0137 0125 0129 //// 10069 ///// ///// ////
000000000000000000000000000000000000000000000000000000000000000000000000000000000000000000000000000000000000000000000000=
57093 345100 1144900 00733 00740 4
20100501210000 212 021 209 023 211 033 2006 220 016 208 052 2002 0000 0192 0195 2006 0192 2100 082 082 2100 182 0161 09984 09986 2001 09983 2022 0177 0181 2005 0177 2053 0155 0158 2004 0154 2052 0172 0180 0184 0182 0165 0136 0122 0125 //// 10069 ///// ///// ////
000000000000000000000000000000000000000000000000000000000000000000000000000000000000000000000000000000000000000000000000=
57091 344700 1141800 00737 00748 4
20100501210000 212 029 212 032 201 039 2016 203 034 186 062 2039 0000 0193 0195 2001 0193 2100 079 079 2100 177 0156 09980 09981 2001 09978 2038 0169 0170 2010 0168 2004 0165 0167 2016 0165 2100 0181 0188 0191 0180 0163 0140 0124 0120 //// 10066 ///// ///// ////
000000000000000000000000000000000000000000000000000000000000000000000000000000000000000000000000000000000000000000000000
100 000 000 000 //// //////////////////////// /// 0000 6///1 0//// 7//// 1//// 2//// 3//// /// /// /// // 911// 915// 919// 934// 939//=
53978 350500 1123800 01401 01409 4
20100501210000 298 006 242 004 357 005 2014 282 006 139 009 2045 0000 0142 0145 2010 0142 2057 081 080 2026 131 0110 09903 09904 2015 09902 2042 0114 0117 2014 0114 2043 0130 0134 2005 0130 2100 0161 0176 0182 0187 0140 0128 0124 0130 //// 10066 ///// ///// ////
000000000000000000000000000000000000000000000000000000000000000000000000000000000000000000000000000000000000000000000000=
53984 351400 1132800 00827 00837 4
20100501210000 213 015 214 017 225 018 2038 204 013 237 026 2030 0000 0165 0168 2037 0143 2001 064 063 2035 120 0097 09966 09968 2008 09966 2100 0114 0117 2039 0098 2001 0131 0131 2039 0127 2001 0163 0178 0181 0186 0165 0140 0124 0125 //// 10063 ///// ///// ////
000000000000000000000000000000000000000000000000000000000000000000000000000000000000000000000000000000000000000000000000=
53987 350600 1132500 00910 00918 4
20100501210000 257 027 253 027 255 027 2056 254 031 254 039 2049 0000 0177 0178 2022 0174 2004 068 068 2100 138 0117 09960 09960 2002 09959 2046 0155 0155 2058 0132 2016 0145 0145 2022 0144 2037 0163 0175 0183 0188 0170 0146 0133 0132 //// 10066 ///// ///// ////
000000000000000000000000000000000000000000000000000000000000000000000000000000000000000000000000000000000000000000000000=
57079 345700 1130200 01064 01069 4
20100501210000 273 008 276 008 246 011 2001 268 009 260 012 2031 0000 0149 0155 2001 0149 2100 080 076 2001 135 0115 09939 09941 2001 09939 2100 0111 0116 2001 0111 2055 0129 0133 2001 0129 2100 0168 0177 0184 0185 0175 0145 0127 0126 //// 10062 ///// ///// ////
000000000000000000000000000000000000000000000000000000000000000000000000000000000000000000000000000000000000000000000000=
57072 345500 1124500 01275 01285 4
20100501210000 190 006 196 006 193 009 2025 189 008 203 011 2018 0000 0134 0137 2001 0134 2100 094 093 2001 144 0125 09918 09919 2001 09917 2023 0099 0102 2001 0097 2029 0120 0123 2001 0120 2100 0156 0173 0180 0180 0143 0128 0117 0119 //// 10067 ///// ///// ////
000000000000000000000000000000000000000000000000000000000000000000000000000000000000000000000000000000000000000000000000=
53982 351400 1131600 01120 01135 4
20100501210000 205 007 211 008 211 009 2059 192 006 254 013 2051 0000 0171 0171 2100 0163 2043 066 065 2057 129 0107 09929 09932 2010 09929 2100 0120 0120 2044 0119 2025 0139 0140 2029 0139 2100 0174 0187 0195 0197 0169 0143 0130 0135 //// 10060 ///// ///// ////
000000000000000000000000000000000000000000000000000000000000000000000000000000000000000000000000000000000000000000000000=
53979 350900 1130500 01200 01211 4
20100501210000 284 011 277 009 264 014 2017 284 012 276 021 2017 0000 0170 0176 2023 0170 2100 062 060 2025 120 0097 09927 09929 2014 09926 2037 0113 0122 2028 0113 2100 0123 0128 2001 0123 2100 0168 0185 0196 0199 0151 0139 0128 0133 //// 10066 ///// ///// ////
000000000000000000000000000000000000000000000000000000000000000000000000000000000000000000000000000000000000000000000000=
53992 353900 1143100 00582 00592 4
20100501210000 193 047 194 042 186 043 2039 201 067 201 067 2100 0000 0185 0185 2100 0181 2007 088 088 2100 187 0165 09984 09988 2005 09981 2037 0171 0171 2059 0163 2024 0157 0157 2100 0153 2028 0171 0176 0185 0185 0147 0128 0116 0122 //// 10052 ///// ///// ////
000000000000000000000000000000000000000000000000000000000000000000000000000000000000000000000000000000000000000000000000=
53974 353700 1141100 00723 00739 4
20100501210000 202 033 202 037 202 037 2100 203 019 206 066 2056 0000 0183 0193 2008 0183 2059 082 078 2009 172 0152 09968 09970 2034 09968 2100 0170 0175 2007 0170 2053 0163 0167 2006 0163 2052 0186 0197 0203 0202 0163 0138 0124 0129 //// 10053 ///// ///// ////
000000000000000000000000000000000000000000000000000000000000000000000000000000000000000000000000000000000000000000000000=
53990 354300 1141900 00795 00805 4
20100501210000 191 041 189 042 179 055 2020 206 043 176 066 2015 0000 0169 0173 2001 0168 2043 091 090 2001 175 0154 09958 09961 2003 09957 2017 0161 0166 2017 0159 2043 0148 0152 2017 0146 2043 0183 0196 0199 0201 0179 0140 0118 0116 //// 10051 ///// ///// ////
000000000000000000000000000000000000000000000000000000000000000000000000000000000000000000000000000000000000000000000000=
53991 355600 1142100 00743 00753 4
20100501210000 181 017 168 019 160 022 2001 153 017 204 048 2004 0000 0174 0177 2001 0174 2100 085 085 2100 169 0149 09959 09964 2028 09958 2056 0156 0162 2001 0148 2031 0148 0153 2001 0145 2031 0172 0184 0183 0188 0159 0135 0120 0122 //// 10046 ///// ///// ////
000000000000000000000000000000000000000000000000000000000000000000000000000000000000000000000000000000000000000000000000=
53993 355600 1145500 00516 00524 4
20100501210000 199 014 192 014 185 017 2036 220 008 136 036 2023 0000 0173 0180 2001 0173 2100 088 086 2001 174 0153 09990 09994 2001 09989 2033 0151 0164 2014 0150 2058 0134 0140 2011 0133 2058 0169 0181 0184 0182 0169 0136 0115 0114 //// 10051 ///// ///// ////
000000000000000000000000000000000000000000000000000000000000000000000000000000000000000000000000000000000000000000000000=
53889 360400 1134900 03068 03086 4
20100501210000 334 019 332 018 332 018 2100 337 019 359 028 2029 0000 0183 0189 2001 0183 2100 041 039 2010 086 0048 09692 09696 2001 09691 2057 0105 0132 2036 0101 2027 0133 0142 2001 0133 2100 0162 0174 0182 0188 0148 0123 0121 0107 //// 10042 ///// ///// ////
000000000000000000000000000000000000000000000000000000000000000000000000000000000000000000000000000000000000000000000000=
53995 353300 1143000 00625 00645 4
20100501210000 191 026 186 027 190 033 2008 187 035 203 061 2058 0000 0177 0184 2003 0177 2100 085 082 2001 172 0151 09981 09985 2006 09979 2043 0167 0175 2005 0167 2059 0153 0158 2004 0153 2058 0182 0193 0197 0198 0171 0141 0122 0123 //// 10056 ///// ///// ////
000000000000000000000000000000000000000000000000000000000000000000000000000000000000000000000000000000000000000000000000=
53898 360300 1142400 00629 00638 4
20100501210000 181 014 183 014 177 022 2051 170 009 184 038 2044 0000 0164 0169 2002 0164 2059 093 092 2001 173 0153 09969 09977 2009 09968 2046 0104 0114 2037 0094 2015 0131 0138 2001 0130 2031 0170 0181 0186 0184 0138 0120 0112 0119 //// 10043 ///// ///// ////
000000000000000000000000000000000000000000000000000000000000000000000000000000000000000000000000000000000000000000000000
100 000 000 000 0900 /////////////////////FCB 100 0000 6///1 0//// 7//// 1//// 2//// 3//// /// /// /// // 911// 915// 919// 934// 939//=
NNNN
