57188 332200 1140200 00559 00568 4
20100501150000 156 010 147 012 189 016 1416 153 011 187 021 1410 0000 0196 0201 1401 0196 1500 082 079 1401 187 0164 10038 10041 1405 10037 1457 0140 0142 1452 0139 1437 0171 0177 1401 0171 1500 0218 0225 0227 0215 0145 0131 0124 0134 //// 10104 ///// ///// ////
000000000000000000000000000000000000000000000000000000000000000000000000000000000000000000000000000000000000000000000000=
57293 324400 1145900 00380 00391 4
20100501150000 174 009 182 009 164 012 1418 178 011 164 016 1416 0000 0188 0198 1401 0188 1500 086 083 1423 187 0164 10064 10069 1411 10064 1500 0166 0174 1401 0166 1459 0190 0199 1401 0190 1500 0222 0231 0229 0218 0179 0154 0136 0136 //// 10110 ///// ///// ////
000000000000000000000000000000000000000000000000000000000000000000000000000000000000000000000000000000000000000000000000=
57281 324200 1131800 01422 01431 4
20100501150000 114 015 109 011 109 011 1500 122 018 122 018 1500 0000 0189 0201 1401 0188 1456 085 082 1401 186 0163 09945 09949 1413 09945 1500 0153 0174 1409 0151 1455 0178 0192 1401 0178 1500 0216 0225 0226 0218 0162 0136 0129 0134 //// 10111 ///// ///// ////
000000000000000000000000000000000000000000000000000000000000000000000000000000000000000000000000000000000000000000000000=
57196 332800 1145200 00420 00428 4
20100501150000 150 028 153 027 153 027 1451 141 031 158 040 1439 0000 0212 0217 1401 0212 1500 077 075 1422 194 0170 10056 10058 1401 10056 1500 0180 0186 1447 0156 1416 0176 0177 1442 0173 1418 0200 0211 0209 0199 0147 0134 0127 0132 //// 10106 ///// ///// ////
000000000000000000000000000000000000000000000000000000000000000000000000000000000000000000000000000000000000000000000000=
57099 340400 1145100 00526 00536 4
20100501150000 177 007 150 006 084 007 1423 199 006 115 016 1421 0000 0198 0203 1401 0198 1500 081 078 1403 187 0164 10041 10044 1401 10041 1500 0132 0147 1427 0131 1405 0165 0174 1401 0165 1500 0196 0211 0210 0203 0165 0140 0123 0132 //// 10103 ///// ///// ////
000000000000000000000000000000000000000000000000000000000000000000000000000000000000000000000000000000000000000000000000=
57198 333300 1143700 00463 00473 4
20100501150000 150 004 153 004 174 007 1409 102 004 192 013 1436 0000 0194 0201 1401 0194 1500 086 085 1401 194 0170 10050 10051 1401 10050 1500 0127 0129 1401 0126 1433 0173 0182 1401 0173 1500 0207 0220 0220 0214 0155 0142 0131 0139 //// 10105 ///// ///// ////
000000000000000000000000000000000000000000000000000000000000000000000000000000000000000000000000000000000000000000000000=
57192 334400 1145100 00455 00466 4
20100501150000 167 012 179 010 175 013 1438 192 012 198 025 1437 0000 0214 0220 1401 0214 1500 075 073 1401 191 0168 10050 10052 1401 10050 1500 0171 0175 1425 0166 1457 0189 0197 1401 0189 1458 0219 0232 0229 0217 0168 0147 0133 0140 //// 10104 ///// ///// ////
000000000000000000000000000000000000000000000000000000000000000000000000000000000000000000000000000000000000000000000000=
58100 333900 1151000 00414 00424 4
20100501150000 183 014 169 015 163 019 1417 178 012 164 031 1415 0000 0214 0222 1401 0214 1500 073 071 1401 186 0164 10056 10059 1403 10056 1500 0200 0209 1415 0200 1500 0188 0195 1401 0188 1500 0223 0238 0240 0231 0177 0152 0138 0141 //// 10105 ///// ///// ////
000000000000000000000000000000000000000000000000000000000000000000000000000000000000000000000000000000000000000000000000=
57087 341200 1134800 00877 00885 4
20100501150000 206 014 211 016 212 022 1415 200 010 195 030 1402 0000 0210 0221 1401 0210 1500 077 073 1401 191 0168 09997 10001 1402 09997 1500 0169 0191 1412 0168 1457 0173 0183 1401 0173 1500 0205 0216 0216 0208 0152 0134 0124 0127 //// 10100 ///// ///// ////
000000000000000000000000000000000000000000000000000000000000000000000000000000000000000000000000000000000000000000000000=
57296 322100 1144400 00489 00501 4
20100501150000 231 020 231 019 231 019 1500 234 016 234 032 1455 0000 0225 0234 1401 0225 1500 068 064 1401 185 0163 10052 10057 1408 10052 1500 0197 0204 1407 0185 1450 0190 0197 1405 0188 1450 0220 0230 0228 0218 0179 0153 0136 0133 //// 10110 ///// ///// ////
000000000000000000000000000000000000000000000000000000000000000000000000000000000000000000000000000000000000000000000000=
57396 313800 1145100 01287 01297 4
20100501150000 188 039 192 038 209 038 1401 172 039 187 053 1457 0000 0214 0226 1401 0214 1500 070 064 1401 178 0157 09966 09969 1401 09966 1500 0200 0214 1401 0200 1500 0192 0202 1401 0192 1500 0220 0230 0230 0219 0191 0152 //// //// //// 10116 ///// ///// ////
000000000000000000000000000000000000000000000000000000000000000000000000000000000000000000000000000000000000000000000000=
58207 321000 1150300 00428 00440 4
20100501150000 207 015 209 014 226 024 1417 217 018 209 037 1405 0000 0230 0242 1401 0230 1500 062 057 1401 174 0153 10061 10063 1402 10060 1457 0160 0198 1405 0160 1500 0208 0217 1401 0208 1459 0175 0215 0211 0203 0155 0143 0133 0139 //// 10112 ///// ///// ////
000000000000000000000000000000000000000000000000000000000000000000000000000000000000000000000000000000000000000000000000=
58205 322800 1152600 00349 00360 4
20100501150000 214 010 218 010 220 011 1458 206 010 209 015 1454 0000 0207 0210 1401 0204 1433 080 080 1500 195 0171 10069 10073 1403 10069 1500 0188 0195 1431 0184 1453 0196 0205 1401 0196 1459 0208 0215 0220 0220 0170 0152 0137 0126 //// 10111 ///// ///// ////
000000000000000000000000000000000000000000000000000000000000000000000000000000000000000000000000000000000000000000000000=
57299 320100 1145400 00494 00506 4
20100501150000 256 000 281 004 206 014 1422 250 003 226 021 1424 0000 0206 0218 1401 0206 1500 075 068 1403 182 0160 10055 10056 1405 10054 1423 0147 0153 1409 0146 1459 0181 0191 1401 0181 1500 0206 0219 0227 0229 0188 0152 0134 0131 //// 10114 ///// ///// ////
000000000000000000000000000000000000000000000000000000000000000000000000000000000000000000000000000000000000000000000000=
53997 350900 1141100 00711 00723 4
20100501150000 177 016 180 016 181 018 1444 178 018 144 026 1420 0000 0200 0215 1401 0200 1500 076 068 1401 178 0156 10005 10007 1401 10005 1500 0153 0167 1408 0153 1500 0171 0182 1401 0171 1459 0206 0215 0209 0204 0148 0133 0121 0125 //// 10089 ///// ///// ////
000000000000000000000000000000000000000000000000000000000000000000000000000000000000000000000000000000000000000000000000=
53994 352300 1140400 00700 00712 4
20100501150000 250 012 254 010 295 014 1408 273 013 293 021 1403 0000 0198 0210 1401 0198 1500 081 075 1401 187 0164 10006 10009 1409 10005 1457 0129 0149 1433 0129 1500 0151 0165 1401 0151 1459 0202 0217 0217 0204 0150 0130 0121 0129 //// 10089 ///// ///// ////
000000000000000000000000000000000000000000000000000000000000000000000000000000000000000000000000000000000000000000000000=
53985 352700 1134900 00964 00979 4
20100501150000 350 002 032 000 134 004 1454 054 000 133 012 1446 0000 0213 0220 1401 0213 1500 070 065 1401 177 0156 09974 09979 1403 09974 1500 0164 0170 1401 0164 1500 0176 0183 1401 0176 1500 0203 0209 0204 0196 0159 0134 0118 0122 //// 10087 ///// ///// ////
000000000000000000000000000000000000000000000000000000000000000000000000000000000000000000000000000000000000000000000000=
53983 350200 1142500 00696 00708 4
20100501150000 175 023 177 025 176 029 1445 178 022 181 045 1441 0000 0194 0195 1446 0187 1401 087 086 1403 196 0172 10008 10013 1401 10008 1500 0163 0168 1445 0147 1406 0165 0167 1447 0163 1419 0199 0214 0216 0213 0138 0126 0117 0125 //// 10090 ///// ///// ////
000000000000000000000000000000000000000000000000000000000000000000000000000000000000000000000000000000000000000000000000=
57171 334600 1130700 01420 01430 4
20100501150000 146 026 159 026 167 030 1445 141 027 164 036 1439 0000 0218 0221 1442 0215 1413 076 075 1401 198 0174 09930 09934 1401 09930 1500 0209 0213 1443 0205 1412 0198 0203 1443 0197 1413 0203 0215 0215 0210 0189 0160 0141 0137 //// 10095 ///// ///// ////
000000000000000000000000000000000000000000000000000000000000000000000000000000000000000000000000000000000000000000000000=
57185 332700 1133500 00911 00921 4
20100501150000 184 014 171 011 197 019 1401 186 015 170 020 1418 0000 0167 0183 1404 0167 1500 082 080 1408 156 0136 09995 09999 1401 09995 1500 0142 0147 1405 0139 1452 0165 0172 1401 0165 1500 0216 0225 0226 0213 0176 0147 0129 0128 //// 10102 ///// ///// ////
000000000000000000000000000000000000000000000000000000000000000000000000000000000000000000000000000000000000000000000000=
57094 342400 1141300 00674 00685 4
20100501150000 196 006 205 006 192 011 1403 187 007 211 019 1403 0000 0192 0203 1401 0192 1500 090 085 1401 200 0175 10014 10017 1401 10014 1500 0131 0152 1407 0131 1500 0163 0174 1401 0163 1500 0201 0213 0217 0212 0175 0149 0128 0129 //// 10094 ///// ///// ////
000000000000000000000000000000000000000000000000000000000000000000000000000000000000000000000000000000000000000000000000=
57093 345100 1144900 00733 00740 4
20100501150000 179 019 178 019 179 021 1438 184 023 197 034 1438 0000 0205 0210 1401 0205 1500 079 077 1401 190 0167 10008 10014 1401 10008 1500 0189 0195 1430 0187 1452 0172 0177 1401 0172 1500 0201 0209 0207 0196 0163 0136 0122 0125 //// 10094 ///// ///// ////
000000000000000000000000000000000000000000000000000000000000000000000000000000000000000000000000000000000000000000000000=
53984 351400 1132800 00827 00837 4
20100501150000 014 011 002 010 351 011 1448 018 013 345 016 1447 0000 0172 0192 1401 0172 1500 064 059 1430 126 0103 09990 09994 1401 09990 1500 0120 0132 1401 0120 1500 0158 0170 1401 0158 1500 0204 0215 0209 0204 0163 0139 0123 0125 //// 10088 ///// ///// ////
000000000000000000000000000000000000000000000000000000000000000000000000000000000000000000000000000000000000000000000000=
53972 350700 1125500 01196 01210 4
20100501150000 275 008 297 010 007 014 1423 277 007 015 021 1419 0000 0213 0219 1401 0213 1500 050 047 1405 127 0105 09947 09950 1427 09947 1500 0128 0132 1407 0128 1459 0162 0169 1402 0162 1455 0206 0216 0217 0208 0161 0142 0133 0138 //// 10087 ///// ///// ////
000000000000000000000000000000000000000000000000000000000000000000000000000000000000000000000000000000000000000000000000=
53993 355600 1145500 00516 00524 4
20100501150000 191 012 197 018 192 023 1437 166 008 217 048 1449 0000 0206 0208 1401 0205 1425 072 067 1401 175 0154 10018 10024 1401 10018 1500 0192 0197 1445 0189 1455 0169 0172 1401 0168 1459 0199 0209 0206 0197 0167 0134 0115 0114 //// 10079 ///// ///// ////
000000000000000000000000000000000000000000000000000000000000000000000000000000000000000000000000000000000000000000000000=
NNNN
