57188 332200 1140200 00559 00568 4
20100502090000 183 024 184 029 193 040 0802 173 021 206 066 0822 0000 0307 0315 0803 0307 0900 050 041 0808 221 0191 09982 09986 0805 09982 0855 0286 0312 0801 0286 0900 0414 0471 0802 0414 0900 0328 0285 0250 0220 0149 0133 0125 0134 //// 10048 ///// ///// ////
000000000000000000000000000000000000000000000000000000000000000000000000000000000000000000000000000000000000000000000000=
57293 324400 1145900 00380 00391 4
20100502090000 192 026 199 023 203 033 0825 144 023 187 049 0822 0000 0306 0312 0801 0306 0900 058 054 0810 255 0214 10015 10019 0801 10014 0859 0355 0395 0809 0355 0900 0377 0433 0801 0377 0900 0331 0296 0262 0228 0184 0158 0137 0136 //// 10060 ///// ///// ////
000000000000000000000000000000000000000000000000000000000000000000000000000000000000000000000000000000000000000000000000=
57281 324200 1131800 01422 01431 4
20100502090000 211 027 214 028 212 030 0851 234 021 215 053 0844 0000 0319 0328 0821 0319 0859 037 034 0826 175 0154 09891 09895 0807 09891 0854 0367 0424 0805 0367 0900 0385 0445 0803 0385 0900 0329 0293 0260 0231 0166 0140 0129 0134 //// 10055 ///// ///// ////
000000000000000000000000000000000000000000000000000000000000000000000000000000000000000000000000000000000000000000000000=
57196 332800 1145200 00420 00428 4
20100502090000 194 041 190 037 189 043 0825 173 044 184 074 0802 0000 0300 0306 0802 0300 0900 057 056 0816 242 0206 10001 10006 0801 10001 0900 0331 0368 0802 0331 0900 0361 0413 0801 0361 0900 0308 0274 0237 0208 0151 0136 0127 0132 //// 10050 ///// ///// ////
000000000000000000000000000000000000000000000000000000000000000000000000000000000000000000000000000000000000000000000000=
57192 334400 1145100 00455 00466 4
20100502090000 202 022 205 023 199 030 0831 204 020 195 057 0806 0000 0314 0318 0801 0314 0900 052 049 0801 239 0204 09993 09997 0801 09992 0849 0342 0374 0802 0337 0846 0378 0421 0801 0378 0900 0340 0301 0258 0225 0173 0150 0134 0140 //// 10046 ///// ///// ////
000000000000000000000000000000000000000000000000000000000000000000000000000000000000000000000000000000000000000000000000=
58100 333900 1151000 00414 00424 4
20100502090000 186 024 202 026 216 031 0836 195 027 215 063 0802 0000 0305 0314 0801 0305 0900 057 053 0801 249 0210 10000 10004 0801 09999 0853 0343 0373 0801 0341 0851 0412 0478 0801 0412 0900 0358 0322 0282 0245 0182 0156 0139 0141 //// 10049 ///// ///// ////
000000000000000000000000000000000000000000000000000000000000000000000000000000000000000000000000000000000000000000000000=
57095 340700 1140900 00611 00622 4
20100502090000 203 037 203 034 199 046 0841 198 038 172 084 0846 0000 0313 0319 0808 0313 0900 049 043 0839 224 0193 09963 09965 0801 09963 0900 0296 0355 0817 0296 0900 0388 0444 0805 0386 0857 0325 0280 0259 0230 0163 0142 0126 0129 //// 10034 ///// ///// ////
000000000000000000000000000000000000000000000000000000000000000000000000000000000000000000000000000000000000000000000000=
57089 340200 1135200 00668 00681 4
20100502090000 205 039 209 043 208 049 0848 192 044 218 087 0806 0000 0307 0310 0801 0307 0831 044 044 0858 194 0171 09960 09963 0816 09959 0844 0332 0369 0801 0332 0900 0359 0414 0801 0359 0900 0306 0279 0251 0226 0163 0139 0128 0132 //// 10038 ///// ///// ////
000000000000000000000000000000000000000000000000000000000000000000000000000000000000000000000000000000000000000000000000
150 000 000 000 //// //////////////////////// /// 0000 6///1 0//// 7//// 1//// 2//// 3//// /// /// /// // 911// 915// 919// 934// 939//=
57296 322100 1144400 00489 00501 4
20100502090000 225 032 229 031 226 037 0826 198 031 223 074 0816 0000 0319 0325 0801 0319 0900 039 038 0817 184 0162 10003 10007 0801 10003 0900 0325 0353 0801 0325 0900 0389 0453 0801 0389 0900 0331 0294 0255 0227 0184 0156 0136 0133 //// 10060 ///// ///// ////
000000000000000000000000000000000000000000000000000000000000000000000000000000000000000000000000000000000000000000000000=
57396 313800 1145100 01287 01297 4
20100502090000 199 054 198 059 201 071 0812 217 044 189 120 0828 0000 0311 0315 0804 0311 0900 033 033 0900 149 0129 09922 09925 0801 09922 0900 0334 0369 0803 0334 0859 0372 0429 0803 0372 0900 0327 0293 0259 0227 0193 0157 //// //// //// 10070 ///// ///// ////
000000000000000000000000000000000000000000000000000000000000000000000000000000000000000000000000000000000000000000000000=
58207 321000 1150300 00428 00440 4
20100502090000 207 034 209 034 219 045 0806 238 041 209 071 0805 0000 0321 0325 0830 0321 0900 036 036 0900 172 0152 10011 10015 0801 10011 0900 0332 0365 0801 0332 0900 0318 0330 0801 0318 0900 0399 0276 0243 0219 0160 0144 0133 0139 //// 10061 ///// ///// ////
000000000000000000000000000000000000000000000000000000000000000000000000000000000000000000000000000000000000000000000000=
58205 322800 1152600 00349 00360 4
20100502090000 196 025 212 024 237 032 0801 214 030 229 052 0848 0000 0323 0332 0808 0322 0858 042 037 0801 203 0178 10020 10024 0808 10020 0900 0353 0387 0807 0351 0851 0326 0355 0807 0326 0900 0319 0308 0293 0274 0176 0154 0138 0126 //// 10061 ///// ///// ////
000000000000000000000000000000000000000000000000000000000000000000000000000000000000000000000000000000000000000000000000=
57299 320100 1145400 00494 00506 4
20100502090000 189 038 191 044 191 044 0900 186 033 178 072 0813 0000 0313 0321 0801 0313 0900 041 040 0801 187 0165 10005 10009 0802 10005 0900 0320 0366 0801 0320 0900 0363 0419 0801 0363 0900 0335 0322 0303 0281 0189 0154 0134 0131 //// 10063 ///// ///// ////
000000000000000000000000000000000000000000000000000000000000000000000000000000000000000000000000000000000000000000000000=
53997 350900 1141100 00711 00723 4
20100502090000 187 048 185 043 191 049 0801 197 044 178 068 0806 0000 0305 0313 0804 0305 0900 053 051 0832 231 0198 09934 09935 0801 09933 0847 0316 0355 0806 0316 0900 0360 0409 0801 0360 0900 0307 0278 0239 0215 0153 0136 0121 0125 //// 10017 ///// ///// ////
000000000000000000000000000000000000000000000000000000000000000000000000000000000000000000000000000000000000000000000000=
53994 352300 1140400 00700 00712 4
20100502090000 189 021 191 018 188 024 0806 172 026 203 041 0844 0000 0321 0329 0801 0321 0900 054 048 0803 258 0216 09936 09938 0801 09936 0900 0356 0409 0802 0356 0900 0412 0485 0801 0412 0900 0333 0289 0249 0211 0154 0132 0121 0129 //// 10018 ///// ///// ////
000000000000000000000000000000000000000000000000000000000000000000000000000000000000000000000000000000000000000000000000=
53985 352700 1134900 00964 00979 4
20100502090000 260 008 287 007 289 017 0801 227 007 240 021 0804 0000 0321 0331 0808 0321 0900 046 038 0801 220 0190 09903 09907 0801 09903 0900 0301 0351 0801 0301 0856 0337 0427 0809 0337 0900 0283 0261 0226 0202 0164 0138 0119 0122 //// 10015 ///// ///// ////
000000000000000000000000000000000000000000000000000000000000000000000000000000000000000000000000000000000000000000000000=
53983 350200 1142500 00696 00708 4
20100502090000 183 034 185 036 191 052 0828 175 036 164 084 0804 0000 0301 0307 0801 0301 0900 059 054 0834 252 0212 09939 09940 0801 09938 0827 0302 0345 0801 0300 0855 0338 0435 0802 0338 0900 0323 0296 0265 0238 0142 0128 0117 0126 //// 10020 ///// ///// ////
000000000000000000000000000000000000000000000000000000000000000000000000000000000000000000000000000000000000000000000000=
57171 334600 1130700 01420 01430 4
20100502090000 175 051 175 048 184 063 0834 184 051 172 084 0807 0000 0300 0306 0801 0300 0900 053 051 0833 225 0194 09869 09872 0801 09869 0900 0337 0358 0801 0336 0859 0361 0393 0801 0361 0900 0319 0283 0255 0230 0192 0166 0142 0137 //// 10032 ///// ///// ////
000000000000000000000000000000000000000000000000000000000000000000000000000000000000000000000000000000000000000000000000=
57185 332700 1133500 00911 00921 4
20100502090000 219 038 219 036 215 045 0839 211 028 186 072 0853 0000 0307 0316 0801 0307 0900 043 040 0812 190 0167 09938 09941 0801 09938 0900 0331 0364 0802 0331 0900 0400 0465 0802 0400 0900 0318 0287 0255 0224 0177 0151 0129 0129 //// 10044 ///// ///// ////
000000000000000000000000000000000000000000000000000000000000000000000000000000000000000000000000000000000000000000000000=
53972 350700 1125500 01196 01210 4
20100502090000 293 010 273 011 240 028 0801 294 009 209 040 0817 0000 0330 0342 0801 0330 0900 033 029 0801 166 0146 09873 09879 0801 09873 0900 0251 0323 0801 0251 0900 0329 0467 0801 0329 0900 0305 0281 0251 0219 0164 0145 0133 0138 //// 10011 ///// ///// ////
000000000000000000000000000000000000000000000000000000000000000000000000000000000000000000000000000000000000000000000000=
53993 355600 1145500 00516 00524 4
20100502090000 197 045 201 043 215 050 0821 158 057 200 108 0802 0000 0306 0316 0801 0306 0900 054 046 0802 237 0202 09946 09952 0803 09946 0900 0341 0370 0801 0328 0833 0369 0428 0801 0364 0833 0300 0267 0231 0206 0171 0139 0116 0114 //// 10006 ///// ///// ////
000000000000000000000000000000000000000000000000000000000000000000000000000000000000000000000000000000000000000000000000=
NNNN
