57090 344300 1135800 00781 00802 4
20100326070000 178 028 180 034 178 035 0659 187 028 184 069 0658 0000 0164 0167 0651 0163 0602 030 028 0653 056 -012 10099 10107 0601 10099 0659 0204 0269 0617 0203 0659 0274 0336 0616 0274 0700 0203 0156 0126 0110 0096 0094 0088 0120 //// 10197 ///// ///// ////
000000000000000000000000000000000000000000000000000000000000000000000000000000000000000000000000000000000000000000000000=
57083 344300 1133900 01104 01116 4
20100326070000 159 022 185 023 192 024 0659 152 028 158 041 0656 0000 0174 0178 0651 0171 0601 027 022 0610 054 -018 10055 10063 0601 10055 0700 0364 0483 0604 0364 0700 0304 0366 0602 0304 0700 0194 0156 0127 0110 0093 0098 0103 0125 0001 10191 ///// ///// ////
000000000000000000000000000000000000000000000000000000000000000000000000000000000000000000000000000000000000000000000000
100 010 000 /// //// /////////////////////CSI /// //// 6///1 0//// 7//// 1//// 2//// 3//// /// /// /// // 911// 915// 919// 934// 939//=
57086 342300 1134300 01166 01168 4
20100326070000 187 035 194 036 199 043 0609 195 038 181 072 0601 0000 0155 0159 0629 0153 0604 041 036 0608 072 0023 10058 10067 0603 10058 0700 0200 0235 0611 0200 0700 0268 0339 0601 0268 0700 0210 0159 0123 0104 0094 0095 0095 0116 //// 10201 ///// ///// ////
000000000000000000000000000000000000000000000000000000000000000000000000000000000000000000000000000000000000000000000000=
57085 343200 1132000 02599 02648 4
20100326070000 214 020 216 027 220 027 0659 218 013 195 052 0622 0000 0165 0174 0613 0165 0700 022 016 0606 041 -053 09876 09882 0601 09875 0658 0201 0262 0611 0198 0659 0283 0378 0601 0283 0659 0218 0161 0127 0106 0097 0098 0095 0121 //// 10196 ///// ///// ////
000000000000000000000000000000000000000000000000000000000000000000000000000000000000000000000000000000000000000000000000=
57081 344800 1132600 01409 01419 4
20100326070000 345 009 049 008 109 016 0653 350 006 133 035 0645 0000 0161 0161 0632 0156 0612 019 017 0649 035 -075 10024 10032 0602 10024 0653 0243 0291 0602 0222 0651 0291 0349 0603 0281 0650 0197 0156 0127 0103 0086 0094 0097 0117 //// 10197 ///// ///// ////
000000000000000000000000000000000000000000000000000000000000000000000000000000000000000000000000000000000000000000000000=
57084 343000 1130300 11784 11790 4
20100326070000 257 020 248 023 244 042 0629 248 019 271 058 0624 0000 0102 0115 0607 0098 0650 030 026 0608 037 -066 08846 08853 0605 08846 0700 0167 0235 0602 0161 0628 0229 0298 0601 0229 0700 0186 0137 0093 0067 0052 //// //// //// //// 10207 ///// ///// ////
000000000000000000000000000000000000000000000000000000000000000000000000000000000000000000000000000000000000000000000000=
57080 344400 1125800 01652 01661 4
20100326070000 258 023 252 030 232 032 0624 257 035 232 058 0651 0000 0158 0162 0620 0155 0601 020 016 0624 036 -071 09997 10004 0608 09997 0700 0210 0273 0612 0208 0643 0269 0342 0612 0269 0700 0183 0140 0110 0097 0085 0089 0090 0119 //// 10200 ///// ///// ////
000000000000000000000000000000000000000000000000000000000000000000000000000000000000000000000000000000000000000000000000=
57082 342800 1130100 04271 04284 4
20100326070000 239 032 245 034 250 035 0653 223 035 223 062 0607 0000 0161 0163 0627 0160 0655 018 016 0612 033 -082 09686 09694 0607 09686 0700 0213 0265 0603 0213 0700 0275 0349 0601 0275 0700 0202 0162 0127 0106 0090 0097 0101 //// //// 10199 ///// ///// ////
000000000000000000000000000000000000000000000000000000000000000000000000000000000000000000000000000000000000000000000000=
57295 323700 1142100 00785 00802 4
20100326070000 227 025 229 029 221 035 0613 246 031 237 070 0605 0000 0180 0183 0653 0176 0601 026 024 0609 054 -018 10111 10120 0604 10111 0700 0309 0354 0603 0309 0700 0261 0296 0603 0256 0657 0207 0150 0121 0103 0095 0099 0104 0127 //// 10209 ///// ///// ////
000000000000000000000000000000000000000000000000000000000000000000000000000000000000000000000000000000000000000000000000=
57188 332200 1140200 00559 00568 4
20100326070000 137 043 119 030 187 045 0606 153 050 195 061 0605 0000 0163 0168 0620 0159 0636 046 034 0606 085 0047 10135 10145 0606 10135 0700 0238 0266 0649 0227 0635 0265 0295 0601 0264 0635 0195 0145 0113 0096 0092 0096 0103 0132 //// 10205 ///// ///// ////
000000000000000000000000000000000000000000000000000000000000000000000000000000000000000000000000000000000000000000000000=
57293 324400 1145900 00380 00391 4
20100326070000 176 043 190 040 180 051 0602 175 055 172 076 0614 0000 0168 0168 0700 0158 0603 042 035 0658 080 0038 10167 10176 0601 10167 0700 0251 0262 0624 0230 0647 0299 0313 0608 0286 0647 0192 0146 0116 0095 0097 0102 0107 0132 //// 10215 ///// ///// ////
000000000000000000000000000000000000000000000000000000000000000000000000000000000000000000000000000000000000000000000000=
57189 330800 1135700 00646 00655 4
20100326070000 252 028 245 028 229 029 0646 268 038 189 063 0625 0000 0173 0175 0649 0168 0628 046 041 0643 091 0056 10126 10137 0601 10126 0659 0245 0264 0615 0212 0655 0264 0288 0615 0247 0655 0186 0147 0122 0104 0088 0095 0100 0122 //// 10207 ///// ///// ////
000000000000000000000000000000000000000000000000000000000000000000000000000000000000000000000000000000000000000000000000=
57194 331700 1141600 00598 00609 4
20100326070000 142 019 163 027 185 036 0606 150 030 195 064 0652 0000 0163 0163 0652 0154 0618 043 040 0647 080 0037 10134 10143 0601 10133 0656 0225 0237 0656 0209 0638 0260 0287 0601 0250 0638 0165 0136 0111 0096 0092 0095 0099 0126 //// 10209 ///// ///// ////
000000000000000000000000000000000000000000000000000000000000000000000000000000000000000000000000000000000000000000000000=
57197 330000 1142000 00489 00545 4
20100326070000 181 039 174 038 167 041 0651 181 047 187 066 0611 0000 0166 0168 0645 0162 0601 044 040 0610 083 0043 10140 10151 0601 10140 0659 0266 0325 0606 0256 0653 0240 0271 0606 0239 0633 0192 0158 0123 0102 0096 0100 0102 0125 //// 10207 ///// ///// ////
000000000000000000000000000000000000000000000000000000000000000000000000000000000000000000000000000000000000000000000000=
57294 325000 1140100 00836 00846 4
20100326070000 204 034 227 034 232 034 0659 195 028 167 056 0604 0000 0185 0186 0654 0173 0616 033 031 0644 070 0019 10098 10108 0612 10098 0700 0246 0269 0644 0227 0616 0311 0331 0645 0302 0613 0202 0146 0111 0094 0093 0104 0103 0118 //// 10201 ///// ///// ////
000000000000000000000000000000000000000000000000000000000000000000000000000000000000000000000000000000000000000000000000=
57292 325800 1143800 00444 00453 4
20100326070000 198 035 206 036 205 041 0623 212 035 173 070 0614 0000 0162 0162 0700 0156 0626 040 039 0638 074 0026 10158 10167 0602 10158 0700 0252 0283 0608 0209 0641 0229 0250 0605 0207 0642 0172 0135 0108 0097 0094 0102 0106 0133 //// 10214 ///// ///// ////
000000000000000000000000000000000000000000000000000000000000000000000000000000000000000000000000000000000000000000000000=
57195 333700 1143700 00466 00476 4
20100326070000 221 025 220 025 236 028 0605 223 029 226 053 0603 0000 0159 0170 0624 0159 0700 039 033 0602 070 0020 10155 10162 0601 10155 0700 0219 0284 0624 0212 0657 0277 0345 0614 0273 0658 0227 0175 0131 0108 0097 0099 0103 0141 //// 10213 ///// ///// ////
000000000000000000000000000000000000000000000000000000000000000000000000000000000000000000000000000000000000000000000000=
57193 334700 1143100 00526 00541 4
20100326070000 182 035 181 031 183 032 0630 181 047 181 060 0617 0000 0154 0159 0613 0154 0625 043 040 0623 075 0029 10148 10154 0603 10148 0658 0220 0265 0611 0220 0700 0252 0320 0602 0252 0700 0197 0159 0130 0109 0099 0102 0106 0130 //// 10215 ///// ///// ////
000000000000000000000000000000000000000000000000000000000000000000000000000000000000000000000000000000000000000000000000=
57196 332800 1145200 00420 00428 4
20100326070000 192 042 194 042 196 049 0646 184 040 198 073 0639 0000 0158 0158 0700 0154 0612 042 038 0620 075 0029 10162 10169 0601 10162 0700 0227 0242 0605 0221 0655 0299 0322 0607 0296 0655 0194 0142 0106 0089 0095 0100 0106 0131 //// 10215 ///// ///// ////
000000000000000000000000000000000000000000000000000000000000000000000000000000000000000000000000000000000000000000000000=
58104 332400 1150400 00412 00425 4
20100326070000 217 055 213 045 201 048 0618 220 053 203 072 0616 0000 0160 0161 0650 0154 0605 043 042 0603 078 0034 10165 10172 0601 10164 0648 0232 0247 0612 0230 0638 0258 0280 0613 0258 0700 0203 0154 0118 0097 0091 0097 0100 0135 //// 10217 ///// ///// ////
000000000000000000000000000000000000000000000000000000000000000000000000000000000000000000000000000000000000000000000000=
57198 333300 1143700 00463 00473 4
20100326070000 174 028 170 027 179 038 0617 132 033 201 060 0616 0000 0163 0163 0700 0159 0607 042 038 0601 078 0034 10155 10163 0601 10155 0700 0284 0319 0601 0276 0657 0314 0352 0623 0313 0658 0192 0147 0116 0102 0100 0104 0108 0137 //// 10213 ///// ///// ////
000000000000000000000000000000000000000000000000000000000000000000000000000000000000000000000000000000000000000000000000=
58101 335200 1152900 00413 00428 4
20100326070000 204 033 202 034 214 038 0617 206 064 206 068 0654 0000 0162 0166 0647 0158 0615 031 030 0649 057 -009 10163 10171 0602 10162 0656 0249 0281 0604 0249 0659 0309 0340 0605 0309 0700 0227 0161 0118 0097 0094 0098 0101 0130 //// 10216 ///// ///// ////
000000000000000000000000000000000000000000000000000000000000000000000000000000000000000000000000000000000000000000000000=
57192 334400 1145100 00455 00466 4
20100326070000 212 030 212 028 212 033 0631 167 020 164 060 0601 0000 0168 0171 0616 0166 0606 033 031 0613 063 0005 10156 10163 0601 10156 0700 0273 0327 0606 0263 0655 0335 0384 0612 0323 0655 0231 0170 0124 0104 0104 0107 0108 0140 //// 10213 ///// ///// ////
000000000000000000000000000000000000000000000000000000000000000000000000000000000000000000000000000000000000000000000000=
57098 340500 1142400 00583 00593 4
20100326070000 196 038 194 040 199 045 0655 211 041 211 069 0653 0000 0151 0159 0612 0151 0700 046 041 0613 079 0036 10136 10142 0601 10136 0700 0216 0260 0601 0202 0655 0210 0251 0601 0207 0655 0192 0159 0124 0106 0095 0098 0099 0128 //// 10209 ///// ///// ////
000000000000000000000000000000000000000000000000000000000000000000000000000000000000000000000000000000000000000000000000=
57190 334500 1142400 00505 00516 4
20100326070000 184 044 185 041 187 046 0625 189 057 205 066 0611 0000 0153 0159 0614 0153 0700 049 043 0615 085 0047 10147 10153 0601 10147 0700 0202 0235 0606 0201 0641 0272 0330 0601 0270 0656 0217 0170 0128 0102 0091 0098 0102 0130 //// 10211 ///// ///// ////
000000000000000000000000000000000000000000000000000000000000000000000000000000000000000000000000000000000000000000000000=
58100 333900 1151000 00414 00424 4
20100326070000 191 031 193 029 188 037 0607 201 031 173 065 0604 0000 0163 0167 0626 0159 0607 032 030 0604 059 -004 10162 10170 0601 10161 0650 0227 0258 0623 0221 0656 0342 0392 0602 0338 0656 0237 0176 0132 0107 0101 0106 0111 0136 //// 10214 ///// ///// ////
000000000000000000000000000000000000000000000000000000000000000000000000000000000000000000000000000000000000000000000000=
57088 340900 1133000 01161 01177 4
20100326070000 234 028 230 030 229 036 0649 237 030 223 056 0610 0000 0161 0165 0607 0159 0651 034 033 0604 062 0002 10056 10066 0601 10056 0700 0234 0286 0603 0234 0700 0313 0394 0602 0313 0700 0236 0178 0129 0106 0093 0100 0104 0126 //// 10200 ///// ///// ////
000000000000000000000000000000000000000000000000000000000000000000000000000000000000000000000000000000000000000000000000=
57095 340700 1140900 00611 00622 4
20100326070000 218 024 222 028 230 041 0617 192 023 217 077 0614 0000 0159 0164 0612 0158 0623 040 035 0601 072 0023 10128 10135 0601 10128 0700 0209 0259 0607 0196 0652 0283 0363 0611 0274 0652 0233 0205 0175 0149 0094 0096 0097 0125 //// 10204 ///// ///// ////
000000000000000000000000000000000000000000000000000000000000000000000000000000000000000000000000000000000000000000000000=
57182 335100 1133000 00805 00814 4
20100326070000 198 034 200 036 197 042 0613 186 034 213 070 0612 0000 0159 0161 0618 0156 0601 042 038 0652 076 0030 10102 10111 0601 10102 0700 0220 0250 0601 0214 0642 0299 0358 0601 0293 0657 0211 0157 0124 0106 0106 0106 0108 0139 //// 10202 ///// ///// ////
000000000000000000000000000000000000000000000000000000000000000000000000000000000000000000000000000000000000000000000000=
57087 341200 1134800 00877 00885 4
20100326070000 202 038 195 039 195 045 0644 175 032 187 075 0607 0000 0154 0160 0605 0152 0631 043 039 0607 075 0029 10092 10101 0601 10091 0656 0213 0274 0604 0199 0627 0258 0338 0603 0256 0652 0195 0158 0124 0105 0095 0096 0099 0123 //// 10201 ///// ///// ////
000000000000000000000000000000000000000000000000000000000000000000000000000000000000000000000000000000000000000000000000=
57297 320800 1140300 01145 01154 4
20100326070000 210 032 219 037 232 051 0616 203 043 254 082 0621 0000 0175 0178 0654 0167 0603 027 026 0646 054 -017 10070 10079 0608 10069 0657 0285 0305 0619 0280 0634 0323 0341 0629 0317 0604 0235 0178 0136 0111 0105 0111 0116 //// //// 10211 ///// ///// ////
000000000000000000000000000000000000000000000000000000000000000000000000000000000000000000000000000000000000000000000000=
57296 322100 1144400 00489 00501 4
20100326070000 214 024 224 026 224 037 0626 245 020 234 061 0647 0000 0176 0176 0700 0169 0601 030 028 0618 060 -002 10151 10159 0601 10151 0700 0250 0262 0607 0231 0620 0348 0356 0607 0332 0648 0227 0161 0120 0102 0102 0108 0112 0131 //// 10212 ///// ///// ////
000000000000000000000000000000000000000000000000000000000000000000000000000000000000000000000000000000000000000000000000=
57396 313800 1145100 01287 01297 4
20100326070000 199 052 197 047 210 050 0638 178 052 211 082 0635 0000 0166 0168 0644 0159 0601 026 025 0601 049 -030 10057 10066 0601 10057 0700 0218 0248 0627 0218 0700 0275 0297 0622 0275 0700 0216 0155 0116 0096 0091 0102 //// //// //// 10216 ///// ///// ////
000000000000000000000000000000000000000000000000000000000000000000000000000000000000000000000000000000000000000000000000=
58301 314900 1152300 00916 00929 4
20100326070000 236 020 248 026 256 029 0659 283 013 244 051 0656 0000 0184 0186 0631 0173 0602 016 016 0700 034 -079 10101 10113 0601 10101 0700 0244 0286 0621 0238 0659 0291 0304 0627 0290 0658 0216 0165 0129 0105 0095 0106 0112 0128 //// 10214 ///// ///// ////
000000000000000000000000000000000000000000000000000000000000000000000000000000000000000000000000000000000000000000000000=
57298 321300 1143300 00554 00562 4
20100326070000 216 030 205 033 202 046 0609 237 031 209 078 0608 0000 0178 0179 0651 0170 0610 031 029 0625 063 0005 10142 10152 0601 10142 0700 0254 0265 0621 0241 0610 0277 0294 0601 0276 0658 0204 0088 0150 0099 0099 0105 0104 0134 //// 10211 ///// ///// ////
000000000000000000000000000000000000000000000000000000000000000000000000000000000000000000000000000000000000000000000000=
57390 314800 1140400 07335 07347 4
20100326070000 206 041 204 040 214 055 0620 200 045 214 118 0611 0000 0123 0126 0652 0117 0607 037 035 0605 053 -020 09355 09364 0601 09355 0700 0193 0209 0637 0177 0605 0247 0259 0629 0244 0605 0169 0117 0088 0074 0071 0084 //// //// //// 10225 ///// ///// ////
000000000000000000000000000000000000000000000000000000000000000000000000000000000000000000000000000000000000000000000000=
58207 321000 1150300 00428 00440 4
20100326070000 215 019 199 024 233 039 0601 237 014 161 050 0653 0000 0179 0180 0624 0171 0601 027 023 0645 055 -013 10159 10167 0601 10159 0700 0282 0291 0623 0262 0653 0226 0226 0700 0216 0601 0352 0165 0126 0105 0099 0109 0114 0137 //// 10213 ///// ///// ////
000000000000000000000000000000000000000000000000000000000000000000000000000000000000000000000000000000000000000000000000=
58205 322800 1152600 00349 00360 4
20100326070000 217 018 214 022 183 034 0625 206 014 198 066 0601 0000 0172 0176 0651 0164 0603 024 023 0603 047 -035 10174 10182 0601 10174 0700 0223 0237 0643 0209 0637 0245 0257 0608 0231 0637 0217 0194 0171 0147 0104 0110 0112 0123 //// 10218 ///// ///// ////
000000000000000000000000000000000000000000000000000000000000000000000000000000000000000000000000000000000000000000000000=
58208 321000 1153700 00429 00439 4
20100326070000 168 028 190 021 140 030 0642 146 036 149 047 0640 0000 0168 0168 0700 0162 0613 024 022 0601 046 -039 10166 10177 0601 10166 0700 0255 0277 0619 0239 0656 0282 0299 0609 0277 0642 0205 0154 0120 0100 0099 0107 0113 0139 //// 10220 ///// ///// ////
000000000000000000000000000000000000000000000000000000000000000000000000000000000000000000000000000000000000000000000000=
57299 320100 1145400 00494 00506 4
20100326070000 160 027 164 029 195 047 0611 188 030 195 072 0608 0000 0180 0180 0700 0172 0601 026 024 0623 054 -018 10149 10160 0601 10149 0700 0282 0288 0616 0263 0610 0255 0265 0606 0254 0656 0205 0181 0155 0134 0095 0105 0109 0126 //// 10211 ///// ///// ////
000000000000000000000000000000000000000000000000000000000000000000000000000000000000000000000000000000000000000000000000=
53989 350300 1135700 00766 00777 4
20100326070000 194 040 207 042 207 042 0700 190 036 212 069 0639 0000 0165 0167 0649 0158 0615 024 022 0604 045 -041 10099 10109 0601 10099 0700 0252 0282 0604 0250 0640 0340 0389 0603 0340 0700 0214 0166 0130 0110 0090 0092 0096 0123 //// 10194 ///// ///// ////
000000000000000000000000000000000000000000000000000000000000000000000000000000000000000000000000000000000000000000000000=
53997 350900 1141100 00711 00723 4
20100326070000 224 044 217 045 207 049 0632 222 047 220 074 0650 0000 0162 0165 0649 0156 0605 030 026 0604 055 -014 10106 10115 0601 10106 0700 0221 0252 0613 0214 0634 0301 0333 0612 0301 0636 0204 0161 0125 0105 0091 0094 0098 0124 //// 10195 ///// ///// ////
000000000000000000000000000000000000000000000000000000000000000000000000000000000000000000000000000000000000000000000000=
53986 351900 1135300 00732 00740 4
20100326070000 198 044 205 039 201 045 0644 198 067 198 073 0631 0000 0168 0168 0700 0160 0624 023 021 0645 044 -044 10102 10111 0601 10102 0657 0248 0266 0601 0247 0644 0319 0336 0610 0319 0700 0193 0149 0120 0103 0090 0095 0099 0127 //// 10193 ///// ///// ////
000000000000000000000000000000000000000000000000000000000000000000000000000000000000000000000000000000000000000000000000=
53994 352300 1140400 00700 00712 4
20100326070000 231 041 228 037 228 041 0623 251 042 190 067 0634 0000 0169 0170 0645 0163 0602 024 021 0601 046 -038 10105 10111 0601 10105 0700 0286 0290 0651 0257 0610 0381 0394 0651 0374 0611 0216 0154 0118 0096 0086 0091 0096 0127 //// 10192 ///// ///// ////
000000000000000000000000000000000000000000000000000000000000000000000000000000000000000000000000000000000000000000000000=
53988 351600 1134000 00776 00784 4
20100326070000 226 048 212 045 213 048 0649 234 081 234 081 0700 0000 0175 0175 0700 0166 0601 020 019 0612 040 -057 10092 10099 0601 10090 0657 0283 0297 0639 0264 0620 0364 0389 0604 0364 0700 0235 0170 0124 0104 0089 0093 0099 0126 //// 10188 ///// ///// ////
000000000000000000000000000000000000000000000000000000000000000000000000000000000000000000000000000000000000000000000000=
53985 352700 1134900 00964 00979 4
20100326070000 276 017 296 017 295 019 0655 313 020 288 045 0650 0000 0173 0173 0700 0165 0610 021 021 0700 041 -052 10071 10080 0601 10071 0700 0190 0197 0604 0182 0611 0189 0219 0605 0189 0700 0131 0115 0093 0083 0079 0081 0085 0118 //// 10190 ///// ///// ////
000000000000000000000000000000000000000000000000000000000000000000000000000000000000000000000000000000000000000000000000=
53983 350200 1142500 00696 00708 4
20100326070000 193 047 194 047 199 056 0646 200 044 186 080 0644 0000 0167 0169 0628 0162 0608 033 029 0645 063 0004 10109 10118 0601 10109 0700 0245 0262 0609 0235 0631 0327 0360 0611 0323 0657 0215 0159 0126 0107 0082 0087 0090 0123 //// 10196 ///// ///// ////
000000000000000000000000000000000000000000000000000000000000000000000000000000000000000000000000000000000000000000000000=
53998 351200 1143900 00616 00625 4
20100326070000 198 042 203 049 198 055 0655 203 035 195 086 0649 0000 0169 0170 0649 0160 0603 028 026 0643 054 -017 10119 10129 0601 10119 0700 0278 0286 0636 0262 0602 0319 0331 0637 0315 0652 0207 0155 0119 0100 0094 0096 0097 0128 //// 10196 ///// ///// ////
000000000000000000000000000000000000000000000000000000000000000000000000000000000000000000000000000000000000000000000000=
57051 344800 1111200 04099 04117 4
20100326070000 287 018 284 015 277 020 0629 288 025 302 043 0626 0000 0148 0149 0614 0144 0601 017 016 0616 029 -100 09713 09720 0601 09712 0656 0202 0223 0638 0201 0658 0240 0266 0622 0240 0700 0169 0133 0111 0096 0081 0087 0088 0114 //// 10209 ///// ///// ////
000000000000000000000000000000000000000000000000000000000000000000000000000000000000000000000000000000000000000000000000=
57063 344600 1114600 05236 05236 4
20100326070000 314 045 301 044 294 052 0648 319 047 288 089 0621 0000 0151 0158 0621 0151 0700 018 017 0602 031 -090 09577 09584 0601 09577 0659 0197 0227 0607 0197 0700 0244 0288 0601 0244 0700 0156 0117 0088 0075 0071 0077 0084 0110 //// 10209 ///// ///// ////
000000000000000000000000000000000000000000000000000000000000000000000000000000000000000000000000000000000000000000000000=
57067 340300 1110200 05688 05699 4
20100326070000 037 011 044 013 022 013 0657 029 008 063 023 0655 0000 0147 0149 0648 0143 0623 026 023 0649 043 -046 09520 09530 0601 09520 0700 0208 0246 0644 0207 0659 0215 0230 0642 0215 0700 0153 0111 0079 0089 0081 0092 0096 0122 //// 10204 ///// ///// ////
000000000000000000000000000000000000000000000000000000000000000000000000000000000000000000000000000000000000000000000000=
57056 343200 1105300 03904 03909 4
20100326070000 247 021 273 017 273 017 0700 268 018 215 032 0608 0000 0141 0142 0644 0139 0610 019 015 0615 031 -092 09741 09748 0601 09741 0659 0203 0225 0603 0200 0648 0248 0272 0603 0248 0700 0173 0132 0103 0092 0084 0090 0094 0118 //// 10216 ///// ///// ////
000000000000000000000000000000000000000000000000000000000000000000000000000000000000000000000000000000000000000000000000=
58007 340400 1151800 00472 00532 4
20100326070000 181 036 190 030 179 038 0652 218 033 189 068 0649 0000 0162 0163 0658 0156 0622 035 032 0621 064 0007 10149 10155 0603 10148 0653 0220 0240 0603 0216 0621 0315 0346 0602 0315 0700 0208 0153 0118 0100 0094 0100 0103 0130 //// 10215 ///// ///// ////
000000000000000000000000000000000000000000000000000000000000000000000000000000000000000000000000000000000000000000000000=
58006 342300 1155300 00463 00506 4
20100326070000 206 042 213 045 231 051 0619 187 032 220 090 0617 0000 0162 0165 0638 0159 0618 029 026 0614 053 -018 10154 10164 0603 10154 0659 0233 0255 0607 0231 0656 0291 0315 0608 0290 0659 0216 0163 0124 0100 0090 0094 0098 0126 //// 10217 ///// ///// ////
000000000000000000000000000000000000000000000000000000000000000000000000000000000000000000000000000000000000000000000000=
58111 335800 1162700 00325 00325 4
20100326070000 198 034 196 035 200 043 0604 150 039 212 076 0656 0000 0152 0154 0654 0142 0604 026 025 0639 045 -042 10182 10192 0602 10182 0700 0264 0296 0625 0262 0659 0256 0278 0609 0256 0700 0173 0136 0109 0093 0088 0097 0105 0138 //// 10222 ///// ///// ////
000000000000000000000000000000000000000000000000000000000000000000000000000000000000000000000000000000000000000000000000=
58017 341500 1160800 00410 00420 4
20100326070000 200 027 198 037 198 043 0656 195 021 226 076 0645 0000 0161 0162 0629 0156 0606 028 025 0611 051 -024 10163 10172 0601 10163 0656 0268 0286 0629 0249 0657 0283 0301 0608 0280 0657 0183 0141 0113 0099 0094 0097 0103 0127 //// 10215 ///// ///// ////
000000000000000000000000000000000000000000000000000000000000000000000000000000000000000000000000000000000000000000000000=
58001 342600 1150600 00563 00569 4
20100326070000 206 047 207 042 198 046 0632 206 039 201 084 0628 0000 0160 0161 0657 0156 0630 035 033 0624 064 0006 10140 10147 0603 10138 0635 0214 0232 0613 0210 0642 0227 0245 0612 0227 0700 0169 0133 0106 0089 0086 0089 0094 0126 //// 10210 ///// ///// ////
000000000000000000000000000000000000000000000000000000000000000000000000000000000000000000000000000000000000000000000000=
58005 342700 1154000 00501 00511 4
20100326070000 193 038 219 042 237 051 0655 206 039 251 082 0648 0000 0166 0166 0700 0156 0606 030 027 0629 057 -010 10148 10157 0601 10148 0700 0281 0311 0616 0264 0651 0302 0331 0616 0295 0650 0202 0156 0121 0101 0092 0098 0104 0131 0002 10211 ///// ///// ////
000000000000000000000000000000000000000000000000000000000000000000000000000000000000000000000000000000000000000000000000
160 000 000 /// //// //////////////////////// /// //// 6///1 0//// 7//// 1//// 2//// 3//// /// /// /// // 911// 915// 919// 934// 939//=
58008 342800 1152000 00544 00592 4
20100326070000 197 038 199 037 201 039 0638 181 050 181 074 0638 0000 0162 0164 0631 0156 0606 031 029 0633 057 -009 10135 10143 0601 10135 0659 0291 0333 0629 0291 0700 0248 0261 0629 0241 0640 0181 0140 0112 0090 0089 0094 0099 0129 //// 10208 ///// ///// ////
000000000000000000000000000000000000000000000000000000000000000000000000000000000000000000000000000000000000000000000000=
58004 343900 1150900 00606 00616 4
20100326070000 187 047 207 038 198 047 0631 187 060 189 084 0630 0000 0165 0165 0700 0157 0606 033 032 0625 062 0002 10130 10138 0603 10130 0654 0238 0259 0609 0231 0634 0288 0309 0609 0287 0649 0204 0162 0123 0105 0095 0100 0102 0126 //// 10206 ///// ///// ////
000000000000000000000000000000000000000000000000000000000000000000000000000000000000000000000000000000000000000000000000=
54817 355900 1155200 00421 00434 4
20100326070000 239 027 217 030 244 041 0614 232 043 265 080 0606 0000 0168 0168 0700 0156 0601 019 018 0618 036 -069 10143 10151 0601 10142 0657 0242 0248 0605 0218 0650 0303 0318 0605 0290 0651 0204 0145 0107 0083 0078 0078 0088 0116 //// 10196 ///// ///// ////
000000000000000000000000000000000000000000000000000000000000000000000000000000000000000000000000000000000000000000000000=
54902 355400 1150700 00495 00499 4
20100326070000 208 067 199 060 206 067 0613 206 077 218 094 0607 0000 0169 0173 0620 0167 0631 025 019 0612 048 -032 10129 10133 0604 10128 0654 0221 0257 0620 0220 0658 0290 0350 0604 0290 0700 0201 0148 0110 0089 0077 0074 0081 0111 //// 10190 ///// ///// ////
000000000000000000000000000000000000000000000000000000000000000000000000000000000000000000000000000000000000000000000000=
54900 354200 1150100 00537 00541 4
20100326070000 199 071 197 061 197 061 0700 192 051 195 094 0632 0000 0161 0168 0614 0161 0700 026 023 0614 048 -034 10125 10133 0601 10125 0658 0215 0284 0611 0214 0658 0262 0327 0602 0262 0700 0200 0150 0110 0092 0082 0082 0084 0110 //// 10191 ///// ///// ////
000000000000000000000000000000000000000000000000000000000000000000000000000000000000000000000000000000000000000000000000=
54901 360500 1151000 00475 00478 4
20100326070000 204 070 197 072 198 077 0604 209 069 184 105 0606 0000 0171 0173 0640 0163 0604 017 014 0625 033 -081 10132 10137 0601 10130 0650 0237 0251 0618 0232 0658 0288 0309 0623 0286 0659 0193 0142 0107 0087 0080 0081 0078 0105 //// 10191 ///// ///// ////
000000000000000000000000000000000000000000000000000000000000000000000000000000000000000000000000000000000000000000000000=
54903 355100 1152900 00457 00506 4
20100326070000 231 050 235 055 229 069 0645 232 072 229 113 0611 0000 0164 0166 0619 0162 0601 022 018 0651 041 -054 10131 10137 0605 10130 0658 0218 0241 0611 0208 0658 0271 0323 0611 0269 0659 0183 0136 0105 0089 0078 0081 0091 0114 //// 10193 ///// ///// ////
000000000000000000000000000000000000000000000000000000000000000000000000000000000000000000000000000000000000000000000000=
57184 333800 1132200 00834 00847 4
20100326070000 224 032 204 023 184 035 0613 220 043 198 062 0611 0000 0155 0156 0652 0149 0612 043 042 0607 076 0030 10097 10107 0601 10097 0700 0168 0175 0602 0161 0635 0262 0278 0657 0238 0612 0188 0147 0123 0106 0096 0102 0105 0129 //// 10201 ///// ///// ////
000000000000000000000000000000000000000000000000000000000000000000000000000000000000000000000000000000000000000000000000=
57177 332000 1133200 00898 00913 4
20100326070000 219 041 217 039 216 051 0627 237 036 206 077 0608 0000 0167 0167 0700 0159 0607 033 033 0700 063 0004 10092 10102 0601 10092 0700 0229 0238 0655 0201 0641 0225 0230 0601 0203 0641 0152 0138 0104 0100 0097 0103 0106 0121 //// 10204 ///// ///// ////
000000000000000000000000000000000000000000000000000000000000000000000000000000000000000000000000000000000000000000000000=
57075 341000 1125200 02031 02043 4
20100326070000 177 017 149 017 163 022 0603 197 017 121 030 0636 0000 0155 0156 0648 0148 0604 037 031 0633 065 0009 09954 09964 0601 09954 0700 0231 0235 0617 0212 0624 0310 0331 0609 0303 0624 0212 0163 0129 0105 0093 0100 0098 0118 //// 10204 ///// ///// ////
000000000000000000000000000000000000000000000000000000000000000000000000000000000000000000000000000000000000000000000000=
57173 334500 1125300 01457 01468 4
20100326070000 212 023 178 019 167 022 0652 217 038 181 040 0640 0000 0163 0163 0700 0153 0601 036 033 0625 067 0012 10020 10030 0601 10020 0700 0240 0252 0641 0220 0611 0279 0288 0644 0268 0651 0193 0151 0123 0103 0096 0102 0105 0133 //// 10198 ///// ///// ////
000000000000000000000000000000000000000000000000000000000000000000000000000000000000000000000000000000000000000000000000=
57180 335900 1131200 01175 01186 4
20100326070000 182 031 184 029 184 029 0700 187 030 200 043 0627 0000 0154 0155 0617 0152 0603 039 037 0655 068 0015 10056 10065 0601 10055 0655 0221 0247 0604 0209 0648 0294 0332 0605 0293 0659 0217 0168 0127 0103 0095 0099 0102 0130 //// 10202 ///// ///// ////
000000000000000000000000000000000000000000000000000000000000000000000000000000000000000000000000000000000000000000000000=
57181 335300 1130300 01364 01380 4
20100326070000 197 025 173 023 170 030 0637 164 019 218 049 0615 0000 0152 0153 0649 0149 0630 046 043 0611 079 0037 10036 10047 0602 10036 0700 0207 0223 0601 0200 0626 0280 0308 0601 0277 0630 0218 0168 0126 0104 0092 0099 0103 0129 //// 10205 ///// ///// ////
000000000000000000000000000000000000000000000000000000000000000000000000000000000000000000000000000000000000000000000000=
57171 334600 1130700 01420 01430 4
20100326070000 161 038 163 038 169 040 0635 152 041 155 051 0657 0000 0153 0153 0700 0146 0605 044 039 0638 076 0031 10024 10035 0601 10024 0700 0198 0198 0700 0184 0604 0261 0275 0613 0252 0626 0192 0157 0129 0111 0103 0110 0115 0125 //// 10198 ///// ///// ////
000000000000000000000000000000000000000000000000000000000000000000000000000000000000000000000000000000000000000000000000=
57175 330300 1121400 01914 01922 4
20100326070000 168 018 211 019 213 025 0616 181 020 226 045 0640 0000 0151 0154 0650 0145 0618 053 051 0652 091 0056 09974 09989 0601 09974 0700 0207 0254 0607 0207 0700 0269 0325 0607 0269 0700 0221 0174 0134 0114 0100 0107 0112 0138 //// 10210 ///// ///// ////
000000000000000000000000000000000000000000000000000000000000000000000000000000000000000000000000000000000000000000000000=
57156 331800 1113000 02503 02523 4
20100326070000 183 014 177 018 165 021 0614 173 008 164 035 0608 0000 0153 0160 0604 0153 0700 033 029 0619 057 -009 09896 09908 0601 09896 0700 0144 0177 0603 0144 0700 0207 0295 0601 0207 0659 0184 0150 0122 0105 0098 0108 0117 0142 //// 10202 ///// ///// ////
000000000000000000000000000000000000000000000000000000000000000000000000000000000000000000000000000000000000000000000000=
57271 323300 1122300 00879 00897 4
20100326070000 194 030 185 026 191 037 0616 192 023 192 060 0610 0000 0176 0177 0656 0166 0601 039 036 0621 078 0035 10096 10109 0601 10096 0656 0270 0281 0653 0251 0618 0317 0331 0602 0306 0625 0221 0168 0132 0113 0098 0105 0114 0138 //// 10206 ///// ///// ////
000000000000000000000000000000000000000000000000000000000000000000000000000000000000000000000000000000000000000000000000=
57261 330700 1113100 02330 02345 4
20100326070000 054 007 048 009 030 020 0609 065 005 029 032 0617 0000 0155 0163 0602 0154 0651 036 034 0604 063 0005 09911 09922 0601 09911 0700 0177 0249 0601 0177 0700 0207 0278 0601 0207 0659 0185 0157 0129 0110 0107 0119 0128 //// //// 10195 ///// ///// ////
000000000000000000000000000000000000000000000000000000000000000000000000000000000000000000000000000000000000000000000000=
57285 322300 1132500 01530 01492 4
20100326070000 206 041 216 036 223 044 0652 198 026 243 072 0644 0000 0183 0189 0638 0178 0604 027 026 0602 057 -010 10024 10035 0602 10024 0658 0274 0317 0610 0273 0651 0305 0336 0610 0305 0700 0219 0169 0135 0114 0100 0107 0110 0134 //// ///// ///// ///// ////
////////////////////////////////////////////////////////////////////////////////////////////////////////////////////////=
57273 324100 1125100 01095 01105 4
20100326070000 206 025 204 033 217 040 0612 212 042 201 083 0611 0000 0172 0173 0642 0166 0601 032 028 0653 063 0004 10069 10084 0601 10068 0659 0242 0280 0606 0239 0658 0301 0336 0612 0301 0700 0206 0158 0123 0106 0106 0110 0113 0136 //// 10203 ///// ///// ////
000000000000000000000000000000000000000000000000000000000000000000000000000000000000000000000000000000000000000000000000=
57187 330400 1125600 01180 01193 4
20100326070000 221 045 217 044 232 048 0601 236 040 217 063 0648 0000 0158 0160 0645 0151 0602 043 040 0628 077 0033 10052 10065 0601 10052 0700 0234 0250 0643 0220 0612 0285 0306 0644 0280 0656 0208 0152 0123 0105 0105 0110 0111 0132 //// 10198 ///// ///// ////
000000000000000000000000000000000000000000000000000000000000000000000000000000000000000000000000000000000000000000000000=
57178 330200 1123500 01292 01305 4
20100326070000 219 028 223 030 220 034 0601 220 017 217 045 0651 0000 0161 0162 0637 0153 0601 034 034 0700 062 0002 10045 10059 0601 10045 0700 0234 0272 0622 0234 0700 0236 0259 0630 0236 0700 0180 0144 0119 0103 0103 0107 0111 0132 0002 10204 ///// ///// ////
000000000000000000000000000000000000000000000000000000000000000000000000000000000000000000000000000000000000000000000000
250 10- 000 /// //// /////////////////////CIE /// //// 6///1 0//// 7//// 1//// 2//// 3//// /// /// /// // 911// 915// 919// 934// 939//=
57169 330300 1115200 01591 01600 4
20100326070000 141 023 137 029 139 031 0642 136 022 150 046 0612 0000 0142 0150 0633 0142 0700 061 053 0610 099 0068 10012 10024 0601 10012 0700 0150 0165 0601 0150 0700 0203 0264 0601 0203 0700 0192 0156 0128 0108 0096 0105 0109 0132 //// 10209 ///// ///// ////
000000000000000000000000000000000000000000000000000000000000000000000000000000000000000000000000000000000000000000000000=
57176 332900 1122500 02311 02304 4
20100326070000 113 025 105 025 146 030 0635 102 029 102 047 0657 0000 0148 0151 0651 0141 0607 043 043 0652 072 0024 09926 09940 0601 09926 0657 0198 0224 0640 0192 0607 0233 0244 0601 0228 0607 0180 0148 0124 0108 0105 0111 0113 0130 //// 10207 ///// ///// ////
000000000000000000000000000000000000000000000000000000000000000000000000000000000000000000000000000000000000000000000000=
57179 331700 1130000 01604 01616 4
20100326070000 224 035 211 039 210 048 0620 248 035 203 076 0615 0000 0157 0157 0700 0145 0601 048 046 0620 086 0047 10010 10022 0604 10010 0659 0258 0258 0700 0206 0624 0262 0262 0700 0228 0624 0168 0130 0107 0095 0097 0103 0106 0132 //// 10207 ///// ///// ////
000000000000000000000000000000000000000000000000000000000000000000000000000000000000000000000000000000000000000000000000=
57274 324200 1120700 01076 01088 4
20100326070000 133 015 142 025 141 027 0658 133 008 161 045 0606 0000 0160 0163 0648 0160 0630 042 041 0609 076 0031 10073 10085 0601 10072 0642 0232 0279 0606 0232 0700 0258 0311 0601 0258 0700 0210 0174 0144 0122 0109 0114 0117 0140 //// 10206 ///// ///// ////
000000000000000000000000000000000000000000000000000000000000000000000000000000000000000000000000000000000000000000000000=
57065 343000 1121100 01949 01964 4
20100326070000 257 014 262 016 268 039 0603 263 010 268 045 0615 0000 0163 0163 0647 0158 0601 019 018 0613 035 -074 09959 09970 0601 09958 0656 0192 0192 0700 0187 0616 0276 0287 0629 0273 0638 0189 0151 0122 0106 0094 0103 0111 0138 //// 10198 ///// ///// ////
000000000000000000000000000000000000000000000000000000000000000000000000000000000000000000000000000000000000000000000000=
57074 342500 1122500 01973 01989 4
20100326070000 /// /// /// /// /// /// //// /// /// /// /// //// 0000 //// //// //// //// //// /// /// //// /// //// ///// ///// //// ///// //// //// //// //// //// //// //// //// //// //// //// //// //// //// //// //// //// //// //// //// ///// ///// ///// ////
000000000000000000000000000000000000000000000000000000000000000000000000000000000000000000000000000000000000000000000000
/// 000 000 /// //// //////////////////////// /// //// 6///1 0//// 7//// 1//// 2//// 3//// /// /// /// // 911// 915// 919// 934// 939//=
57076 344400 1124700 01895 01901 4
20100326070000 229 034 229 031 234 041 0622 231 036 217 064 0627 0000 0149 0149 0700 0144 0623 026 024 0601 044 -044 09966 09974 0601 09966 0700 0188 0256 0601 0188 0700 0253 0351 0601 0253 0700 0189 0147 0107 0090 0087 0089 0090 0120 //// 10197 ///// ///// ////
000000000000000000000000000000000000000000000000000000000000000000000000000000000000000000000000000000000000000000000000=
57070 344400 1120700 03640 03595 4
20100326070000 113 028 101 023 130 028 0633 136 038 167 045 0631 0000 0153 0155 0645 0147 0601 024 022 0647 042 -051 09762 09774 0601 09762 0656 0196 0234 0602 0196 0700 0256 0301 0603 0256 0700 0176 0131 0102 0090 0087 0092 0096 0122 //// 10195 ///// ///// ////
000000000000000000000000000000000000000000000000000000000000000000000000000000000000000000000000000000000000000000000000=
57162 340900 1120500 03258 03275 4
20100326070000 126 014 096 012 098 014 0609 182 011 110 023 0608 0000 0150 0150 0700 0139 0602 026 026 0700 044 -043 09804 09813 0601 09804 0700 0197 0215 0640 0188 0601 0263 0278 0614 0262 0628 0173 0130 0107 0095 0092 0097 0103 0132 //// 10200 ///// ///// ////
000000000000000000000000000000000000000000000000000000000000000000000000000000000000000000000000000000000000000000000000=
57078 340900 1122800 03365 03340 4
20100326070000 068 022 082 018 093 020 0641 035 018 077 032 0649 0000 0148 0148 0628 0143 0602 028 027 0653 047 -035 09797 09806 0602 09797 0657 0240 0254 0624 0235 0612 0250 0257 0649 0248 0613 0179 0138 0106 0090 0090 0097 0098 0118 //// 10201 ///// ///// ////
000000000000000000000000000000000000000000000000000000000000000000000000000000000000000000000000000000000000000000000000=
57071 344900 1122600 03333 03332 4
20100326070000 123 021 119 024 149 032 0624 150 021 147 047 0625 0000 0147 0149 0603 0143 0624 024 022 0605 040 -056 09798 09808 0601 09798 0657 0204 0234 0603 0198 0624 0272 0328 0601 0272 0700 0188 0144 0112 0095 0085 0088 0092 0119 //// 10201 ///// ///// ////
000000000000000000000000000000000000000000000000000000000000000000000000000000000000000000000000000000000000000000000000=
57066 342300 1114000 03283 03298 4
20100326070000 120 009 124 009 151 011 0625 150 008 113 022 0618 0000 0157 0158 0651 0148 0601 024 023 0646 043 -048 09800 09811 0602 09799 0654 0205 0223 0633 0205 0700 0233 0245 0627 0233 0700 0164 0117 0094 0084 0086 0090 0092 0116 //// 10199 ///// ///// ////
000000000000000000000000000000000000000000000000000000000000000000000000000000000000000000000000000000000000000000000000=
57077 334700 1113900 07424 07388 4
20100326070000 038 016 046 019 085 023 0639 032 013 094 036 0640 0000 0164 0168 0635 0162 0613 021 019 0622 039 -060 09325 09333 0601 09324 0653 0218 0270 0629 0218 0700 0217 0257 0629 0217 0700 0162 0122 0092 0076 0078 0085 0092 0115 //// 10194 ///// ///// ////
000000000000000000000000000000000000000000000000000000000000000000000000000000000000000000000000000000000000000000000000=
57185 332700 1133500 00911 00921 4
20100326070000 293 018 299 016 274 032 0602 279 026 285 045 0601 0000 0166 0166 0700 0157 0613 044 042 0651 083 0043 10093 10102 0601 10093 0700 0277 0277 0700 0238 0612 0253 0254 0659 0228 0612 0170 0136 0111 0092 0101 0103 0102 0123 //// 10206 ///// ///// ////
000000000000000000000000000000000000000000000000000000000000000000000000000000000000000000000000000000000000000000000000=
57183 334800 1135500 00600 00615 4
20100326070000 231 037 234 035 238 040 0602 246 025 229 060 0606 0000 0154 0157 0633 0153 0605 048 047 0636 084 0045 10129 10137 0602 10129 0700 0220 0262 0611 0219 0653 0243 0286 0601 0243 0700 0184 0147 0120 0105 0097 0099 0098 0122 //// 10205 ///// ///// ////
000000000000000000000000000000000000000000000000000000000000000000000000000000000000000000000000000000000000000000000000=
57186 333600 1140300 00587 00598 4
20100326070000 232 037 223 035 208 043 0649 240 045 229 060 0649 0000 0162 0165 0645 0159 0601 046 042 0621 085 0046 10133 10140 0601 10133 0700 0245 0292 0604 0239 0655 0316 0357 0605 0315 0655 0232 0174 0133 0112 0099 0103 0104 0133 //// 10206 ///// ///// ////
000000000000000000000000000000000000000000000000000000000000000000000000000000000000000000000000000000000000000000000000=
57094 342400 1141300 00674 00685 4
20100326070000 225 028 218 034 223 041 0641 257 019 223 069 0658 0000 0162 0163 0659 0153 0623 040 039 0659 074 0026 10117 10124 0601 10117 0700 0254 0295 0608 0252 0659 0291 0334 0613 0291 0659 0201 0157 0129 0108 0095 0096 0092 0117 //// 10201 ///// ///// ////
000000000000000000000000000000000000000000000000000000000000000000000000000000000000000000000000000000000000000000000000=
57191 342900 1142900 00634 00642 4
20100326070000 165 019 178 023 165 028 0630 023 018 122 060 0630 0000 0166 0168 0649 0161 0614 035 034 0607 066 0011 10129 10134 0601 10127 0654 0215 0233 0604 0209 0623 0249 0273 0613 0249 0700 0172 0137 0112 0097 0092 0094 0096 0124 //// 10208 ///// ///// ////
000000000000000000000000000000000000000000000000000000000000000000000000000000000000000000000000000000000000000000000000=
57096 343200 1144700 00597 00607 4
20100326070000 233 033 231 031 208 039 0626 215 039 223 071 0653 0000 0168 0169 0650 0160 0601 030 029 0609 057 -009 10127 10136 0601 10127 0700 0253 0271 0649 0229 0611 0328 0368 0606 0309 0643 0225 0167 0121 0103 0100 0100 0102 0128 //// 10201 ///// ///// ////
000000000000000000000000000000000000000000000000000000000000000000000000000000000000000000000000000000000000000000000000=
57093 345100 1144900 00733 00740 4
20100326070000 228 043 221 042 220 057 0647 223 056 211 085 0645 0000 0167 0167 0700 0161 0603 031 030 0637 059 -005 10111 10118 0601 10111 0700 0234 0250 0601 0223 0650 0315 0344 0601 0314 0653 0209 0153 0117 0097 0091 0091 0094 0121 //// 10202 ///// ///// ////
000000000000000000000000000000000000000000000000000000000000000000000000000000000000000000000000000000000000000000000000=
57091 344700 1141800 00737 00748 4
20100326070000 210 048 199 046 221 050 0604 211 051 206 069 0609 0000 0159 0160 0630 0152 0601 033 030 0631 060 -003 10107 10115 0601 10106 0653 0263 0315 0608 0261 0656 0317 0360 0608 0317 0700 0209 0154 0120 0100 0101 0101 0102 0122 //// 10199 ///// ///// ////
000000000000000000000000000000000000000000000000000000000000000000000000000000000000000000000000000000000000000000000000=
53978 350500 1123800 01401 01409 4
20100326070000 178 035 184 035 175 041 0651 178 027 173 062 0650 0000 0167 0171 0640 0163 0602 023 019 0643 044 -045 10020 10028 0601 10020 0657 0240 0281 0615 0229 0653 0297 0348 0614 0295 0653 0214 0165 0128 0109 0088 0093 0098 0125 //// 10192 ///// ///// ////
000000000000000000000000000000000000000000000000000000000000000000000000000000000000000000000000000000000000000000000000=
53984 351400 1132800 00827 00837 4
20100326070000 225 051 222 059 222 063 0657 234 045 218 094 0655 0000 0160 0163 0641 0158 0604 021 019 0601 038 -063 10087 10094 0601 10087 0700 0222 0258 0606 0216 0659 0300 0347 0611 0300 0700 0183 0142 0113 0101 0093 0095 0096 0120 //// 10190 ///// ///// ////
000000000000000000000000000000000000000000000000000000000000000000000000000000000000000000000000000000000000000000000000=
53987 350600 1132500 00910 00918 4
20100326070000 233 031 242 034 224 043 0647 206 033 226 068 0624 0000 0165 0165 0700 0159 0646 020 018 0654 038 -065 10082 10090 0605 10082 0700 0234 0257 0610 0200 0646 0291 0335 0612 0274 0646 0215 0171 0139 0116 0096 0099 0101 0127 //// 10195 ///// ///// ////
000000000000000000000000000000000000000000000000000000000000000000000000000000000000000000000000000000000000000000000000=
57079 345700 1130200 01064 01069 4
20100326070000 256 033 246 031 246 031 0700 254 029 257 061 0654 0000 0156 0156 0700 0150 0601 027 025 0601 048 -033 10062 10072 0601 10062 0700 0208 0253 0602 0208 0659 0271 0335 0601 0270 0659 0169 0135 0110 0097 0093 0096 0096 0120 //// 10193 ///// ///// ////
000000000000000000000000000000000000000000000000000000000000000000000000000000000000000000000000000000000000000000000000=
53972 350700 1125500 01196 01210 4
20100326070000 221 046 217 034 217 034 0700 223 063 223 063 0700 0000 0161 0162 0659 0153 0615 024 023 0601 044 -045 10046 10054 0601 10045 0654 0233 0280 0602 0218 0635 0320 0359 0601 0311 0636 0201 0162 0134 0114 0095 0099 0109 0136 //// 10193 ///// ///// ////
000000000000000000000000000000000000000000000000000000000000000000000000000000000000000000000000000000000000000000000000=
57072 345500 1124500 01275 01285 4
20100326070000 218 036 217 034 217 034 0700 223 029 211 055 0645 0000 0152 0158 0601 0152 0700 023 020 0602 040 -058 10040 10048 0601 10039 0655 0188 0238 0602 0186 0657 0246 0345 0601 0246 0700 0181 0138 0107 0092 0083 0087 0087 0113 //// 10198 ///// ///// ////
000000000000000000000000000000000000000000000000000000000000000000000000000000000000000000000000000000000000000000000000=
53982 351400 1131600 01120 01135 4
20100326070000 230 022 220 028 214 042 0621 220 028 183 071 0620 0000 0165 0168 0653 0162 0601 024 021 0601 045 -041 10048 10058 0601 10048 0700 0205 0227 0607 0204 0656 0330 0373 0606 0329 0659 0210 0165 0130 0113 0096 0098 0102 0131 //// 10186 ///// ///// ////
000000000000000000000000000000000000000000000000000000000000000000000000000000000000000000000000000000000000000000000000=
53979 350900 1130500 01200 01211 4
20100326070000 229 046 228 043 206 047 0633 233 060 239 073 0656 0000 0158 0161 0648 0155 0610 026 024 0648 047 -037 10046 10054 0601 10046 0700 0228 0269 0602 0226 0658 0333 0395 0603 0332 0658 0217 0160 0124 0107 0097 0100 0105 0131 //// 10194 ///// ///// ////
000000000000000000000000000000000000000000000000000000000000000000000000000000000000000000000000000000000000000000000000=
53992 353900 1143100 00582 00592 4
20100326070000 207 045 204 056 188 066 0648 218 040 182 088 0647 0000 0164 0165 0623 0160 0632 024 022 0624 045 -042 10115 10123 0601 10115 0700 0217 0229 0601 0198 0634 0247 0270 0601 0234 0640 0175 0139 0113 0094 0082 0083 0088 0121 //// 10188 ///// ///// ////
000000000000000000000000000000000000000000000000000000000000000000000000000000000000000000000000000000000000000000000000=
53974 353700 1141100 00723 00739 4
20100326070000 215 042 201 040 203 048 0603 209 049 209 095 0612 0000 0167 0168 0656 0162 0604 016 015 0602 030 -092 10099 10106 0602 10099 0652 0244 0255 0620 0231 0624 0293 0309 0610 0288 0634 0202 0157 0123 0104 0088 0092 0098 0124 //// 10189 ///// ///// ////
000000000000000000000000000000000000000000000000000000000000000000000000000000000000000000000000000000000000000000000000=
53990 354300 1141900 00795 00805 4
20100326070000 194 075 199 071 211 077 0652 187 089 209 115 0603 0000 0163 0165 0601 0159 0627 022 019 0606 041 -054 10088 10096 0601 10088 0700 0224 0235 0601 0203 0638 0324 0353 0601 0296 0638 0188 0144 0107 0092 0088 0085 0084 0110 //// 10187 ///// ///// ////
000000000000000000000000000000000000000000000000000000000000000000000000000000000000000000000000000000000000000000000000=
53991 355600 1142100 00743 00753 4
20100326070000 242 029 234 028 163 037 0603 294 031 250 075 0621 0000 0168 0173 0632 0167 0643 016 015 0601 031 -092 10090 10098 0601 10090 0700 0221 0261 0618 0216 0639 0296 0359 0601 0294 0647 0207 0158 0116 0100 0085 0085 0088 0118 //// 10182 ///// ///// ////
000000000000000000000000000000000000000000000000000000000000000000000000000000000000000000000000000000000000000000000000=
53993 355600 1145500 00516 00524 4
20100326070000 176 038 187 040 211 054 0618 161 060 222 086 0616 0000 0171 0176 0603 0168 0618 017 015 0604 033 -081 10122 10129 0603 10122 0700 0234 0273 0601 0230 0638 0299 0360 0603 0299 0700 0204 0149 0107 0087 0078 0077 0076 0108 //// 10186 ///// ///// ////
000000000000000000000000000000000000000000000000000000000000000000000000000000000000000000000000000000000000000000000000=
53889 360400 1134900 03068 03086 4
20100326070000 208 032 186 028 201 034 0645 290 030 207 057 0633 0000 0164 0171 0624 0163 0640 015 011 0602 028 -103 09806 09815 0601 09806 0700 0213 0263 0608 0207 0653 0304 0378 0620 0303 0654 0235 0205 0172 0142 0074 0076 0089 0098 //// 10179 ///// ///// ////
000000000000000000000000000000000000000000000000000000000000000000000000000000000000000000000000000000000000000000000000=
53995 353300 1143000 00625 00645 4
20100326070000 199 057 196 056 190 061 0612 192 058 195 093 0609 0000 0164 0164 0700 0160 0608 024 021 0642 045 -042 10110 10118 0601 10110 0700 0235 0244 0624 0222 0636 0314 0338 0601 0306 0644 0219 0172 0131 0106 0086 0088 0088 0116 //// 10189 ///// ///// ////
000000000000000000000000000000000000000000000000000000000000000000000000000000000000000000000000000000000000000000000000=
53898 360300 1142400 00629 00638 4
20100326070000 175 060 171 057 165 071 0621 167 071 175 104 0620 0000 0170 0173 0612 0168 0634 015 015 0648 029 -098 10103 10110 0601 10101 0656 0265 0327 0612 0264 0658 0299 0365 0601 0299 0700 0206 0159 0119 0095 0074 0077 0085 0116 //// 10181 ///// ///// ////
000000000000000000000000000000000000000000000000000000000000000000000000000000000000000000000000000000000000000000000000=
NNNN
