57188 332200 1140200 00559 00568 4
20100501030000 224 028 228 028 211 029 0239 246 023 203 051 0256 0000 0252 0252 0300 0236 0201 054 054 0258 173 0152 10079 10082 0231 10079 0259 0317 0317 0257 0294 0201 0458 0459 0254 0408 0201 0253 0199 0182 0175 0140 0130 0124 0134 //// 10146 ///// ///// ////
000000000000000000000000000000000000000000000000000000000000000000000000000000000000000000000000000000000000000000000000=
57293 324400 1145900 00380 00391 4
20100501030000 177 017 186 020 203 024 0254 184 012 251 042 0243 0000 0249 0249 0300 0226 0201 058 056 0244 183 0161 10105 10111 0206 10105 0300 0372 0373 0236 0330 0201 0441 0441 0300 0382 0201 0256 0206 0187 0178 0174 0153 0135 0136 //// 10151 ///// ///// ////
000000000000000000000000000000000000000000000000000000000000000000000000000000000000000000000000000000000000000000000000=
57196 332800 1145200 00420 00428 4
20100501030000 216 035 220 029 219 030 0215 217 037 223 045 0205 0000 0251 0251 0300 0229 0201 051 050 0252 162 0143 10095 10100 0215 10095 0300 0342 0352 0246 0311 0214 0379 0379 0300 0320 0201 0230 0183 0163 0158 0144 0134 0127 0132 //// 10145 ///// ///// ////
000000000000000000000000000000000000000000000000000000000000000000000000000000000000000000000000000000000000000000000000=
58104 332400 1150400 00412 00425 4
20100501030000 223 024 214 024 211 030 0211 243 023 209 046 0219 0000 0251 0251 0300 0228 0201 056 053 0238 178 0157 10098 10103 0202 10098 0300 0368 0370 0258 0332 0202 0425 0425 0300 0362 0201 0273 0207 0180 0172 0167 0142 0126 0135 //// 10148 ///// ///// ////
000000000000000000000000000000000000000000000000000000000000000000000000000000000000000000000000000000000000000000000000=
57192 334400 1145100 00455 00466 4
20100501030000 217 020 226 020 227 023 0252 153 007 237 052 0217 0000 0258 0258 0300 0239 0201 043 041 0201 143 0123 10091 10094 0201 10091 0300 0384 0400 0256 0351 0201 0369 0369 0300 0315 0201 0245 0196 0178 0173 0163 0146 0133 0141 //// 10146 ///// ///// ////
000000000000000000000000000000000000000000000000000000000000000000000000000000000000000000000000000000000000000000000000=
58100 333900 1151000 00414 00424 4
20100501030000 205 026 198 022 230 025 0214 184 030 240 045 0211 0000 0250 0251 0255 0230 0201 044 042 0242 139 0119 10096 10101 0203 10096 0300 0337 0348 0238 0298 0201 0481 0481 0259 0413 0202 0295 0220 0190 0182 0171 0150 0138 0141 //// 10146 ///// ///// ////
000000000000000000000000000000000000000000000000000000000000000000000000000000000000000000000000000000000000000000000000=
57296 322100 1144400 00489 00501 4
20100501030000 261 020 245 021 232 022 0256 282 025 295 038 0243 0000 0259 0259 0300 0240 0201 050 050 0300 167 0147 10090 10098 0205 10090 0300 0354 0354 0300 0323 0207 0480 0480 0300 0422 0201 0269 0209 0186 0181 0173 0152 0135 0133 //// 10149 ///// ///// ////
000000000000000000000000000000000000000000000000000000000000000000000000000000000000000000000000000000000000000000000000=
57396 313800 1145100 01287 01297 4
20100501030000 201 060 197 055 197 055 0300 199 054 204 083 0231 0000 0267 0268 0257 0259 0201 041 040 0210 144 0124 10000 10003 0202 09999 0259 0342 0358 0255 0331 0234 0449 0451 0255 0404 0201 0272 0210 0185 0176 0173 0151 //// //// //// 10151 ///// ///// ////
000000000000000000000000000000000000000000000000000000000000000000000000000000000000000000000000000000000000000000000000=
58301 314900 1152300 00916 00929 4
20100501030000 199 038 209 036 209 036 0300 198 037 193 054 0259 0000 0275 0279 0252 0252 0201 036 035 0255 132 0111 10041 10046 0201 10041 0300 0314 0325 0254 0298 0226 0430 0435 0254 0372 0201 0259 0215 0193 0185 0175 0159 0137 0134 //// 10150 ///// ///// ////
000000000000000000000000000000000000000000000000000000000000000000000000000000000000000000000000000000000000000000000000=
57390 314800 1140400 07335 07347 4
20100501030000 222 039 226 038 226 038 0300 234 038 239 085 0259 0000 0228 0228 0300 0209 0222 051 050 0253 142 0121 09329 09332 0201 09329 0300 0330 0336 0250 0297 0216 0430 0430 0300 0371 0201 0251 0191 0164 0156 0146 0126 //// //// //// 10156 ///// ///// ////
000000000000000000000000000000000000000000000000000000000000000000000000000000000000000000000000000000000000000000000000=
58207 321000 1150300 00428 00440 4
20100501030000 234 030 222 027 231 027 0250 245 030 217 041 0254 0000 0263 0263 0300 0247 0201 046 046 0300 157 0138 10097 10102 0203 10097 0300 0378 0390 0237 0366 0205 0243 0243 0300 0204 0201 0447 0187 0168 0163 0149 0142 0132 0139 //// 10149 ///// ///// ////
000000000000000000000000000000000000000000000000000000000000000000000000000000000000000000000000000000000000000000000000=
58205 322800 1152600 00349 00360 4
20100501030000 263 012 259 014 238 020 0211 290 011 245 036 0234 0000 0261 0261 0300 0235 0201 048 047 0259 162 0142 10109 10114 0201 10108 0258 0348 0354 0253 0310 0203 0322 0322 0300 0281 0201 0267 0230 0204 0186 0169 0151 0137 0126 //// 10151 ///// ///// ////
000000000000000000000000000000000000000000000000000000000000000000000000000000000000000000000000000000000000000000000000=
57299 320100 1145400 00494 00506 4
20100501030000 224 025 194 021 211 027 0233 228 023 226 040 0231 0000 0266 0267 0259 0247 0201 048 047 0253 167 0147 10090 10094 0201 10090 0300 0386 0398 0255 0368 0201 0435 0437 0256 0381 0201 0309 0260 0222 0198 0173 0150 0133 0131 //// 10149 ///// ///// ////
000000000000000000000000000000000000000000000000000000000000000000000000000000000000000000000000000000000000000000000000=
53997 350900 1141100 00711 00723 4
20100501030000 216 044 220 041 231 043 0243 217 034 233 061 0242 0000 0230 0232 0257 0210 0201 055 055 0300 154 0135 10049 10053 0214 10049 0300 0302 0310 0254 0254 0201 0399 0400 0256 0348 0201 0233 0190 0165 0163 0144 0132 0120 0125 //// 10134 ///// ///// ////
000000000000000000000000000000000000000000000000000000000000000000000000000000000000000000000000000000000000000000000000=
53994 352300 1140400 00700 00712 4
20100501030000 214 029 223 030 231 035 0242 220 026 231 058 0241 0000 0247 0247 0300 0230 0201 039 036 0235 121 0098 10047 10050 0218 10047 0300 0379 0384 0258 0350 0242 0497 0498 0249 0443 0201 0264 0193 0168 0159 0142 0129 0121 0129 //// 10130 ///// ///// ////
000000000000000000000000000000000000000000000000000000000000000000000000000000000000000000000000000000000000000000000000=
53988 351600 1134000 00776 00784 4
20100501030000 237 024 225 030 223 032 0259 234 016 197 056 0258 0000 0255 0255 0300 0241 0203 042 039 0229 137 0117 10035 10040 0201 10035 0300 0427 0431 0250 0401 0212 0510 0510 0258 0442 0201 0258 0199 0173 0167 0142 0131 0122 0128 //// 10127 ///// ///// ////
000000000000000000000000000000000000000000000000000000000000000000000000000000000000000000000000000000000000000000000000=
53985 352700 1134900 00964 00979 4
20100501030000 333 012 306 014 296 015 0259 071 008 212 025 0238 0000 0239 0239 0300 0211 0201 042 041 0254 125 0102 10016 10020 0201 10016 0300 0368 0376 0246 0348 0213 0475 0476 0245 0427 0201 0221 0186 0165 0162 0152 0133 0118 0122 //// 10131 ///// ///// ////
000000000000000000000000000000000000000000000000000000000000000000000000000000000000000000000000000000000000000000000000=
57171 334600 1130700 01420 01430 4
20100501030000 157 019 170 019 166 026 0242 147 025 164 037 0238 0000 0232 0238 0224 0224 0201 061 056 0219 173 0153 09971 09976 0209 09971 0300 0320 0324 0211 0294 0240 0373 0374 0259 0339 0201 0268 0200 0180 0172 0171 0158 0140 0137 //// 10138 ///// ///// ////
000000000000000000000000000000000000000000000000000000000000000000000000000000000000000000000000000000000000000000000000=
57185 332700 1133500 00911 00921 4
20100501030000 263 027 254 026 252 029 0256 288 026 279 045 0251 0000 0257 0257 0300 0239 0201 050 048 0250 165 0145 10037 10041 0219 10037 0300 0353 0391 0243 0347 0204 0474 0476 0259 0420 0201 0250 0205 0186 0173 0165 0146 0128 0128 //// 10145 ///// ///// ////
000000000000000000000000000000000000000000000000000000000000000000000000000000000000000000000000000000000000000000000000=
57094 342400 1141300 00674 00685 4
20100501030000 196 017 205 019 208 021 0259 166 020 175 040 0254 0000 0241 0243 0255 0221 0201 057 056 0256 171 0151 10057 10060 0203 10057 0300 0371 0373 0256 0322 0203 0418 0419 0258 0363 0201 0261 0206 0181 0168 0164 0148 0128 0129 //// 10138 ///// ///// ////
000000000000000000000000000000000000000000000000000000000000000000000000000000000000000000000000000000000000000000000000=
57093 345100 1144900 00733 00740 4
20100501030000 169 025 208 026 238 032 0214 166 026 242 049 0243 0000 0240 0240 0300 0217 0201 053 052 0254 158 0138 10050 10054 0202 10050 0300 0332 0345 0252 0296 0208 0447 0447 0300 0379 0201 0252 0188 0164 0157 0153 0134 0122 0125 //// 10137 ///// ///// ////
000000000000000000000000000000000000000000000000000000000000000000000000000000000000000000000000000000000000000000000000=
53984 351400 1132800 00827 00837 4
20100501030000 238 041 238 043 237 061 0229 257 038 237 098 0228 0000 0245 0245 0300 0224 0201 043 041 0258 132 0111 10030 10035 0201 10030 0300 0343 0348 0249 0326 0210 0431 0431 0300 0368 0201 0229 0185 0165 0164 0153 0137 0123 0125 //// 10129 ///// ///// ////
000000000000000000000000000000000000000000000000000000000000000000000000000000000000000000000000000000000000000000000000=
53972 350700 1125500 01196 01210 4
20100501030000 243 027 243 024 229 027 0237 201 025 226 042 0203 0000 0234 0234 0300 0216 0201 046 045 0252 132 0111 09996 10001 0203 09996 0300 0301 0302 0258 0252 0201 0479 0479 0300 0406 0201 0238 0197 0180 0173 0154 0141 0133 0138 //// 10138 ///// ///// ////
000000000000000000000000000000000000000000000000000000000000000000000000000000000000000000000000000000000000000000000000=
53993 355600 1145500 00516 00524 4
20100501030000 225 019 224 019 222 024 0233 222 019 231 041 0229 0000 0240 0242 0258 0214 0201 049 047 0248 146 0126 10065 10069 0201 10065 0300 0357 0357 0300 0317 0205 0460 0460 0300 0396 0201 0248 0188 0161 0153 0153 0133 0115 0114 //// 10127 ///// ///// ////
000000000000000000000000000000000000000000000000000000000000000000000000000000000000000000000000000000000000000000000000=
53889 360400 1134900 03068 03086 4
20100501030000 106 024 102 023 102 023 0300 111 021 092 041 0256 0000 0278 0279 0253 0246 0201 012 011 0233 045 -042 09763 09771 0201 09763 0300 0384 0412 0250 0355 0211 0498 0498 0300 0423 0201 0308 0250 0210 0184 0132 0121 0120 0107 //// 10118 ///// ///// ////
000000000000000000000000000000000000000000000000000000000000000000000000000000000000000000000000000000000000000000000000=
NNNN
