57090 344300 1135800 00781 00802 4
20100325220000 135 012 147 005 146 015 2115 130 015 167 030 2118 0000 0014 0021 2127 0014 2200 079 077 2101 053 -018 10152 10155 2138 10152 2159 -056 -023 2114 -057 2159 -016 -011 2116 -016 2200 0040 0070 0084 0095 0099 0094 0088 0120 //// 10252 ///// ///// ////
000000000000000000000000000000000000000000000000000000000000000000000000000000000000000000000000000000000000000000000000=
57083 344300 1133900 01104 01116 4
20100325220000 091 007 087 008 238 015 2104 090 006 234 019 2102 0000 0016 0032 2107 0016 2200 066 058 2105 045 -041 10110 10114 2101 10110 2200 -084 -083 2108 -087 2142 -019 -015 2101 -020 2158 0044 0067 0084 0097 0099 0099 0104 0126 0001 10248 ///// ///// ////
000000000000000000000000000000000000000000000000000000000000000000000000000000000000000000000000000000000000000000000000
120 000 000 /// //// //////////////////////// /// //// 6///1 0//// 7//// 1//// 2//// 3//// /// /// /// // 911// 915// 919// 934// 939//=
57086 342300 1134300 01166 01168 4
20100325220000 150 013 156 014 140 016 2154 150 018 170 021 2154 0000 0012 0014 2115 0011 2149 077 075 2101 051 -024 10111 10114 2115 10110 2148 -028 -023 2153 -040 2106 -010 -007 2101 -011 2143 0034 0064 0083 0096 0098 0095 0094 0116 //// 10257 ///// ///// ////
000000000000000000000000000000000000000000000000000000000000000000000000000000000000000000000000000000000000000000000000=
57085 343200 1132000 02599 02648 4
20100325220000 320 022 322 020 339 025 2116 313 019 330 035 2131 0000 0023 0031 2114 0023 2200 063 060 2116 045 -040 09928 09931 2104 09926 2156 0005 0016 2141 0002 2101 -014 -011 2116 -014 2156 0034 0065 0083 0093 0101 0098 0095 0121 //// 10253 ///// ///// ////
000000000000000000000000000000000000000000000000000000000000000000000000000000000000000000000000000000000000000000000000=
57081 344800 1132600 01409 01419 4
20100325220000 000 000 327 003 304 006 2153 324 000 327 013 2150 0000 0023 0030 2101 0023 2149 063 059 2101 045 -040 10073 10075 2119 10072 2146 -067 -059 2119 -070 2110 -023 -019 2101 -023 2157 0036 0062 0083 0092 0090 0094 0096 0117 //// 10248 ///// ///// ////
000000000000000000000000000000000000000000000000000000000000000000000000000000000000000000000000000000000000000000000000=
57080 344400 1125800 01652 01661 4
20100325220000 281 007 263 003 273 003 2113 288 008 282 011 2158 0000 -005 0002 2101 -005 2200 062 059 2116 037 -069 10051 10051 2159 10045 2131 -065 -059 2124 -079 2153 -031 -027 2101 -031 2158 0038 0067 0086 0095 0090 0089 0090 0119 //// 10257 ///// ///// ////
000000000000000000000000000000000000000000000000000000000000000000000000000000000000000000000000000000000000000000000000=
57082 342800 1130100 04271 04284 4
20100325220000 000 000 265 001 131 011 2106 029 000 133 018 2139 0000 0014 0021 2144 0009 2101 066 064 2147 045 -043 09734 09736 2155 09733 2101 -012 -007 2155 -038 2119 -018 -018 2156 -020 2132 0033 0059 0078 0090 0094 0097 0101 //// //// 10256 ///// ///// ////
000000000000000000000000000000000000000000000000000000000000000000000000000000000000000000000000000000000000000000000000=
57189 330800 1135700 00646 00655 4
20100325220000 229 012 233 012 242 017 2146 226 016 257 022 2140 0000 0003 0004 2119 -002 2136 089 087 2101 056 -013 10177 10182 2109 10177 2159 -033 -024 2113 -035 2134 -005 -004 2121 -005 2153 0029 0051 0065 0077 0092 0096 0099 0122 //// 10259 ///// ///// ////
000000000000000000000000000000000000000000000000000000000000000000000000000000000000000000000000000000000000000000000000=
57194 331700 1141600 00598 00609 4
20100325220000 142 011 141 012 183 035 2114 161 013 175 055 2114 0000 0032 0048 2101 0032 2200 076 068 2103 058 -006 10182 10187 2106 10182 2159 0006 0030 2105 0002 2152 0005 0013 2102 0005 2200 0046 0064 0076 0085 0095 0093 0099 0126 //// 10258 ///// ///// ////
000000000000000000000000000000000000000000000000000000000000000000000000000000000000000000000000000000000000000000000000=
57294 325000 1140100 00836 00846 4
20100325220000 227 035 225 032 225 032 2200 226 032 220 056 2159 0000 0035 0035 2200 0021 2146 073 071 2107 057 -009 10154 10157 2105 10152 2137 0027 0027 2200 0001 2115 0000 0001 2101 -003 2146 0028 0053 0072 0084 0095 0105 0103 0119 //// 10260 ///// ///// ////
000000000000000000000000000000000000000000000000000000000000000000000000000000000000000000000000000000000000000000000000=
57292 325800 1143800 00444 00453 4
20100325220000 175 026 175 025 182 027 2114 184 020 170 052 2142 0000 0039 0044 2134 0039 2159 072 070 2138 058 -007 10210 10214 2116 10209 2148 0015 0024 2139 0015 2200 0008 0011 2116 0008 2159 0037 0057 0072 0086 0096 0102 0106 0133 //// 10267 ///// ///// ////
000000000000000000000000000000000000000000000000000000000000000000000000000000000000000000000000000000000000000000000000=
57195 333700 1143700 00466 00476 4
20100325220000 144 010 181 010 236 016 2101 054 009 220 032 2124 0000 0035 0043 2101 0035 2200 069 065 2101 054 -016 10204 10208 2101 10204 2200 0005 0020 2125 0002 2158 -004 0004 2101 -005 2157 0028 0057 0078 0090 0100 0099 0102 0141 //// 10263 ///// ///// ////
000000000000000000000000000000000000000000000000000000000000000000000000000000000000000000000000000000000000000000000000=
57193 334700 1143100 00526 00541 4
20100325220000 162 011 162 017 170 019 2101 187 010 153 038 2152 0000 0029 0037 2102 0029 2200 073 069 2103 055 -015 10196 10200 2124 10196 2200 -011 0000 2101 -016 2122 -003 0002 2101 -003 2152 0039 0059 0075 0087 0102 0102 0105 0131 //// 10264 ///// ///// ////
000000000000000000000000000000000000000000000000000000000000000000000000000000000000000000000000000000000000000000000000=
58101 335200 1152900 00413 00428 4
20100325220000 213 022 210 025 206 025 2152 203 033 220 045 2157 0000 0032 0032 2200 0025 2103 072 072 2200 055 -014 10216 10216 2130 10215 2140 0015 0015 2200 -003 2101 -013 -013 2200 -017 2127 0027 0050 0071 0084 0097 0098 0101 0130 //// 10270 ///// ///// ////
000000000000000000000000000000000000000000000000000000000000000000000000000000000000000000000000000000000000000000000000=
57098 340500 1142400 00583 00593 4
20100325220000 189 022 188 024 188 026 2147 193 027 192 036 2158 0000 0019 0019 2200 0010 2108 078 078 2200 055 -015 10186 10190 2101 10186 2200 -021 -016 2157 -037 2127 -003 -003 2109 -004 2101 0018 0042 0063 0078 0100 0097 0098 0128 //// 10260 ///// ///// ////
000000000000000000000000000000000000000000000000000000000000000000000000000000000000000000000000000000000000000000000000=
57182 335100 1133000 00805 00814 4
20100325220000 087 009 080 008 091 008 2102 081 009 079 012 2119 0000 0002 0004 2101 0001 2125 090 088 2101 056 -012 10157 10158 2104 10156 2118 -042 -032 2128 -043 2150 -023 -020 2103 -023 2149 0039 0075 0097 0106 0108 0106 0108 0139 //// 10259 ///// ///// ////
000000000000000000000000000000000000000000000000000000000000000000000000000000000000000000000000000000000000000000000000=
58207 321000 1150300 00428 00440 4
20100325220000 224 023 222 019 232 020 2101 217 031 217 031 2200 0000 0037 0037 2200 0026 2148 069 069 2200 055 -015 10218 10220 2109 10217 2135 -011 -008 2101 -031 2144 0027 0029 2101 0026 2159 -010 0053 0070 0082 0103 0110 0114 0137 //// 10273 ///// ///// ////
000000000000000000000000000000000000000000000000000000000000000000000000000000000000000000000000000000000000000000000000=
53986 351900 1135300 00732 00740 4
20100325220000 348 016 320 009 219 020 2111 347 015 212 030 2110 0000 0021 0034 2117 0020 2156 085 076 2118 060 -002 10159 10161 2119 10158 2102 -038 -007 2118 -056 2155 -028 -018 2119 -030 2157 0033 0058 0075 0087 0094 0094 0099 0127 //// 10251 ///// ///// ////
000000000000000000000000000000000000000000000000000000000000000000000000000000000000000000000000000000000000000000000000=
53994 352300 1140400 00700 00712 4
20100325220000 248 014 245 014 239 015 2141 262 009 259 023 2159 0000 0013 0014 2140 0009 2120 077 077 2200 052 -023 10162 10162 2200 10161 2103 -048 -048 2200 -085 2105 -060 -060 2200 -066 2131 0012 0052 0075 0089 0091 0090 0095 0127 //// 10251 ///// ///// ////
000000000000000000000000000000000000000000000000000000000000000000000000000000000000000000000000000000000000000000000000=
57051 344800 1111200 04099 04117 4
20100325220000 092 019 095 018 091 021 2104 094 019 085 034 2102 0000 0013 0015 2104 0013 2154 041 041 2132 028 -105 09740 09743 2128 09739 2150 -040 -039 2156 -048 2136 -024 -023 2104 -025 2131 0030 0059 0076 0087 0082 0086 0088 0114 //// 10241 ///// ///// ////
000000000000000000000000000000000000000000000000000000000000000000000000000000000000000000000000000000000000000000000000=
57063 344600 1114600 05236 05236 4
20100325220000 000 000 288 002 012 027 2101 285 000 012 028 2101 0000 -037 -037 2200 -043 2131 055 052 2106 026 -114 09616 09620 2103 09615 2133 -104 -074 2104 -105 2155 -065 -060 2104 -066 2155 0009 0040 0061 0073 0074 0077 0084 0110 //// 10256 ///// ///// ////
000000000000000000000000000000000000000000000000000000000000000000000000000000000000000000000000000000000000000000000000=
57067 340300 1110200 05688 05699 4
20100325220000 178 007 185 007 225 017 2103 150 007 198 020 2101 0000 -030 -027 2102 -034 2148 074 072 2101 036 -070 09566 09569 2142 09564 2105 -048 -041 2102 -060 2137 -015 -013 2101 -015 2158 0027 0052 0079 0069 0086 0093 0096 0122 //// 10261 ///// ///// ////
000000000000000000000000000000000000000000000000000000000000000000000000000000000000000000000000000000000000000000000000=
57056 343200 1105300 03904 03909 4
20100325220000 098 007 049 009 011 012 2145 113 009 012 016 2137 0000 -021 -008 2108 -021 2148 060 047 2105 031 -088 09767 09767 2158 09765 2126 -077 -076 2154 -080 2111 -046 -045 2101 -046 2147 0013 0051 0075 0088 0088 0090 0093 0118 //// 10246 ///// ///// ////
000000000000000000000000000000000000000000000000000000000000000000000000000000000000000000000000000000000000000000000000=
58007 340400 1151800 00472 00532 4
20100325220000 175 013 176 011 164 012 2112 164 008 173 024 2126 0000 0012 0015 2101 0012 2148 075 074 2105 050 -027 10202 10202 2158 10201 2114 -024 -012 2121 -033 2146 -021 -017 2102 -021 2200 0032 0059 0078 0090 0097 0100 0103 0131 //// 10269 ///// ///// ////
000000000000000000000000000000000000000000000000000000000000000000000000000000000000000000000000000000000000000000000000=
58006 342300 1155300 00463 00506 4
20100325220000 171 016 174 017 171 018 2119 170 015 175 023 2139 0000 -014 -007 2126 -014 2155 074 070 2101 041 -054 10210 10210 2142 10208 2121 -071 -060 2128 -079 2108 -029 -027 2102 -029 2156 0012 0041 0062 0078 0094 0094 0098 0126 //// 10274 ///// ///// ////
000000000000000000000000000000000000000000000000000000000000000000000000000000000000000000000000000000000000000000000000=
58111 335800 1162700 00325 00325 4
20100325220000 161 020 159 022 156 025 2157 150 023 161 045 2150 0000 0025 0027 2106 0023 2147 063 061 2105 046 -038 10234 10235 2105 10233 2149 -021 -015 2108 -027 2149 -004 -003 2106 -005 2140 0024 0044 0059 0072 0090 0097 0105 0138 //// 10275 ///// ///// ////
000000000000000000000000000000000000000000000000000000000000000000000000000000000000000000000000000000000000000000000000=
58017 341500 1160800 00410 00420 4
20100325220000 175 021 174 022 177 025 2135 181 022 187 052 2116 0000 0028 0032 2104 0028 2159 065 061 2104 049 -031 10216 10216 2140 10214 2107 -010 0000 2144 -019 2108 -007 -004 2144 -007 2115 0035 0058 0074 0085 0097 0097 0103 0128 //// 10269 ///// ///// ////
000000000000000000000000000000000000000000000000000000000000000000000000000000000000000000000000000000000000000000000000=
58001 342600 1150600 00563 00569 4
20100325220000 189 026 186 022 206 024 2132 218 020 195 037 2128 0000 0017 0018 2140 0014 2110 074 074 2140 051 -024 10191 10191 2143 10190 2102 -002 0002 2132 -012 2106 -005 -005 2134 -008 2106 0022 0042 0059 0072 0088 0089 0094 0126 //// 10262 ///// ///// ////
000000000000000000000000000000000000000000000000000000000000000000000000000000000000000000000000000000000000000000000000=
58005 342700 1154000 00501 00511 4
20100325220000 195 032 196 033 198 035 2155 176 030 197 055 2148 0000 0039 0040 2101 0034 2129 059 058 2101 048 -034 10200 10201 2135 10199 2110 0011 0013 2157 -004 2138 -006 -004 2105 -009 2137 0032 0057 0071 0083 0096 0097 0103 0131 0002 10264 ///// ///// ////
000000000000000000000000000000000000000000000000000000000000000000000000000000000000000000000000000000000000000000000000
160 000 000 /// //// //////////////////////// /// //// 6///1 0//// 7//// 1//// 2//// 3//// /// /// /// // 911// 915// 919// 934// 939//=
58008 342800 1152000 00544 00592 4
20100325220000 194 011 165 014 163 020 2140 201 007 167 038 2131 0000 0017 0020 2119 0017 2158 070 067 2101 048 -032 10189 10189 2152 10188 2103 -023 -015 2108 -034 2150 -007 -004 2120 -009 2150 0018 0039 0056 0071 0093 0094 0099 0129 //// 10263 ///// ///// ////
000000000000000000000000000000000000000000000000000000000000000000000000000000000000000000000000000000000000000000000000=
58004 343900 1150900 00606 00616 4
20100325220000 158 009 155 008 190 013 2126 175 014 195 025 2125 0000 0010 0013 2102 0010 2200 074 072 2101 049 -031 10182 10184 2135 10182 2101 -035 -012 2103 -035 2200 -010 -007 2101 -010 2200 0027 0056 0071 0084 0099 0100 0102 0127 //// 10259 ///// ///// ////
000000000000000000000000000000000000000000000000000000000000000000000000000000000000000000000000000000000000000000000000=
54817 355900 1155200 00421 00434 4
20100325220000 181 025 180 028 180 029 2158 173 027 164 047 2150 0000 0025 0025 2148 0023 2109 061 060 2101 045 -043 10196 10199 2122 10196 2159 0009 0009 2145 0001 2109 -012 -011 2123 -013 2135 0018 0040 0057 0067 0080 0079 0088 0115 //// 10250 ///// ///// ////
000000000000000000000000000000000000000000000000000000000000000000000000000000000000000000000000000000000000000000000000=
54900 354200 1150100 00537 00541 4
20100325220000 180 025 183 025 174 029 2130 173 032 173 040 2126 0000 0011 0017 2112 0008 2145 076 073 2112 050 -027 10179 10182 2102 10179 2159 -021 -013 2113 -025 2119 -025 -021 2112 -025 2146 0026 0053 0071 0082 0084 0082 0084 0110 //// 10247 ///// ///// ////
000000000000000000000000000000000000000000000000000000000000000000000000000000000000000000000000000000000000000000000000=
54901 360500 1151000 00475 00478 4
20100325220000 183 034 181 033 177 039 2121 184 033 175 050 2113 0000 0009 0015 2129 0009 2200 073 070 2101 048 -034 10182 10185 2107 10182 2200 -008 0000 2126 -014 2104 -019 -015 2124 -019 2200 0020 0044 0061 0072 0082 0080 0077 0105 //// 10242 ///// ///// ////
000000000000000000000000000000000000000000000000000000000000000000000000000000000000000000000000000000000000000000000000=
54903 355100 1152900 00457 00506 4
20100325220000 192 019 186 022 200 032 2129 184 018 195 050 2128 0000 0023 0028 2122 0023 2200 063 060 2101 045 -040 10184 10188 2103 10184 2200 0008 0017 2116 0007 2156 -009 -005 2124 -009 2200 0032 0054 0068 0076 0080 0081 0091 0114 //// 10247 ///// ///// ////
000000000000000000000000000000000000000000000000000000000000000000000000000000000000000000000000000000000000000000000000=
57184 333800 1132200 00834 00847 4
20100325220000 160 011 168 010 174 019 2109 138 011 175 035 2122 0000 0044 0051 2125 0035 2101 063 060 2122 053 -020 10151 10153 2121 10151 2200 0008 0016 2129 0007 2147 -002 0007 2123 -002 2101 0038 0066 0080 0094 0099 0102 0104 0129 //// 10256 ///// ///// ////
000000000000000000000000000000000000000000000000000000000000000000000000000000000000000000000000000000000000000000000000=
57177 332000 1133200 00898 00913 4
20100325220000 321 006 349 006 038 012 2108 293 004 037 015 2105 0000 0002 0008 2105 0002 2200 089 087 2132 055 -014 10145 10148 2101 10145 2200 -029 -021 2109 -033 2155 0000 0000 2110 -001 2156 0006 0047 0059 0083 0101 0103 0106 0121 //// 10259 ///// ///// ////
000000000000000000000000000000000000000000000000000000000000000000000000000000000000000000000000000000000000000000000000=
57075 341000 1125200 02031 02043 4
20100325220000 035 016 033 015 094 020 2101 043 018 026 020 2155 0000 0013 0014 2101 0007 2114 074 073 2101 050 -028 10004 10008 2117 10003 2157 -018 -012 2120 -024 2131 -017 -016 2101 -017 2144 0027 0055 0072 0084 0098 0100 0097 0117 //// 10256 ///// ///// ////
000000000000000000000000000000000000000000000000000000000000000000000000000000000000000000000000000000000000000000000000=
57173 334500 1125300 01457 01468 4
20100325220000 082 009 093 009 068 014 2142 076 010 065 019 2140 0000 0002 0012 2101 0001 2113 082 076 2101 051 -025 10071 10075 2112 10070 2129 -027 -018 2108 -031 2137 -007 -006 2105 -007 2157 0038 0064 0082 0091 0100 0102 0105 0133 //// 10253 ///// ///// ////
000000000000000000000000000000000000000000000000000000000000000000000000000000000000000000000000000000000000000000000000=
57180 335900 1131200 01175 01186 4
20100325220000 077 013 072 014 061 018 2125 082 013 076 022 2105 0000 0000 0007 2113 0000 2200 086 083 2130 053 -021 10110 10112 2126 10110 2200 -046 -036 2134 -046 2200 -028 -024 2101 -028 2200 0023 0057 0079 0093 0099 0099 0102 0130 //// 10258 ///// ///// ////
000000000000000000000000000000000000000000000000000000000000000000000000000000000000000000000000000000000000000000000000=
57181 335300 1130300 01364 01380 4
20100325220000 000 000 333 002 310 011 2131 333 000 308 015 2129 0000 -011 -002 2103 -016 2125 088 081 2101 050 -028 10088 10091 2123 10086 2145 -037 -031 2101 -039 2148 -016 -014 2103 -016 2200 0024 0056 0074 0088 0096 0100 0103 0129 //// 10260 ///// ///// ////
000000000000000000000000000000000000000000000000000000000000000000000000000000000000000000000000000000000000000000000000=
57171 334600 1130700 01420 01430 4
20100325220000 152 034 148 032 154 039 2115 158 036 149 049 2113 0000 0050 0053 2103 0048 2131 071 066 2118 062 0002 10077 10079 2112 10075 2136 0041 0045 2101 0040 2129 0021 0024 2113 0021 2153 0051 0071 0086 0096 0108 0110 0115 0125 //// 10253 ///// ///// ////
000000000000000000000000000000000000000000000000000000000000000000000000000000000000000000000000000000000000000000000000=
57175 330300 1121400 01914 01922 4
20100325220000 074 007 067 010 069 015 2146 046 010 046 023 2146 0000 0006 0006 2200 -002 2137 091 089 2135 058 -007 10027 10027 2200 10025 2138 -028 -026 2101 -028 2140 -005 -003 2106 -005 2155 0037 0066 0089 0102 0103 0107 0111 0138 //// 10265 ///// ///// ////
000000000000000000000000000000000000000000000000000000000000000000000000000000000000000000000000000000000000000000000000=
57156 331800 1113000 02503 02523 4
20100325220000 291 020 291 020 289 026 2152 336 027 271 044 2149 0000 0023 0026 2136 0023 2200 063 060 2135 045 -040 09951 09952 2139 09949 2101 0015 0021 2116 0015 2154 -005 -005 2158 -009 2115 0040 0063 0082 0093 0099 0109 0117 0142 //// 10260 ///// ///// ////
000000000000000000000000000000000000000000000000000000000000000000000000000000000000000000000000000000000000000000000000=
57261 330700 1113100 02330 02345 4
20100325220000 210 004 197 005 200 007 2148 149 004 236 009 2126 0000 0018 0023 2101 0018 2200 077 075 2134 054 -018 09962 09963 2129 09960 2116 -011 -007 2101 -011 2200 0004 0007 2101 0003 2158 0043 0066 0082 0093 0111 0120 0128 //// //// 10249 ///// ///// ////
000000000000000000000000000000000000000000000000000000000000000000000000000000000000000000000000000000000000000000000000=
57285 322300 1132500 01530 01492 4
20100325220000 165 054 168 035 168 035 2200 187 043 164 074 2159 0000 0076 0076 2200 0063 2101 039 039 2200 041 -055 10078 10082 2124 10077 2157 0040 0040 2200 0000 2135 0017 0017 2200 0009 2135 0044 0064 0079 0092 0102 0107 0110 0135 //// ///// ///// ///// ////
////////////////////////////////////////////////////////////////////////////////////////////////////////////////////////=
57273 324100 1125100 01095 01105 4
20100325220000 013 003 026 005 058 019 2103 057 000 057 025 2101 0000 0012 0023 2101 0011 2147 081 070 2101 054 -017 10124 10124 2154 10120 2111 -013 0006 2101 -013 2200 0002 0008 2101 0002 2200 0043 0066 0083 0096 0109 0110 0113 0136 //// 10262 ///// ///// ////
000000000000000000000000000000000000000000000000000000000000000000000000000000000000000000000000000000000000000000000000=
57187 330400 1125600 01180 01193 4
20100325220000 346 009 347 009 359 011 2101 338 010 012 012 2107 0000 -006 -002 2102 -007 2148 092 091 2101 054 -017 10109 10109 2200 10107 2119 -033 -025 2121 -034 2157 -001 0000 2104 -001 2200 0034 0055 0076 0089 0109 0110 0110 0131 //// 10258 ///// ///// ////
000000000000000000000000000000000000000000000000000000000000000000000000000000000000000000000000000000000000000000000000=
57169 330300 1115200 01591 01600 4
20100325220000 006 007 001 010 020 015 2142 001 010 021 019 2138 0000 0010 0010 2101 0000 2127 089 086 2105 058 -006 10064 10064 2200 10060 2136 0016 0018 2103 0007 2126 -007 -006 2101 -007 2137 0036 0060 0078 0092 0100 0105 0109 0133 //// 10262 ///// ///// ////
000000000000000000000000000000000000000000000000000000000000000000000000000000000000000000000000000000000000000000000000=
57176 332900 1122500 02311 02304 4
20100325220000 336 018 327 016 223 019 2110 338 015 226 025 2106 0000 0008 0016 2101 0008 2200 076 071 2105 049 -029 09983 09984 2155 09981 2101 -025 -007 2112 -026 2157 0000 0001 2110 0000 2159 0035 0056 0073 0086 0110 0111 0113 0130 //// 10268 ///// ///// ////
000000000000000000000000000000000000000000000000000000000000000000000000000000000000000000000000000000000000000000000000=
57179 331700 1130000 01604 01616 4
20100325220000 255 014 260 017 272 023 2141 257 013 268 028 2138 0000 0017 0022 2102 0013 2139 082 079 2106 057 -010 10063 10065 2101 10062 2126 -035 -025 2142 -035 2200 0001 0001 2101 0000 2129 0037 0059 0074 0084 0101 0104 0106 0132 //// 10263 ///// ///// ////
000000000000000000000000000000000000000000000000000000000000000000000000000000000000000000000000000000000000000000000000=
57274 324200 1120700 01076 01088 4
20100325220000 088 011 079 010 074 011 2148 097 010 071 018 2144 0000 0017 0020 2143 0015 2123 080 079 2101 055 -014 10124 10125 2101 10123 2119 -013 -009 2135 -014 2114 0010 0013 2101 0010 2200 0049 0070 0087 0101 0114 0114 0117 0140 //// 10259 ///// ///// ////
000000000000000000000000000000000000000000000000000000000000000000000000000000000000000000000000000000000000000000000000=
57065 343000 1121100 01949 01964 4
20100325220000 273 023 273 025 272 032 2101 268 019 274 044 2147 0000 0001 0008 2101 0001 2157 042 039 2101 026 -113 10016 10016 2122 10014 2108 -013 -009 2142 -013 2158 -017 -013 2102 -018 2142 0039 0067 0086 0098 0097 0102 0111 0138 //// 10259 ///// ///// ////
000000000000000000000000000000000000000000000000000000000000000000000000000000000000000000000000000000000000000000000000=
57074 342500 1122500 01973 01989 4
20100325220000 108 003 144 003 220 017 2119 085 004 274 034 2112 0000 0024 0034 2135 0024 2200 068 060 2106 049 -029 10011 10013 2111 10010 2143 -025 0011 2118 -025 2200 -009 -001 2125 -009 2200 0046 0071 0088 0098 0099 0102 0103 0125 //// 10256 ///// ///// ////
000000000000000000000000000000000000000000000000000000000000000000000000000000000000000000000000000000000000000000000000=
57070 344400 1120700 03640 03595 4
20100325220000 027 019 016 012 269 022 2101 023 023 023 023 2200 0000 0020 0022 2147 0008 2111 042 035 2139 030 -096 09812 09815 2106 09812 2200 -032 -016 2101 -046 2157 -028 -023 2101 -028 2159 0031 0061 0079 0088 0090 0091 0096 0122 //// 10251 ///// ///// ////
000000000000000000000000000000000000000000000000000000000000000000000000000000000000000000000000000000000000000000000000=
57162 340900 1120500 03258 03275 4
20100325220000 200 010 218 010 230 011 2153 189 007 212 018 2133 0000 0008 0014 2119 0008 2200 053 051 2134 034 -077 09855 09857 2147 09853 2106 -018 -012 2124 -039 2102 -022 -020 2128 -022 2101 0032 0062 0082 0094 0095 0097 0102 0131 //// 10256 ///// ///// ////
000000000000000000000000000000000000000000000000000000000000000000000000000000000000000000000000000000000000000000000000=
57078 340900 1122800 03365 03340 4
20100325220000 246 005 195 009 273 011 2107 313 000 181 018 2158 0000 0005 0010 2105 0000 2152 059 057 2111 037 -066 09847 09849 2102 09845 2123 -044 -042 2105 -059 2133 -023 -021 2105 -025 2145 0019 0045 0067 0082 0094 0098 0098 0118 //// 10256 ///// ///// ////
000000000000000000000000000000000000000000000000000000000000000000000000000000000000000000000000000000000000000000000000=
57071 344900 1122600 03333 03332 4
20100325220000 305 016 301 014 318 026 2101 319 014 316 029 2101 0000 0024 0028 2101 0020 2138 063 058 2101 046 -039 09847 09850 2117 09844 2101 -030 -002 2102 -035 2155 -023 -012 2101 -024 2156 0035 0060 0076 0087 0089 0088 0092 0119 //// 10254 ///// ///// ////
000000000000000000000000000000000000000000000000000000000000000000000000000000000000000000000000000000000000000000000000=
57066 342300 1114000 03283 03298 4
20100325220000 164 004 167 003 142 006 2127 164 003 161 011 2125 0000 0001 0007 2123 0000 2148 053 047 2120 033 -083 09848 09850 2110 09847 2155 -033 -029 2135 -038 2146 -035 -031 2133 -035 2200 0020 0051 0073 0085 0090 0090 0091 0115 //// 10252 ///// ///// ////
000000000000000000000000000000000000000000000000000000000000000000000000000000000000000000000000000000000000000000000000=
57077 334700 1113900 07424 07388 4
20100325220000 252 009 302 008 275 029 2102 263 009 282 040 2109 0000 -009 0000 2102 -009 2200 064 057 2101 037 -068 09370 09371 2143 09369 2104 -048 -025 2102 -050 2135 -022 -019 2103 -022 2200 0019 0040 0054 0064 0080 0085 0092 0115 //// 10256 ///// ///// ////
000000000000000000000000000000000000000000000000000000000000000000000000000000000000000000000000000000000000000000000000=
57183 334800 1135500 00600 00615 4
20100325220000 203 009 214 008 195 015 2102 206 008 203 022 2151 0000 0000 0007 2101 0000 2200 086 081 2101 053 -021 10181 10184 2103 10180 2143 -040 -039 2103 -041 2118 0001 0003 2102 0001 2153 0042 0065 0081 0092 0101 0099 0098 0122 //// 10258 ///// ///// ////
000000000000000000000000000000000000000000000000000000000000000000000000000000000000000000000000000000000000000000000000=
57186 333600 1140300 00587 00598 4
20100325220000 174 026 178 029 181 035 2129 167 024 184 048 2114 0000 0038 0044 2118 0036 2101 066 063 2117 053 -020 10184 10187 2101 10183 2148 -014 0000 2122 -015 2101 -001 0003 2118 -001 2200 0039 0066 0083 0095 0103 0102 0103 0133 //// 10258 ///// ///// ////
000000000000000000000000000000000000000000000000000000000000000000000000000000000000000000000000000000000000000000000000=
53978 350500 1123800 01401 01409 4
20100325220000 285 016 278 023 274 026 2157 277 025 268 033 2150 0000 0027 0027 2159 0003 2121 060 060 2200 044 -043 10081 10081 2200 10074 2109 -017 -013 2157 -055 2122 -013 -012 2158 -019 2123 0034 0064 0082 0098 0091 0093 0097 0125 //// 10255 ///// ///// ////
000000000000000000000000000000000000000000000000000000000000000000000000000000000000000000000000000000000000000000000000=
53987 350600 1132500 00910 00918 4
20100325220000 003 013 349 014 334 017 2136 355 010 330 029 2134 0000 0012 0021 2136 0011 2116 076 073 2138 051 -026 10135 10140 2117 10135 2159 -034 -006 2137 -044 2117 -008 -004 2137 -008 2200 0038 0064 0082 0096 0100 0098 0101 0127 //// 10250 ///// ///// ////
000000000000000000000000000000000000000000000000000000000000000000000000000000000000000000000000000000000000000000000000=
57079 345700 1130200 01064 01069 4
20100325220000 276 015 287 012 312 013 2101 276 016 276 016 2200 0000 -001 0006 2101 -002 2143 081 077 2101 049 -030 10118 10118 2200 10113 2134 -043 -036 2153 -051 2142 -029 -026 2112 -030 2142 0041 0063 0080 0091 0099 0095 0096 0119 //// 10251 ///// ///// ////
000000000000000000000000000000000000000000000000000000000000000000000000000000000000000000000000000000000000000000000000=
57072 345500 1124500 01275 01285 4
20100325220000 266 011 271 012 281 015 2147 262 011 279 018 2146 0000 -006 -004 2156 -014 2111 090 089 2102 053 -020 10098 10098 2200 10091 2110 -058 -053 2136 -065 2112 -040 -039 2103 -040 2136 0024 0057 0077 0087 0088 0087 0087 0113 //// 10258 ///// ///// ////
000000000000000000000000000000000000000000000000000000000000000000000000000000000000000000000000000000000000000000000000=
53982 351400 1131600 01120 01135 4
20100325220000 019 009 011 009 289 015 2104 029 009 299 021 2103 0000 0038 0040 2134 0036 2148 045 045 2200 036 -070 10105 10114 2101 10105 2200 -008 0006 2101 -009 2154 -015 -005 2101 -015 2200 0049 0074 0092 0103 0100 0098 0101 0131 //// 10245 ///// ///// ////
000000000000000000000000000000000000000000000000000000000000000000000000000000000000000000000000000000000000000000000000=
53979 350900 1130500 01200 01211 4
20100325220000 302 012 319 012 009 015 2109 298 011 003 019 2148 0000 0016 0028 2102 0015 2159 067 064 2101 046 -039 10102 10106 2106 10099 2140 -038 -027 2103 -040 2156 -057 -048 2102 -057 2200 0032 0067 0090 0102 0100 0099 0104 0131 //// 10252 ///// ///// ////
000000000000000000000000000000000000000000000000000000000000000000000000000000000000000000000000000000000000000000000000=
53974 353700 1141100 00723 00739 4
20100325220000 190 015 199 017 207 019 2154 192 015 209 039 2119 0000 0025 0027 2150 0023 2110 065 064 2155 048 -034 10155 10156 2137 10154 2117 -014 -014 2200 -026 2106 -011 -009 2125 -014 2145 0034 0061 0079 0089 0090 0092 0097 0124 //// 10247 ///// ///// ////
000000000000000000000000000000000000000000000000000000000000000000000000000000000000000000000000000000000000000000000000=
53990 354300 1141900 00795 00805 4
20100325220000 193 021 189 022 182 024 2155 192 021 181 027 2153 0000 -015 -009 2105 -015 2200 085 084 2106 047 -037 10147 10148 2101 10146 2118 -036 -026 2127 -039 2148 -054 -047 2101 -054 2200 0027 0058 0074 0087 0093 0085 0083 0110 //// 10248 ///// ///// ////
000000000000000000000000000000000000000000000000000000000000000000000000000000000000000000000000000000000000000000000000=
53991 355600 1142100 00743 00753 4
20100325220000 300 010 252 011 242 019 2128 301 010 268 032 2103 0000 0008 0014 2101 0008 2200 075 072 2109 049 -031 10149 10150 2101 10148 2140 -009 0002 2105 -014 2147 -021 -013 2106 -021 2147 0031 0058 0070 0085 0089 0084 0088 0118 //// 10243 ///// ///// ////
000000000000000000000000000000000000000000000000000000000000000000000000000000000000000000000000000000000000000000000000=
53889 360400 1134900 03068 03086 4
20100325220000 159 006 211 005 095 012 2125 176 007 102 019 2123 0000 -006 0004 2105 -008 2146 074 070 2106 043 -047 09867 09868 2102 09866 2106 -060 -038 2106 -060 2200 -045 -039 2102 -045 2200 0001 0024 0042 0057 0077 0075 0088 0098 //// 10249 ///// ///// ////
000000000000000000000000000000000000000000000000000000000000000000000000000000000000000000000000000000000000000000000000=
53995 353300 1143000 00625 00645 4
20100325220000 155 023 160 019 139 029 2101 153 026 150 035 2104 0000 -001 0006 2101 -001 2200 079 076 2102 048 -033 10166 10168 2114 10166 2138 -024 -014 2108 -026 2157 -032 -025 2108 -032 2158 0024 0054 0069 0082 0088 0088 0088 0116 //// 10247 ///// ///// ////
000000000000000000000000000000000000000000000000000000000000000000000000000000000000000000000000000000000000000000000000=
NNNN
