57090 344300 1135800 00781 00802 4
20100326030000 208 025 190 027 180 032 0202 209 019 195 056 0224 0000 0129 0129 0300 0110 0201 038 037 0257 057 -011 10143 10150 0201 10143 0258 0237 0244 0256 0196 0203 0290 0290 0300 0226 0202 0137 0096 0084 0086 0094 0094 0088 0120 //// 10242 ///// ///// ////
000000000000000000000000000000000000000000000000000000000000000000000000000000000000000000000000000000000000000000000000=
57083 344300 1133900 01104 01116 4
20100326030000 172 013 222 014 319 020 0214 157 016 276 032 0219 0000 0134 0135 0247 0120 0201 028 028 0300 043 -047 10102 10111 0201 10102 0300 0483 0490 0259 0383 0201 0301 0301 0300 0230 0201 0128 0096 0085 0087 0095 0099 0104 0125 0003 10239 ///// ///// ////
000000000000000000000000000000000000000000000000000000000000000000000000000000000000000000000000000000000000000000000000
100 000 000 000 //// //////////////////////// /// 0000 6///1 0//// 7//// 1//// 2//// 3//// /// /// /// // 911// 915// 919// 934// 939//=
57086 342300 1134300 01166 01168 4
20100326030000 206 042 205 045 206 055 0219 232 045 218 091 0211 0000 0114 0114 0257 0104 0201 044 042 0210 059 -004 10100 10108 0205 10100 0256 0279 0280 0259 0237 0221 0255 0255 0259 0201 0201 0131 0090 0082 0086 0094 0095 0095 0116 //// 10244 ///// ///// ////
000000000000000000000000000000000000000000000000000000000000000000000000000000000000000000000000000000000000000000000000=
57085 343200 1132000 02599 02648 4
20100326030000 200 015 220 012 210 024 0206 232 012 232 039 0238 0000 0123 0123 0300 0102 0201 033 032 0250 047 -035 09918 09925 0201 09918 0259 0207 0212 0258 0169 0201 0308 0309 0259 0235 0201 0137 0092 0084 0086 0097 0098 0095 0121 //// 10241 ///// ///// ////
000000000000000000000000000000000000000000000000000000000000000000000000000000000000000000000000000000000000000000000000=
57081 344800 1132600 01409 01419 4
20100326030000 258 016 279 014 290 014 0222 203 009 327 035 0244 0000 0112 0112 0259 0091 0201 030 029 0249 040 -057 10069 10075 0204 10069 0300 0271 0271 0300 0232 0204 0298 0303 0257 0234 0203 0130 0092 0084 0084 0087 0094 0097 0117 //// 10244 ///// ///// ////
000000000000000000000000000000000000000000000000000000000000000000000000000000000000000000000000000000000000000000000000=
57080 344400 1125800 01652 01661 4
20100326030000 258 024 252 025 222 033 0241 248 026 265 059 0252 0000 0100 0100 0300 0077 0201 030 030 0240 037 -068 10043 10050 0203 10043 0259 0229 0229 0300 0181 0201 0280 0280 0300 0217 0201 0113 0083 0080 0085 0086 0089 0090 0119 //// 10247 ///// ///// ////
000000000000000000000000000000000000000000000000000000000000000000000000000000000000000000000000000000000000000000000000=
57082 342800 1130100 04271 04284 4
20100326030000 231 020 235 013 191 020 0242 229 022 189 037 0237 0000 0122 0122 0300 0098 0204 023 022 0256 033 -083 09724 09731 0203 09724 0256 0245 0249 0259 0217 0201 0281 0281 0257 0225 0201 0126 0089 0078 0080 0091 0097 0101 //// //// 10240 ///// ///// ////
000000000000000000000000000000000000000000000000000000000000000000000000000000000000000000000000000000000000000000000000=
57295 323700 1142100 00785 00802 4
20100326030000 212 025 211 031 197 033 0243 226 035 156 058 0249 0000 0129 0129 0300 0109 0201 039 036 0253 058 -007 10159 10166 0201 10159 0259 0328 0331 0249 0278 0201 0243 0243 0300 0197 0201 0153 0092 0079 0081 0095 0099 0104 0127 //// 10258 ///// ///// ////
000000000000000000000000000000000000000000000000000000000000000000000000000000000000000000000000000000000000000000000000=
57189 330800 1135700 00646 00655 4
20100326030000 231 035 225 037 225 037 0300 226 033 246 061 0255 0000 0134 0134 0258 0113 0201 045 045 0259 069 0017 10169 10176 0205 10169 0300 0220 0230 0250 0193 0201 0223 0224 0250 0190 0201 0137 0093 0078 0075 0088 0096 0100 0122 //// 10250 ///// ///// ////
000000000000000000000000000000000000000000000000000000000000000000000000000000000000000000000000000000000000000000000000=
57194 331700 1141600 00598 00609 4
20100326030000 168 025 181 032 203 042 0201 142 029 173 058 0251 0000 0129 0129 0250 0108 0201 050 046 0257 074 0027 10176 10181 0202 10176 0300 0213 0220 0249 0178 0202 0228 0229 0259 0177 0202 0112 0086 0078 0079 0093 0094 0099 0126 //// 10251 ///// ///// ////
000000000000000000000000000000000000000000000000000000000000000000000000000000000000000000000000000000000000000000000000=
57294 325000 1140100 00836 00846 4
20100326030000 236 033 197 033 203 036 0254 240 035 223 050 0247 0000 0132 0133 0252 0113 0201 040 040 0300 061 -001 10146 10152 0201 10146 0300 0197 0213 0245 0180 0201 0228 0233 0245 0191 0201 0130 0086 0074 0078 0092 0104 0103 0118 //// 10250 ///// ///// ////
000000000000000000000000000000000000000000000000000000000000000000000000000000000000000000000000000000000000000000000000=
57195 333700 1143700 00466 00476 4
20100326030000 237 023 238 023 234 030 0219 154 030 254 062 0217 0000 0133 0133 0300 0115 0201 038 036 0239 058 -007 10194 10202 0201 10193 0256 0240 0244 0259 0188 0207 0275 0276 0259 0208 0201 0154 0097 0081 0084 0099 0099 0103 0142 //// 10253 ///// ///// ////
000000000000000000000000000000000000000000000000000000000000000000000000000000000000000000000000000000000000000000000000=
57193 334700 1143100 00526 00541 4
20100326030000 190 029 183 029 183 029 0300 226 028 201 055 0228 0000 0129 0129 0300 0109 0201 044 042 0222 065 0010 10186 10191 0201 10186 0258 0258 0280 0243 0229 0223 0275 0275 0300 0217 0201 0137 0095 0083 0082 0100 0102 0106 0131 //// 10253 ///// ///// ////
000000000000000000000000000000000000000000000000000000000000000000000000000000000000000000000000000000000000000000000000
150 000 000 000 //// //////////////////////// /// 0000 6///1 0//// 7//// 1//// 2//// 3//// /// /// /// // 911// 915// 919// 934// 939//=
58101 335200 1152900 00413 00428 4
20100326030000 207 039 200 034 206 037 0228 220 059 209 078 0237 0000 0133 0133 0300 0113 0201 033 033 0255 050 -026 10205 10214 0202 10204 0255 0245 0249 0237 0217 0228 0281 0281 0257 0224 0201 0147 0088 0074 0078 0094 0098 0101 0131 //// 10258 ///// ///// ////
000000000000000000000000000000000000000000000000000000000000000000000000000000000000000000000000000000000000000000000000=
57098 340500 1142400 00583 00593 4
20100326030000 200 038 210 039 210 039 0300 200 047 211 055 0258 0000 0130 0130 0300 0109 0201 039 039 0300 058 -006 10176 10184 0201 10176 0300 0231 0242 0256 0209 0215 0219 0220 0256 0183 0201 0158 0101 0077 0077 0096 0098 0099 0129 //// 10249 ///// ///// ////
000000000000000000000000000000000000000000000000000000000000000000000000000000000000000000000000000000000000000000000000=
57182 335100 1133000 00805 00814 4
20100326030000 235 034 244 034 229 039 0247 203 049 242 066 0257 0000 0132 0133 0254 0112 0201 040 039 0254 061 -001 10144 10152 0201 10143 0258 0233 0238 0241 0186 0214 0333 0333 0300 0255 0213 0145 0093 0090 0096 0108 0106 0109 0139 //// 10244 ///// ///// ////
000000000000000000000000000000000000000000000000000000000000000000000000000000000000000000000000000000000000000000000000=
58207 321000 1150300 00428 00440 4
20100326030000 188 021 182 028 199 036 0212 214 019 178 056 0255 0000 0139 0140 0255 0116 0201 028 026 0255 044 -043 10208 10215 0201 10208 0300 0250 0250 0245 0205 0209 0136 0136 0300 0099 0201 0277 0089 0076 0078 0100 0109 0114 0137 //// 10262 ///// ///// ////
000000000000000000000000000000000000000000000000000000000000000000000000000000000000000000000000000000000000000000000000=
53986 351900 1135300 00732 00740 4
20100326030000 203 029 211 028 214 029 0253 206 024 232 050 0252 0000 0135 0135 0300 0112 0201 030 028 0251 046 -037 10148 10155 0201 10148 0257 0255 0259 0227 0232 0204 0294 0294 0259 0230 0201 0131 0091 0079 0080 0089 0095 0099 0127 //// 10239 ///// ///// ////
000000000000000000000000000000000000000000000000000000000000000000000000000000000000000000000000000000000000000000000000
140 000 000 000 //// //////////////////////// /// 0000 6///1 0//// 7//// 1//// 2//// 3//// /// /// /// // 911// 915// 919// 934// 939//=
53994 352300 1140400 00700 00712 4
20100326030000 256 030 252 029 254 031 0209 242 028 239 051 0208 0000 0135 0135 0300 0106 0201 028 028 0300 043 -046 10149 10157 0201 10149 0300 0281 0284 0256 0236 0201 0369 0369 0300 0284 0201 0138 0080 0072 0078 0087 0090 0095 0127 //// 10237 ///// ///// ////
000000000000000000000000000000000000000000000000000000000000000000000000000000000000000000000000000000000000000000000000=
57051 344800 1111200 04099 04117 4
20100326030000 349 007 294 007 095 016 0205 330 018 108 032 0229 0000 0114 0114 0300 0093 0201 019 017 0252 026 -114 09747 09752 0210 09747 0257 0233 0237 0254 0188 0205 0262 0262 0300 0201 0201 0119 0082 0076 0079 0079 0087 0088 0114 //// 10245 ///// ///// ////
000000000000000000000000000000000000000000000000000000000000000000000000000000000000000000000000000000000000000000000000
150 006 000 000 7000 /////////////////////CIE 002 0000 6///1 0//// 7//// 1//// 2//// 3//// /// /// /// // 911// 915// 919// 934// 939//=
57063 344600 1114600 05236 05236 4
20100326030000 132 012 142 016 142 016 0300 133 017 153 029 0228 0000 0104 0105 0258 0086 0201 021 021 0248 026 -110 09617 09622 0225 09617 0300 0264 0264 0249 0230 0223 0302 0302 0300 0239 0201 0099 0060 0057 0065 0073 0077 0084 0110 //// 10253 ///// ///// ////
000000000000000000000000000000000000000000000000000000000000000000000000000000000000000000000000000000000000000000000000=
57067 340300 1110200 05688 05699 4
20100326030000 124 006 154 008 058 011 0244 071 011 147 020 0253 0000 0098 0098 0300 0063 0201 036 035 0259 044 -046 09558 09569 0203 09558 0300 0228 0228 0300 0175 0209 0202 0202 0300 0149 0201 0091 0059 0070 0061 0083 0093 0096 0122 //// 10249 ///// ///// ////
000000000000000000000000000000000000000000000000000000000000000000000000000000000000000000000000000000000000000000000000
150 000 000 000 //// //////////////////////// /// 0000 6///1 0//// 7//// 1//// 2//// 3//// /// /// /// // 911// 915// 919// 934// 939//=
57056 343200 1105300 03904 03909 4
20100326030000 111 015 093 009 054 010 0231 111 020 111 020 0300 0000 0107 0107 0300 0081 0201 021 019 0253 027 -107 09770 09779 0218 09770 0300 0249 0251 0227 0218 0203 0264 0264 0300 0208 0201 0116 0074 0071 0079 0086 0090 0094 0118 //// 10247 ///// ///// ////
000000000000000000000000000000000000000000000000000000000000000000000000000000000000000000000000000000000000000000000000=
58007 340400 1151800 00472 00532 4
20100326030000 204 029 204 033 195 035 0257 218 020 220 064 0238 0000 0125 0128 0256 0108 0202 042 040 0239 061 -001 10189 10198 0201 10189 0300 0200 0210 0250 0175 0202 0273 0273 0300 0215 0201 0128 0085 0077 0081 0093 0100 0103 0131 //// 10255 ///// ///// ////
000000000000000000000000000000000000000000000000000000000000000000000000000000000000000000000000000000000000000000000000=
58006 342300 1155300 00463 00506 4
20100326030000 200 060 205 056 208 062 0238 220 054 218 105 0233 0000 0130 0130 0300 0111 0204 030 029 0242 045 -042 10198 10207 0203 10198 0258 0210 0212 0259 0181 0203 0253 0253 0300 0196 0202 0129 0081 0067 0070 0091 0094 0098 0126 //// 10261 ///// ///// ////
000000000000000000000000000000000000000000000000000000000000000000000000000000000000000000000000000000000000000000000000=
58111 335800 1162700 00325 00325 4
20100326030000 219 034 206 044 202 052 0223 195 056 209 101 0219 0000 0113 0114 0257 0094 0202 031 030 0259 041 -052 10228 10236 0206 10228 0300 0273 0279 0243 0235 0206 0209 0215 0243 0161 0203 0114 0080 0069 0070 0087 0097 0106 0138 //// 10268 ///// ///// ////
000000000000000000000000000000000000000000000000000000000000000000000000000000000000000000000000000000000000000000000000
170 000 000 000 //// //////////////////////// /// 0000 6///1 0//// 7//// 1//// 2//// 3//// /// /// /// // 911// 915// 919// 934// 939//=
58017 341500 1160800 00410 00420 4
20100326030000 178 049 181 047 191 049 0213 170 036 232 088 0213 0000 0121 0123 0254 0101 0201 029 028 0257 041 -054 10206 10216 0205 10206 0300 0234 0252 0248 0194 0214 0242 0245 0256 0191 0201 0119 0085 0077 0079 0095 0097 0103 0128 //// 10258 ///// ///// ////
000000000000000000000000000000000000000000000000000000000000000000000000000000000000000000000000000000000000000000000000=
58001 342600 1150600 00563 00569 4
20100326030000 240 030 227 040 213 051 0203 243 028 218 069 0201 0000 0124 0124 0251 0106 0201 040 039 0256 058 -008 10179 10188 0201 10179 0259 0193 0203 0247 0162 0207 0215 0215 0300 0178 0203 0117 0077 0066 0067 0086 0089 0094 0126 //// 10250 ///// ///// ////
000000000000000000000000000000000000000000000000000000000000000000000000000000000000000000000000000000000000000000000000=
58005 342700 1154000 00501 00511 4
20100326030000 204 049 212 050 212 055 0223 209 057 203 079 0254 0000 0127 0127 0300 0105 0201 028 028 0300 041 -053 10190 10199 0201 10190 0300 0277 0284 0257 0228 0201 0269 0270 0258 0212 0201 0130 0092 0078 0078 0093 0097 0104 0131 0001 10253 ///// ///// ////
000000000000000000000000000000000000000000000000000000000000000000000000000000000000000000000000000000000000000000000000
160 000 000 000 //// //////////////////////// /// 0000 6///1 0//// 7//// 1//// 2//// 3//// /// /// /// // 911// 915// 919// 934// 939//=
58008 342800 1152000 00544 00592 4
20100326030000 203 028 218 033 209 043 0211 201 039 212 078 0250 0000 0130 0130 0300 0108 0202 033 030 0253 049 -029 10176 10185 0201 10176 0300 0319 0321 0259 0257 0212 0230 0230 0300 0181 0207 0125 0079 0065 0066 0090 0094 0099 0129 //// 10249 ///// ///// ////
000000000000000000000000000000000000000000000000000000000000000000000000000000000000000000000000000000000000000000000000=
58004 343900 1150900 00606 00616 4
20100326030000 219 026 230 033 235 042 0254 341 006 240 072 0249 0000 0128 0128 0300 0105 0207 037 036 0247 055 -015 10171 10179 0203 10171 0300 0221 0226 0240 0182 0208 0244 0244 0300 0185 0201 0129 0091 0074 0076 0096 0100 0102 0127 //// 10247 ///// ///// ////
000000000000000000000000000000000000000000000000000000000000000000000000000000000000000000000000000000000000000000000000=
54817 355900 1155200 00421 00434 4
20100326030000 180 037 188 033 199 039 0239 164 045 164 070 0236 0000 0121 0121 0300 0099 0207 037 037 0300 052 -021 10184 10195 0205 10184 0300 0204 0208 0235 0168 0207 0259 0259 0300 0198 0201 0124 0072 0060 0061 0078 0079 0088 0116 //// 10238 ///// ///// ////
000000000000000000000000000000000000000000000000000000000000000000000000000000000000000000000000000000000000000000000000=
54900 354200 1150100 00537 00541 4
20100326030000 191 046 205 041 206 048 0249 189 057 198 083 0241 0000 0123 0123 0300 0094 0201 037 037 0300 053 -020 10170 10176 0204 10170 0259 0235 0243 0255 0205 0203 0288 0288 0300 0230 0201 0127 0079 0067 0072 0081 0082 0084 0110 //// 10237 ///// ///// ////
000000000000000000000000000000000000000000000000000000000000000000000000000000000000000000000000000000000000000000000000=
54903 355100 1152900 00457 00506 4
20100326030000 213 044 207 038 222 048 0212 212 057 240 068 0206 0000 0121 0122 0256 0092 0201 037 037 0259 052 -021 10174 10181 0203 10172 0250 0202 0209 0255 0164 0201 0273 0273 0257 0204 0201 0115 0078 0069 0071 0077 0081 0091 0114 //// 10237 ///// ///// ////
000000000000000000000000000000000000000000000000000000000000000000000000000000000000000000000000000000000000000000000000=
57184 333800 1132200 00834 00847 4
20100326030000 189 035 199 028 192 038 0244 212 044 189 073 0234 0000 0125 0125 0300 0115 0201 043 042 0242 062 0003 10139 10146 0204 10139 0300 0160 0165 0239 0137 0201 0235 0253 0251 0220 0201 0135 0095 0085 0088 0097 0102 0105 0129 //// 10243 ///// ///// ////
000000000000000000000000000000000000000000000000000000000000000000000000000000000000000000000000000000000000000000000000=
57177 332000 1133200 00898 00913 4
20100326030000 247 073 246 058 246 058 0300 242 096 245 106 0252 0000 0131 0132 0258 0117 0201 036 035 0241 054 -016 10135 10142 0201 10135 0300 0206 0226 0252 0195 0216 0197 0201 0252 0174 0202 0112 0087 0066 0078 0099 0103 0106 0121 //// 10248 ///// ///// ////
000000000000000000000000000000000000000000000000000000000000000000000000000000000000000000000000000000000000000000000000=
57075 341000 1125200 02031 02043 4
20100326030000 229 008 222 013 180 019 0242 253 010 110 036 0212 0000 0104 0104 0300 0091 0203 051 047 0232 064 0007 09998 10004 0201 09998 0300 0199 0208 0239 0160 0214 0297 0297 0300 0231 0214 0145 0093 0080 0079 0094 0100 0098 0117 //// 10251 ///// ///// ////
000000000000000000000000000000000000000000000000000000000000000000000000000000000000000000000000000000000000000000000000=
57173 334500 1125300 01457 01468 4
20100326030000 208 029 221 023 204 031 0201 206 024 209 042 0259 0000 0130 0130 0300 0109 0201 039 039 0300 058 -006 10060 10067 0201 10060 0300 0233 0251 0223 0201 0203 0274 0279 0257 0228 0201 0133 0091 0082 0084 0097 0102 0105 0133 //// 10241 ///// ///// ////
000000000000000000000000000000000000000000000000000000000000000000000000000000000000000000000000000000000000000000000000=
57180 335900 1131200 01175 01186 4
20100326030000 215 022 220 029 229 043 0220 195 022 217 062 0217 0000 0124 0124 0300 0105 0201 050 045 0249 072 0023 10098 10106 0203 10097 0250 0241 0241 0300 0164 0204 0326 0326 0300 0223 0204 0144 0090 0078 0084 0097 0100 0102 0131 //// 10244 ///// ///// ////
000000000000000000000000000000000000000000000000000000000000000000000000000000000000000000000000000000000000000000000000=
57181 335300 1130300 01364 01380 4
20100326030000 292 021 234 031 217 042 0201 274 008 206 054 0250 0000 0125 0125 0259 0106 0201 056 052 0225 081 0040 10076 10084 0202 10076 0300 0217 0225 0256 0185 0201 0284 0284 0300 0208 0201 0143 0085 0073 0080 0092 0100 0103 0129 //// 10246 ///// ///// ////
000000000000000000000000000000000000000000000000000000000000000000000000000000000000000000000000000000000000000000000000
150 10- 000 000 6900 /////////////////////CIE 002 0000 6///1 0//// 7//// 1//// 2//// 3//// /// /// /// // 911// 915// 919// 934// 939//=
57171 334600 1130700 01420 01430 4
20100326030000 190 050 184 054 193 064 0201 200 049 186 084 0236 0000 0121 0121 0300 0108 0201 049 046 0211 069 0017 10064 10071 0201 10064 0300 0175 0175 0300 0143 0201 0236 0236 0300 0187 0201 0133 0099 0090 0092 0104 0110 0115 0125 //// 10239 ///// ///// ////
000000000000000000000000000000000000000000000000000000000000000000000000000000000000000000000000000000000000000000000000=
57175 330300 1121400 01914 01922 4
20100326030000 219 024 222 022 209 029 0220 223 028 181 043 0214 0000 0108 0108 0259 0094 0220 058 057 0212 075 0029 10022 10031 0203 10021 0249 0228 0228 0300 0181 0202 0285 0285 0300 0216 0201 0145 0098 0087 0092 0101 0107 0112 0138 //// 10260 ///// ///// ////
000000000000000000000000000000000000000000000000000000000000000000000000000000000000000000000000000000000000000000000000=
57156 331800 1113000 02503 02523 4
20100326030000 165 018 137 011 137 011 0300 184 028 184 028 0300 0000 0119 0120 0258 0096 0201 031 029 0253 043 -047 09945 09955 0201 09945 0300 0171 0171 0300 0119 0201 0292 0298 0253 0230 0201 0132 0089 0081 0086 0098 0109 0117 0142 //// 10253 ///// ///// ////
000000000000000000000000000000000000000000000000000000000000000000000000000000000000000000000000000000000000000000000000
200 003 000 001 4800 //////////////////CIEACR 042 0000 6///1 0//// 7//// 1//// 2//// 3//// /// /// /// // 911// 915// 919// 934// 939//=
57271 323300 1122300 00879 00897 4
20100326030000 214 050 192 053 188 053 0259 215 049 184 083 0255 0000 0128 0129 0258 0102 0201 041 040 0259 061 -001 10143 10155 0201 10143 0300 0232 0242 0236 0206 0201 0239 0239 0258 0197 0201 0143 0099 0088 0092 0099 0106 0114 0139 //// 10254 ///// ///// ////
000000000000000000000000000000000000000000000000000000000000000000000000000000000000000000000000000000000000000000000000=
57261 330700 1113100 02330 02345 4
20100326030000 127 014 119 015 128 016 0239 192 011 087 029 0239 0000 0124 0124 0300 0093 0201 048 047 0237 069 0017 09958 09968 0201 09958 0300 0227 0228 0259 0154 0201 0237 0238 0259 0194 0201 0128 0095 0086 0087 0108 0120 0128 //// //// 10243 ///// ///// ////
000000000000000000000000000000000000000000000000000000000000000000000000000000000000000000000000000000000000000000000000=
57285 322300 1132500 01530 01492 4
20100326030000 215 029 201 039 209 047 0253 203 052 181 092 0253 0000 0138 0138 0300 0115 0201 031 030 0240 049 -030 10075 10081 0211 10074 0258 0255 0255 0300 0218 0201 0241 0241 0300 0178 0201 0129 0095 0085 0087 0100 0107 0110 0134 //// 10258 ///// ///// ////
000000000000000000000000000000000000000000000000000000000000000000000000000000000000000000000000000000000000000000000000
250 001 000 000 6000 /////////////////////CIE 002 0000 6///1 0//// 7//// 1//// 2//// 3//// /// /// /// // 911// 915// 919// 934// 939//=
57273 324100 1125100 01095 01105 4
20100326030000 219 035 211 044 210 050 0237 234 030 189 081 0244 0000 0132 0132 0300 0110 0201 035 032 0237 053 -019 10118 10127 0213 10118 0259 0243 0255 0224 0226 0208 0252 0252 0300 0216 0201 0130 0095 0084 0089 0107 0110 0113 0136 //// 10254 ///// ///// ////
000000000000000000000000000000000000000000000000000000000000000000000000000000000000000000000000000000000000000000000000=
57187 330400 1125600 01180 01193 4
20100326030000 211 044 213 046 229 051 0247 226 039 217 074 0258 0000 0118 0118 0300 0095 0201 049 044 0244 068 0014 10100 10108 0201 10100 0300 0227 0227 0300 0191 0244 0242 0242 0300 0199 0201 0133 0085 0079 0083 0107 0110 0111 0132 //// 10247 ///// ///// ////
000000000000000000000000000000000000000000000000000000000000000000000000000000000000000000000000000000000000000000000000=
57178 330200 1123500 01292 01305 4
20100326030000 196 027 206 033 229 042 0226 256 017 228 069 0223 0000 0113 0113 0300 0100 0201 048 045 0202 064 0007 10094 10104 0202 10093 0256 0248 0248 0300 0209 0216 0214 0214 0300 0167 0201 0121 0090 0080 0080 0105 0108 0111 0132 0001 10255 ///// ///// ////
000000000000000000000000000000000000000000000000000000000000000000000000000000000000000000000000000000000000000000000000
230 000 000 000 //// //////////////////////// /// 0000 6///1 0//// 7//// 1//// 2//// 3//// /// /// /// // 911// 915// 919// 934// 939//=
57169 330300 1115200 01591 01600 4
20100326030000 090 008 204 012 204 012 0300 105 007 353 030 0230 0000 0109 0112 0251 0092 0203 060 058 0252 078 0034 10060 10070 0201 10060 0259 0119 0119 0300 0100 0209 0232 0232 0300 0191 0202 0129 0090 0081 0085 0096 0105 0109 0133 //// 10258 ///// ///// ////
000000000000000000000000000000000000000000000000000000000000000000000000000000000000000000000000000000000000000000000000=
57176 332900 1122500 02311 02304 4
20100326030000 153 027 157 021 201 023 0249 167 037 192 043 0243 0000 0107 0112 0255 0092 0201 045 044 0240 058 -007 09971 09979 0202 09971 0300 0221 0252 0255 0180 0214 0226 0228 0259 0181 0201 0124 0090 0079 0081 0105 0111 0113 0130 //// 10253 ///// ///// ////
000000000000000000000000000000000000000000000000000000000000000000000000000000000000000000000000000000000000000000000000=
57179 331700 1130000 01604 01616 4
20100326030000 223 038 225 044 238 059 0247 209 036 246 091 0240 0000 0112 0112 0300 0093 0201 051 049 0248 068 0014 10055 10063 0202 10055 0300 0199 0209 0231 0175 0201 0204 0204 0300 0165 0201 0112 0082 0075 0078 0098 0104 0106 0132 //// 10253 ///// ///// ////
000000000000000000000000000000000000000000000000000000000000000000000000000000000000000000000000000000000000000000000000=
57274 324200 1120700 01076 01088 4
20100326030000 185 027 179 030 170 033 0255 203 034 164 051 0251 0000 0121 0121 0300 0094 0201 053 053 0259 075 0028 10118 10130 0202 10118 0300 0269 0271 0244 0226 0201 0254 0254 0300 0192 0201 0140 0104 0093 0095 0111 0114 0117 0140 //// 10252 ///// ///// ////
000000000000000000000000000000000000000000000000000000000000000000000000000000000000000000000000000000000000000000000000=
57065 343000 1121100 01949 01964 4
20100326030000 177 004 266 013 264 028 0201 167 008 277 040 0203 0000 0102 0102 0300 0076 0201 028 026 0257 035 -075 10008 10016 0202 10008 0300 0187 0187 0252 0144 0201 0288 0288 0300 0228 0201 0127 0090 0083 0089 0095 0102 0111 0138 //// 10249 ///// ///// ////
000000000000000000000000000000000000000000000000000000000000000000000000000000000000000000000000000000000000000000000000=
57074 342500 1122500 01973 01989 4
20100326030000 242 015 256 008 099 012 0242 226 021 226 021 0300 0000 0108 0108 0259 0084 0201 042 042 0300 054 -016 10005 10012 0201 10005 0300 0205 0229 0253 0178 0202 0283 0286 0253 0230 0201 0118 0086 0083 0090 0096 0102 0103 0125 //// 10249 ///// ///// ////
000000000000000000000000000000000000000000000000000000000000000000000000000000000000000000000000000000000000000000000000=
57070 344400 1120700 03640 03595 4
20100326030000 263 015 294 013 150 022 0215 237 009 167 036 0214 0000 0097 0097 0258 0082 0201 033 033 0259 040 -058 09811 09816 0214 09811 0300 0208 0218 0256 0170 0226 0276 0276 0300 0230 0201 0112 0077 0073 0079 0088 0092 0096 0122 //// 10248 ///// ///// ////
000000000000000000000000000000000000000000000000000000000000000000000000000000000000000000000000000000000000000000000000=
57162 340900 1120500 03258 03275 4
20100326030000 086 014 107 017 109 019 0251 359 012 110 032 0250 0000 0098 0099 0248 0081 0201 032 032 0300 039 -061 09847 09854 0201 09847 0300 0187 0198 0233 0152 0202 0260 0260 0257 0200 0201 0116 0077 0076 0084 0094 0097 0103 0132 //// 10247 ///// ///// ////
000000000000000000000000000000000000000000000000000000000000000000000000000000000000000000000000000000000000000000000000=
57078 340900 1122800 03365 03340 4
20100326030000 111 013 111 017 110 018 0259 091 013 102 028 0253 0000 0098 0098 0300 0076 0201 040 034 0245 048 -032 09838 09845 0203 09838 0258 0270 0272 0253 0214 0202 0250 0250 0300 0175 0201 0110 0068 0063 0072 0091 0097 0098 0118 //// 10245 ///// ///// ////
000000000000000000000000000000000000000000000000000000000000000000000000000000000000000000000000000000000000000000000000=
57071 344900 1122600 03333 03332 4
20100326030000 145 025 158 022 183 023 0243 144 031 150 042 0234 0000 0105 0105 0300 0086 0201 031 029 0257 039 -059 09844 09848 0232 09844 0300 0206 0210 0204 0189 0223 0288 0288 0300 0239 0201 0120 0081 0073 0078 0085 0088 0092 0119 //// 10249 ///// ///// ////
000000000000000000000000000000000000000000000000000000000000000000000000000000000000000000000000000000000000000000000000
130 001 000 000 5300 /////////////////////CIE 002 0000 6///1 0//// 7//// 1//// 2//// 3//// /// /// /// // 911// 915// 919// 934// 939//=
57066 342300 1114000 03283 03298 4
20100326030000 155 007 128 011 128 013 0233 153 013 161 023 0231 0000 0099 0099 0300 0072 0201 028 027 0258 034 -078 09845 09850 0206 09845 0300 0186 0201 0244 0157 0209 0197 0199 0258 0131 0214 0098 0075 0072 0076 0087 0090 0092 0115 //// 10247 ///// ///// ////
000000000000000000000000000000000000000000000000000000000000000000000000000000000000000000000000000000000000000000000000=
57077 334700 1113900 07424 07388 4
20100326030000 254 018 253 018 287 021 0219 246 020 293 029 0216 0000 0125 0125 0300 0090 0201 030 028 0244 043 -046 09359 09370 0201 09359 0300 0283 0298 0235 0222 0201 0245 0249 0256 0192 0201 0107 0060 0052 0058 0079 0085 0092 0115 //// 10235 ///// ///// ////
000000000000000000000000000000000000000000000000000000000000000000000000000000000000000000000000000000000000000000000000
280 10- 000 000 6400 /////////////////////CIE 002 0000 6///1 0//// 7//// 1//// 2//// 3//// /// /// /// // 911// 915// 919// 934// 939//=
57183 334800 1135500 00600 00615 4
20100326030000 251 039 243 044 240 046 0258 251 032 254 066 0250 0000 0119 0119 0258 0108 0203 053 052 0251 074 0026 10172 10177 0202 10172 0300 0219 0221 0233 0206 0217 0226 0226 0300 0187 0201 0122 0090 0083 0085 0098 0099 0098 0122 //// 10248 ///// ///// ////
000000000000000000000000000000000000000000000000000000000000000000000000000000000000000000000000000000000000000000000000=
57186 333600 1140300 00587 00598 4
20100326030000 221 023 195 023 194 030 0214 254 023 198 042 0212 0000 0131 0131 0300 0107 0201 042 042 0300 063 0005 10176 10182 0201 10176 0300 0279 0279 0300 0219 0201 0304 0304 0259 0238 0201 0154 0100 0086 0089 0101 0103 0104 0133 //// 10250 ///// ///// ////
000000000000000000000000000000000000000000000000000000000000000000000000000000000000000000000000000000000000000000000000=
57096 343200 1144700 00597 00607 4
20100326030000 274 035 270 035 267 036 0259 282 028 260 066 0253 0000 0134 0134 0300 0112 0201 035 034 0257 054 -017 10168 10176 0209 10168 0300 0273 0287 0247 0203 0209 0333 0334 0259 0264 0206 0151 0094 0082 0087 0101 0100 0102 0128 //// 10243 ///// ///// ////
000000000000000000000000000000000000000000000000000000000000000000000000000000000000000000000000000000000000000000000000=
57091 344700 1141800 00737 00748 4
20100326030000 229 055 226 061 223 066 0247 217 054 231 090 0231 0000 0118 0119 0254 0106 0201 036 033 0233 050 -028 10150 10158 0201 10150 0300 0290 0291 0254 0219 0201 0290 0292 0253 0244 0201 0136 0098 0092 0088 0102 0101 0102 0123 //// 10242 ///// ///// ////
000000000000000000000000000000000000000000000000000000000000000000000000000000000000000000000000000000000000000000000000
150 000 000 000 //// //////////////////////// /// 0000 6///1 0//// 7//// 1//// 2//// 3//// /// /// /// // 911// 915// 919// 934// 939//=
53978 350500 1123800 01401 01409 4
20100326030000 249 018 243 015 271 019 0243 277 017 271 030 0242 0000 0135 0135 0259 0111 0201 021 018 0243 032 -084 10069 10074 0201 10069 0300 0261 0272 0231 0238 0201 0300 0306 0254 0246 0201 0145 0099 0085 0089 0088 0093 0098 0125 //// 10242 ///// ///// ////
000000000000000000000000000000000000000000000000000000000000000000000000000000000000000000000000000000000000000000000000=
53987 350600 1132500 00910 00918 4
20100326030000 241 017 228 023 227 026 0255 355 015 220 043 0232 0000 0119 0120 0257 0104 0203 040 038 0214 056 -013 10130 10135 0203 10130 0300 0229 0231 0253 0203 0203 0282 0282 0300 0219 0201 0146 0104 0090 0090 0096 0099 0101 0127 //// 10243 ///// ///// ////
000000000000000000000000000000000000000000000000000000000000000000000000000000000000000000000000000000000000000000000000=
57079 345700 1130200 01064 01069 4
20100326030000 246 034 251 032 237 034 0201 240 045 220 048 0226 0000 0108 0109 0259 0083 0202 040 040 0300 052 -023 10111 10118 0201 10111 0300 0206 0208 0228 0163 0201 0306 0306 0300 0228 0201 0116 0083 0077 0081 0095 0096 0096 0120 //// 10243 ///// ///// ////
000000000000000000000000000000000000000000000000000000000000000000000000000000000000000000000000000000000000000000000000=
57072 345500 1124500 01275 01285 4
20100326030000 268 030 257 032 251 034 0258 282 022 253 050 0251 0000 0113 0113 0300 0090 0201 034 033 0237 045 -040 10088 10094 0201 10088 0300 0195 0205 0237 0171 0202 0287 0287 0300 0227 0201 0118 0080 0074 0078 0085 0087 0087 0113 //// 10247 ///// ///// ////
000000000000000000000000000000000000000000000000000000000000000000000000000000000000000000000000000000000000000000000000=
53982 351400 1131600 01120 01135 4
20100326030000 175 040 189 036 189 036 0300 183 032 199 053 0252 0000 0142 0143 0233 0129 0201 024 015 0227 039 -061 10096 10103 0201 10096 0300 0208 0212 0241 0189 0201 0326 0326 0300 0261 0201 0147 0104 0092 0094 0097 0098 0101 0131 //// 10235 ///// ///// ////
000000000000000000000000000000000000000000000000000000000000000000000000000000000000000000000000000000000000000000000000=
53979 350900 1130500 01200 01211 4
20100326030000 237 033 234 029 222 035 0214 250 030 226 053 0245 0000 0127 0127 0300 0111 0202 027 026 0243 040 -058 10093 10100 0205 10093 0300 0236 0248 0257 0210 0206 0365 0374 0257 0302 0201 0142 0092 0086 0092 0099 0100 0105 0131 //// 10242 ///// ///// ////
000000000000000000000000000000000000000000000000000000000000000000000000000000000000000000000000000000000000000000000000=
53974 353700 1141100 00723 00739 4
20100326030000 198 035 197 038 228 047 0222 254 029 218 077 0215 0000 0137 0137 0300 0122 0202 018 018 0300 028 -102 10143 10147 0213 10143 0259 0227 0241 0250 0196 0223 0290 0292 0259 0248 0202 0133 0090 0078 0080 0088 0092 0098 0124 //// 10234 ///// ///// ////
000000000000000000000000000000000000000000000000000000000000000000000000000000000000000000000000000000000000000000000000=
53990 354300 1141900 00795 00805 4
20100326030000 204 070 201 065 202 066 0255 215 078 206 086 0250 0000 0139 0139 0300 0114 0201 028 027 0251 044 -043 10132 10138 0201 10132 0300 0219 0225 0251 0191 0201 0339 0341 0259 0284 0201 0129 0083 0070 0077 0090 0085 0084 0110 //// 10231 ///// ///// ////
000000000000000000000000000000000000000000000000000000000000000000000000000000000000000000000000000000000000000000000000=
53991 355600 1142100 00743 00753 4
20100326030000 185 027 171 023 165 024 0256 240 049 240 049 0300 0000 0145 0149 0252 0122 0201 023 022 0250 038 -064 10138 10143 0203 10138 0300 0244 0258 0251 0206 0207 0338 0339 0252 0268 0201 0146 0090 0071 0077 0087 0085 0088 0118 //// 10231 ///// ///// ////
000000000000000000000000000000000000000000000000000000000000000000000000000000000000000000000000000000000000000000000000=
53889 360400 1134900 03068 03086 4
20100326030000 326 012 346 012 347 024 0209 326 013 354 034 0201 0000 0134 0134 0300 0097 0201 022 022 0300 034 -079 09850 09859 0201 09850 0300 0252 0252 0300 0194 0206 0298 0298 0300 0209 0201 0160 0113 0086 0072 0072 0076 0089 0098 //// 10225 ///// ///// ////
000000000000000000000000000000000000000000000000000000000000000000000000000000000000000000000000000000000000000000000000=
53995 353300 1143000 00625 00645 4
20100326030000 193 035 198 040 200 044 0238 206 032 195 066 0223 0000 0122 0122 0300 0093 0201 034 034 0256 048 -032 10156 10163 0201 10156 0258 0230 0231 0258 0196 0214 0294 0294 0300 0226 0201 0146 0094 0073 0072 0084 0088 0088 0116 //// 10236 ///// ///// ////
000000000000000000000000000000000000000000000000000000000000000000000000000000000000000000000000000000000000000000000000=
NNNN
