57090 344300 1135800 00781 00802 4
20100502040000 180 028 178 024 167 029 0302 175 032 153 056 0352 0000 0299 0299 0400 0280 0301 054 054 0400 228 0196 09967 09973 0301 09967 0359 0416 0417 0359 0390 0310 0514 0514 0400 0463 0301 0301 0244 0213 0200 0180 0155 0130 0131 //// 10059 ///// ///// ////
000000000000000000000000000000000000000000000000000000000000000000000000000000000000000000000000000000000000000000000000=
57083 344300 1133900 01104 01116 4
20100502040000 157 034 165 033 156 039 0335 154 036 163 065 0323 0000 0314 0315 0355 0300 0301 045 041 0357 207 0180 09925 09933 0301 09925 0400 0551 0568 0355 0530 0324 0479 0481 0355 0446 0310 0293 0240 0208 0190 0156 0138 0127 0130 0001 10052 ///// ///// ////
000000000000000000000000000000000000000000000000000000000000000000000000000000000000000000000000000000000000000000000000
110 000 000 /// //// //////////////////////// /// //// 6///1 0//// 7//// 1//// 2//// 3//// /// /// /// // 911// 915// 919// 934// 939//=
57086 342300 1134300 01166 01168 4
20100502040000 199 041 202 045 201 049 0354 209 071 192 084 0331 0000 0281 0281 0400 0264 0303 061 059 0356 232 0199 09932 09939 0301 09932 0400 0386 0391 0346 0369 0304 0457 0457 0400 0415 0304 0294 0235 0204 0189 0167 0139 0122 0124 //// 10066 ///// ///// ////
000000000000000000000000000000000000000000000000000000000000000000000000000000000000000000000000000000000000000000000000=
57085 343200 1132000 02599 02648 4
20100502040000 205 032 227 029 215 034 0314 209 026 223 055 0307 0000 0307 0307 0358 0293 0301 043 042 0348 190 0167 09761 09767 0302 09761 0400 0392 0398 0342 0372 0305 0436 0437 0358 0394 0301 0295 0228 0197 0180 0171 0145 0126 0128 //// 10061 ///// ///// ////
000000000000000000000000000000000000000000000000000000000000000000000000000000000000000000000000000000000000000000000000=
57081 344800 1132600 01409 01419 4
20100502040000 106 007 124 010 097 011 0343 102 003 088 028 0341 0000 0311 0311 0400 0288 0301 035 035 0400 158 0138 09894 09901 0301 09894 0359 0479 0479 0400 0444 0316 0465 0465 0400 0420 0301 0297 0238 0208 0187 0154 0140 0126 0122 //// 10055 ///// ///// ////
000000000000000000000000000000000000000000000000000000000000000000000000000000000000000000000000000000000000000000000000=
57084 343000 1130300 11784 11790 4
20100502040000 254 033 257 032 249 039 0350 285 035 226 056 0343 0000 0269 0269 0400 0251 0301 036 036 0400 128 0106 08796 08798 0301 08796 0400 0341 0346 0357 0324 0346 0511 0514 0357 0475 0301 0298 0226 0182 0161 0124 //// //// //// //// 10067 ///// ///// ////
000000000000000000000000000000000000000000000000000000000000000000000000000000000000000000000000000000000000000000000000=
57080 344400 1125800 01652 01661 4
20100502040000 216 024 225 027 229 041 0310 220 017 251 067 0307 0000 0301 0301 0356 0279 0308 039 039 0359 166 0146 09869 09876 0305 09869 0359 0386 0392 0356 0365 0306 0518 0519 0356 0471 0305 0309 0241 0204 0189 0154 0133 0119 0123 //// 10059 ///// ///// ////
000000000000000000000000000000000000000000000000000000000000000000000000000000000000000000000000000000000000000000000000=
57082 342800 1130100 04271 04284 4
20100502040000 234 036 238 039 234 042 0355 237 018 220 066 0349 0000 0317 0317 0400 0307 0301 023 023 0358 108 0080 09584 09589 0302 09584 0358 0406 0406 0400 0349 0303 0499 0499 0400 0459 0301 0303 0252 0219 0202 0165 0143 0126 //// //// 10061 ///// ///// ////
000000000000000000000000000000000000000000000000000000000000000000000000000000000000000000000000000000000000000000000000=
57295 323700 1142100 00785 00802 4
20100502040000 215 029 219 029 192 039 0302 178 027 201 074 0302 0000 0308 0308 0400 0291 0301 049 049 0354 218 0189 09994 10000 0301 09994 0358 0532 0532 0359 0481 0304 0498 0499 0359 0450 0301 0309 0240 0214 0200 0162 0144 0130 0132 //// 10086 ///// ///// ////
000000000000000000000000000000000000000000000000000000000000000000000000000000000000000000000000000000000000000000000000=
57189 330800 1135700 00646 00655 4
20100502040000 222 038 218 032 223 035 0318 181 023 212 067 0312 0000 0297 0297 0359 0282 0301 061 061 0400 254 0214 10006 10010 0306 10006 0400 0321 0323 0352 0298 0301 0462 0462 0359 0429 0301 0289 0238 0212 0196 0150 0136 0125 0127 //// 10082 ///// ///// ////
000000000000000000000000000000000000000000000000000000000000000000000000000000000000000000000000000000000000000000000000=
57194 331700 1141600 00598 00609 4
20100502040000 205 046 203 039 195 045 0310 209 051 195 078 0323 0000 0288 0289 0359 0277 0301 061 061 0400 242 0205 10009 10014 0303 10008 0359 0404 0410 0352 0376 0311 0482 0488 0359 0449 0309 0282 0235 0208 0193 0153 0135 0123 0127 //// 10079 ///// ///// ////
000000000000000000000000000000000000000000000000000000000000000000000000000000000000000000000000000000000000000000000000=
57197 330000 1142000 00489 00545 4
20100502040000 177 042 183 036 184 042 0346 187 038 195 067 0344 0000 0293 0293 0400 0279 0301 068 067 0341 277 0228 10021 10026 0318 10021 0359 0417 0423 0337 0408 0301 0498 0498 0400 0454 0301 0271 0233 0206 0192 0163 0145 0128 0129 //// 10084 ///// ///// ////
000000000000000000000000000000000000000000000000000000000000000000000000000000000000000000000000000000000000000000000000=
57294 325000 1140100 00836 00846 4
20100502040000 235 019 253 019 210 022 0317 198 022 251 043 0358 0000 0315 0315 0400 0296 0301 050 048 0356 231 0198 09983 09987 0301 09983 0356 0436 0436 0400 0405 0315 0512 0512 0400 0466 0301 0297 0235 0202 0187 0155 0143 0128 0126 //// 10080 ///// ///// ////
000000000000000000000000000000000000000000000000000000000000000000000000000000000000000000000000000000000000000000000000=
57292 325800 1143800 00444 00453 4
20100502040000 214 041 208 042 216 048 0343 203 059 226 093 0336 0000 0288 0288 0400 0274 0304 064 064 0359 253 0213 10035 10041 0302 10035 0359 0404 0410 0355 0360 0301 0467 0467 0400 0430 0301 0296 0243 0213 0202 0177 0150 0132 0135 //// 10087 ///// ///// ////
000000000000000000000000000000000000000000000000000000000000000000000000000000000000000000000000000000000000000000000000=
57195 333700 1143700 00466 00476 4
20100502040000 247 030 244 032 240 036 0357 256 043 237 085 0355 0000 0296 0296 0400 0283 0301 050 050 0400 207 0181 10024 10029 0301 10024 0400 0378 0398 0338 0373 0323 0495 0495 0338 0464 0301 0327 0261 0222 0204 0167 0143 0129 0141 //// 10079 ///// ///// ////
000000000000000000000000000000000000000000000000000000000000000000000000000000000000000000000000000000000000000000000000=
57193 334700 1143100 00526 00541 4
20100502040000 189 020 191 021 192 022 0335 187 013 170 057 0333 0000 0289 0290 0357 0277 0303 060 059 0352 239 0204 10017 10022 0301 10016 0358 0389 0391 0358 0341 0311 0424 0439 0343 0407 0301 0307 0246 0214 0195 0169 0145 0131 0132 //// 10079 ///// ///// ////
000000000000000000000000000000000000000000000000000000000000000000000000000000000000000000000000000000000000000000000000=
58104 332400 1150400 00412 00425 4
20100502040000 214 050 219 045 222 054 0320 223 046 209 083 0312 0000 0288 0288 0400 0277 0301 063 062 0347 249 0211 10036 10041 0301 10036 0400 0392 0398 0354 0375 0321 0479 0479 0400 0440 0301 0321 0253 0214 0197 0178 0146 0127 0135 //// 10085 ///// ///// ////
000000000000000000000000000000000000000000000000000000000000000000000000000000000000000000000000000000000000000000000000=
58101 335200 1152900 00413 00428 4
20100502040000 208 029 201 028 204 031 0338 234 019 243 072 0334 0000 0290 0290 0400 0277 0305 060 058 0334 240 0205 10032 10039 0303 10032 0356 0419 0427 0358 0385 0304 0495 0498 0358 0460 0303 0290 0223 0191 0178 0154 0139 0125 0131 //// 10082 ///// ///// ////
000000000000000000000000000000000000000000000000000000000000000000000000000000000000000000000000000000000000000000000000=
57098 340500 1142400 00583 00593 4
20100502040000 204 045 210 050 213 052 0359 223 033 215 079 0352 0000 0279 0281 0348 0269 0303 062 061 0350 233 0199 10004 10010 0301 10004 0400 0369 0382 0343 0352 0301 0347 0350 0348 0328 0301 0287 0235 0198 0182 0163 0141 0125 0130 //// 10073 ///// ///// ////
000000000000000000000000000000000000000000000000000000000000000000000000000000000000000000000000000000000000000000000000=
57190 334500 1142400 00505 00516 4
20100502040000 202 043 195 043 204 052 0304 203 049 197 084 0325 0000 0289 0289 0400 0276 0301 064 061 0333 255 0214 10016 10021 0301 10016 0400 0362 0363 0359 0340 0304 0501 0502 0359 0452 0301 0297 0238 0201 0183 0171 0145 0128 0132 //// 10076 ///// ///// ////
000000000000000000000000000000000000000000000000000000000000000000000000000000000000000000000000000000000000000000000000=
57088 340900 1133000 01161 01177 4
20100502040000 249 034 247 035 228 043 0342 229 031 197 060 0317 0000 0294 0294 0400 0276 0301 052 050 0359 213 0185 09931 09937 0301 09931 0400 0370 0378 0308 0359 0330 0524 0532 0349 0487 0302 0329 0253 0210 0193 0148 0134 0127 0131 //// 10067 ///// ///// ////
000000000000000000000000000000000000000000000000000000000000000000000000000000000000000000000000000000000000000000000000=
57182 335100 1133000 00805 00814 4
20100502040000 235 034 208 034 203 039 0348 245 039 214 061 0341 0000 0298 0298 0400 0286 0312 054 054 0400 226 0195 09976 09982 0301 09975 0357 0416 0422 0359 0392 0312 0568 0572 0358 0523 0308 0322 0247 0216 0199 0176 0149 0133 0140 //// 10070 ///// ///// ////
000000000000000000000000000000000000000000000000000000000000000000000000000000000000000000000000000000000000000000000000=
57087 341200 1134800 00877 00885 4
20100502040000 202 050 205 045 210 047 0355 211 068 209 070 0354 0000 0287 0287 0400 0272 0301 058 058 0400 228 0196 09967 09973 0301 09967 0400 0377 0391 0326 0367 0306 0499 0503 0359 0473 0306 0300 0243 0207 0190 0155 0136 0124 0128 //// 10069 ///// ///// ////
000000000000000000000000000000000000000000000000000000000000000000000000000000000000000000000000000000000000000000000000=
57297 320800 1140300 01145 01154 4
20100502040000 200 034 204 041 211 054 0301 192 034 229 107 0305 0000 0303 0303 0333 0291 0302 050 048 0335 216 0187 09960 09965 0315 09960 0356 0435 0446 0332 0398 0304 0534 0534 0400 0472 0303 0339 0272 0236 0217 0184 0161 0141 //// //// 10092 ///// ///// ////
000000000000000000000000000000000000000000000000000000000000000000000000000000000000000000000000000000000000000000000000=
58301 314900 1152300 00916 00929 4
20100502040000 226 062 222 067 214 084 0338 220 051 227 132 0337 0000 0308 0308 0400 0301 0301 038 036 0338 169 0148 09990 09999 0301 09990 0400 0335 0340 0320 0328 0338 0452 0455 0320 0438 0323 0299 0256 0228 0212 0189 0164 0139 0134 //// 10097 ///// ///// ////
000000000000000000000000000000000000000000000000000000000000000000000000000000000000000000000000000000000000000000000000=
57298 321300 1143300 00554 00562 4
20100502040000 197 042 202 048 203 066 0340 169 038 197 102 0348 0000 0304 0304 0400 0287 0301 049 048 0355 213 0185 10026 10033 0301 10026 0400 0297 0297 0400 0280 0301 0455 0455 0400 0420 0301 0281 0234 0211 0198 0163 0145 0127 0138 //// 10091 ///// ///// ////
000000000000000000000000000000000000000000000000000000000000000000000000000000000000000000000000000000000000000000000000=
57390 314800 1140400 07335 07347 4
20100502040000 212 066 210 069 211 077 0341 192 062 213 164 0335 0000 0243 0244 0337 0233 0302 065 064 0319 197 0173 09290 09295 0303 09289 0355 0325 0325 0400 0298 0307 0440 0440 0400 0406 0302 0284 0225 0192 0176 0156 0130 //// //// //// 10110 ///// ///// ////
000000000000000000000000000000000000000000000000000000000000000000000000000000000000000000000000000000000000000000000000=
58208 321000 1153700 00429 00439 4
20100502040000 222 051 220 048 225 058 0324 233 045 225 081 0348 0000 0307 0308 0357 0295 0301 043 041 0358 190 0167 10045 10052 0301 10045 0400 0373 0379 0356 0349 0323 0461 0463 0356 0430 0310 0316 0264 0235 0220 0179 0159 0141 0142 //// 10096 ///// ///// ////
000000000000000000000000000000000000000000000000000000000000000000000000000000000000000000000000000000000000000000000000=
53989 350300 1135700 00766 00777 4
20100502040000 189 029 193 026 188 028 0319 229 027 190 046 0314 0000 0299 0300 0347 0277 0303 051 049 0333 215 0187 09966 09973 0301 09966 0400 0401 0414 0337 0388 0312 0512 0513 0357 0467 0306 0314 0247 0211 0193 0161 0138 0123 0126 //// 10055 ///// ///// ////
000000000000000000000000000000000000000000000000000000000000000000000000000000000000000000000000000000000000000000000000=
53986 351900 1135300 00732 00740 4
20100502040000 217 037 214 037 223 063 0309 201 047 232 096 0305 0000 0294 0295 0357 0274 0309 046 045 0349 189 0166 09968 09975 0301 09968 0400 0396 0405 0341 0348 0309 0483 0483 0400 0431 0309 0275 0226 0200 0188 0162 0141 0125 0130 //// 10053 ///// ///// ////
000000000000000000000000000000000000000000000000000000000000000000000000000000000000000000000000000000000000000000000000=
53988 351600 1134000 00776 00784 4
20100502040000 188 037 195 038 208 043 0319 175 032 215 070 0331 0000 0293 0293 0400 0278 0301 043 043 0400 175 0154 09959 09964 0302 09959 0400 0441 0448 0350 0424 0332 0549 0549 0400 0508 0301 0296 0235 0201 0188 0148 0133 0123 0128 //// 10049 ///// ///// ////
000000000000000000000000000000000000000000000000000000000000000000000000000000000000000000000000000000000000000000000000=
53998 351200 1143900 00616 00625 4
20100502040000 192 039 204 041 205 049 0354 164 032 206 083 0349 0000 0293 0293 0400 0276 0303 053 053 0350 216 0187 09986 09989 0302 09985 0355 0420 0420 0400 0398 0340 0465 0465 0400 0425 0301 0287 0228 0197 0184 0171 0144 0123 0130 //// 10058 ///// ///// ////
000000000000000000000000000000000000000000000000000000000000000000000000000000000000000000000000000000000000000000000000=
57051 344800 1111200 04099 04117 4
20100502040000 212 023 277 024 280 025 0359 170 024 240 043 0350 0000 0301 0301 0355 0284 0301 031 031 0400 132 0111 09598 09606 0301 09598 0400 0427 0437 0359 0387 0308 0549 0553 0358 0513 0309 0291 0229 0201 0187 0161 0133 0118 0120 //// 10060 ///// ///// ////
000000000000000000000000000000000000000000000000000000000000000000000000000000000000000000000000000000000000000000000000=
57063 344600 1114600 05236 05236 4
20100502040000 247 033 258 031 266 034 0315 285 031 268 062 0345 0000 0305 0305 0400 0285 0301 029 029 0358 127 0105 09475 09483 0302 09475 0400 0469 0469 0400 0439 0315 0544 0544 0400 0497 0301 0269 0206 0174 0162 0121 0112 0104 0111 //// 10063 ///// ///// ////
000000000000000000000000000000000000000000000000000000000000000000000000000000000000000000000000000000000000000000000000=
57067 340300 1110200 05688 05699 4
20100502040000 219 017 231 013 194 018 0335 212 013 203 031 0333 0000 0291 0291 0400 0266 0302 035 034 0359 141 0121 09431 09440 0301 09431 0359 0454 0462 0357 0427 0330 0491 0491 0358 0444 0301 0289 0220 0183 0194 0166 0148 0123 0125 //// 10070 ///// ///// ////
000000000000000000000000000000000000000000000000000000000000000000000000000000000000000000000000000000000000000000000000=
57056 343200 1105300 03904 03909 4
20100502040000 302 015 287 015 220 017 0335 293 005 234 029 0357 0000 0318 0318 0359 0297 0301 022 022 0359 103 0075 09617 09627 0301 09617 0400 0468 0471 0357 0435 0314 0564 0564 0358 0509 0301 0345 0261 0211 0192 0146 0130 0118 0121 //// 10051 ///// ///// ////
000000000000000000000000000000000000000000000000000000000000000000000000000000000000000000000000000000000000000000000000=
58007 340400 1151800 00472 00532 4
20100502040000 199 031 186 033 182 039 0312 184 030 164 071 0323 0000 0285 0286 0359 0273 0301 060 059 0354 233 0200 10018 10024 0302 10017 0358 0383 0387 0359 0346 0329 0434 0434 0400 0359 0301 0267 0216 0191 0181 0150 0138 0127 0132 //// 10080 ///// ///// ////
000000000000000000000000000000000000000000000000000000000000000000000000000000000000000000000000000000000000000000000000=
58006 342300 1155300 00463 00506 4
20100502040000 181 040 183 040 184 049 0301 178 035 170 078 0355 0000 0287 0287 0400 0273 0301 060 058 0331 236 0202 10024 10030 0301 10024 0353 0397 0403 0355 0363 0301 0457 0457 0400 0413 0301 0310 0241 0200 0179 0160 0139 0123 0127 //// 10083 ///// ///// ////
000000000000000000000000000000000000000000000000000000000000000000000000000000000000000000000000000000000000000000000000=
58111 335800 1162700 00325 00325 4
20100502040000 178 041 190 034 195 048 0341 173 071 203 090 0332 0000 0286 0287 0357 0272 0301 056 056 0358 219 0190 10052 10060 0301 10052 0359 0261 0261 0400 0248 0301 0395 0400 0357 0370 0301 0276 0226 0194 0177 0153 0139 0129 0138 //// 10090 ///// ///// ////
000000000000000000000000000000000000000000000000000000000000000000000000000000000000000000000000000000000000000000000000=
58017 341500 1160800 00410 00420 4
20100502040000 168 030 191 031 176 036 0346 164 027 198 077 0345 0000 0286 0286 0400 0273 0304 059 057 0348 231 0198 10031 10040 0302 10030 0356 0343 0347 0323 0331 0341 0423 0423 0400 0390 0301 0268 0218 0191 0178 0151 0138 0126 0129 //// 10079 ///// ///// ////
000000000000000000000000000000000000000000000000000000000000000000000000000000000000000000000000000000000000000000000000=
58001 342600 1150600 00563 00569 4
20100502040000 203 051 202 047 211 049 0329 218 029 203 081 0334 0000 0279 0279 0359 0268 0304 060 059 0350 225 0194 10005 10012 0302 10005 0358 0348 0349 0358 0326 0313 0392 0393 0359 0361 0304 0270 0218 0189 0173 0149 0130 0118 0126 //// 10071 ///// ///// ////
000000000000000000000000000000000000000000000000000000000000000000000000000000000000000000000000000000000000000000000000=
58005 342700 1154000 00501 00511 4
20100502040000 209 056 208 057 208 059 0359 200 048 253 094 0357 0000 0286 0286 0400 0276 0302 053 052 0357 207 0181 10016 10023 0302 10016 0400 0399 0413 0332 0378 0303 0480 0491 0356 0453 0302 0280 0229 0196 0179 0150 0133 0126 0133 0002 10075 ///// ///// ////
000000000000000000000000000000000000000000000000000000000000000000000000000000000000000000000000000000000000000000000000
150 000 000 /// //// //////////////////////// /// //// 6///1 0//// 7//// 1//// 2//// 3//// /// /// /// // 911// 915// 919// 934// 939//=
58008 342800 1152000 00544 00592 4
20100502040000 188 053 196 043 196 046 0347 189 066 201 079 0359 0000 0284 0285 0357 0273 0301 054 054 0400 209 0182 10003 10010 0301 10003 0359 0406 0419 0322 0396 0348 0425 0428 0357 0400 0306 0286 0226 0195 0175 0146 0135 0122 0129 //// 10071 ///// ///// ////
000000000000000000000000000000000000000000000000000000000000000000000000000000000000000000000000000000000000000000000000=
58004 343900 1150900 00606 00616 4
20100502040000 196 045 212 040 219 042 0357 206 038 198 079 0357 0000 0283 0283 0355 0271 0301 056 056 0400 215 0187 09998 10003 0304 09997 0359 0364 0382 0329 0353 0301 0436 0436 0400 0404 0301 0298 0244 0205 0189 0160 0138 0126 0129 //// 10069 ///// ///// ////
000000000000000000000000000000000000000000000000000000000000000000000000000000000000000000000000000000000000000000000000=
54817 355900 1155200 00421 00434 4
20100502040000 182 046 189 044 185 053 0334 175 038 206 093 0331 0000 0285 0286 0357 0273 0304 062 061 0358 241 0205 10000 10008 0306 09998 0359 0339 0347 0324 0325 0307 0485 0491 0353 0449 0307 0284 0223 0193 0174 0139 0120 0111 0113 //// 10050 ///// ///// ////
000000000000000000000000000000000000000000000000000000000000000000000000000000000000000000000000000000000000000000000000=
54902 355400 1150700 00495 00499 4
20100502040000 199 076 203 071 203 071 0400 206 074 209 105 0357 0000 0287 0288 0357 0275 0304 052 052 0359 205 0179 09988 09993 0302 09987 0359 0358 0364 0344 0340 0303 0473 0474 0358 0435 0304 0278 0225 0193 0178 0144 0119 0110 0115 //// 10045 ///// ///// ////
000000000000000000000000000000000000000000000000000000000000000000000000000000000000000000000000000000000000000000000000=
54900 354200 1150100 00537 00541 4
20100502040000 186 052 183 048 185 050 0337 175 066 184 093 0305 0000 0291 0291 0400 0277 0301 058 057 0329 234 0200 09988 09993 0302 09987 0359 0392 0399 0354 0379 0301 0468 0471 0354 0434 0301 0286 0228 0193 0177 0159 0131 0114 0115 //// 10050 ///// ///// ////
000000000000000000000000000000000000000000000000000000000000000000000000000000000000000000000000000000000000000000000000=
54901 360500 1151000 00475 00478 4
20100502040000 189 073 194 074 191 083 0352 178 073 184 107 0344 0000 0285 0285 0400 0273 0301 054 053 0358 210 0183 09986 09992 0301 09986 0359 0356 0356 0400 0322 0309 0442 0443 0342 0414 0301 0282 0224 0191 0174 0157 0135 0115 0115 //// 10041 ///// ///// ////
000000000000000000000000000000000000000000000000000000000000000000000000000000000000000000000000000000000000000000000000=
54903 355100 1152900 00457 00506 4
20100502040000 202 048 206 053 205 059 0338 201 050 229 091 0351 0000 0287 0287 0400 0277 0304 055 054 0357 216 0188 09991 09998 0304 09991 0400 0372 0376 0350 0351 0305 0447 0447 0400 0426 0305 0279 0223 0192 0177 0154 0130 0117 0116 //// 10049 ///// ///// ////
000000000000000000000000000000000000000000000000000000000000000000000000000000000000000000000000000000000000000000000000=
57184 333800 1132200 00834 00847 4
20100502040000 184 024 186 023 196 029 0316 116 035 170 053 0355 0000 0290 0291 0352 0273 0301 058 056 0344 232 0199 09971 09978 0301 09971 0400 0307 0307 0400 0287 0301 0502 0513 0347 0456 0301 0318 0251 0222 0205 0141 0133 0126 0133 //// 10069 ///// ///// ////
000000000000000000000000000000000000000000000000000000000000000000000000000000000000000000000000000000000000000000000000=
57177 332000 1133200 00898 00913 4
20100502040000 235 054 237 053 241 055 0346 215 060 229 105 0346 0000 0307 0307 0400 0290 0301 043 042 0357 190 0167 09966 09973 0302 09966 0400 0370 0418 0308 0367 0343 0456 0456 0359 0428 0301 0287 0249 0205 0200 0166 0145 0130 0125 //// 10071 ///// ///// ////
000000000000000000000000000000000000000000000000000000000000000000000000000000000000000000000000000000000000000000000000=
57075 341000 1125200 02031 02043 4
20100502040000 150 020 141 024 120 026 0332 144 017 105 037 0330 0000 0275 0275 0400 0261 0302 061 060 0318 224 0193 09836 09844 0312 09836 0400 0393 0394 0337 0368 0306 0515 0515 0400 0479 0301 0337 0260 0219 0199 0193 0161 0132 0126 //// 10070 ///// ///// ////
000000000000000000000000000000000000000000000000000000000000000000000000000000000000000000000000000000000000000000000000=
57173 334500 1125300 01457 01468 4
20100502040000 193 019 196 025 183 035 0331 184 016 187 055 0327 0000 0299 0299 0400 0284 0301 048 046 0336 202 0177 09896 09903 0305 09896 0400 0418 0427 0346 0393 0325 0567 0567 0400 0510 0301 0305 0248 0220 0203 0167 0146 0130 0135 //// 10064 ///// ///// ////
000000000000000000000000000000000000000000000000000000000000000000000000000000000000000000000000000000000000000000000000=
57180 335900 1131200 01175 01186 4
20100502040000 205 028 209 029 226 036 0340 209 025 234 055 0325 0000 0286 0286 0400 0271 0301 058 056 0352 227 0195 09932 09939 0301 09932 0400 0395 0399 0348 0366 0306 0557 0557 0359 0500 0301 0320 0250 0212 0194 0160 0143 0129 0133 //// 10069 ///// ///// ////
000000000000000000000000000000000000000000000000000000000000000000000000000000000000000000000000000000000000000000000000=
57181 335300 1130300 01364 01380 4
20100502040000 167 030 192 030 184 036 0326 189 031 184 058 0309 0000 0290 0290 0400 0276 0301 060 059 0350 240 0205 09914 09920 0307 09913 0359 0439 0440 0359 0389 0304 0551 0554 0359 0513 0304 0336 0262 0222 0203 0169 0145 0129 0133 //// 10073 ///// ///// ////
000000000000000000000000000000000000000000000000000000000000000000000000000000000000000000000000000000000000000000000000=
57156 331800 1113000 02503 02523 4
20100502040000 116 018 085 010 110 015 0343 116 021 060 026 0358 0000 0297 0297 0400 0271 0301 043 043 0400 179 0158 09797 09807 0302 09797 0359 0413 0417 0351 0380 0301 0460 0460 0358 0421 0305 0311 0246 0216 0202 0179 0158 0138 0143 //// 10084 ///// ///// ////
000000000000000000000000000000000000000000000000000000000000000000000000000000000000000000000000000000000000000000000000=
57271 323300 1122300 00879 00897 4
20100502040000 216 031 211 033 219 038 0350 192 046 209 056 0342 0000 0284 0284 0400 0265 0305 062 061 0358 240 0204 09990 09999 0301 09990 0400 0409 0409 0400 0389 0305 0475 0475 0400 0432 0304 0305 0249 0220 0208 0163 0143 0135 0139 //// 10094 ///// ///// ////
000000000000000000000000000000000000000000000000000000000000000000000000000000000000000000000000000000000000000000000000=
57261 330700 1113100 02330 02345 4
20100502040000 077 013 034 018 027 025 0355 133 010 012 040 0354 0000 0299 0302 0349 0284 0301 043 043 0400 181 0160 09810 09819 0301 09810 0400 0457 0457 0324 0421 0301 0532 0532 0400 0482 0301 0311 0260 0230 0215 0195 0167 0148 //// //// 10077 ///// ///// ////
000000000000000000000000000000000000000000000000000000000000000000000000000000000000000000000000000000000000000000000000=
57285 322300 1132500 01530 01492 4
20100502040000 192 044 192 037 197 041 0327 173 055 195 080 0318 0000 0304 0304 0356 0293 0312 047 047 0359 204 0178 09920 09927 0306 09920 0359 0383 0384 0359 0355 0301 0477 0482 0355 0448 0306 0324 0266 0232 0213 0159 0141 0130 0135 //// ///// ///// ///// ////
////////////////////////////////////////////////////////////////////////////////////////////////////////////////////////=
57273 324100 1125100 01095 01105 4
20100502040000 225 047 227 049 232 051 0322 234 061 215 086 0322 0000 0283 0283 0400 0268 0306 055 055 0359 212 0184 09963 09969 0307 09962 0355 0373 0373 0400 0360 0305 0490 0490 0400 0450 0301 0292 0246 0219 0207 0171 0151 0135 0138 //// 10090 ///// ///// ////
000000000000000000000000000000000000000000000000000000000000000000000000000000000000000000000000000000000000000000000000=
57187 330400 1125600 01180 01193 4
20100502040000 212 059 215 055 222 056 0355 205 069 215 084 0326 0000 0277 0278 0353 0263 0301 064 063 0349 238 0203 09940 09947 0301 09940 0400 0374 0381 0342 0357 0323 0475 0475 0400 0429 0301 0297 0233 0214 0203 0183 0156 0138 0137 //// 10078 ///// ///// ////
000000000000000000000000000000000000000000000000000000000000000000000000000000000000000000000000000000000000000000000000=
57178 330200 1123500 01292 01305 4
20100502040000 217 033 217 039 203 043 0322 208 041 197 066 0320 0000 0279 0279 0400 0263 0301 059 059 0400 222 0191 09936 09944 0301 09935 0355 0403 0411 0342 0378 0307 0530 0530 0400 0484 0301 0287 0241 0215 0200 0167 0146 0133 0134 0000 10086 ///// ///// ////
000000000000000000000000000000000000000000000000000000000000000000000000000000000000000000000000000000000000000000000000
120 000 000 /// //// //////////////////////// /// //// 6///1 0//// 7//// 1//// 2//// 3//// /// /// /// // 911// 915// 919// 934// 939//=
57169 330300 1115200 01591 01600 4
20100502040000 160 034 173 030 173 030 0400 164 035 133 046 0345 0000 0295 0295 0400 0277 0301 061 061 0400 251 0212 09902 09913 0301 09902 0400 0312 0312 0400 0280 0301 0490 0501 0351 0476 0301 0313 0248 0219 0202 0179 0151 0133 0135 //// 10086 ///// ///// ////
000000000000000000000000000000000000000000000000000000000000000000000000000000000000000000000000000000000000000000000000=
57176 332900 1122500 02311 02304 4
20100502040000 092 021 095 015 071 022 0339 099 018 057 045 0337 0000 0284 0284 0400 0261 0301 053 053 0400 205 0179 09817 09826 0303 09817 0400 0421 0421 0400 0379 0333 0502 0502 0400 0452 0301 0314 0257 0226 0208 0183 0160 0139 0137 //// 10080 ///// ///// ////
000000000000000000000000000000000000000000000000000000000000000000000000000000000000000000000000000000000000000000000000=
57179 331700 1130000 01604 01616 4
20100502040000 212 043 215 047 212 059 0312 218 038 215 091 0304 0000 0277 0277 0400 0263 0301 067 067 0352 249 0210 09898 09905 0303 09898 0400 0421 0421 0400 0398 0306 0474 0474 0400 0432 0301 0283 0234 0210 0199 0171 0146 0129 0134 //// 10084 ///// ///// ////
000000000000000000000000000000000000000000000000000000000000000000000000000000000000000000000000000000000000000000000000=
57274 324200 1120700 01076 01088 4
20100502040000 213 038 209 035 196 035 0337 212 026 173 064 0353 0000 0282 0282 0353 0268 0301 058 058 0400 222 0192 09965 09973 0302 09965 0400 0433 0439 0354 0409 0310 0491 0493 0354 0451 0301 0313 0258 0229 0212 0200 0178 0148 0144 //// 10091 ///// ///// ////
000000000000000000000000000000000000000000000000000000000000000000000000000000000000000000000000000000000000000000000000=
57065 343000 1121100 01949 01964 4
20100502040000 173 003 062 005 260 016 0339 153 000 274 030 0337 0000 0312 0312 0400 0284 0301 034 034 0400 154 0135 09835 09845 0301 09835 0400 0300 0300 0400 0277 0301 0569 0569 0400 0512 0301 0321 0253 0216 0201 0164 0144 0133 0138 //// 10058 ///// ///// ////
000000000000000000000000000000000000000000000000000000000000000000000000000000000000000000000000000000000000000000000000=
57074 342500 1122500 01973 01989 4
20100502040000 148 009 145 011 197 013 0316 181 016 150 030 0357 0000 0308 0308 0400 0286 0301 043 043 0340 191 0168 09837 09845 0302 09837 0400 0400 0410 0339 0388 0303 0547 0547 0400 0490 0303 0308 0244 0210 0195 0160 0142 0128 0130 //// 10062 ///// ///// ////
000000000000000000000000000000000000000000000000000000000000000000000000000000000000000000000000000000000000000000000000=
57076 344400 1124700 01895 01901 4
20100502040000 245 047 232 038 224 040 0347 238 066 238 066 0400 0000 0296 0296 0400 0274 0301 041 041 0400 170 0150 09839 09847 0301 09839 0400 0408 0412 0358 0357 0301 0501 0505 0358 0450 0301 0292 0230 0192 0179 0155 0135 0121 0125 //// 10054 ///// ///// ////
000000000000000000000000000000000000000000000000000000000000000000000000000000000000000000000000000000000000000000000000=
57070 344400 1120700 03640 03595 4
20100502040000 250 044 246 049 247 052 0357 246 055 246 073 0356 0000 0318 0318 0400 0299 0301 027 027 0400 127 0105 09652 09659 0304 09651 0359 0411 0416 0334 0399 0304 0532 0532 0400 0495 0301 0281 0213 0187 0177 0167 0139 0122 0125 //// 10055 ///// ///// ////
000000000000000000000000000000000000000000000000000000000000000000000000000000000000000000000000000000000000000000000000=
57162 340900 1120500 03258 03275 4
20100502040000 082 012 076 013 073 013 0359 080 012 074 025 0346 0000 0288 0288 0400 0262 0301 039 039 0400 154 0135 09686 09695 0301 09686 0400 0346 0353 0335 0322 0303 0569 0570 0358 0526 0301 0314 0243 0213 0200 0159 0142 0128 0134 //// 10057 ///// ///// ////
000000000000000000000000000000000000000000000000000000000000000000000000000000000000000000000000000000000000000000000000=
57078 340900 1122800 03365 03340 4
20100502040000 072 030 073 030 068 031 0354 046 022 057 049 0352 0000 0286 0287 0350 0279 0301 050 044 0315 196 0172 09686 09692 0302 09686 0358 0570 0595 0342 0553 0301 0505 0513 0352 0493 0301 0322 0251 0209 0190 0147 0133 0124 0124 //// 10064 ///// ///// ////
000000000000000000000000000000000000000000000000000000000000000000000000000000000000000000000000000000000000000000000000=
57071 344900 1122600 03333 03332 4
20100502040000 175 018 162 024 170 032 0313 161 019 170 053 0308 0000 0308 0308 0400 0279 0303 034 034 0400 151 0131 09683 09691 0308 09683 0359 0448 0448 0400 0404 0303 0525 0525 0400 0470 0301 0290 0227 0197 0184 0172 0141 0121 0123 //// 10058 ///// ///// ////
000000000000000000000000000000000000000000000000000000000000000000000000000000000000000000000000000000000000000000000000=
57066 342300 1114000 03283 03298 4
20100502040000 272 016 244 014 255 020 0350 279 026 237 048 0347 0000 0319 0319 0400 0298 0301 028 028 0350 132 0111 09682 09692 0301 09682 0400 0322 0337 0348 0285 0314 0389 0454 0321 0351 0347 0236 0188 0171 0166 0152 0136 0120 0120 //// 10054 ///// ///// ////
000000000000000000000000000000000000000000000000000000000000000000000000000000000000000000000000000000000000000000000000=
57077 334700 1113900 07424 07388 4
20100502040000 347 020 110 014 096 025 0349 246 049 246 049 0400 0000 0313 0313 0400 0302 0301 016 016 0359 073 0025 09250 09259 0305 09250 0359 0470 0470 0326 0432 0350 0556 0562 0336 0520 0302 0305 0232 0192 0175 0156 0128 0113 0117 //// 10064 ///// ///// ////
000000000000000000000000000000000000000000000000000000000000000000000000000000000000000000000000000000000000000000000000=
57183 334800 1135500 00600 00615 4
20100502040000 227 031 220 032 219 039 0312 209 029 229 065 0329 0000 0288 0288 0357 0271 0301 064 063 0348 253 0213 10002 10007 0307 10002 0400 0401 0404 0357 0370 0301 0512 0518 0356 0465 0301 0278 0228 0203 0190 0176 0147 0127 0125 //// 10073 ///// ///// ////
000000000000000000000000000000000000000000000000000000000000000000000000000000000000000000000000000000000000000000000000=
57186 333600 1140300 00587 00598 4
20100502040000 237 037 229 041 225 044 0358 206 027 221 071 0355 0000 0298 0298 0400 0284 0301 055 052 0351 231 0198 10005 10010 0301 10005 0400 0410 0441 0337 0402 0354 0542 0547 0338 0517 0301 0307 0242 0209 0196 0176 0151 0133 0137 //// 10074 ///// ///// ////
000000000000000000000000000000000000000000000000000000000000000000000000000000000000000000000000000000000000000000000000=
57094 342400 1141300 00674 00685 4
20100502040000 198 025 205 028 204 034 0333 245 013 267 061 0343 0000 0281 0281 0400 0267 0301 063 063 0400 239 0204 09985 09991 0301 09985 0400 0415 0419 0356 0373 0302 0473 0473 0400 0428 0302 0305 0249 0217 0197 0174 0153 0129 0130 //// 10064 ///// ///// ////
000000000000000000000000000000000000000000000000000000000000000000000000000000000000000000000000000000000000000000000000=
57096 343200 1144700 00597 00607 4
20100502040000 218 026 219 027 212 037 0330 254 009 212 087 0348 0000 0291 0291 0400 0282 0301 055 053 0348 222 0191 09997 10001 0302 09997 0400 0359 0366 0335 0344 0312 0484 0484 0355 0448 0301 0305 0240 0199 0184 0158 0138 0125 0129 //// 10067 ///// ///// ////
000000000000000000000000000000000000000000000000000000000000000000000000000000000000000000000000000000000000000000000000=
57093 345100 1144900 00733 00740 4
20100502040000 223 046 214 051 219 059 0311 231 042 223 090 0325 0000 0287 0287 0400 0273 0305 054 053 0355 213 0185 09977 09984 0301 09977 0400 0370 0371 0359 0340 0305 0483 0483 0400 0439 0305 0295 0231 0198 0181 0164 0138 0123 0125 //// 10062 ///// ///// ////
000000000000000000000000000000000000000000000000000000000000000000000000000000000000000000000000000000000000000000000000=
57091 344700 1141800 00737 00748 4
20100502040000 197 044 199 045 211 054 0318 188 043 209 080 0301 0000 0287 0287 0400 0271 0301 053 051 0347 209 0182 09972 09977 0301 09972 0400 0409 0409 0400 0368 0302 0471 0471 0359 0423 0302 0298 0233 0201 0177 0164 0142 0124 0120 //// 10058 ///// ///// ////
000000000000000000000000000000000000000000000000000000000000000000000000000000000000000000000000000000000000000000000000=
53978 350500 1123800 01401 01409 4
20100502040000 127 012 133 021 134 022 0358 111 016 139 033 0352 0000 0286 0289 0347 0275 0301 044 040 0320 172 0152 09892 09900 0302 09892 0400 0370 0376 0321 0358 0301 0494 0494 0400 0443 0301 0293 0232 0198 0184 0139 0129 0124 0130 //// 10054 ///// ///// ////
000000000000000000000000000000000000000000000000000000000000000000000000000000000000000000000000000000000000000000000000=
53987 350600 1132500 00910 00918 4
20100502040000 254 057 255 049 257 049 0356 254 070 268 082 0359 0000 0297 0297 0400 0273 0301 040 039 0359 167 0147 09950 09957 0303 09950 0400 0402 0415 0307 0397 0329 0405 0407 0359 0375 0301 0296 0239 0208 0191 0167 0147 0133 0132 //// 10056 ///// ///// ////
000000000000000000000000000000000000000000000000000000000000000000000000000000000000000000000000000000000000000000000000=
57079 345700 1130200 01064 01069 4
20100502040000 257 043 260 048 264 053 0355 260 036 261 079 0353 0000 0295 0298 0357 0275 0304 045 044 0351 186 0163 09929 09937 0301 09929 0400 0384 0387 0348 0359 0306 0495 0495 0400 0455 0304 0254 0213 0190 0180 0172 0147 0127 0126 //// 10052 ///// ///// ////
000000000000000000000000000000000000000000000000000000000000000000000000000000000000000000000000000000000000000000000000=
57072 345500 1124500 01275 01285 4
20100502040000 223 037 217 040 217 040 0400 226 024 197 062 0358 0000 0297 0297 0400 0271 0301 042 041 0359 175 0154 09906 09915 0301 09906 0400 0385 0398 0351 0364 0304 0522 0523 0358 0472 0301 0281 0219 0188 0176 0142 0129 0117 0119 //// 10054 ///// ///// ////
000000000000000000000000000000000000000000000000000000000000000000000000000000000000000000000000000000000000000000000000=
53982 351400 1131600 01120 01135 4
20100502040000 231 035 241 033 245 035 0315 179 032 260 068 0312 0000 0302 0303 0356 0288 0304 034 034 0400 146 0126 09918 09925 0303 09918 0400 0420 0422 0357 0393 0301 0533 0538 0358 0485 0304 0293 0238 0207 0193 0167 0145 0131 0135 //// 10047 ///// ///// ////
000000000000000000000000000000000000000000000000000000000000000000000000000000000000000000000000000000000000000000000000=
53979 350900 1130500 01200 01211 4
20100502040000 243 034 246 035 242 040 0301 253 035 253 056 0334 0000 0288 0288 0400 0270 0302 043 043 0400 170 0150 09917 09923 0301 09917 0400 0392 0398 0356 0361 0301 0547 0549 0355 0486 0301 0305 0240 0208 0193 0152 0140 0128 0133 //// 10056 ///// ///// ////
000000000000000000000000000000000000000000000000000000000000000000000000000000000000000000000000000000000000000000000000=
53992 353900 1143100 00582 00592 4
20100502040000 200 058 201 051 209 066 0314 207 045 198 103 0329 0000 0282 0282 0400 0266 0302 051 051 0400 195 0171 09977 09982 0301 09977 0400 0351 0361 0356 0321 0303 0450 0457 0358 0406 0303 0278 0229 0202 0186 0148 0129 0116 0122 //// 10045 ///// ///// ////
000000000000000000000000000000000000000000000000000000000000000000000000000000000000000000000000000000000000000000000000=
53974 353700 1141100 00723 00739 4
20100502040000 206 050 205 048 208 055 0305 220 054 203 100 0301 0000 0292 0293 0355 0282 0301 043 042 0330 174 0153 09963 09967 0308 09963 0353 0355 0358 0355 0341 0333 0475 0484 0355 0445 0302 0305 0247 0214 0199 0164 0139 0124 0129 //// 10048 ///// ///// ////
000000000000000000000000000000000000000000000000000000000000000000000000000000000000000000000000000000000000000000000000=
53990 354300 1141900 00795 00805 4
20100502040000 187 095 189 085 193 088 0330 176 094 192 128 0303 0000 0283 0284 0355 0269 0301 051 051 0400 196 0172 09949 09953 0301 09949 0400 0366 0372 0352 0349 0303 0486 0494 0353 0455 0304 0291 0238 0206 0196 0178 0142 0118 0116 //// 10041 ///// ///// ////
000000000000000000000000000000000000000000000000000000000000000000000000000000000000000000000000000000000000000000000000=
53991 355600 1142100 00743 00753 4
20100502040000 160 021 179 025 165 036 0351 130 026 173 073 0350 0000 0292 0292 0400 0281 0306 045 045 0400 182 0161 09952 09957 0301 09952 0400 0410 0414 0359 0367 0310 0510 0511 0359 0469 0309 0299 0238 0199 0188 0159 0137 0121 0123 //// 10038 ///// ///// ////
000000000000000000000000000000000000000000000000000000000000000000000000000000000000000000000000000000000000000000000000=
53889 360400 1134900 03068 03086 4
20100502040000 131 021 154 022 117 030 0334 131 019 188 050 0355 0000 0361 0361 0400 0344 0301 013 013 0400 078 0034 09679 09686 0301 09679 0400 0456 0468 0352 0429 0314 0581 0582 0359 0534 0301 0373 0308 0265 0233 0145 0124 0121 0107 //// 10022 ///// ///// ////
000000000000000000000000000000000000000000000000000000000000000000000000000000000000000000000000000000000000000000000000=
53995 353300 1143000 00625 00645 4
20100502040000 205 054 209 058 209 058 0359 203 038 184 092 0338 0000 0282 0283 0347 0270 0301 051 050 0358 195 0171 09977 09981 0318 09977 0356 0360 0376 0345 0348 0315 0480 0483 0355 0441 0301 0318 0260 0221 0199 0169 0143 0123 0123 //// 10051 ///// ///// ////
000000000000000000000000000000000000000000000000000000000000000000000000000000000000000000000000000000000000000000000000=
NNNN
