57290 330000 1140100 00827 00838 4
20100502040000 255 025 264 027 240 030 0304 257 016 229 058 0302 0000 0315 0315 0400 0298 0301 044 044 0353 203 0178 09986 09991 0301 09986 0400 0448 0448 0400 0406 0301 0500 0500 0400 0447 0302 0308 0248 0215 0203 0170 0147 0131 0135 //// 10081 ///// ///// ////
000000000000000000000000000000000000000000000000000000000000000000000000000000000000000000000000000000000000000000000000=
57188 332200 1140200 00559 00568 4
20100502040000 197 045 193 041 186 050 0309 187 029 198 079 0306 0000 0298 0298 0400 0282 0301 054 053 0351 226 0195 10012 10018 0306 10012 0400 0349 0356 0350 0335 0302 0523 0523 0355 0478 0309 0296 0234 0208 0193 0147 0132 0124 0134 //// 10078 ///// ///// ////
000000000000000000000000000000000000000000000000000000000000000000000000000000000000000000000000000000000000000000000000=
57293 324400 1145900 00380 00391 4
20100502040000 210 055 209 051 210 053 0348 200 059 206 083 0330 0000 0290 0290 0400 0279 0301 059 057 0337 236 0202 10046 10053 0302 10045 0350 0400 0400 0400 0363 0318 0488 0488 0400 0457 0301 0304 0247 0218 0200 0183 0157 0137 0136 //// 10091 ///// ///// ////
000000000000000000000000000000000000000000000000000000000000000000000000000000000000000000000000000000000000000000000000=
57281 324200 1131800 01422 01431 4
20100502040000 256 037 254 035 245 041 0351 271 038 234 067 0336 0000 0302 0302 0400 0288 0301 042 040 0352 180 0159 09925 09930 0308 09925 0359 0409 0427 0323 0391 0302 0476 0480 0359 0441 0302 0301 0243 0213 0197 0161 0139 0129 0134 //// 10089 ///// ///// ////
000000000000000000000000000000000000000000000000000000000000000000000000000000000000000000000000000000000000000000000000=
57196 332800 1145200 00420 00428 4
20100502040000 211 052 201 047 206 049 0324 212 046 206 077 0321 0000 0283 0284 0358 0272 0301 061 060 0316 235 0201 10033 10038 0307 10033 0400 0357 0367 0335 0337 0301 0438 0439 0359 0400 0301 0276 0224 0194 0180 0150 0135 0127 0133 //// 10083 ///// ///// ////
000000000000000000000000000000000000000000000000000000000000000000000000000000000000000000000000000000000000000000000000=
57099 340400 1145100 00526 00536 4
20100502040000 190 020 204 023 200 033 0327 208 019 194 066 0325 0000 0289 0289 0400 0273 0301 057 055 0350 227 0195 10013 10019 0301 10013 0400 0388 0401 0344 0357 0302 0447 0449 0358 0408 0301 0306 0237 0198 0183 0166 0142 0123 0132 //// 10075 ///// ///// ////
000000000000000000000000000000000000000000000000000000000000000000000000000000000000000000000000000000000000000000000000=
57198 333300 1143700 00463 00473 4
20100502040000 206 025 204 031 193 038 0338 198 023 204 062 0320 0000 0293 0293 0400 0281 0301 058 057 0331 236 0202 10025 10031 0302 10025 0400 0435 0435 0400 0406 0336 0494 0494 0400 0449 0301 0304 0241 0207 0193 0157 0143 0131 0139 //// 10080 ///// ///// ////
000000000000000000000000000000000000000000000000000000000000000000000000000000000000000000000000000000000000000000000000=
57192 334400 1145100 00455 00466 4
20100502040000 216 035 210 033 210 033 0400 212 022 237 072 0357 0000 0295 0295 0400 0286 0307 052 051 0345 214 0186 10024 10029 0301 10024 0400 0407 0414 0326 0393 0307 0440 0440 0359 0404 0301 0300 0241 0210 0196 0172 0149 0134 0141 //// 10078 ///// ///// ////
000000000000000000000000000000000000000000000000000000000000000000000000000000000000000000000000000000000000000000000000=
58100 333900 1151000 00414 00424 4
20100502040000 226 034 229 037 225 041 0353 178 027 229 070 0352 0000 0290 0292 0345 0279 0301 057 055 0338 228 0196 10031 10036 0301 10031 0400 0365 0380 0333 0347 0321 0516 0526 0337 0494 0307 0342 0268 0228 0208 0181 0155 0139 0141 //// 10080 ///// ///// ////
000000000000000000000000000000000000000000000000000000000000000000000000000000000000000000000000000000000000000000000000=
57095 340700 1140900 00611 00622 4
20100502040000 188 038 198 040 198 040 0400 209 061 206 069 0356 0000 0289 0291 0347 0276 0301 055 055 0400 219 0190 09997 10003 0301 09997 0400 0441 0463 0348 0428 0303 0495 0499 0351 0457 0301 0311 0232 0210 0194 0161 0141 0126 0129 //// 10069 ///// ///// ////
000000000000000000000000000000000000000000000000000000000000000000000000000000000000000000000000000000000000000000000000=
57089 340200 1135200 00668 00681 4
20100502040000 209 053 213 045 216 047 0341 206 036 206 088 0359 0000 0282 0283 0354 0272 0301 056 056 0355 214 0186 09992 09998 0309 09992 0400 0363 0374 0358 0347 0338 0446 0449 0358 0418 0301 0289 0235 0209 0194 0161 0138 0127 0132 //// 10070 ///// ///// ////
000000000000000000000000000000000000000000000000000000000000000000000000000000000000000000000000000000000000000000000000=
57296 322100 1144400 00489 00501 4
20100502040000 224 036 222 034 214 047 0308 198 025 274 079 0312 0000 0300 0300 0400 0284 0301 051 050 0359 216 0188 10034 10041 0301 10033 0359 0361 0383 0357 0343 0307 0515 0520 0358 0471 0303 0311 0248 0216 0203 0182 0155 0136 0133 //// 10092 ///// ///// ////
000000000000000000000000000000000000000000000000000000000000000000000000000000000000000000000000000000000000000000000000=
57396 313800 1145100 01287 01297 4
20100502040000 177 081 181 079 186 081 0356 218 052 187 126 0326 0000 0296 0297 0353 0282 0301 044 044 0400 182 0161 09951 09960 0301 09950 0359 0368 0376 0351 0346 0311 0478 0485 0358 0448 0301 0311 0249 0217 0199 0186 0156 //// //// //// 10100 ///// ///// ////
000000000000000000000000000000000000000000000000000000000000000000000000000000000000000000000000000000000000000000000000=
58207 321000 1150300 00428 00440 4
20100502040000 215 054 220 059 222 064 0355 206 058 211 100 0303 0000 0308 0308 0400 0296 0302 041 041 0400 182 0160 10039 10047 0301 10039 0400 0396 0396 0400 0379 0309 0293 0293 0400 0269 0301 0474 0232 0205 0192 0158 0144 0133 0139 //// 10089 ///// ///// ////
000000000000000000000000000000000000000000000000000000000000000000000000000000000000000000000000000000000000000000000000=
58205 322800 1152600 00349 00360 4
20100502040000 215 042 229 038 222 045 0330 178 036 209 083 0329 0000 0312 0313 0355 0301 0306 042 042 0400 191 0168 10051 10057 0301 10051 0400 0379 0390 0351 0356 0305 0366 0367 0359 0345 0306 0314 0280 0252 0231 0175 0154 0138 0126 //// 10092 ///// ///// ////
000000000000000000000000000000000000000000000000000000000000000000000000000000000000000000000000000000000000000000000000=
57299 320100 1145400 00494 00506 4
20100502040000 193 050 191 055 191 069 0322 214 047 178 096 0317 0000 0301 0301 0400 0287 0301 047 046 0354 201 0176 10035 10042 0301 10035 0400 0386 0394 0345 0364 0321 0460 0460 0400 0425 0301 0336 0294 0259 0233 0185 0154 0134 0132 //// 10093 ///// ///// ////
000000000000000000000000000000000000000000000000000000000000000000000000000000000000000000000000000000000000000000000000=
53997 350900 1141100 00711 00723 4
20100502040000 202 037 207 036 205 044 0312 194 043 220 068 0311 0000 0289 0289 0400 0274 0301 054 053 0354 215 0187 09971 09977 0301 09971 0400 0383 0383 0400 0346 0301 0469 0469 0400 0427 0303 0281 0232 0197 0186 0152 0135 0121 0125 //// 10054 ///// ///// ////
000000000000000000000000000000000000000000000000000000000000000000000000000000000000000000000000000000000000000000000000=
53994 352300 1140400 00700 00712 4
20100502040000 228 045 232 041 232 052 0335 234 045 245 082 0328 0000 0293 0293 0400 0276 0301 047 046 0345 192 0168 09969 09974 0301 09969 0400 0414 0418 0357 0381 0329 0532 0533 0354 0497 0301 0303 0231 0198 0180 0152 0132 0121 0129 //// 10051 ///// ///// ////
000000000000000000000000000000000000000000000000000000000000000000000000000000000000000000000000000000000000000000000000=
53985 352700 1134900 00964 00979 4
20100502040000 299 014 292 016 286 024 0304 339 016 274 047 0334 0000 0290 0290 0400 0273 0301 048 045 0353 192 0169 09939 09945 0301 09939 0400 0393 0398 0355 0356 0315 0492 0495 0355 0427 0315 0253 0218 0191 0181 0163 0137 0119 0122 //// 10051 ///// ///// ////
000000000000000000000000000000000000000000000000000000000000000000000000000000000000000000000000000000000000000000000000=
53983 350200 1142500 00696 00708 4
20100502040000 188 047 192 045 207 050 0321 185 041 195 076 0307 0000 0290 0290 0400 0271 0301 058 058 0400 232 0199 09976 09980 0301 09975 0357 0392 0394 0355 0359 0306 0495 0496 0359 0450 0301 0317 0245 0210 0192 0141 0127 0117 0126 //// 10058 ///// ///// ////
000000000000000000000000000000000000000000000000000000000000000000000000000000000000000000000000000000000000000000000000=
57171 334600 1130700 01420 01430 4
20100502040000 162 038 165 040 166 046 0326 147 034 167 067 0308 0000 0287 0287 0400 0270 0302 055 055 0400 216 0188 09901 09908 0301 09901 0400 0355 0367 0338 0337 0311 0408 0418 0338 0381 0311 0320 0244 0214 0199 0186 0165 0142 0137 //// 10064 ///// ///// ////
000000000000000000000000000000000000000000000000000000000000000000000000000000000000000000000000000000000000000000000000=
57185 332700 1133500 00911 00921 4
20100502040000 223 028 231 032 242 039 0328 181 022 254 064 0306 0000 0304 0305 0354 0290 0301 045 044 0350 195 0171 09967 09973 0301 09967 0400 0392 0397 0302 0377 0313 0543 0546 0354 0509 0307 0292 0240 0212 0193 0173 0150 0129 0129 //// 10073 ///// ///// ////
000000000000000000000000000000000000000000000000000000000000000000000000000000000000000000000000000000000000000000000000=
53984 351400 1132800 00827 00837 4
20100502040000 226 057 224 056 220 061 0301 269 056 218 097 0350 0000 0294 0295 0354 0274 0301 040 038 0336 164 0144 09950 09959 0301 09950 0400 0381 0385 0354 0348 0301 0483 0488 0354 0439 0301 0270 0220 0191 0183 0162 0141 0124 0125 //// 10046 ///// ///// ////
000000000000000000000000000000000000000000000000000000000000000000000000000000000000000000000000000000000000000000000000=
53972 350700 1125500 01196 01210 4
20100502040000 219 029 232 029 240 033 0354 193 031 246 049 0352 0000 0286 0287 0359 0272 0301 042 041 0352 164 0144 09916 09924 0301 09916 0400 0367 0369 0359 0328 0301 0546 0547 0359 0505 0301 0281 0233 0207 0191 0162 0145 0133 0139 //// 10055 ///// ///// ////
000000000000000000000000000000000000000000000000000000000000000000000000000000000000000000000000000000000000000000000000=
53993 355600 1145500 00516 00524 4
20100502040000 230 041 218 048 215 052 0358 281 034 232 089 0337 0000 0294 0295 0351 0283 0301 045 043 0357 184 0162 09980 09985 0304 09980 0400 0387 0392 0349 0361 0301 0489 0489 0349 0447 0301 0279 0224 0193 0180 0167 0138 0116 0114 //// 10040 ///// ///// ////
000000000000000000000000000000000000000000000000000000000000000000000000000000000000000000000000000000000000000000000000=
53898 360300 1142400 00629 00638 4
20100502040000 171 036 173 043 184 050 0335 173 020 187 085 0331 0000 0298 0298 0354 0289 0307 050 047 0306 210 0183 09961 09967 0305 09961 0358 0531 0541 0338 0507 0343 0533 0533 0400 0494 0303 0278 0226 0196 0180 0139 0121 0112 0119 //// 10034 ///// ///// ////
000000000000000000000000000000000000000000000000000000000000000000000000000000000000000000000000000000000000000000000000=
NNNN
