57290 330000 1140100 00827 00838 4
20100502080000 293 027 285 021 273 035 0725 268 021 274 064 0722 0000 0336 0336 0759 0331 0708 036 032 0723 187 0165 09959 09965 0702 09959 0800 0361 0420 0703 0361 0800 0471 0510 0703 0471 0800 0346 0299 0256 0229 0171 0147 0131 0135 //// 10055 ///// ///// ////
000000000000000000000000000000000000000000000000000000000000000000000000000000000000000000000000000000000000000000000000=
57188 332200 1140200 00559 00568 4
20100502080000 196 035 193 042 199 048 0727 184 024 203 073 0726 0000 0315 0317 0705 0314 0757 042 042 0756 194 0170 09986 09993 0701 09986 0800 0312 0337 0701 0312 0800 0471 0514 0705 0469 0757 0336 0284 0245 0215 0149 0133 0125 0134 //// 10051 ///// ///// ////
000000000000000000000000000000000000000000000000000000000000000000000000000000000000000000000000000000000000000000000000=
57293 324400 1145900 00380 00391 4
20100502080000 200 032 205 031 206 037 0742 184 034 184 059 0705 0000 0312 0314 0701 0312 0800 055 052 0703 250 0211 10019 10024 0701 10019 0800 0388 0422 0714 0385 0758 0433 0477 0702 0433 0800 0340 0294 0257 0223 0183 0158 0137 0136 //// 10064 ///// ///// ////
000000000000000000000000000000000000000000000000000000000000000000000000000000000000000000000000000000000000000000000000=
57281 324200 1131800 01422 01431 4
20100502080000 235 016 238 021 230 029 0716 234 026 234 055 0702 0000 0326 0327 0746 0324 0717 037 035 0708 182 0160 09895 09903 0704 09895 0800 0412 0433 0702 0410 0726 0445 0483 0702 0445 0800 0339 0292 0254 0225 0165 0140 0129 0134 //// 10059 ///// ///// ////
000000000000000000000000000000000000000000000000000000000000000000000000000000000000000000000000000000000000000000000000=
57196 332800 1145200 00420 00428 4
20100502080000 205 034 203 036 205 043 0754 206 027 226 069 0748 0000 0305 0308 0711 0304 0751 059 052 0716 258 0216 10006 10011 0701 10006 0800 0364 0389 0709 0353 0754 0413 0446 0702 0411 0754 0316 0272 0231 0202 0150 0136 0127 0132 //// 10055 ///// ///// ////
000000000000000000000000000000000000000000000000000000000000000000000000000000000000000000000000000000000000000000000000=
57192 334400 1145100 00455 00466 4
20100502080000 208 024 206 026 202 030 0721 215 016 179 062 0719 0000 0319 0321 0729 0316 0701 049 046 0713 232 0199 09997 10003 0701 09997 0800 0373 0413 0701 0373 0800 0421 0455 0701 0421 0800 0349 0298 0252 0219 0172 0150 0134 0141 //// 10050 ///// ///// ////
000000000000000000000000000000000000000000000000000000000000000000000000000000000000000000000000000000000000000000000000=
57190 334500 1142400 00505 00516 4
20100502080000 201 047 202 049 202 052 0758 197 051 214 073 0756 0000 0304 0311 0708 0304 0800 059 057 0720 256 0215 09988 09995 0701 09988 0800 0352 0376 0710 0347 0756 0447 0492 0708 0447 0800 0334 0290 0246 0212 0173 0146 0128 0132 //// 10048 ///// ///// ////
000000000000000000000000000000000000000000000000000000000000000000000000000000000000000000000000000000000000000000000000=
58100 333900 1151000 00414 00424 4
20100502080000 225 029 218 027 203 034 0744 227 030 204 067 0743 0000 0314 0314 0800 0309 0705 053 053 0800 244 0207 10004 10011 0703 10004 0800 0373 0388 0711 0355 0744 0478 0520 0703 0470 0744 0373 0323 0276 0238 0182 0155 0139 0141 //// 10053 ///// ///// ////
000000000000000000000000000000000000000000000000000000000000000000000000000000000000000000000000000000000000000000000000=
57095 340700 1140900 00611 00622 4
20100502080000 209 043 209 039 196 050 0743 204 054 204 105 0743 0000 0317 0320 0731 0315 0744 045 042 0715 210 0183 09965 09972 0701 09965 0800 0348 0419 0701 0347 0758 0440 0490 0708 0438 0758 0338 0281 0254 0224 0162 0141 0126 0129 //// 10036 ///// ///// ////
000000000000000000000000000000000000000000000000000000000000000000000000000000000000000000000000000000000000000000000000=
57089 340200 1135200 00668 00681 4
20100502080000 208 042 213 034 212 052 0711 203 043 212 086 0707 0000 0310 0311 0701 0306 0713 052 049 0704 234 0200 09963 09970 0702 09962 0756 0371 0394 0701 0364 0753 0415 0455 0701 0415 0800 0319 0279 0247 0221 0162 0139 0128 0132 //// 10041 ///// ///// ////
000000000000000000000000000000000000000000000000000000000000000000000000000000000000000000000000000000000000000000000000=
57297 320800 1140300 01145 01154 4
20100502080000 203 039 203 043 208 054 0751 189 073 209 095 0749 0000 0319 0323 0701 0317 0751 044 042 0701 208 0181 09934 09940 0701 09933 0756 0392 0432 0701 0385 0752 0473 0536 0701 0471 0759 0372 0324 0282 0248 0187 0161 0141 //// //// 10065 ///// ///// ////
000000000000000000000000000000000000000000000000000000000000000000000000000000000000000000000000000000000000000000000000=
57296 322100 1144400 00489 00501 4
20100502080000 247 030 240 029 225 041 0740 263 030 266 069 0737 0000 0325 0326 0701 0321 0742 041 040 0701 201 0176 10007 10012 0701 10007 0800 0353 0370 0701 0349 0740 0453 0499 0701 0453 0800 0344 0294 0250 0222 0183 0156 0136 0133 //// 10064 ///// ///// ////
000000000000000000000000000000000000000000000000000000000000000000000000000000000000000000000000000000000000000000000000=
57396 313800 1145100 01287 01297 4
20100502080000 198 067 188 069 195 074 0708 195 067 207 113 0720 0000 0313 0317 0739 0312 0701 035 034 0729 160 0140 09924 09929 0701 09924 0800 0358 0380 0711 0357 0735 0424 0460 0704 0424 0800 0339 0293 0255 0222 0191 0157 //// //// //// 10072 ///// ///// ////
000000000000000000000000000000000000000000000000000000000000000000000000000000000000000000000000000000000000000000000000=
58207 321000 1150300 00428 00440 4
20100502080000 221 036 216 042 214 052 0703 220 029 215 077 0726 0000 0324 0325 0708 0323 0702 039 038 0701 190 0167 10015 10020 0703 10014 0758 0365 0396 0708 0363 0758 0330 0334 0703 0330 0800 0447 0275 0239 0214 0160 0144 0133 0139 //// 10065 ///// ///// ////
000000000000000000000000000000000000000000000000000000000000000000000000000000000000000000000000000000000000000000000000=
58205 322800 1152600 00349 00360 4
20100502080000 246 031 237 032 234 039 0750 240 026 237 065 0706 0000 0331 0335 0731 0330 0741 037 037 0800 187 0165 10023 10030 0701 10023 0800 0369 0399 0701 0368 0750 0353 0377 0701 0353 0800 0333 0315 0293 0271 0175 0154 0138 0126 //// 10064 ///// ///// ////
000000000000000000000000000000000000000000000000000000000000000000000000000000000000000000000000000000000000000000000000=
57299 320100 1145400 00494 00506 4
20100502080000 187 034 191 038 190 049 0752 178 032 192 074 0740 0000 0321 0323 0737 0319 0707 041 039 0740 196 0172 10008 10014 0701 10008 0800 0366 0388 0701 0359 0751 0419 0456 0701 0419 0757 0355 0332 0305 0279 0188 0155 0134 0132 //// 10066 ///// ///// ////
000000000000000000000000000000000000000000000000000000000000000000000000000000000000000000000000000000000000000000000000=
53997 350900 1141100 00711 00723 4
20100502080000 188 047 191 050 189 053 0753 175 046 181 078 0710 0000 0312 0319 0701 0312 0800 051 047 0701 232 0199 09935 09943 0701 09935 0800 0351 0396 0701 0351 0800 0408 0457 0701 0408 0800 0314 0276 0234 0209 0153 0136 0121 0125 //// 10018 ///// ///// ////
000000000000000000000000000000000000000000000000000000000000000000000000000000000000000000000000000000000000000000000000=
53994 352300 1140400 00700 00712 4
20100502080000 196 023 188 022 212 031 0701 211 021 226 040 0701 0000 0329 0330 0741 0326 0701 049 045 0717 245 0208 09938 09945 0701 09938 0800 0406 0424 0728 0403 0742 0485 0530 0707 0485 0800 0344 0287 0243 0205 0153 0132 0121 0129 //// 10019 ///// ///// ////
000000000000000000000000000000000000000000000000000000000000000000000000000000000000000000000000000000000000000000000000=
53985 352700 1134900 00964 00979 4
20100502080000 293 014 289 017 286 018 0759 252 008 283 035 0755 0000 0329 0332 0728 0328 0701 037 036 0759 185 0163 09907 09913 0701 09907 0800 0351 0409 0703 0349 0758 0417 0491 0703 0414 0759 0292 0259 0221 0198 0163 0138 0119 0122 //// 10019 ///// ///// ////
000000000000000000000000000000000000000000000000000000000000000000000000000000000000000000000000000000000000000000000000=
53983 350200 1142500 00696 00708 4
20100502080000 184 042 186 047 188 061 0719 187 036 192 089 0711 0000 0307 0309 0701 0307 0800 059 055 0719 261 0218 09940 09950 0701 09940 0800 0345 0389 0707 0345 0800 0433 0480 0706 0431 0759 0346 0298 0261 0232 0141 0128 0117 0126 //// 10021 ///// ///// ////
000000000000000000000000000000000000000000000000000000000000000000000000000000000000000000000000000000000000000000000000=
57171 334600 1130700 01420 01430 4
20100502080000 181 049 174 048 162 063 0724 189 043 170 080 0707 0000 0306 0312 0701 0306 0800 056 052 0704 246 0208 09872 09879 0701 09872 0800 0357 0374 0701 0353 0732 0393 0416 0701 0390 0758 0338 0285 0251 0226 0190 0166 0142 0137 //// 10034 ///// ///// ////
000000000000000000000000000000000000000000000000000000000000000000000000000000000000000000000000000000000000000000000000=
57094 342400 1141300 00674 00685 4
20100502080000 212 025 217 029 215 034 0729 184 028 199 064 0726 0000 0312 0315 0701 0311 0736 052 051 0722 236 0202 09954 09962 0701 09954 0800 0415 0453 0706 0408 0758 0438 0485 0707 0435 0759 0340 0298 0262 0230 0176 0153 0129 0130 //// 10032 ///// ///// ////
000000000000000000000000000000000000000000000000000000000000000000000000000000000000000000000000000000000000000000000000=
53972 350700 1125500 01196 01210 4
20100502080000 245 027 239 028 222 032 0755 240 031 232 051 0752 0000 0343 0345 0742 0338 0702 029 028 0751 157 0137 09879 09886 0701 09879 0800 0323 0369 0701 0323 0800 0467 0546 0701 0467 0800 0323 0282 0245 0213 0163 0145 0133 0139 //// 10016 ///// ///// ////
000000000000000000000000000000000000000000000000000000000000000000000000000000000000000000000000000000000000000000000000=
53993 355600 1145500 00516 00524 4
20100502080000 228 034 217 038 220 050 0708 290 037 226 090 0706 0000 0315 0319 0724 0315 0800 048 043 0707 222 0192 09952 09957 0701 09951 0756 0370 0399 0721 0368 0756 0428 0478 0701 0428 0800 0311 0266 0226 0201 0170 0139 0116 0114 //// 10012 ///// ///// ////
000000000000000000000000000000000000000000000000000000000000000000000000000000000000000000000000000000000000000000000000=
53898 360300 1142400 00629 00638 4
20100502080000 173 044 173 057 181 067 0701 167 094 189 131 0704 0000 0314 0314 0702 0310 0729 043 042 0758 198 0173 09928 09938 0701 09928 0800 0434 0465 0701 0405 0754 0441 0495 0701 0433 0754 0312 0271 0233 0201 0140 0122 0112 0119 //// 10001 ///// ///// ////
000000000000000000000000000000000000000000000000000000000000000000000000000000000000000000000000000000000000000000000000=
NNNN
