57084 343000 1130300 11784 11790 4
20100501060000 246 041 237 032 249 036 0505 261 070 261 070 0600 0000 0246 0246 0600 0221 0501 020 019 0557 062 0002 08823 08828 0501 08823 0600 0321 0321 0600 0300 0501 0494 0498 0528 0481 0512 0309 0238 0186 0155 0113 //// //// //// //// 10111 ///// ///// ////
000000000000000000000000000000000000000000000000000000000000000000000000000000000000000000000000000000000000000000000000
200 000 000 000 1800 /////////////////////CUU 100 0000 6///1 0//// 7//// 1//// 2//// 3//// /// /// /// // 911// 915// 919// 934// 939//=
57293 324400 1145900 00380 00391 4
20100501060000 224 022 225 025 251 031 0525 257 014 251 050 0524 0000 0277 0277 0600 0270 0501 050 048 0537 186 0163 10077 10087 0501 10077 0600 0384 0395 0505 0369 0501 0482 0491 0534 0481 0558 0319 0258 0221 0194 0173 0153 0135 0136 //// 10123 ///// ///// ////
000000000000000000000000000000000000000000000000000000000000000000000000000000000000000000000000000000000000000000000000
300 000 000 000 //// //////////////////////// /// 0000 6///1 0//// 7//// 1//// 2//// 3//// /// /// /// // 911// 915// 919// 934// 939//=
57196 332800 1145200 00420 00428 4
20100501060000 250 023 249 025 249 032 0541 274 022 285 047 0540 0000 0275 0276 0552 0269 0503 048 046 0514 176 0155 10071 10078 0501 10071 0600 0361 0375 0554 0348 0543 0436 0442 0530 0430 0543 0291 0234 0193 0172 0144 0134 0127 0132 //// 10122 ///// ///// ////
000000000000000000000000000000000000000000000000000000000000000000000000000000000000000000000000000000000000000000000000
210 000 000 000 //// //////////////////////// /// 0000 6///1 0//// 7//// 1//// 2//// 3//// /// /// /// // 911// 915// 919// 934// 939//=
58104 332400 1150400 00412 00425 4
20100501060000 229 023 241 025 242 032 0517 223 025 262 054 0542 0000 0278 0278 0600 0273 0505 050 044 0545 187 0164 10073 10081 0501 10073 0600 0390 0394 0555 0377 0504 0474 0480 0514 0470 0551 0338 0270 0220 0192 0167 0142 0126 0135 //// 10123 ///// ///// ////
000000000000000000000000000000000000000000000000000000000000000000000000000000000000000000000000000000000000000000000000
300 000 000 000 //// //////////////////////// /// //// 6///1 0//// 7//// 1//// 2//// 3//// /// /// /// // 911// 915// 919// 934// 939//=
57198 333300 1143700 00463 00473 4
20100501060000 272 023 263 022 247 026 0519 297 025 212 046 0536 0000 0282 0283 0554 0277 0503 046 043 0518 176 0155 10063 10072 0501 10063 0600 0433 0444 0517 0431 0550 0506 0512 0513 0506 0600 0321 0257 0212 0189 0150 0141 0131 0139 //// ///// ///// ///// ////
000000000000000000000000000000000000000000000000000000000000000000000000000000000000000000000000000000000000000000000000
200 000 000 /// //// //////////////////////// /// //// 6///1 0//// 7//// 1//// 2//// 3//// /// /// /// // 911// 915// 919// 934// 939//=
57192 334400 1145100 00455 00466 4
20100501060000 293 023 280 020 255 025 0547 279 025 266 041 0543 0000 0288 0288 0600 0278 0501 043 041 0507 170 0150 10063 10072 0501 10063 0600 0412 0432 0501 0388 0547 0437 0437 0537 0429 0505 0321 0255 0210 0186 0163 0147 0133 0140 //// 10117 ///// ///// ////
000000000000000000000000000000000000000000000000000000000000000000000000000000000000000000000000000000000000000000000000=
58100 333900 1151000 00414 00424 4
20100501060000 /// /// /// /// /// /// //// /// /// /// /// //// 0000 //// //// //// //// //// /// /// //// /// //// ///// ///// //// ///// //// //// //// //// //// //// //// //// //// //// //// //// //// //// //// //// //// //// //// //// ///// ///// ///// ////
000000000000000000000000000000000000000000000000//0000000000000000000000000000000000000000000000000000000000000000000000
240 000 000 000 //// //////////////////////// /// //// 6///1 0//// 7//// 1//// 2//// 3//// /// /// /// // 911// 915// 919// 934// 939//=
57296 322100 1144400 00489 00501 4
20100501060000 233 014 229 019 227 025 0503 272 010 291 054 0528 0000 0289 0291 0544 0282 0503 042 041 0534 167 0147 10064 10073 0501 10064 0600 0365 0377 0527 0353 0548 0520 0532 0527 0513 0550 0334 0263 0216 0194 0172 0152 0136 0133 //// 10123 ///// ///// ////
000000000000000000000000000000000000000000000000000000000000000000000000000000000000000000000000000000000000000000000000
210 000 000 000 //// //////////////////////// /// 0000 6///1 0//// 7//// 1//// 2//// 3//// /// /// /// // 911// 915// 919// 934// 939//=
57396 313800 1145100 01287 01297 4
20100501060000 191 054 185 051 180 053 0540 215 062 184 085 0534 0000 0295 0295 0600 0288 0501 031 029 0557 128 0106 09971 09980 0501 09971 0600 0385 0399 0515 0368 0505 0510 0523 0515 0507 0539 0343 0271 0223 0193 0174 0151 //// //// //// 10122 ///// ///// ////
000000000000000000000000000000000000000000000000000000000000000000000000000000000000000000000000000000000000000000000000=
57390 314800 1140400 07335 07347 4
20100501060000 217 043 218 044 222 051 0530 217 046 222 105 0518 0000 0250 0252 0548 0242 0501 046 046 0600 146 0126 09307 09314 0504 09307 0600 0335 0357 0515 0330 0518 0460 0476 0513 0460 0600 0321 0255 0205 0173 0145 0126 //// //// //// 10130 ///// ///// ////
000000000000000000000000000000000000000000000000000000000000000000000000000000000000000000000000000000000000000000000000
160 000 000 000 //// //////////////////////// /// 0000 6///1 0//// 7//// 1//// 2//// 3//// /// /// /// // 911// 915// 919// 934// 939//=
58207 321000 1150300 00428 00440 4
20100501060000 222 020 239 019 226 026 0553 214 019 223 055 0519 0000 0297 0297 0600 0288 0501 036 036 0600 150 0130 10069 10078 0501 10069 0600 0415 0422 0504 0405 0541 0317 0317 0600 0300 0501 0527 0241 0201 0181 0149 0143 0133 0139 //// 10120 ///// ///// ////
000000000000000000000000000000000000000000000000000000000000000000000000000000000000000000000000000000000000000000000000=
57299 320100 1145400 00494 00506 4
20100501060000 179 028 185 023 212 026 0538 175 023 175 047 0513 0000 0300 0301 0552 0290 0501 037 034 0538 157 0137 10061 10070 0501 10061 0600 0399 0417 0510 0395 0534 0489 0503 0529 0489 0600 0373 0329 0286 0251 0173 0151 0133 0131 //// 10120 ///// ///// ////
000000000000000000000000000000000000000000000000000000000000000000000000000000000000000000000000000000000000000000000000=
53997 350900 1141100 00711 00723 4
20100501060000 233 033 232 029 232 035 0543 239 039 239 051 0539 0000 0279 0279 0600 0269 0501 038 034 0551 143 0123 10022 10030 0501 10022 0600 0398 0417 0518 0388 0544 0477 0483 0515 0475 0548 0298 0243 0198 0178 0144 0133 0121 0125 //// 10106 ///// ///// ////
000000000000000000000000000000000000000000000000000000000000000000000000000000000000000000000000000000000000000000000000=
53994 352300 1140400 00700 00712 4
20100501060000 201 026 197 024 197 024 0600 206 033 184 052 0548 0000 0294 0294 0600 0279 0502 030 030 0600 123 0100 10021 10030 0501 10021 0600 0415 0435 0529 0405 0501 0565 0580 0529 0561 0554 0339 0258 0209 0177 0142 0129 0121 0129 //// 10104 ///// ///// ////
000000000000000000000000000000000000000000000000000000000000000000000000000000000000000000000000000000000000000000000000
160 000 000 /// //// //////////////////////// /// //// 6///1 0//// 7//// 1//// 2//// 3//// /// /// /// // 911// 915// 919// 934// 939//=
53988 351600 1134000 00776 00784 4
20100501060000 153 025 160 025 165 030 0545 150 030 186 046 0538 0000 0285 0285 0600 0278 0505 034 031 0513 132 0111 10010 10017 0501 10010 0600 0446 0455 0503 0422 0544 0532 0561 0503 0532 0600 0321 0257 0211 0186 0141 0131 0122 0128 //// 10102 ///// ///// ////
000000000000000000000000000000000000000000000000000000000000000000000000000000000000000000000000000000000000000000000000
170 000 000 000 //// //////////////////////// /// 0000 6///1 0//// 7//// 1//// 2//// 3//// /// /// /// // 911// 915// 919// 934// 939//=
53985 352700 1134900 00964 00979 4
20100501060000 301 016 296 015 296 015 0600 272 014 277 030 0520 0000 0291 0291 0600 0279 0501 031 030 0547 125 0103 09990 09997 0501 09989 0553 0389 0413 0503 0384 0552 0518 0542 0510 0507 0553 0281 0235 0193 0173 0152 0133 0118 0122 //// ///// ///// ///// ////
000000000000000000000000000000000000000000000000000000000000000000000000000000000000000000000000000000000000000000000000
190 000 000 000 //// //////////////////////// /// //// 6///1 0//// 7//// 1//// 2//// 3//// /// /// /// // 911// 915// 919// 934// 939//=
53983 350200 1142500 00696 00708 4
20100501060000 229 015 231 016 220 024 0502 234 014 240 041 0502 0000 0290 0291 0558 0277 0503 036 034 0557 144 0124 10024 10033 0501 10024 0600 0412 0436 0536 0394 0502 0518 0528 0536 0503 0502 0343 0268 0222 0195 0132 0125 0117 0125 //// 10107 ///// ///// ////
000000000000000000000000000000000000000000000000000000000000000000000000000000000000000000000000000000000000000000000000
120 000 000 000 //// //////////////////////// /// //// 6///1 0//// 7//// 1//// 2//// 3//// /// /// /// // 911// 915// 919// 934// 939//=
58004 343900 1150900 00606 00616 4
20100501060000 220 026 231 027 211 031 0515 209 023 237 072 0532 0000 0274 0275 0543 0265 0531 045 043 0538 164 0144 10042 10050 0503 10042 0553 0360 0381 0542 0360 0548 0443 0455 0542 0443 0501 0318 0261 0212 0187 0150 0136 0125 0129 //// 10114 ///// ///// ////
000000000000000000000000000000000000000000000000000000000000000000000000000000000000000000000000000000000000000000000000
180 000 000 000 //// //////////////////////// /// 0000 6///1 0//// 7//// 1//// 2//// 3//// /// /// /// // 911// 915// 919// 934// 939//=
57171 334600 1130700 01420 01430 4
20100501060000 150 022 156 022 156 024 0553 141 024 110 036 0526 0000 0283 0283 0600 0270 0506 041 039 0545 158 0138 09942 09952 0501 09942 0600 0372 0378 0543 0352 0530 0434 0446 0525 0427 0559 0336 0254 0213 0191 0172 0158 0140 0137 //// 10108 ///// ///// ////
000000000000000000000000000000000000000000000000000000000000000000000000000000000000000000000000000000000000000000000000=
57185 332700 1133500 00911 00921 4
20100501060000 232 026 238 026 241 037 0539 217 020 214 064 0505 0000 0288 0288 0600 0278 0501 042 041 0524 166 0146 10007 10015 0501 10007 0600 0373 0379 0557 0355 0530 0537 0545 0516 0531 0538 0307 0253 0216 0190 0165 0147 0128 0128 //// 10115 ///// ///// ////
000000000000000000000000000000000000000000000000000000000000000000000000000000000000000000000000000000000000000000000000
350 000 000 000 //// //////////////////////// /// 0000 6///1 0//// 7//// 1//// 2//// 3//// /// /// /// // 911// 915// 919// 934// 939//=
57093 345100 1144900 00733 00740 4
20100501060000 243 031 228 029 225 036 0503 217 033 231 070 0521 0000 0276 0278 0547 0267 0501 042 039 0523 155 0135 10026 10033 0503 10026 0600 0364 0384 0510 0356 0513 0502 0516 0510 0500 0559 0319 0246 0200 0172 0153 0135 0122 0125 //// 10112 ///// ///// ////
000000000000000000000000000000000000000000000000000000000000000000000000000000000000000000000000000000000000000000000000
230 000 000 000 //// //////////////////////// /// 0000 6///1 0//// 7//// 1//// 2//// 3//// /// /// /// // 911// 915// 919// 934// 939//=
53978 350500 1123800 01401 01409 4
20100501060000 153 024 158 024 160 025 0546 170 029 173 054 0545 0000 0285 0285 0555 0273 0501 032 030 0548 125 0102 09937 09949 0501 09937 0559 0333 0359 0502 0333 0600 0500 0507 0528 0499 0558 0315 0249 0205 0180 0132 0126 0123 0130 //// 10101 ///// ///// ////
000000000000000000000000000000000000000000000000000000000000000000000000000000000000000000000000000000000000000000000000
110 000 000 000 //// //////////////////////// /// 0000 6///1 0//// 7//// 1//// 2//// 3//// /// /// /// // 911// 915// 919// 934// 939//=
53972 350700 1125500 01196 01210 4
20100501060000 241 023 233 024 220 030 0501 240 026 234 045 0519 0000 0277 0279 0552 0265 0501 030 028 0542 111 0086 09962 09972 0501 09962 0600 0340 0360 0524 0340 0600 0531 0547 0513 0531 0600 0296 0245 0210 0186 0154 0142 0133 0139 //// 10103 ///// ///// ////
000000000000000000000000000000000000000000000000000000000000000000000000000000000000000000000000000000000000000000000000
200 000 000 000 //// //////////////////////// /// 0000 6///1 0//// 7//// 1//// 2//// 3//// /// /// /// // 911// 915// 919// 934// 939//=
NNNN
