57090 344300 1135800 00781 00802 4
20100323150000 046 011 059 012 087 015 1428 035 009 102 026 1427 0000 0107 0108 1429 0105 1402 051 046 1401 066 0010 10130 10131 1452 10126 1424 0086 0092 1427 0079 1401 0083 0083 1426 0081 1401 0096 0105 0106 0107 0100 0092 0085 0119 //// 10228 ///// ///// ////
000000000000000000000000000000000000000000000000000000000000000000000000000000000000000000000000000000000000000000000000=
57083 344300 1133900 01104 01116 4
20100323150000 061 007 057 010 086 027 1416 079 005 070 039 1403 0000 0105 0109 1401 0105 1500 045 037 1401 057 -009 10094 10095 1457 10088 1410 0065 0069 1443 0063 1411 0080 0081 1442 0078 1409 0095 0102 0106 0109 0098 0098 0102 0126 0001 10230 ///// ///// ////
000000000000000000000000000000000000000000000000000000000000000000000000000000000000000000000000000000000000000000000000
110 010 000 010 3200 /////////////////////ACR 03/ 0000 6///1 0//// 7//// 1//// 2//// 3//// /// /// /// // 911// 915// 919// 934// 939//=
57086 342300 1134300 01166 01168 4
20100323150000 045 020 057 018 043 026 1401 052 020 052 033 1427 0000 0092 0093 1454 0089 1438 052 043 1408 060 -001 10086 10086 1459 10082 1450 0084 0090 1453 0081 1439 0078 0078 1454 0076 1401 0091 0099 0104 0105 0099 0095 0092 0116 //// 10229 ///// ///// ////
000000000000000000000000000000000000000000000000000000000000000000000000000000000000000000000000000000000000000000000000=
57085 343200 1132000 02599 02648 4
20100323150000 025 016 019 016 019 016 1459 012 015 083 031 1420 0000 0096 0098 1436 0094 1408 035 035 1434 042 -051 09908 09909 1433 09902 1406 0090 0091 1430 0085 1402 0076 0076 1500 0073 1404 0092 0102 0107 0106 0103 0097 0092 0121 //// 10229 ///// ///// ////
000000000000000000000000000000000000000000000000000000000000000000000000000000000000000000000000000000000000000000000000=
57081 344800 1132600 01409 01419 4
20100323150000 109 005 122 006 093 015 1401 099 003 102 022 1401 0000 0098 0102 1402 0097 1444 034 032 1401 041 -053 10055 10059 1451 10052 1402 0061 0072 1401 0059 1435 0075 0075 1500 0071 1408 0091 0101 0108 0106 0091 0092 0095 0117 //// 10229 ///// ///// ////
000000000000000000000000000000000000000000000000000000000000000000000000000000000000000000000000000000000000000000000000=
57080 344400 1125800 01652 01661 4
20100323150000 105 006 105 011 103 013 1457 083 003 116 026 1456 0000 0105 0106 1459 0103 1419 031 030 1402 039 -059 10025 10031 1441 10025 1458 0091 0092 1458 0077 1418 0077 0078 1413 0077 1459 0095 0104 0109 0108 0093 0087 0087 0119 //// 10227 ///// ///// ////
000000000000000000000000000000000000000000000000000000000000000000000000000000000000000000000000000000000000000000000000=
57082 342800 1130100 04271 04284 4
20100323150000 092 014 083 014 078 027 1424 091 011 085 045 1417 0000 0087 0087 1430 0086 1401 031 031 1402 035 -075 09714 09718 1445 09712 1406 0077 0079 1431 0072 1414 0060 0060 1500 0056 1413 0076 0089 0097 0101 0098 0099 0099 //// //// 10230 ///// ///// ////
000000000000000000000000000000000000000000000000000000000000000000000000000000000000000000000000000000000000000000000000=
57295 323700 1142100 00785 00802 4
20100323150000 080 013 067 014 071 020 1401 043 010 035 030 1438 0000 0059 0060 1416 0059 1457 084 082 1410 078 0034 10122 10127 1425 10122 1451 0056 0056 1418 0052 1401 0065 0066 1414 0065 1444 0084 0090 0095 0100 0103 0102 0101 0128 //// 10222 ///// ///// ////
000000000000000000000000000000000000000000000000000000000000000000000000000000000000000000000000000000000000000000000000=
57188 332200 1140200 00559 00568 4
20100323150000 153 006 139 007 131 009 1436 156 005 139 014 1445 0000 0075 0078 1412 0075 1458 082 081 1401 085 0046 10152 10153 1406 10149 1429 0065 0071 1402 0065 1458 0078 0081 1404 0077 1453 0092 0098 0104 0104 0098 0095 0101 0132 //// 10222 ///// ///// ////
000000000000000000000000000000000000000000000000000000000000000000000000000000000000000000000000000000000000000000000000=
57189 330800 1135700 00646 00655 4
20100323150000 147 016 155 016 152 017 1448 144 019 156 022 1443 0000 0072 0074 1426 0072 1500 092 092 1450 093 0060 10141 10143 1413 10141 1447 0071 0072 1404 0071 1500 0079 0080 1417 0079 1500 0091 0096 0100 0103 0098 0097 0097 0122 //// 10222 ///// ///// ////
000000000000000000000000000000000000000000000000000000000000000000000000000000000000000000000000000000000000000000000000=
57194 331700 1141600 00598 00609 4
20100323150000 143 012 130 008 090 014 1412 147 019 097 021 1409 0000 0075 0078 1403 0075 1458 088 087 1449 091 0056 10146 10148 1424 10143 1436 0070 0072 1412 0069 1453 0077 0078 1425 0077 1447 0089 0097 0100 0101 0097 0093 0097 0126 //// 10222 ///// ///// ////
000000000000000000000000000000000000000000000000000000000000000000000000000000000000000000000000000000000000000000000000=
57197 330000 1142000 00489 00545 4
20100323150000 175 011 176 010 122 027 1404 189 011 144 031 1401 0000 0066 0067 1414 0066 1459 090 089 1402 088 0051 10156 10157 1446 10152 1405 0056 0060 1405 0056 1500 0071 0071 1427 0070 1406 0083 0090 0095 0096 0104 0102 0099 0125 //// 10224 ///// ///// ////
000000000000000000000000000000000000000000000000000000000000000000000000000000000000000000000000000000000000000000000000=
57294 325000 1140100 00836 00846 4
20100323150000 175 007 179 008 144 022 1401 173 008 181 030 1411 0000 0062 0064 1408 0062 1449 090 090 1500 085 0047 10117 10122 1408 10115 1436 0063 0065 1407 0063 1445 0067 0069 1402 0067 1453 0080 0090 0096 0100 0103 0108 0102 0118 //// 10222 ///// ///// ////
000000000000000000000000000000000000000000000000000000000000000000000000000000000000000000000000000000000000000000000000=
57195 333700 1143700 00466 00476 4
20100323150000 109 011 106 011 112 015 1440 102 011 116 022 1433 0000 0086 0087 1430 0086 1500 081 081 1500 090 0055 10162 10169 1401 10161 1434 0081 0083 1433 0080 1407 0079 0080 1404 0079 1500 0088 0098 0105 0107 0103 0098 0100 0142 //// 10221 ///// ///// ////
000000000000000000000000000000000000000000000000000000000000000000000000000000000000000000000000000000000000000000000000=
57193 334700 1143100 00526 00541 4
20100323150000 167 008 144 006 139 014 1405 161 008 150 025 1402 0000 0085 0088 1401 0085 1500 083 083 1406 092 0058 10158 10160 1401 10157 1441 0076 0078 1401 0076 1458 0083 0085 1403 0083 1500 0098 0103 0108 0109 0105 0101 0104 0131 //// 10225 ///// ///// ////
000000000000000000000000000000000000000000000000000000000000000000000000000000000000000000000000000000000000000000000000
120 010 000 010 4200 /////////////////////ACP 07/ 0000 6///1 0//// 7//// 1//// 2//// 3//// /// /// /// // 911// 915// 919// 934// 939//=
57196 332800 1145200 00420 00428 4
20100323150000 118 010 119 010 174 018 1427 121 013 155 024 1421 0000 0070 0071 1401 0068 1435 085 085 1500 085 0047 10169 10178 1401 10169 1500 0068 0069 1453 0067 1431 0072 0074 1401 0072 1445 0088 0097 0100 0100 0103 0100 0103 0132 //// 10222 ///// ///// ////
000000000000000000000000000000000000000000000000000000000000000000000000000000000000000000000000000000000000000000000000=
57099 340400 1145100 00526 00536 4
20100323150000 110 004 109 006 117 022 1436 130 000 115 038 1433 0000 0088 0095 1401 0088 1500 081 079 1401 092 0057 10161 10165 1403 10161 1500 0076 0083 1404 0076 1459 0078 0082 1401 0078 1438 0092 0099 0100 0102 0100 0094 0097 0131 //// 10227 ///// ///// ////
000000000000000000000000000000000000000000000000000000000000000000000000000000000000000000000000000000000000000000000000=
58101 335200 1152900 00413 00428 4
20100323150000 110 007 106 007 051 011 1425 111 006 060 015 1437 0000 0069 0071 1412 0068 1444 092 090 1401 091 0057 10174 10180 1411 10174 1452 0062 0064 1452 0058 1411 0070 0070 1500 0068 1425 0088 0093 0098 0100 0100 0098 0098 0131 //// 10227 ///// ///// ////
000000000000000000000000000000000000000000000000000000000000000000000000000000000000000000000000000000000000000000000000=
57192 334400 1145100 00455 00466 4
20100323150000 100 013 111 015 115 019 1455 119 013 119 028 1453 0000 0087 0089 1401 0087 1500 078 077 1401 088 0051 10166 10173 1401 10165 1453 0080 0081 1418 0079 1407 0078 0080 1401 0078 1456 0092 0104 0110 0110 0109 0106 0106 0141 //// 10224 ///// ///// ////
000000000000000000000000000000000000000000000000000000000000000000000000000000000000000000000000000000000000000000000000=
57098 340500 1142400 00583 00593 4
20100323150000 077 006 102 008 114 016 1423 359 004 096 020 1417 0000 0087 0092 1401 0087 1500 086 085 1401 097 0065 10149 10152 1401 10148 1457 0077 0082 1409 0077 1500 0084 0087 1401 0084 1500 0092 0098 0102 0104 0102 0096 0096 0129 //// 10222 ///// ///// ////
000000000000000000000000000000000000000000000000000000000000000000000000000000000000000000000000000000000000000000000000=
57190 334500 1142400 00505 00516 4
20100323150000 127 011 137 008 143 021 1418 124 013 149 025 1410 0000 0078 0080 1401 0078 1500 090 090 1500 095 0063 10158 10160 1405 10158 1500 0076 0077 1412 0075 1456 0077 0079 1401 0077 1500 0090 0098 0103 0104 0100 0097 0100 0130 //// 10222 ///// ///// ////
000000000000000000000000000000000000000000000000000000000000000000000000000000000000000000000000000000000000000000000000=
57182 335100 1133000 00805 00814 4
20100323150000 339 013 347 012 347 012 1500 350 009 344 020 1459 0000 0088 0089 1401 0088 1500 070 067 1447 079 0036 10123 10123 1500 10120 1425 0077 0079 1413 0075 1456 0082 0084 1401 0082 1500 0098 0107 0113 0112 0108 0104 0106 0139 //// 10223 ///// ///// ////
000000000000000000000000000000000000000000000000000000000000000000000000000000000000000000000000000000000000000000000000=
57297 320800 1140300 01145 01154 4
20100323150000 040 033 051 030 054 033 1457 029 045 060 056 1450 0000 0060 0060 1457 0059 1416 084 083 1453 079 0035 10077 10086 1422 10075 1457 0051 0051 1454 0049 1421 0058 0059 1424 0057 1401 0069 0081 0092 0099 0113 0117 0114 //// //// 10221 ///// ///// ////
000000000000000000000000000000000000000000000000000000000000000000000000000000000000000000000000000000000000000000000000
080 010 010 010 1500 /////////////////////SCP 5// 1000 6///1 0//// 7//// 1//// 2//// 3//// /// /// /// // 911// 915// 919// 934// 939//=
58207 321000 1150300 00428 00440 4
20100323150000 082 044 080 048 071 054 1402 071 035 082 076 1457 0000 0062 0062 1500 0062 1500 083 083 1500 079 0035 10163 10168 1433 10161 1451 0057 0057 1500 0055 1401 0068 0068 1401 0067 1459 0055 0079 0087 0095 0111 0114 0112 0138 //// 10218 ///// ///// ////
000000000000000000000000000000000000000000000000000000000000000000000000000000000000000000000000000000000000000000000000=
58205 322800 1152600 00349 00360 4
20100323150000 062 033 057 031 066 033 1416 054 030 054 043 1459 0000 0062 0062 1500 0061 1429 086 086 1500 081 0040 10176 10184 1401 10176 1500 0057 0057 1500 0056 1415 0060 0061 1408 0059 1417 0065 0070 0076 0080 0115 0111 0109 0123 //// 10221 ///// ///// ////
000000000000000000000000000000000000000000000000000000000000000000000000000000000000000000000000000000000000000000000000=
53997 350900 1141100 00711 00723 4
20100323150000 131 011 127 010 105 017 1401 138 011 115 023 1407 0000 0102 0104 1401 0102 1500 052 047 1401 065 0008 10141 10144 1424 10139 1401 0067 0075 1401 0066 1453 0084 0086 1401 0083 1459 0100 0108 0111 0111 0093 0092 0096 0124 //// 10230 ///// ///// ////
000000000000000000000000000000000000000000000000000000000000000000000000000000000000000000000000000000000000000000000000=
53986 351900 1135300 00732 00740 4
20100323150000 PPC 000 PPC 000 097 013 1411 PPC 001 099 020 1411 0000 0100 0101 1441 0096 1401 052 048 1421 064 0006 10140 10142 1407 10139 1450 0078 0083 1436 0067 1401 0077 0077 1453 0071 1401 0097 0105 0109 0110 0097 0093 0097 0128 //// 10231 ///// ///// ////
000000000000000000000000000000000000000000000000000000000000000000000000000000000000000000000000000000000000000000000000
120 10- 000 10- 2900 /////////////////////ACR 03/ 0000 6///1 0//// 7//// 1//// 2//// 3//// /// /// /// // 911// 915// 919// 934// 939//=
53994 352300 1140400 00700 00712 4
20100323150000 180 007 168 006 085 009 1401 203 005 102 013 1419 0000 0101 0106 1401 0101 1500 046 042 1403 057 -010 10141 10144 1402 10140 1453 0069 0076 1401 0068 1448 0076 0078 1419 0076 1500 0098 0110 0113 0109 0093 0088 0093 0127 //// 10228 ///// ///// ////
000000000000000000000000000000000000000000000000000000000000000000000000000000000000000000000000000000000000000000000000=
53998 351200 1143900 00616 00625 4
20100323150000 118 017 120 016 124 020 1402 133 013 150 033 1402 0000 0101 0104 1401 0101 1459 053 052 1441 065 0010 10151 10155 1437 10150 1455 0086 0091 1407 0083 1453 0081 0086 1404 0081 1457 0097 0105 0107 0105 0099 0094 0095 0129 //// 10228 ///// ///// ////
000000000000000000000000000000000000000000000000000000000000000000000000000000000000000000000000000000000000000000000000=
57051 344800 1111200 04099 04117 4
20100323150000 113 031 110 031 129 032 1434 105 023 147 060 1427 0000 0093 0095 1401 0093 1459 032 031 1406 037 -065 09726 09738 1401 09726 1500 0079 0083 1431 0077 1410 0080 0082 1401 0080 1500 0097 0105 0109 0108 0092 0086 0085 0114 //// 10221 ///// ///// ////
0000000000000000000000000000000000000000000000000000000000000000000000000000000000000000000000000000000000//000000000000
100 010 000 010 3800 /////////////////////ASP 02/ 0000 6///1 0//// 7//// 1//// 2//// 3//// /// /// /// // 911// 915// 919// 934// 939//=
57063 344600 1114600 05236 05236 4
20100323150000 121 009 125 011 155 014 1407 122 006 156 025 1441 0000 0074 0076 1413 0070 1434 036 035 1412 037 -067 09603 09611 1413 09603 1500 0052 0057 1410 0045 1435 0056 0058 1409 0056 1500 0076 0084 0087 0087 0075 0076 0082 0110 //// 10232 ///// ///// ////
000000000000000000000000000000000000000000000000000000000000000000000000000000000000000000000000000000000000000000000000=
57067 340300 1110200 05688 05699 4
20100323150000 028 006 037 005 068 010 1442 046 006 066 018 1436 0000 0058 0062 1401 0058 1500 058 057 1448 053 -018 09552 09552 1453 09549 1432 0058 0066 1432 0056 1457 0067 0071 1410 0067 1500 0083 0090 0094 0094 0092 0097 0094 0122 //// 10243 ///// ///// ////
000000000000000000000000000000000000000000000000000000000000000000000000000000000000000000000000000000000000000000000000
100 010 000 010 3700 /////////////////////ACP 07/ 0000 6///1 0//// 7//// 1//// 2//// 3//// /// /// /// // 911// 915// 919// 934// 939//=
57056 343200 1105300 03904 03909 4
20100323150000 163 025 164 024 164 024 1500 170 023 156 044 1451 0000 0096 0100 1401 0095 1443 036 033 1401 043 -047 09751 09761 1401 09751 1500 0083 0083 1500 0077 1425 0083 0086 1401 0083 1457 0097 0106 0107 0106 0090 0089 0092 0118 //// 10221 ///// ///// ////
000000000000000000000000000000000000000000000000000000000000000000000000000000000000000000000000000000000000000000000000=
58007 340400 1151800 00472 00532 4
20100323150000 089 003 123 005 158 011 1432 108 000 161 019 1427 0000 0083 0086 1402 0083 1500 081 081 1401 089 0052 10161 10167 1410 10160 1455 0075 0075 1413 0072 1419 0077 0079 1418 0077 1459 0094 0102 0105 0106 0103 0099 0101 0131 //// 10227 ///// ///// ////
000000000000000000000000000000000000000000000000000000000000000000000000000000000000000000000000000000000000000000000000=
58006 342300 1155300 00463 00506 4
20100323150000 126 017 050 008 138 015 1408 125 019 144 023 1402 0000 0075 0076 1445 0066 1408 069 066 1439 071 0022 10173 10175 1455 10171 1424 0058 0058 1458 0051 1401 0065 0066 1438 0064 1401 0079 0092 0097 0100 0095 0092 0096 0127 //// 10235 ///// ///// ////
000000000000000000000000000000000000000000000000000000000000000000000000000000000000000000000000000000000000000000000000=
58111 335800 1162700 00325 00325 4
20100323150000 059 010 067 014 079 019 1453 057 015 083 035 1453 0000 0072 0077 1401 0072 1500 061 060 1430 062 0002 10192 10196 1401 10191 1456 0051 0051 1455 0039 1414 0056 0060 1401 0055 1442 0074 0086 0092 0096 0096 0097 0103 0138 //// 10232 ///// ///// ////
000000000000000000000000000000000000000000000000000000000000000000000000000000000000000000000000000000000000000000000000
130 000 000 000 //// //////////////////////// /// 0000 6///1 0//// 7//// 1//// 2//// 3//// /// /// /// // 911// 915// 919// 934// 939//=
58017 341500 1160800 00410 00420 4
20100323150000 115 026 109 026 109 026 1500 097 030 116 039 1431 0000 0081 0085 1401 0081 1444 057 057 1455 062 0001 10177 10184 1401 10175 1436 0069 0069 1459 0058 1403 0061 0062 1452 0060 1421 0081 0093 0098 0101 0099 0096 0101 0128 //// 10229 ///// ///// ////
000000000000000000000000000000000000000000000000000000000000000000000000000000000000000000000000000000000000000000000000=
58001 342600 1150600 00563 00569 4
20100323150000 111 021 105 019 115 023 1402 113 024 128 031 1404 0000 0082 0089 1404 0082 1458 070 064 1404 076 0031 10156 10162 1413 10156 1500 0075 0081 1409 0074 1426 0072 0076 1401 0072 1458 0083 0090 0094 0095 0090 0087 0093 0126 //// 10226 ///// ///// ////
000000000000000000000000000000000000000000000000000000000000000000000000000000000000000000000000000000000000000000000000=
58005 342700 1154000 00501 00511 4
20100323150000 137 007 123 007 118 016 1437 141 008 124 023 1436 0000 0080 0081 1426 0078 1401 066 065 1413 071 0020 10168 10170 1410 10164 1433 0055 0058 1434 0049 1421 0068 0068 1458 0067 1431 0085 0096 0099 0100 0098 0095 0102 0132 0000 10231 ///// ///// ////
000000000000000000000000000000000000000000000000000000000000000000000000000000000000000000000000000000000000000000000000
140 010 000 010 2900 /////////////////////ASP 02/ 0000 6///1 0//// 7//// 1//// 2//// 3//// /// /// /// // 911// 915// 919// 934// 939//=
58008 342800 1152000 00544 00592 4
20100323150000 117 009 113 012 101 013 1407 122 008 113 020 1416 0000 0082 0084 1401 0081 1454 065 064 1434 071 0020 10154 10158 1406 10154 1500 0062 0065 1405 0057 1445 0071 0073 1408 0070 1448 0080 0088 0093 0095 0094 0092 0097 0129 //// 10227 ///// ///// ////
000000000000000000000000000000000000000000000000000000000000000000000000000000000000000000000000000000000000000000000000=
58004 343900 1150900 00606 00616 4
20100323150000 102 010 092 007 126 017 1424 097 014 142 038 1419 0000 0088 0093 1401 0088 1500 062 058 1404 070 0019 10152 10157 1402 10151 1438 0066 0084 1416 0066 1500 0075 0079 1403 0075 1500 0090 0104 0104 0105 0101 0098 0101 0127 //// 10228 ///// ///// ////
000000000000000000000000000000000000000000000000000000000000000000000000000000000000000000000000000000000000000000000000=
54817 355900 1155200 00421 00434 4
20100323150000 172 003 162 004 150 014 1439 209 001 142 019 1436 0000 0082 0082 1457 0078 1424 055 053 1454 060 -003 10172 10180 1413 10171 1456 0061 0067 1437 0057 1401 0063 0065 1404 0063 1500 0079 0089 0093 0090 0081 0075 0087 0116 //// 10226 ///// ///// ////
000000000000000000000000000000000000000000000000000000000000000000000000000000000000000000000000000000000000000000000000=
54900 354200 1150100 00537 00541 4
20100323150000 203 014 203 014 203 014 1500 212 014 167 022 1433 0000 0096 0096 1500 0093 1406 053 051 1403 063 0005 10160 10163 1409 10159 1434 0076 0076 1500 0056 1415 0073 0077 1401 0073 1459 0095 0104 0105 0102 0088 0079 0082 0110 //// 10227 ///// ///// ////
000000000000000000000000000000000000000000000000000000000000000000000000000000000000000000000000000000000000000000000000=
54901 360500 1151000 00475 00478 4
20100323150000 143 024 144 023 144 024 1457 147 020 139 031 1449 0000 0088 0101 1413 0088 1500 045 033 1411 051 -025 10164 10169 1403 10164 1500 0077 0090 1414 0077 1500 0070 0074 1401 0070 1500 0086 0094 0097 0095 0086 0077 0075 0105 //// 10223 ///// ///// ////
000000000000000000000000000000000000000000000000000000000000000000000000000000000000000000000000000000000000000000000000=
54903 355100 1152900 00457 00506 4
20100323150000 236 007 209 006 173 014 1441 243 006 189 025 1439 0000 0096 0101 1401 0096 1500 045 039 1423 054 -017 10164 10169 1405 10162 1435 0074 0089 1443 0074 1500 0068 0072 1401 0068 1500 0086 0095 0097 0095 0083 0077 0089 0114 //// 10226 ///// ///// ////
000000000000000000000000000000000000000000000000000000000000000000000000000000000000000000000000000000000000000000000000=
57184 333800 1132200 00834 00847 4
20100323150000 108 005 110 006 123 012 1427 119 004 141 017 1403 0000 0085 0088 1401 0085 1500 085 084 1406 094 0061 10116 10117 1441 10113 1417 0085 0090 1406 0083 1444 0088 0089 1407 0088 1446 0101 0111 0113 0115 0101 0101 0102 0129 //// 10221 ///// ///// ////
000000000000000000000000000000000000000000000000000000000000000000000000000000000000000000000000000000000000000000000000=
57177 332000 1133200 00898 00913 4
20100323150000 169 008 153 008 121 016 1408 166 009 110 020 1440 0000 0075 0076 1418 0075 1500 087 087 1500 090 0055 10112 10112 1500 10106 1416 0072 0074 1421 0072 1458 0083 0084 1401 0082 1441 0074 0099 0096 0108 0106 0104 0103 0121 //// 10225 ///// ///// ////
000000000000000000000000000000000000000000000000000000000000000000000000000000000000000000000000000000000000000000000000=
57075 341000 1125200 02031 02043 4
20100323150000 335 015 333 017 323 022 1442 332 012 316 028 1441 0000 0082 0082 1500 0075 1407 068 067 1448 074 0027 09981 09984 1436 09976 1402 0076 0080 1448 0068 1415 0070 0072 1401 0069 1426 0088 0100 0106 0106 0106 0102 0094 0117 //// 10231 ///// ///// ////
000000000000000000000000000000000000000000000000000000000000000000000000000000000000000000000000000000000000000000000000=
57173 334500 1125300 01457 01468 4
20100323150000 307 016 307 015 347 021 1408 305 017 356 027 1403 0000 0084 0089 1416 0083 1456 071 062 1412 078 0035 10048 10048 1500 10043 1401 0077 0082 1404 0077 1456 0077 0079 1433 0077 1500 0095 0104 0110 0109 0105 0102 0103 0134 //// 10229 ///// ///// ////
000000000000000000000000000000000000000000000000000000000000000000000000000000000000000000000000000000000000000000000000=
57180 335900 1131200 01175 01186 4
20100323150000 301 018 318 013 017 014 1422 296 023 296 023 1500 0000 0087 0087 1500 0085 1413 071 070 1425 080 0037 10082 10082 1500 10076 1405 0072 0073 1426 0066 1447 0074 0077 1403 0073 1448 0089 0101 0106 0107 0101 0098 0100 0131 //// 10228 ///// ///// ////
000000000000000000000000000000000000000000000000000000000000000000000000000000000000000000000000000000000000000000000000=
57181 335300 1130300 01364 01380 4
20100323150000 321 016 320 017 320 017 1500 313 019 313 024 1454 0000 0080 0087 1401 0079 1454 077 071 1401 083 0042 10062 10063 1457 10057 1405 0072 0074 1401 0070 1452 0077 0080 1403 0077 1458 0092 0104 0109 0111 0104 0100 0101 0129 //// 10232 ///// ///// ////
000000000000000000000000000000000000000000000000000000000000000000000000000000000000000000000000000000000000000000000000
080 010 000 010 3600 /////////////////////ACP 07/ 1000 6///1 0//// 7//// 1//// 2//// 3//// /// /// /// // 911// 915// 919// 934// 939//=
57171 334600 1130700 01420 01430 4
20100323150000 329 026 328 023 350 027 1416 332 027 352 032 1416 0000 0087 0089 1401 0087 1500 068 067 1425 076 0031 10047 10047 1500 10043 1401 0082 0083 1401 0082 1450 0078 0081 1401 0078 1500 0093 0103 0109 0112 0112 0114 0112 0124 //// 10223 ///// ///// ////
000000000000000000000000000000000000000000000000000000000000000000000000000000000000000000000000000000000000000000000000=
57175 330300 1121400 01914 01922 4
20100323150000 058 007 077 008 074 008 1459 046 006 091 010 1455 0000 0079 0079 1456 0078 1408 091 090 1453 097 0065 09992 09996 1429 09989 1401 0074 0074 1500 0071 1428 0080 0083 1402 0080 1458 0097 0107 0114 0118 0110 0108 0109 0138 //// 10228 ///// ///// ////
000000000000000000000000000000000000000000000000000000000000000000000000000000000000000000000000000000000000000000000000=
57156 331800 1113000 02503 02523 4
20100323150000 302 017 289 019 282 020 1436 271 011 274 035 1456 0000 0080 0082 1430 0080 1500 073 071 1437 078 0035 09924 09926 1447 09920 1401 0069 0071 1418 0069 1500 0071 0073 1402 0071 1500 0089 0097 0105 0108 0106 0112 0116 0142 //// 10234 ///// ///// ////
000000000000000000000000000000000000000000000000000000000000000000000000000000000000000000000000000000000000000000000000
100 010 000 010 3600 /////////////////////ACP 07/ 0000 6///1 0//// 7//// 1//// 2//// 3//// /// /// /// // 911// 915// 919// 934// 939//=
57271 323300 1122300 00879 00897 4
20100323150000 347 004 356 007 329 015 1436 049 003 336 027 1420 0000 0085 0085 1500 0083 1403 080 080 1425 089 0053 10119 10121 1446 10116 1401 0073 0074 1441 0070 1413 0078 0079 1401 0078 1455 0091 0102 0109 0115 0107 0107 0112 0139 //// 10230 ///// ///// ////
000000000000000000000000000000000000000000000000000000000000000000000000000000000000000000000000000000000000000000000000=
57261 330700 1113100 02330 02345 4
20100323150000 093 016 136 012 173 015 1444 082 022 082 022 1500 0000 0081 0081 1500 0080 1401 083 082 1411 090 0054 09937 09938 1451 09933 1410 0075 0078 1411 0074 1457 0080 0083 1401 0080 1451 0093 0103 0108 0111 0120 0124 0126 //// //// 10225 ///// ///// ////
000000000000000000000000000000000000000000000000000000000000000000000000000000000000000000000000000000000000000000000000=
57285 322300 1132500 01530 01492 4
20100323150000 035 010 084 014 088 021 1401 091 017 128 040 1429 0000 0066 0068 1401 0066 1459 081 081 1459 079 0036 10041 10045 1435 10041 1500 0062 0064 1401 0062 1459 0069 0071 1407 0069 1458 0084 0093 0099 0105 0109 0109 0108 0135 //// 10226 ///// ///// ////
000000000000000000000000000000000000000000000000000000000000000000000000000000000000000000000000000000000000000000000000
080 010 000 010 3300 /////////////////////ACP 07/ 1000 6///1 0//// 7//// 1//// 2//// 3//// /// /// /// // 911// 915// 919// 934// 939//=
57273 324100 1125100 01095 01105 4
20100323150000 348 006 008 004 353 005 1451 324 006 012 009 1451 0000 0075 0075 1500 0073 1438 080 080 1500 083 0043 10092 10093 1445 10085 1401 0069 0069 1448 0068 1414 0079 0080 1434 0079 1459 0093 0103 0109 0114 0114 0112 0110 0136 //// 10229 ///// ///// ////
000000000000000000000000000000000000000000000000000000000000000000000000000000000000000000000000000000000000000000000000=
57187 330400 1125600 01180 01193 4
20100323150000 203 015 199 015 172 017 1437 203 016 181 022 1433 0000 0080 0081 1405 0080 1500 083 081 1440 089 0053 10074 10074 1500 10065 1401 0075 0078 1401 0074 1455 0084 0086 1401 0084 1457 0096 0100 0110 0113 0117 0112 0108 0132 //// 10221 ///// ///// ////
000000000000000000000000000000000000000000000000000000000000000000000000000000000000000000000000000000000000000000000000=
57169 330300 1115200 01591 01600 4
20100323150000 000 000 000 000 208 010 1419 049 004 203 012 1415 0000 0079 0081 1401 0079 1456 093 092 1423 099 0068 10034 10035 1457 10027 1401 0087 0089 1415 0085 1446 0083 0085 1404 0083 1459 0098 0107 0112 0114 0108 0106 0107 0133 //// 10231 ///// ///// ////
000000000000000000000000000000000000000000000000000000000000000000000000000000000000000000000000000000000000000000000000=
57176 332900 1122500 02311 02304 4
20100323150000 209 017 208 016 210 019 1441 215 016 223 028 1438 0000 0085 0088 1405 0085 1500 081 079 1401 090 0054 09950 09950 1500 09944 1407 0080 0081 1442 0078 1424 0085 0088 1401 0085 1500 0100 0109 0113 0117 0114 0113 0111 0130 //// 10233 ///// ///// ////
000000000000000000000000000000000000000000000000000000000000000000000000000000000000000000000000000000000000000000000000=
57179 331700 1130000 01604 01616 4
20100323150000 271 003 240 003 076 020 1401 254 002 057 021 1405 0000 0080 0083 1402 0080 1442 085 082 1401 091 0056 10029 10029 1459 10022 1401 0068 0072 1401 0068 1452 0080 0080 1405 0079 1436 0092 0100 0104 0107 0105 0104 0104 0132 //// 10228 ///// ///// ////
000000000000000000000000000000000000000000000000000000000000000000000000000000000000000000000000000000000000000000000000=
57274 324200 1120700 01076 01088 4
20100323150000 210 008 224 009 194 013 1437 192 005 201 020 1433 0000 0085 0085 1441 0082 1401 075 075 1500 083 0043 10093 10096 1420 10090 1403 0077 0077 1459 0076 1425 0086 0088 1401 0086 1439 0100 0107 0114 0119 0121 0118 0114 0141 //// 10227 ///// ///// ////
000000000000000000000000000000000000000000000000000000000000000000000000000000000000000000000000000000000000000000000000=
57065 343000 1121100 01949 01964 4
20100323150000 101 007 131 011 126 012 1456 102 010 164 020 1455 0000 0096 0099 1415 0095 1456 039 034 1427 047 -037 09992 09998 1419 09991 1455 0074 0074 1447 0073 1402 0076 0078 1411 0076 1500 0097 0107 0111 0112 0101 0103 0109 0138 //// 10232 ///// ///// ////
000000000000000000000000000000000000000000000000000000000000000000000000000000000000000000000000000000000000000000000000=
57074 342500 1122500 01973 01989 4
20100323150000 285 001 330 005 103 009 1443 004 001 116 019 1438 0000 0094 0098 1434 0094 1456 067 062 1407 079 0036 09989 09993 1427 09989 1404 0083 0086 1417 0081 1427 0081 0083 1431 0079 1401 0098 0107 0111 0111 0106 0103 0101 0125 //// 10232 ///// ///// ////
000000000000000000000000000000000000000000000000000000000000000000000000000000000000000000000000000000000000000000000000=
57070 344400 1120700 03640 03595 4
20100323150000 049 012 059 016 019 026 1414 066 021 068 039 1450 0000 0086 0087 1453 0083 1408 038 037 1451 042 -049 09793 09803 1415 09792 1450 0076 0079 1433 0074 1403 0065 0066 1432 0065 1500 0082 0094 0099 0098 0093 0091 0094 0122 //// 10228 ///// ///// ////
000000000000000000000000000000000000000000000000000000000000000000000000000000000000000000000000000000000000000000000000=
57162 340900 1120500 03258 03275 4
20100323150000 171 008 175 008 194 011 1443 133 007 342 020 1415 0000 0081 0084 1401 0081 1500 061 053 1423 066 0010 09835 09838 1417 09833 1401 0064 0070 1446 0060 1401 0066 0068 1411 0066 1443 0083 0093 0099 0102 0097 0097 0100 0132 //// 10234 ///// ///// ////
000000000000000000000000000000000000000000000000000000000000000000000000000000000000000000000000000000000000000000000000=
57078 340900 1122800 03365 03340 4
20100323150000 000 000 157 006 360 015 1410 147 001 009 023 1406 0000 0082 0083 1451 0076 1431 058 052 1441 063 0004 09827 09828 1434 09821 1401 0064 0065 1455 0058 1402 0062 0062 1459 0059 1401 0077 0088 0095 0098 0098 0098 0096 0118 //// 10233 ///// ///// ////
000000000000000000000000000000000000000000000000000000000000000000000000000000000000000000000000000000000000000000000000=
57071 344900 1122600 03333 03332 4
20100323150000 008 022 008 022 349 023 1403 355 015 015 034 1457 0000 0086 0086 1405 0084 1440 037 037 1403 041 -053 09825 09835 1424 09824 1457 0075 0076 1451 0068 1436 0063 0064 1413 0063 1458 0084 0094 0099 0100 0092 0088 0090 0119 //// 10229 ///// ///// ////
000000000000000000000000000000000000000000000000000000000000000000000000000000000000000000000000000000000000000000000000
130 010 000 010 3400 /////////////////////ACP 07/ 0000 6///1 0//// 7//// 1//// 2//// 3//// /// /// /// // 911// 915// 919// 934// 939//=
57066 342300 1114000 03283 03298 4
20100323150000 036 014 042 008 036 014 1435 032 014 046 030 1431 0000 0093 0094 1402 0093 1500 046 043 1412 054 -017 09832 09837 1405 09832 1453 0074 0078 1413 0072 1424 0068 0069 1436 0068 1500 0084 0094 0099 0099 0094 0091 0089 0115 //// 10233 ///// ///// ////
000000000000000000000000000000000000000000000000000000000000000000000000000000000000000000000000000000000000000000000000=
57077 334700 1113900 07424 07388 4
20100323150000 337 005 313 003 243 021 1411 341 006 246 026 1408 0000 0046 0049 1401 0044 1428 072 068 1401 061 0000 09359 09362 1422 09356 1401 0033 0034 1446 0027 1403 0039 0039 1458 0035 1410 0051 0061 0066 0071 0085 0088 0090 0116 //// 10248 ///// ///// ////
000000000000000000000000000000000000000000000000000000000000000000000000000000000000000000000000000000000000000000000000
080 010 010 010 1600 /////////////////////SCP 5// 1060 6///1 0//// 7//// 1//// 2//// 3//// /// /// /// // 911// 915// 919// 934// 939//=
57185 332700 1133500 00911 00921 4
20100323150000 177 013 174 012 144 025 1423 172 017 150 032 1422 0000 0080 0081 1403 0079 1424 081 078 1439 087 0049 10108 10108 1500 10103 1423 0070 0073 1415 0070 1457 0079 0082 1401 0079 1441 0094 0099 0104 0098 0108 0104 0100 0123 //// 10222 ///// ///// ////
000000000000000000000000000000000000000000000000000000000000000000000000000000000000000000000000000000000000000000000000=
57183 334800 1135500 00600 00615 4
20100323150000 000 000 000 000 159 006 1432 302 000 164 008 1426 0000 0083 0085 1401 0082 1450 090 088 1401 098 0068 10142 10144 1426 10141 1447 0074 0075 1407 0074 1456 0088 0089 1404 0088 1500 0099 0106 0109 0110 0104 0099 0096 0123 //// 10218 ///// ///// ////
000000000000000000000000000000000000000000000000000000000000000000000000000000000000000000000000000000000000000000000000=
57186 333600 1140300 00587 00598 4
20100323150000 133 006 151 005 187 016 1426 139 008 198 020 1422 0000 0083 0087 1401 0082 1431 085 083 1401 093 0059 10147 10149 1423 10145 1445 0075 0078 1411 0074 1456 0086 0088 1401 0086 1458 0099 0107 0109 0111 0106 0102 0101 0133 //// 10221 ///// ///// ////
000000000000000000000000000000000000000000000000000000000000000000000000000000000000000000000000000000000000000000000000=
57191 342900 1142900 00634 00642 4
20100323150000 116 017 111 015 110 019 1435 116 020 096 030 1429 0000 0094 0099 1401 0094 1500 060 058 1402 071 0020 10147 10151 1412 10147 1500 0085 0090 1408 0084 1454 0074 0078 1401 0074 1500 0088 0093 0097 0097 0096 0092 0094 0124 //// 10226 ///// ///// ////
000000000000000000000000000000000000000000000000000000000000000000000000000000000000000000000000000000000000000000000000=
57096 343200 1144700 00597 00607 4
20100323150000 084 012 088 013 128 019 1430 088 014 127 027 1429 0000 0088 0093 1401 0088 1500 065 061 1401 074 0026 10149 10152 1401 10149 1500 0075 0085 1414 0075 1500 0073 0078 1401 0073 1500 0091 0103 0106 0106 0102 0098 0100 0128 //// 10224 ///// ///// ////
000000000000000000000000000000000000000000000000000000000000000000000000000000000000000000000000000000000000000000000000=
57091 344700 1141800 00737 00748 4
20100323150000 114 016 103 021 102 028 1443 124 013 102 038 1439 0000 0106 0109 1432 0106 1500 046 044 1435 059 -005 10139 10139 1500 10135 1424 0089 0091 1447 0084 1401 0085 0086 1439 0083 1401 0099 0106 0109 0102 0103 0100 0100 0123 //// 10231 ///// ///// ////
000000000000000000000000000000000000000000000000000000000000000000000000000000000000000000000000000000000000000000000000
130 010 000 010 3200 /////////////////////ASP 02/ 0000 6///1 0//// 7//// 1//// 2//// 3//// /// /// /// // 911// 915// 919// 934// 939//=
53978 350500 1123800 01401 01409 4
20100323150000 239 002 255 003 207 009 1428 268 001 220 012 1428 0000 0092 0099 1401 0092 1454 045 035 1401 052 -021 10054 10060 1432 10054 1458 0063 0073 1430 0063 1500 0080 0083 1402 0080 1500 0098 0108 0110 0112 0094 0091 0095 0125 //// 10226 ///// ///// ////
000000000000000000000000000000000000000000000000000000000000000000000000000000000000000000000000000000000000000000000000=
53984 351400 1132800 00827 00837 4
20100323150000 023 000 344 002 007 012 1436 096 000 356 014 1434 0000 0084 0089 1401 0083 1444 051 047 1405 056 -011 10125 10130 1403 10125 1500 0058 0063 1429 0058 1500 0076 0078 1415 0076 1445 0098 0106 0106 0107 0097 0094 0094 0121 //// 10228 ///// ///// ////
000000000000000000000000000000000000000000000000000000000000000000000000000000000000000000000000000000000000000000000000=
53987 350600 1132500 00910 00918 4
20100323150000 070 002 042 001 007 012 1402 060 003 358 015 1401 0000 0095 0100 1411 0095 1500 053 047 1410 063 0004 10116 10121 1448 10116 1500 0072 0085 1401 0072 1459 0084 0085 1439 0083 1401 0099 0107 0111 0112 0101 0097 0099 0127 //// 10228 ///// ///// ////
000000000000000000000000000000000000000000000000000000000000000000000000000000000000000000000000000000000000000000000000=
57079 345700 1130200 01064 01069 4
20100323150000 086 007 076 007 016 017 1401 085 008 356 018 1401 0000 0088 0092 1404 0087 1445 058 048 1402 066 0010 10093 10100 1438 10093 1500 0071 0080 1404 0069 1450 0075 0075 1433 0074 1401 0093 0100 0104 0105 0099 0095 0093 0120 //// 10224 ///// ///// ////
000000000000000000000000000000000000000000000000000000000000000000000000000000000000000000000000000000000000000000000000=
53972 350700 1125500 01196 01210 4
20100323150000 064 006 093 007 117 007 1457 036 006 077 012 1455 0000 0103 0103 1500 0102 1401 038 036 1406 048 -034 10079 10086 1432 10079 1500 0058 0061 1401 0058 1455 0083 0085 1401 0083 1500 0102 0111 0117 0117 0099 0097 0108 0136 //// 10227 ///// ///// ////
000000000000000000000000000000000000000000000000000000000000000000000000000000000000000000000000000000000000000000000000=
57072 345500 1124500 01275 01285 4
20100323150000 288 005 262 005 312 011 1430 307 006 310 013 1427 0000 0079 0087 1401 0079 1500 055 054 1401 059 -006 10069 10077 1430 10069 1500 0062 0071 1401 0061 1456 0069 0070 1405 0069 1500 0086 0097 0102 0101 0090 0086 0085 0113 //// 10227 ///// ///// ////
000000000000000000000000000000000000000000000000000000000000000000000000000000000000000000000000000000000000000000000000=
53982 351400 1131600 01120 01135 4
20100323150000 087 006 099 006 100 007 1457 082 006 091 011 1451 0000 0101 0105 1401 0098 1445 039 037 1401 048 -032 10086 10092 1421 10086 1500 0075 0079 1404 0075 1500 0084 0088 1401 0084 1500 0105 0113 0116 0116 0100 0097 0099 0131 //// 10225 ///// ///// ////
000000000000000000000000000000000000000000000000000000000000000000000000000000000000000000000000000000000000000000000000=
53979 350900 1130500 01200 01211 4
20100323150000 054 006 086 007 072 008 1432 059 005 062 011 1429 0000 0099 0105 1401 0098 1443 042 036 1418 051 -024 10081 10086 1436 10080 1455 0075 0081 1401 0075 1457 0070 0075 1436 0070 1500 0098 0107 0113 0112 0098 0098 0103 0132 //// 10229 ///// ///// ////
000000000000000000000000000000000000000000000000000000000000000000000000000000000000000000000000000000000000000000000000=
53992 353900 1143100 00582 00592 4
20100323150000 160 015 163 015 139 018 1401 170 013 154 024 1407 0000 0101 0108 1401 0101 1500 049 042 1401 061 -001 10150 10155 1412 10150 1500 0087 0096 1407 0086 1459 0074 0078 1401 0074 1500 0092 0096 0102 0100 0084 0080 0086 0121 //// 10223 ///// ///// ////
000000000000000000000000000000000000000000000000000000000000000000000000000000000000000000000000000000000000000000000000=
53974 353700 1141100 00723 00739 4
20100323150000 212 013 188 010 158 011 1433 209 011 164 021 1445 0000 0113 0115 1433 0109 1413 037 034 1422 050 -029 10136 10141 1407 10135 1456 0073 0074 1445 0065 1418 0086 0089 1401 0086 1459 0104 0113 0116 0114 0091 0089 0096 0124 //// 10226 ///// ///// ////
000000000000000000000000000000000000000000000000000000000000000000000000000000000000000000000000000000000000000000000000=
53990 354300 1141900 00795 00805 4
20100323150000 197 016 195 017 198 018 1452 195 016 214 020 1438 0000 0088 0097 1416 0088 1500 057 045 1414 065 0008 10127 10132 1401 10127 1500 0077 0089 1417 0077 1459 0076 0080 1401 0076 1500 0100 0109 0107 0106 0091 0082 0081 0111 //// 10226 ///// ///// ////
000000000000000000000000000000000000000000000000000000000000000000000000000000000000000000000000000000000000000000000000=
53991 355600 1142100 00743 00753 4
20100323150000 220 010 207 010 207 010 1500 240 006 204 018 1449 0000 0099 0105 1401 0099 1500 037 034 1401 045 -041 10132 10139 1401 10132 1500 0084 0093 1408 0076 1438 0078 0083 1401 0078 1500 0098 0107 0104 0106 0088 0081 0086 0118 //// 10224 ///// ///// ////
000000000000000000000000000000000000000000000000000000000000000000000000000000000000000000000000000000000000000000000000=
53993 355600 1145500 00516 00524 4
20100323150000 167 014 165 012 136 012 1401 161 017 169 020 1459 0000 0090 0098 1418 0090 1500 051 041 1413 059 -006 10158 10164 1433 10158 1500 0074 0086 1428 0074 1453 0070 0075 1401 0070 1500 0088 0097 0097 0094 0084 0073 0073 0108 //// 10222 ///// ///// ////
000000000000000000000000000000000000000000000000000000000000000000000000000000000000000000000000000000000000000000000000=
53889 360400 1134900 03068 03086 4
20100323150000 191 007 192 007 234 009 1401 207 006 148 012 1422 0000 0090 0097 1401 0090 1500 037 035 1401 042 -049 09851 09857 1401 09851 1500 0061 0085 1401 0059 1459 0070 0086 1401 0070 1500 0093 0102 0107 0109 0082 0073 0086 0098 //// 10224 ///// ///// ////
000000000000000000000000000000000000000000000000000000000000000000000000000000000000000000000000000000000000000000000000=
53995 353300 1143000 00625 00645 4
20100323150000 140 020 141 018 138 018 1415 150 022 142 024 1459 0000 0094 0101 1401 0093 1452 053 045 1401 062 0003 10146 10150 1407 10146 1500 0078 0091 1403 0078 1500 0085 0090 1401 0085 1500 0107 0116 0115 0112 0091 0085 0085 0116 //// 10225 ///// ///// ////
000000000000000000000000000000000000000000000000000000000000000000000000000000000000000000000000000000000000000000000000=
NNNN
