57188 332200 1140200 00559 00568 4
20100503030000 177 039 159 037 153 040 0218 173 047 147 063 0205 0000 0295 0295 0300 0277 0202 056 056 0300 231 0198 10003 10006 0232 10003 0257 0373 0378 0252 0344 0201 0501 0501 0253 0443 0202 0288 0233 0214 0204 0155 0136 0125 0134 //// 10068 ///// ///// ////
000000000000000000000000000000000000000000000000000000000000000000000000000000000000000000000000000000000000000000000000=
57281 324200 1131800 01422 01431 4
20100503030000 217 040 209 031 206 046 0230 215 046 178 106 0227 0000 0315 0317 0256 0306 0202 040 039 0258 185 0163 09904 09909 0205 09903 0258 0407 0436 0249 0398 0226 0455 0468 0254 0414 0202 0288 0240 0217 0206 0172 0144 0130 0135 //// 10067 ///// ///// ////
000000000000000000000000000000000000000000000000000000000000000000000000000000000000000000000000000000000000000000000000=
57196 332800 1145200 00420 00428 4
20100503030000 203 043 199 040 189 048 0224 216 052 173 085 0221 0000 0292 0292 0300 0275 0201 057 056 0238 231 0198 10029 10031 0201 10029 0300 0355 0356 0210 0337 0201 0440 0440 0300 0375 0201 0268 0223 0200 0191 0158 0138 0128 0133 //// 10078 ///// ///// ////
000000000000000000000000000000000000000000000000000000000000000000000000000000000000000000000000000000000000000000000000=
57099 340400 1145100 00526 00536 4
20100503030000 194 027 200 034 200 034 0300 233 043 231 062 0256 0000 0288 0289 0255 0274 0201 056 053 0256 222 0192 10013 10015 0204 10013 0300 0376 0388 0248 0357 0234 0414 0414 0300 0373 0201 0294 0236 0207 0197 0177 0145 0124 0132 //// 10074 ///// ///// ////
000000000000000000000000000000000000000000000000000000000000000000000000000000000000000000000000000000000000000000000000=
58104 332400 1150400 00412 00425 4
20100503030000 213 043 207 043 213 051 0251 226 047 220 076 0234 0000 0294 0294 0300 0280 0201 058 057 0243 238 0203 10032 10035 0201 10032 0300 0402 0402 0300 0369 0210 0471 0471 0300 0408 0201 0308 0246 0216 0206 0190 0150 0128 0135 //// 10081 ///// ///// ////
000000000000000000000000000000000000000000000000000000000000000000000000000000000000000000000000000000000000000000000000=
57198 333300 1143700 00463 00473 4
20100503030000 190 033 191 032 192 038 0222 190 059 195 072 0222 0000 0301 0301 0300 0285 0201 055 053 0241 235 0201 10020 10022 0201 10020 0300 0417 0417 0300 0377 0222 0452 0452 0300 0385 0201 0294 0240 0214 0205 0166 0147 0132 0139 //// 10074 ///// ///// ////
000000000000000000000000000000000000000000000000000000000000000000000000000000000000000000000000000000000000000000000000=
57192 334400 1145100 00455 00466 4
20100503030000 230 037 207 030 190 033 0252 249 042 173 065 0252 0000 0299 0299 0300 0286 0201 050 050 0300 211 0184 10023 10025 0207 10023 0300 0405 0405 0258 0378 0201 0438 0438 0300 0388 0201 0290 0241 0219 0210 0182 0153 0135 0141 //// 10076 ///// ///// ////
000000000000000000000000000000000000000000000000000000000000000000000000000000000000000000000000000000000000000000000000=
57190 334500 1142400 00505 00516 4
20100503030000 178 060 182 059 185 062 0254 178 065 192 088 0252 0000 0287 0287 0300 0272 0201 060 057 0247 236 0202 10011 10013 0201 10011 0300 0349 0356 0243 0326 0208 0467 0468 0259 0412 0210 0282 0234 0207 0196 0185 0150 0129 0132 //// 10070 ///// ///// ////
000000000000000000000000000000000000000000000000000000000000000000000000000000000000000000000000000000000000000000000000=
58100 333900 1151000 00414 00424 4
20100503030000 220 039 209 032 207 036 0255 229 078 229 078 0300 0000 0301 0301 0300 0286 0201 048 048 0300 205 0179 10030 10033 0206 10030 0300 0370 0382 0233 0352 0203 0507 0515 0258 0462 0201 0331 0264 0232 0220 0193 0160 0140 0141 //// 10078 ///// ///// ////
000000000000000000000000000000000000000000000000000000000000000000000000000000000000000000000000000000000000000000000000=
57095 340700 1140900 00611 00622 4
20100503030000 179 023 171 024 168 028 0253 210 016 234 045 0219 0000 0287 0287 0300 0273 0201 055 054 0234 216 0188 09994 09997 0201 09994 0300 0457 0462 0250 0386 0207 0472 0477 0252 0403 0207 0296 0227 0213 0203 0171 0145 0127 0130 //// 10065 ///// ///// ////
000000000000000000000000000000000000000000000000000000000000000000000000000000000000000000000000000000000000000000000000=
57296 322100 1144400 00489 00501 4
20100503030000 215 027 226 031 227 037 0255 183 026 209 067 0253 0000 0312 0312 0300 0289 0201 040 039 0253 182 0160 10026 10030 0201 10026 0300 0384 0387 0244 0361 0213 0520 0523 0248 0480 0201 0308 0247 0220 0211 0192 0159 0137 0133 //// 10083 ///// ///// ////
000000000000000000000000000000000000000000000000000000000000000000000000000000000000000000000000000000000000000000000000=
57396 313800 1145100 01287 01297 4
20100503030000 187 059 188 059 193 064 0254 170 069 192 098 0253 0000 0314 0315 0249 0298 0201 028 027 0250 129 0107 09940 09947 0202 09940 0300 0391 0404 0245 0371 0201 0493 0500 0246 0447 0203 0310 0247 0219 0206 0196 0163 //// //// //// 10088 ///// ///// ////
000000000000000000000000000000000000000000000000000000000000000000000000000000000000000000000000000000000000000000000000=
58207 321000 1150300 00428 00440 4
20100503030000 213 037 207 045 205 061 0238 237 026 195 110 0236 0000 0322 0322 0300 0309 0201 029 028 0251 139 0119 10034 10036 0201 10033 0246 0416 0416 0300 0376 0202 0286 0286 0300 0254 0201 0493 0233 0212 0203 0168 0147 0134 0140 //// 10084 ///// ///// ////
000000000000000000000000000000000000000000000000000000000000000000000000000000000000000000000000000000000000000000000000=
58205 322800 1152600 00349 00360 4
20100503030000 231 026 222 031 219 034 0259 226 023 215 066 0256 0000 0317 0317 0300 0299 0201 040 039 0256 187 0164 10044 10047 0202 10044 0300 0394 0397 0253 0365 0205 0376 0376 0300 0341 0201 0314 0278 0250 0230 0184 0157 0139 0127 //// 10085 ///// ///// ////
000000000000000000000000000000000000000000000000000000000000000000000000000000000000000000000000000000000000000000000000=
57299 320100 1145400 00494 00506 4
20100503030000 209 050 202 042 185 044 0221 209 068 184 070 0220 0000 0316 0316 0300 0293 0201 033 033 0300 153 0134 10027 10032 0201 10027 0300 0410 0410 0300 0385 0208 0471 0471 0300 0420 0201 0339 0294 0258 0233 0194 0158 0135 0132 //// 10085 ///// ///// ////
000000000000000000000000000000000000000000000000000000000000000000000000000000000000000000000000000000000000000000000000=
53994 352300 1140400 00700 00712 4
20100503030000 065 029 072 039 076 050 0247 046 018 080 075 0253 0000 0271 0271 0300 0265 0201 056 052 0213 201 0176 09983 09990 0206 09983 0300 0358 0358 0300 0325 0209 0438 0438 0300 0399 0209 0273 0225 0204 0192 0163 0135 0122 0129 //// 10065 ///// ///// ////
000000000000000000000000000000000000000000000000000000000000000000000000000000000000000000000000000000000000000000000000=
53983 350200 1142500 00696 00708 4
20100503030000 187 027 177 033 170 036 0252 188 024 164 050 0252 0000 0286 0286 0300 0275 0204 057 055 0251 223 0192 09985 09988 0203 09984 0252 0377 0382 0232 0358 0220 0462 0462 0300 0422 0216 0302 0243 0216 0203 0151 0131 0118 0126 //// 10066 ///// ///// ////
000000000000000000000000000000000000000000000000000000000000000000000000000000000000000000000000000000000000000000000000=
57171 334600 1130700 01420 01430 4
20100503030000 203 054 198 052 191 097 0231 209 045 189 121 0223 0000 0289 0289 0300 0275 0201 051 051 0300 203 0178 09892 09896 0204 09892 0300 0339 0347 0258 0316 0202 0390 0399 0258 0349 0202 0306 0244 0222 0211 0200 0174 0144 0138 //// 10054 ///// ///// ////
000000000000000000000000000000000000000000000000000000000000000000000000000000000000000000000000000000000000000000000000=
53984 351400 1132800 00827 00837 4
20100503030000 094 058 094 052 086 059 0250 099 042 080 089 0249 0000 0275 0277 0255 0271 0204 058 053 0204 213 0185 09963 09966 0201 09963 0300 0343 0346 0255 0321 0210 0417 0417 0300 0391 0201 0256 0220 0200 0196 0174 0146 0125 0125 //// 10059 ///// ///// ////
000000000000000000000000000000000000000000000000000000000000000000000000000000000000000000000000000000000000000000000000=
53972 350700 1125500 01196 01210 4
20100503030000 098 053 094 045 094 045 0300 122 056 108 081 0247 0000 0278 0278 0300 0268 0212 057 057 0300 213 0185 09919 09920 0225 09917 0201 0324 0325 0252 0277 0212 0447 0450 0251 0366 0211 0260 0227 0213 0204 0173 0149 0134 0139 //// 10057 ///// ///// ////
000000000000000000000000000000000000000000000000000000000000000000000000000000000000000000000000000000000000000000000000=
NNNN
