57090 344300 1135800 00781 00802 4
20100322020000 295 019 314 018 318 019 0159 265 019 282 035 0157 0000 0119 0119 0157 0111 0101 058 057 0158 081 0039 10045 10045 0200 10036 0104 0130 0146 0141 0112 0101 0136 0139 0144 0109 0101 0105 0101 0100 0102 0099 0091 0082 0119 //// 10142 ///// ///// ////
000000000000000000000000000000000000000000000000000000000000000000000000000000000000000000000000000000000000000000000000=
57083 344300 1133900 01104 01116 4
20100322020000 307 044 311 035 311 035 0200 321 038 301 056 0158 0000 0132 0132 0200 0123 0101 043 043 0200 065 0009 10007 10007 0200 09997 0101 0160 0160 0200 0119 0107 0136 0136 0200 0113 0105 0107 0104 0104 0106 0099 0097 0101 0126 0002 10141 ///// ///// ////
000000000000000000000000000000000000000000000000000000000000000000000000000000000000000000000000000000000000000000000000
100 010 000 /// //// /////////////////////ACP /// //// 6///1 0//// 7//// 1//// 2//// 3//// /// /// /// // 911// 915// 919// 934// 939//=
57086 342300 1134300 01166 01168 4
20100322020000 018 028 008 028 021 033 0108 018 023 015 052 0123 0000 0117 0117 0153 0112 0105 058 057 0151 080 0037 09994 09995 0152 09991 0102 0133 0136 0146 0121 0106 0124 0124 0200 0113 0109 0107 0103 0103 0105 0102 0093 0091 0116 //// 10135 ///// ///// ////
000000000000000000000000000000000000000000000000000000000000000000000000000000000000000000000000000000000000000000000000=
57085 343200 1132000 02599 02648 4
20100322020000 338 081 342 060 342 060 0200 330 115 330 115 0200 0000 0159 0159 0200 0150 0101 023 023 0200 042 -052 09821 09822 0159 09809 0103 0159 0161 0153 0149 0101 0137 0138 0157 0116 0101 0108 0104 0105 0106 0107 0096 0090 0121 //// 10135 ///// ///// ////
000000000000000000000000000000000000000000000000000000000000000000000000000000000000000000000000000000000000000000000000=
57081 344800 1132600 01409 01419 4
20100322020000 289 019 277 021 274 021 0158 203 019 257 047 0125 0000 0133 0133 0200 0128 0123 037 037 0159 056 -011 09971 09971 0200 09960 0101 0133 0133 0159 0118 0101 0127 0127 0200 0112 0101 0105 0104 0106 0104 0090 0091 0093 0117 //// 10141 ///// ///// ////
000000000000000000000000000000000000000000000000000000000000000000000000000000000000000000000000000000000000000000000000=
57080 344400 1125800 01652 01661 4
20100322020000 271 017 245 023 240 026 0152 263 020 229 048 0151 0000 0119 0120 0137 0115 0101 039 036 0134 054 -016 09963 09963 0200 09945 0101 0125 0129 0132 0115 0101 0117 0117 0158 0104 0101 0100 0100 0103 0104 0093 0086 0086 0119 //// 10163 ///// ///// ////
000000000000000000000000000000000000000000000000000000000000000000000000000000000000000000000000000000000000000000000000=
57082 342800 1130100 04271 04284 4
20100322020000 324 040 319 046 318 068 0147 353 062 330 130 0140 0000 0127 0127 0149 0116 0101 030 030 0148 044 -044 09636 09636 0200 09623 0136 0139 0139 0200 0121 0113 0133 0133 0200 0117 0113 0110 0112 0114 0116 0105 0098 0097 //// //// 10141 ///// ///// ////
000000000000000000000000000000000000000000000000000000000000000000000000000000000000000000000000000000000000000000000000=
57189 330800 1135700 00646 00655 4
20100322020000 325 025 332 024 335 030 0112 001 020 338 058 0124 0000 0114 0114 0200 0112 0101 075 073 0104 101 0071 10050 10051 0150 10041 0103 0123 0123 0200 0111 0114 0122 0122 0200 0112 0115 0117 0119 0121 0121 0103 0094 0095 0122 //// 10129 ///// ///// ////
000000000000000000000000000000000000000000000000000000000000000000000000000000000000000000000000000000000000000000000000=
57194 331700 1141600 00598 00609 4
20100322020000 313 017 323 020 318 031 0102 299 021 322 051 0130 0000 0112 0112 0159 0109 0126 076 075 0156 101 0071 10052 10052 0200 10042 0104 0114 0114 0200 0108 0123 0116 0116 0200 0112 0101 0114 0118 0118 0117 0099 0092 0095 0126 //// 10126 ///// ///// ////
000000000000000000000000000000000000000000000000000000000000000000000000000000000000000000000000000000000000000000000000=
57294 325000 1140100 00836 00846 4
20100322020000 011 042 006 041 002 054 0112 026 035 018 086 0109 0000 0116 0118 0119 0116 0101 071 067 0112 097 0065 10022 10022 0159 10011 0103 0115 0120 0113 0106 0137 0112 0117 0114 0106 0139 0116 0120 0121 0120 0113 0107 0099 0118 //// 10124 ///// ///// ////
000000000000000000000000000000000000000000000000000000000000000000000000000000000000000000000000000000000000000000000000=
57195 333700 1143700 00466 00476 4
20100322020000 317 014 060 013 043 014 0128 088 030 040 039 0157 0000 0127 0127 0200 0125 0101 059 059 0200 087 0049 10069 10069 0200 10062 0101 0136 0141 0146 0128 0105 0135 0137 0148 0124 0105 0122 0118 0119 0119 0106 0096 0100 0142 //// 10126 ///// ///// ////
000000000000000000000000000000000000000000000000000000000000000000000000000000000000000000000000000000000000000000000000=
57193 334700 1143100 00526 00541 4
20100322020000 337 020 334 021 332 032 0144 330 033 333 057 0135 0000 0127 0127 0200 0121 0101 061 060 0121 090 0054 10063 10063 0200 10057 0106 0144 0160 0117 0131 0101 0135 0142 0119 0124 0101 0120 0116 0116 0115 0107 0098 0102 0131 //// 10128 ///// ///// ////
000000000000000000000000000000000000000000000000000000000000000000000000000000000000000000000000000000000000000000000000=
58101 335200 1152900 00413 00428 4
20100322020000 009 012 010 014 018 024 0141 029 011 018 042 0141 0000 0119 0119 0200 0113 0105 063 063 0152 088 0051 10072 10072 0200 10064 0102 0152 0152 0200 0122 0101 0134 0134 0200 0113 0101 0113 0106 0105 0105 0103 0095 0097 0131 //// 10124 ///// ///// ////
000000000000000000000000000000000000000000000000000000000000000000000000000000000000000000000000000000000000000000000000=
57098 340500 1142400 00583 00593 4
20100322020000 335 021 332 021 320 023 0137 308 017 305 044 0137 0000 0126 0126 0200 0118 0101 062 062 0200 090 0055 10061 10062 0130 10053 0118 0166 0169 0157 0136 0128 0141 0141 0200 0118 0101 0118 0104 0100 0101 0101 0094 0095 0129 //// 10133 ///// ///// ////
000000000000000000000000000000000000000000000000000000000000000000000000000000000000000000000000000000000000000000000000=
57182 335100 1133000 00805 00814 4
20100322020000 068 010 059 009 356 013 0127 082 012 344 018 0122 0000 0132 0132 0200 0119 0101 053 052 0140 080 0038 10037 10039 0156 10031 0111 0186 0187 0158 0135 0101 0214 0214 0200 0142 0101 0118 0111 0114 0115 0109 0102 0106 0140 //// 10135 ///// ///// ////
000000000000000000000000000000000000000000000000000000000000000000000000000000000000000000000000000000000000000000000000=
58207 321000 1150300 00428 00440 4
20100322020000 340 028 334 030 325 034 0130 341 024 330 050 0129 0000 0134 0136 0101 0134 0200 073 073 0200 112 0087 10055 10055 0200 10048 0101 0140 0146 0141 0137 0129 0140 0140 0157 0139 0101 0146 0139 0138 0137 0122 0111 0110 0138 //// 10108 ///// ///// ////
000000000000000000000000000000000000000000000000000000000000000000000000000000000000000000000000000000000000000000000000=
58208 321000 1153700 00429 00439 4
20100322020000 000 000 324 031 324 033 0145 324 026 338 048 0141 0000 0136 //// //// //// //// 070 /// //// 109 0082 10051 ///// //// ///// //// 0142 0150 0128 0141 0152 0146 0153 0106 0145 0152 0139 0138 0137 0137 0120 0111 0110 0140 //// 10104 ///// ///// ////
000000000000000000000000000000000000000000000000000000000000000000000000000000000000000000000000000000000000000000000000=
53997 350900 1141100 00711 00723 4
20100322020000 336 018 345 018 355 021 0154 327 020 352 029 0144 0000 0108 0112 0101 0106 0123 058 056 0101 075 0029 10055 10055 0200 10046 0101 0095 0104 0101 0094 0150 0106 0114 0101 0106 0149 0104 0105 0104 0106 0093 0091 0095 0125 //// 10142 ///// ///// ////
000000000000000000000000000000000000000000000000000000000000000000000000000000000000000000000000000000000000000000000000=
53986 351900 1135300 00732 00740 4
20100322020000 343 016 358 009 358 009 0200 358 031 358 031 0200 0000 0114 0115 0119 0113 0139 061 059 0118 082 0042 10060 10060 0200 10047 0120 0102 0113 0114 0102 0200 0099 0106 0115 0099 0200 0103 0102 0102 0104 0097 0092 0096 0128 //// 10150 ///// ///// ////
000000000000000000000000000000000000000000000000000000000000000000000000000000000000000000000000000000000000000000000000=
57051 344800 1111200 04099 04117 4
20100322020000 288 012 268 014 208 015 0103 296 010 223 032 0154 0000 0112 0112 0200 0101 0102 045 044 0136 060 -003 09695 09695 0200 09682 0101 0107 0108 0158 0091 0101 0098 0098 0200 0084 0104 0091 0095 0099 0101 0091 0085 0083 0114 //// 10185 ///// ///// ////
000000000000000000000000000000000000000000000000000000000000000000000000000000000000000000000000000000000000000000000000=
57063 344600 1114600 05236 05236 4
20100322020000 284 030 278 033 288 067 0127 282 031 302 104 0123 0009 0083 0099 0101 0083 0159 080 064 0101 088 0051 09555 09558 0149 09539 0102 0068 0079 0101 0067 0149 0072 0081 0101 0071 0151 0077 0078 0081 0083 0076 0075 0082 0110 //// 10178 ///// ///// ////
000000000000000000000000000001000000000000000000000000000000000000010000000000010000010000010001000100020000000000000000=
57067 340300 1110200 05688 05699 4
20100322020000 008 010 029 009 358 022 0145 038 014 336 050 0144 0000 0093 0093 0155 0077 0101 050 047 0147 059 -006 09508 09508 0200 09497 0102 0097 0100 0149 0091 0128 0093 0097 0106 0093 0158 0091 0094 0102 0099 0104 0100 0092 0122 //// 10184 ///// ///// ////
000000000000000000000000000000000000000000000000000000000000000000000000000000000000000000000000000000000000000000000000=
57056 343200 1105300 03904 03909 4
20100322020000 125 014 116 016 268 039 0105 125 016 122 075 0136 0002 0115 0120 0105 0111 0135 053 048 0139 072 0023 09726 09726 0200 09719 0103 0081 0081 0200 0075 0139 0086 0086 0200 0083 0107 0089 0094 0098 0101 0092 0088 0090 0118 //// 10192 ///// ///// ////
000000000000010000000000000000000000000000010000000000000000000000000000000000000000000000000000000000000000000000000000=
58007 340400 1151800 00472 00532 4
20100322020000 024 018 020 019 019 025 0138 040 015 355 045 0152 0000 0128 0128 0200 0122 0101 052 052 0154 077 0032 10060 10061 0150 10055 0102 0143 0145 0157 0127 0106 0145 0145 0159 0126 0105 0115 0110 0109 0109 0105 0096 0100 0131 //// 10124 ///// ///// ////
000000000000000000000000000000000000000000000000000000000000000000000000000000000000000000000000000000000000000000000000=
58006 342300 1155300 00463 00506 4
20100322020000 019 016 026 019 021 021 0143 035 014 007 036 0145 0000 0125 0126 0154 0120 0113 054 053 0143 078 0035 10069 10069 0200 10063 0108 0141 0161 0133 0128 0114 0144 0153 0137 0128 0114 0119 0107 0102 0100 0094 0090 0095 0127 //// 10130 ///// ///// ////
000000000000000000000000000000000000000000000000000000000000000000000000000000000000000000000000000000000000000000000000=
58111 335800 1162700 00325 00325 4
20100322020000 002 020 001 020 001 020 0200 350 031 026 041 0151 0000 0111 0115 0101 0111 0200 061 059 0101 081 0039 10080 10081 0154 10074 0128 0110 0113 0137 0107 0101 0099 0100 0151 0096 0101 0095 0096 0097 0099 0099 0095 0102 0138 //// 10119 ///// ///// ////
000000000000000000000000000000000000000000000000000000000000000000000000000000000000000000000000000000000000000000000000=
58017 341500 1160800 00410 00420 4
20100322020000 043 013 027 020 028 022 0156 057 019 035 038 0152 0000 0120 0120 0200 0115 0101 057 056 0155 080 0038 10071 10071 0200 10067 0101 0157 0157 0200 0128 0107 0128 0128 0200 0110 0107 0108 0106 0106 0107 0099 0094 0100 0128 //// 10122 ///// ///// ////
000000000000000000000000000000000000000000000000000000000000000000000000000000000000000000000000000000000000000000000000=
58001 342600 1150600 00563 00569 4
20100322020000 343 012 001 010 017 012 0101 077 003 341 024 0159 0000 0122 0122 0200 0111 0101 060 060 0200 085 0047 10062 10062 0200 10052 0109 0156 0165 0156 0122 0118 0150 0152 0158 0117 0135 0101 0092 0090 0090 0088 0084 0091 0127 //// 10131 ///// ///// ////
000000000000000000000000000000000000000000000000000000000000000000000000000000000000000000000000000000000000000000000000=
58005 342700 1154000 00501 00511 4
20100322020000 052 013 045 014 043 020 0147 063 012 032 027 0149 0000 0122 0123 0123 0117 0101 055 054 0128 078 0034 10067 10068 0159 10059 0119 0151 0188 0121 0135 0101 0132 0150 0120 0119 0101 0115 0109 0103 0102 0096 0093 0101 0132 0001 10129 ///// ///// ////
000000000000000000000000000000000000000000000000000000000000000000000000000000000000000000000000000000000000000000000000
122 010 000 /// //// /////////////////////ASP /// //// 6///1 0//// 7//// 1//// 2//// 3//// /// /// /// // 911// 915// 919// 934// 939//=
58004 343900 1150900 00606 00616 4
20100322020000 337 023 330 015 330 015 0200 341 020 355 034 0159 0000 0127 0128 0159 0119 0117 053 051 0145 078 0034 10057 10057 0158 10046 0114 0164 0174 0149 0127 0110 0145 0146 0154 0118 0110 0112 0108 0102 0102 0099 0096 0099 0127 //// 10131 ///// ///// ////
000000000000000000000000000000000000000000000000000000000000000000000000000000000000000000000000000000000000000000000000=
54817 355900 1155200 00421 00434 4
20100322020000 091 018 078 012 106 019 0105 074 019 105 031 0103 0000 0107 0108 0155 0105 0102 059 056 0121 076 0030 10082 10085 0146 10074 0101 0111 0128 0110 0111 0200 0104 0110 0111 0101 0101 0089 0079 0078 0075 0077 0073 0086 0117 //// 10135 ///// ///// ////
000000000000000000000000000000000000000000000000000000000000000000000000000000000000000000000000000000000000000000000000=
54902 355400 1150700 00495 00499 4
20100322020000 000 000 000 000 009 017 0101 316 000 021 028 0101 0000 0101 0104 0128 0101 0200 067 060 0101 083 0043 10081 10081 0200 10066 0105 0099 0112 0123 0099 0200 0090 0096 0122 0090 0200 0088 0084 0083 0084 0077 0069 0078 0111 //// 10142 ///// ///// ////
000000000000000000000000000000000000000000000000000000000000000000000000000000000000000000000000000000000000000000000000=
54900 354200 1150100 00537 00541 4
20100322020000 000 000 000 000 011 012 0127 060 000 029 022 0126 0000 0110 0110 0156 0106 0103 057 057 0154 075 0028 10071 10075 0148 10062 0115 0124 0148 0114 0122 0101 0105 0114 0116 0100 0101 0096 0091 0089 0090 0084 0076 0081 0111 //// 10137 ///// ///// ////
000000000000000000000000000000000000000000000000000000000000000000000000000000000000000000000000000000000000000000000000=
54901 360500 1151000 00475 00478 4
20100322020000 355 004 347 004 355 021 0137 341 005 353 027 0130 0000 0098 0100 0124 0098 0101 067 065 0121 081 0040 10081 10082 0154 10072 0128 0097 0111 0120 0097 0200 0090 0098 0120 0090 0200 0086 0080 0078 0078 0080 0075 0073 0105 //// 10139 ///// ///// ////
000000000000000000000000000000000000000000000000000000000000000000000000000000000000000000000000000000000000000000000000=
54903 355100 1152900 00457 00506 4
20100322020000 272 001 010 006 033 009 0150 209 003 105 019 0107 0000 0108 0109 0135 0108 0101 052 051 0109 067 0013 10079 10079 0200 10067 0101 0119 0124 0127 0113 0152 0108 0114 0135 0105 0117 0091 0087 0085 0084 0078 0075 0088 0115 //// 10140 ///// ///// ////
000000000000000000000000000000000000000000000000000000000000000000000000000000000000000000000000000000000000000000000000=
57184 333800 1132200 00834 00847 4
20100322020000 339 021 340 017 318 024 0103 350 025 327 036 0103 0000 0140 0140 0200 0125 0101 054 050 0152 086 0048 10031 10032 0156 10022 0101 0145 0145 0200 0116 0101 0189 0189 0155 0145 0101 0127 0119 0118 0119 0101 0098 0101 0129 //// 10133 ///// ///// ////
000000000000000000000000000000000000000000000000000000000000000000000000000000000000000000000000000000000000000000000000=
57177 332000 1133200 00898 00913 4
20100322020000 339 023 337 024 303 025 0117 307 016 332 040 0149 0000 0129 0129 0200 0120 0101 055 054 0106 082 0041 10020 10020 0200 10017 0101 0148 0157 0148 0128 0104 0147 0152 0148 0129 0104 0105 0116 0107 0118 0110 0102 0102 0121 //// 10130 ///// ///// ////
000000000000000000000000000000000000000000000000000000000000000000000000000000000000000000000000000000000000000000000000=
57075 341000 1125200 02031 02043 4
20100322020000 308 048 310 048 313 051 0157 313 047 321 093 0156 0000 0143 0143 0200 0123 0101 034 034 0200 055 -013 09904 09904 0200 09891 0110 0158 0158 0200 0132 0101 0158 0158 0200 0130 0130 0110 0107 0108 0109 0112 0102 0092 0118 //// 10148 ///// ///// ////
000000000000000000000000000000000000000000000000000000000000000000000000000000000000000000000000000000000000000000000000=
57173 334500 1125300 01457 01468 4
20100322020000 323 052 322 045 322 045 0200 305 057 333 071 0159 0000 0166 0166 0200 0128 0101 030 030 0200 057 -010 09955 09955 0200 09948 0101 0184 0185 0157 0137 0101 0176 0176 0200 0128 0101 0116 0112 0113 0113 0109 0101 0102 0134 //// 10130 ///// ///// ////
000000000000000000000000000000000000000000000000000000000000000000000000000000000000000000000000000000000000000000000000=
57180 335900 1131200 01175 01186 4
20100322020000 313 037 307 036 313 040 0139 310 036 314 063 0146 0000 0147 0147 0200 0121 0101 037 037 0200 062 0002 09993 09993 0200 09984 0101 0153 0163 0126 0131 0106 0153 0163 0126 0135 0106 0113 0106 0105 0107 0101 0097 0099 0131 //// 10136 ///// ///// ////
000000000000000000000000000000000000000000000000000000000000000000000000000000000000000000000000000000000000000000000000=
57181 335300 1130300 01364 01380 4
20100322020000 327 062 325 056 325 057 0159 308 063 322 109 0150 0000 0132 0132 0200 0119 0101 047 047 0200 071 0021 09970 09971 0158 09964 0128 0138 0141 0131 0119 0101 0149 0152 0130 0125 0101 0112 0107 0108 0111 0106 0099 0099 0129 //// 10136 ///// ///// ////
000000000000000000000000000000000000000000000000000000000000000000000000000000000000000000000000000000000000000000000000=
57171 334600 1130700 01420 01430 4
20100322020000 327 063 327 062 332 063 0137 329 057 313 091 0130 0000 0139 0139 0200 0123 0101 043 043 0200 068 0015 09960 09961 0155 09950 0103 0150 0150 0200 0126 0101 0159 0160 0143 0128 0101 0121 0117 0117 0119 0121 0115 0110 0124 //// 10131 ///// ///// ////
000000000000000000000000000000000000000000000000000000000000000000000000000000000000000000000000000000000000000000000000=
57175 330300 1121400 01914 01922 4
20100322020000 304 015 287 015 303 021 0118 271 009 313 026 0116 0000 0154 0154 0200 0137 0101 051 051 0158 089 0053 09903 09903 0200 09897 0101 0187 0187 0158 0148 0101 0217 0217 0158 0165 0101 0142 0131 0131 0132 0113 0105 0108 0138 //// 10131 ///// ///// ////
000000000000000000000000000000000000000000000000000000000000000000000000000000000000000000000000000000000000000000000000=
57156 331800 1113000 02503 02523 4
20100322020000 271 005 241 004 241 004 0200 263 005 049 012 0121 0000 0136 0136 0154 0132 0101 038 037 0159 059 -004 09834 09834 0200 09825 0101 0122 0125 0123 0120 0101 0154 0158 0116 0150 0103 0126 0125 0128 0131 0114 0111 0114 0143 //// 10134 ///// ///// ////
000000000000000000000000000000000000000000000000000000000000000000000000000000000000000000000000000000000000000000000000=
57271 323300 1122300 00879 00897 4
20100322020000 345 023 345 025 337 029 0139 319 015 347 053 0153 0000 0135 0135 0200 0128 0131 061 060 0155 094 0061 10024 10024 0159 10014 0101 0139 0140 0146 0131 0101 0150 0150 0146 0138 0101 0133 0132 0134 0136 0113 0104 0111 0139 //// 10131 ///// ///// ////
000000000000000000000000000000000000000000000000000000000000000000000000000000000000000000000000000000000000000000000000=
57285 322300 1132500 01530 01492 4
20100322020000 306 033 303 028 303 028 0200 296 028 299 057 0159 0000 0139 0140 0120 0137 0151 056 056 0200 089 0053 09953 09953 0159 09937 0101 0124 0133 0107 0124 0200 0128 0134 0109 0128 0200 0134 0137 0138 0138 0117 0107 0107 0135 //// ///// ///// ///// ////
////////////////////////////////////////////////////////////////////////////////////////////////////////////////////////=
57273 324100 1125100 01095 01105 4
20100322020000 043 002 000 000 073 010 0108 035 005 077 015 0103 0000 0130 0130 0200 0124 0101 058 058 0159 087 0049 09995 09995 0200 09985 0101 0131 0132 0155 0122 0101 0138 0138 0200 0130 0101 0130 0132 0132 0133 0119 0109 0109 0136 //// 10128 ///// ///// ////
000000000000000000000000000000000000000000000000000000000000000000000000000000000000000000000000000000000000000000000000=
57187 330400 1125600 01180 01193 4
20100322020000 039 021 036 022 034 043 0102 352 014 043 067 0130 0000 0138 0138 0200 0135 0134 051 049 0102 080 0038 09974 09974 0200 09966 0101 0152 0154 0147 0142 0135 0155 0156 0154 0145 0109 0130 0122 0128 0129 0123 0109 0106 0132 //// 10117 ///// ///// ////
000000000000000000000000000000000000000000000000000000000000000000000000000000000000000000000000000000000000000000000000=
57169 330300 1115200 01591 01600 4
20100322020000 124 012 133 012 152 013 0120 119 011 167 015 0115 0000 0141 0141 0200 0132 0101 070 057 0103 113 0087 09941 09941 0157 09935 0108 0131 0131 0200 0119 0101 0169 0170 0157 0145 0103 0128 0121 0121 0123 0112 0104 0105 0133 //// 10132 ///// ///// ////
000000000000000000000000000000000000000000000000000000000000000000000000000000000000000000000000000000000000000000000000=
57176 332900 1122500 02311 02304 4
20100322020000 061 010 040 006 345 011 0101 068 011 091 023 0133 0000 0144 0144 0200 0128 0101 048 048 0200 079 0035 09859 09859 0158 09850 0109 0191 0193 0159 0152 0105 0186 0186 0200 0144 0101 0134 0128 0128 0129 0121 0112 0109 0130 //// 10132 ///// ///// ////
000000000000000000000000000000000000000000000000000000000000000000000000000000000000000000000000000000000000000000000000=
57179 331700 1130000 01604 01616 4
20100322020000 061 013 068 014 063 034 0101 077 013 063 055 0101 0000 0148 0148 0200 0138 0101 046 046 0200 077 0033 09932 09933 0149 09930 0122 0170 0170 0200 0139 0105 0157 0157 0200 0132 0105 0121 0117 0117 0118 0110 0101 0102 0133 //// 10124 ///// ///// ////
////////////////////////////////////////////////////////////////////////////////////////////////////////////////////////=
57274 324200 1120700 01076 01088 4
20100322020000 293 012 306 010 290 011 0101 308 016 308 016 0200 0000 0151 0151 0159 0142 0101 052 047 0149 089 0053 10000 10000 0200 09992 0101 0181 0188 0153 0172 0102 0175 0179 0153 0162 0101 0142 0132 0132 0134 0126 0116 0111 0140 //// 10130 ///// ///// ////
000000000000000000000000000000000000000000000000000000000000000000000000000000000000000000000000000000000000000000000000=
57065 343000 1121100 01949 01964 4
20100322020000 276 053 269 057 266 076 0126 274 060 257 110 0124 0000 0142 0145 0138 0122 0101 040 030 0127 065 0008 09932 09932 0200 09908 0101 0111 0111 0200 0093 0101 0130 0130 0200 0114 0101 0105 0105 0107 0111 0104 0102 0108 0138 //// 10168 ///// ///// ////
000000000000000000000000000000000000000000000000000000000000000000000000000000000000000000000000000000000000000000000000=
57074 342500 1122500 01973 01989 4
20100322020000 011 023 012 017 012 017 0200 336 031 285 065 0120 0000 0145 0145 0200 0109 0101 033 032 0151 054 -016 09923 09923 0200 09906 0101 0145 0145 0154 0105 0101 0133 0133 0200 0105 0101 0105 0106 0109 0112 0109 0103 0100 0125 //// 10161 ///// ///// ////
000000000000000000000000000000000000000000000000000000000000000000000000000000000000000000000000000000000000000000000000=
57070 344400 1120700 03640 03595 4
20100322020000 319 054 322 063 323 064 0158 324 050 324 105 0156 0000 0107 0114 0128 0105 0101 071 045 0113 091 0057 09740 09740 0200 09719 0101 0081 0110 0102 0081 0200 0088 0102 0101 0085 0140 0088 0090 0093 0095 0094 0090 0093 0123 //// 10170 ///// ///// ////
000000000000000000000000000000000000000000000000000000000000000000000000000000000000000000000000000000000000000000000000=
57162 340900 1120500 03258 03275 4
20100322020000 339 025 346 023 339 035 0146 040 018 009 069 0146 0000 0150 0150 0200 0110 0101 033 032 0146 056 -011 09773 09773 0200 09753 0101 0145 0148 0157 0110 0101 0127 0129 0157 0105 0101 0103 0103 0107 0111 0101 0096 0099 0132 //// 10162 ///// ///// ////
000000000000000000000000000000000000000000000000000000000000000000000000000000000000000000000000000000000000000000000000=
57078 340900 1122800 03365 03340 4
20100322020000 309 059 308 056 301 071 0151 293 065 313 122 0148 0000 0150 0151 0153 0118 0101 030 026 0145 051 -024 09759 09759 0200 09742 0101 0162 0162 0200 0119 0108 0138 0138 0200 0104 0110 0096 0095 0098 0102 0103 0096 0094 0118 //// 10155 ///// ///// ////
000000000000000000000000000000000000000000000000000000000000000000000000000000000000000000000000000000000000000000000000=
57071 344900 1122600 03333 03332 4
20100322020000 259 050 271 040 265 060 0134 268 052 251 099 0126 0002 0094 0108 0128 0094 0200 067 042 0127 079 0036 09771 09771 0200 09748 0101 0069 0105 0101 0067 0137 0076 0099 0101 0075 0153 0089 0090 0092 0094 0094 0088 0089 0119 //// 10171 ///// ///// ////
000000000000000000000000000000000000000000000000000000000000000000000000000000000000000000000000000000000000000100000001=
57066 342300 1114000 03283 03298 4
20100322020000 337 023 342 020 321 034 0110 268 017 336 078 0105 0000 0134 0147 0112 0134 0200 044 030 0102 068 0014 09790 09790 0159 09774 0101 0098 0131 0103 0098 0200 0096 0117 0108 0096 0200 0093 0091 0095 0099 0099 0091 0087 0116 //// 10183 ///// ///// ////
000000000000000000000000000000000000000000000000000000000000000000000000000000000000000000000000000000000000000000000000=
57077 334700 1113900 07424 07388 4
20100322020000 125 017 112 020 107 020 0158 139 015 113 028 0157 0000 0099 0099 0200 0091 0101 051 050 0156 062 0002 09296 09297 0155 09290 0101 0117 0118 0149 0101 0107 0118 0118 0200 0102 0106 0092 0091 0094 0098 0097 0087 0089 0116 //// 10158 ///// ///// ////
000000000000000000000000000000000000000000000000000000000000000000000000000000000000000000000000000000000000000000000000=
57183 334800 1135500 00600 00615 4
20100322020000 357 031 360 033 360 033 0200 004 027 007 063 0158 0000 0127 0127 0200 0121 0107 059 059 0159 087 0049 10057 10057 0153 10050 0101 0141 0148 0135 0131 0108 0133 0136 0135 0124 0120 0117 0112 0112 0113 0106 0096 0094 0123 //// 10131 ///// ///// ////
000000000000000000000000000000000000000000000000000000000000000000000000000000000000000000000000000000000000000000000000=
57186 333600 1140300 00587 00598 4
20100322020000 338 044 338 038 338 038 0200 344 059 344 059 0200 0000 0127 0127 0200 0122 0101 063 063 0200 092 0058 10056 10057 0131 10052 0101 0149 0162 0101 0138 0111 0158 0165 0101 0145 0111 0126 0119 0116 0117 0109 0099 0099 0134 //// 10128 ///// ///// ////
000000000000000000000000000000000000000000000000000000000000000000000000000000000000000000000000000000000000000000000000=
53978 350500 1123800 01401 01409 4
20100322020000 157 016 124 018 058 028 0151 218 008 344 066 0147 0009 0116 0123 0151 0111 0102 066 043 0109 090 0055 09987 09987 0156 09977 0115 0088 0098 0109 0082 0128 0091 0091 0200 0085 0123 0091 0094 0096 0100 0091 0089 0094 0125 //// 10158 ///// ///// ////
000000000000000000000000000000000000000000000000020000010000000100000100010000000001000100000000000100000000000000000000=
53987 350600 1132500 00910 00918 4
20100322020000 334 021 349 017 349 017 0200 330 029 330 029 0200 0000 0112 0112 0149 0106 0118 055 054 0144 073 0025 10035 10035 0200 10022 0111 0106 0111 0144 0104 0120 0097 0101 0113 0097 0200 0100 0102 0104 0106 0101 0097 0097 0127 //// 10146 ///// ///// ////
000000000000000000000000000000000000000000000000000000000000000000000000000000000000000000000000000000000000000000000000=
57079 345700 1130200 01064 01069 4
20100322020000 309 035 309 035 294 036 0151 316 030 312 048 0159 0000 0103 0110 0122 0103 0200 065 055 0141 081 0040 10030 10030 0200 10010 0101 0080 0113 0113 0080 0200 0087 0111 0114 0087 0200 0094 0094 0096 0098 0101 0094 0092 0120 //// 10160 ///// ///// ////
000000000000000000000000000000000000000000000000000000000000000000000000000000000000000000000000000000000000000000000000=
53972 350700 1125500 01196 01210 4
20100322020000 231 011 254 013 333 031 0150 231 014 328 064 0125 0011 0116 0125 0133 0116 0200 069 044 0107 094 0061 10013 10014 0151 09997 0101 0089 0104 0112 0084 0142 0094 0100 0104 0091 0138 0100 0103 0108 0110 0098 0096 0107 0137 //// 10159 ///// ///// ////
000000000000000000000000000000000000000000000000000000000000000000000000000000010001000100010001000100020001000001000100=
57072 345500 1124500 01275 01285 4
20100322020000 344 040 335 041 301 044 0140 324 025 352 068 0157 0001 0118 0126 0141 0113 0108 058 041 0135 080 0038 10008 10008 0200 09988 0101 0082 0120 0136 0082 0200 0086 0110 0102 0086 0158 0093 0094 0095 0096 0090 0084 0083 0113 //// 10164 ///// ///// ////
000000000000000000000000000000000000000000000000000000000000000000000000000000000000000000000000000000000000000100000000=
53982 351400 1131600 01120 01135 4
20100322020000 044 007 022 012 315 025 0139 065 008 359 065 0139 0009 0127 0134 0142 0110 0126 060 049 0138 088 0051 10015 10015 0200 09995 0101 0093 0101 0101 0092 0136 0098 0102 0106 0096 0147 0102 0104 0106 0108 0100 0095 0098 0131 //// 10152 ///// ///// ////
000000000000000000000000000000000000000000000000000000000000000000000000000000000000000100000100000100010101000100010100=
53979 350900 1130500 01200 01211 4
20100322020000 323 025 325 036 314 058 0134 312 021 332 108 0129 0005 0119 0140 0134 0119 0200 062 036 0131 086 0049 10014 10014 0200 09993 0101 0085 0126 0132 0084 0145 0084 0102 0119 0083 0146 0096 0097 0102 0104 0099 0096 0102 0132 //// 10160 ///// ///// ////
000000000000000000000000000000000000000000000000000000000000000000000000000000000000010000010000000001000001000001000000=
53974 353700 1141100 00723 00739 4
20100322020000 /// /// /// /// /// /// //// /// /// /// /// //// 0000 //// //// //// //// //// /// /// //// /// //// ///// ///// //// ///// //// //// //// //// //// //// //// //// //// //// //// //// //// //// //// //// //// //// //// //// ///// ///// ///// ////
000000000000000000000000000000000000000000000000000000000000000000000000000000000000000000000000000000000000000000000000
/// 000 000 /// //// //////////////////////// /// //// 6///1 0//// 7//// 1//// 2//// 3//// /// /// /// // 911// 915// 919// 934// 939//=
53990 354300 1141900 00795 00805 4
20100322020000 339 036 342 035 342 035 0200 341 037 330 043 0157 0000 0096 0096 0200 0093 0141 069 069 0200 082 0042 10047 10047 0200 10040 0101 0091 0096 0105 0091 0200 0088 0092 0101 0087 0155 0088 0090 0090 0093 0090 0080 0080 0111 //// 10145 ///// ///// ////
000000000000000000000000000000000000000000000000000000000000000000000000000000000000000000000000000000000000000000000000=
53995 353300 1143000 00625 00645 4
20100322020000 336 011 330 009 314 014 0120 299 006 338 026 0114 0000 0103 0103 0200 0101 0138 060 060 0200 075 0029 10062 10062 0200 10049 0102 0108 0114 0150 0106 0136 0105 0108 0150 0105 0200 0103 0102 0098 0098 0089 0083 0084 0116 //// 10140 ///// ///// ////
000000000000000000000000000000000000000000000000000000000000000000000000000000000000000000000000000000000000000000000000=
NNNN
