57090 344300 1135800 00781 00802 4
20100502060000 188 033 178 032 186 036 0512 209 018 164 076 0558 0000 0316 0318 0551 0311 0510 051 048 0530 237 0202 09953 09960 0502 09953 0557 0399 0428 0501 0399 0534 0526 0542 0502 0524 0540 0334 0275 0237 0214 0183 0156 0130 0131 //// 10045 ///// ///// ////
000000000000000000000000000000000000000000000000000000000000000000000000000000000000000000000000000000000000000000000000
280 000 000 000 //// //////////////////////// /// 0000 6///1 0//// 7//// 1//// 2//// 3//// /// /// /// // 911// 915// 919// 934// 939//=
57083 344300 1133900 01104 01116 4
20100502060000 143 035 145 042 149 045 0550 158 025 132 063 0559 0000 0326 0326 0600 0317 0501 045 044 0521 221 0191 09910 09918 0501 09910 0600 0522 0555 0509 0511 0557 0488 0500 0509 0484 0557 0324 0271 0231 0205 0156 0138 0127 0129 0001 10036 ///// ///// ////
000000000000000000000000000000000000000000000000000000000000000000000000000000000000000000000000000000000000000000000000
110 000 000 000 //// //////////////////////// /// 0000 6///1 0//// 7//// 1//// 20181 3//// /// /// /// // 911// 915// 919// 934// 939//=
57086 342300 1134300 01166 01168 4
20100502060000 190 048 190 047 204 051 0515 195 056 212 074 0509 0000 0301 0305 0550 0295 0501 058 053 0538 247 0209 09917 09925 0502 09917 0600 0358 0372 0518 0357 0536 0483 0489 0550 0479 0510 0327 0264 0224 0199 0169 0139 0123 0124 //// 10051 ///// ///// ////
000000000000000000000000000000000000000000000000000000000000000000000000000000000000000000000000000000000000000000000000=
57085 343200 1132000 02599 02648 4
20100502060000 201 027 224 028 248 034 0510 203 029 218 055 0524 0000 0330 0330 0550 0320 0510 036 033 0542 181 0159 09747 09754 0502 09747 0557 0416 0427 0536 0400 0522 0475 0480 0550 0464 0503 0338 0263 0222 0193 0172 0145 0126 0128 //// 10045 ///// ///// ////
000000000000000000000000000000000000000000000000000000000000000000000000000000000000000000000000000000000000000000000000=
57081 344800 1132600 01409 01419 4
20100502060000 144 019 125 016 152 020 0538 147 020 122 041 0558 0000 0339 0341 0557 0331 0502 029 028 0504 153 0134 09877 09885 0502 09877 0558 0469 0487 0527 0469 0600 0499 0506 0529 0497 0501 0340 0276 0234 0200 0154 0141 0126 0122 //// 10038 ///// ///// ////
000000000000000000000000000000000000000000000000000000000000000000000000000000000000000000000000000000000000000000000000
200 000 000 000 //// //////////////////////// /// 0000 6///1 0//// 7//// 1//// 2//// 3//// /// /// /// // 911// 915// 919// 934// 939//=
57084 343000 1130300 11784 11790 4
20100502060000 263 036 255 037 255 037 0600 271 029 265 055 0545 0000 0275 0280 0542 0270 0527 033 033 0600 121 0098 08787 08792 0501 08786 0557 0340 0354 0540 0329 0555 0515 0530 0501 0511 0554 0331 0261 0209 0176 0125 //// //// //// //// 10057 ///// ///// ////
000000000000000000000000000000000000000000000000000000000000000000000000000000000000000000000000000000000000000000000000
180 000 000 000 //// //////////////////////// /// 0000 6///1 0//// 7//// 1//// 2//// 3//// /// /// /// // 911// 915// 919// 934// 939//=
57080 344400 1125800 01652 01661 4
20100502060000 236 029 228 027 225 035 0527 240 030 223 065 0526 0000 0343 0343 0559 0321 0501 024 023 0559 130 0108 09851 09860 0501 09851 0600 0418 0421 0559 0399 0528 0558 0559 0559 0547 0504 0355 0283 0230 0203 0154 0133 0120 0123 //// 10040 ///// ///// ////
000000000000000000000000000000000000000000000000000000000000000000000000000000000000000000000000000000000000000000000000
200 000 000 000 //// //////////////////////// /// 0000 6///1 0//// 7//// 1//// 2//// 3//// /// /// /// // 911// 915// 919// 934// 939//=
57082 342800 1130100 04271 04284 4
20100502060000 194 015 192 023 204 032 0523 187 022 237 061 0515 0000 0325 0329 0551 0322 0513 026 024 0542 127 0105 09571 09578 0501 09571 0600 0455 0461 0555 0431 0506 0526 0532 0536 0522 0557 0342 0288 0245 0218 0166 0143 0126 //// //// 10050 ///// ///// ////
000000000000000000000000000000000000000000000000000000000000000000000000000000000000000000000000000000000000000000000000
300 000 000 000 //// //////////////////////// /// 0000 6///1 0//// 7//// 1//// 2//// 3//// /// /// /// // 911// 915// 919// 934// 939//=
57290 330000 1140100 00827 00838 4
20100502060000 276 022 275 025 261 031 0541 282 019 268 060 0501 0000 0332 0332 0600 0322 0501 036 035 0559 183 0161 09973 09979 0501 09973 0559 0438 0453 0521 0433 0558 0526 0531 0522 0518 0503 0344 0282 0238 0215 0170 0147 0131 0135 //// 10068 ///// ///// ////
000000000000000000000000000000000000000000000000000000000000000000000000000000000000000000000000000000000000000000000000
120 000 000 000 //// //////////////////////// /// 0000 6///1 0//// 7//// 1//// 20173 3//// /// /// /// // 911// 915// 919// 934// 939//=
57295 323700 1142100 00785 00802 4
20100502060000 217 029 214 026 218 031 0514 203 032 226 063 0544 0000 0326 0326 0600 0318 0501 046 045 0559 226 0195 09981 09988 0507 09981 0600 0520 0539 0530 0520 0600 0519 0524 0525 0517 0549 0344 0269 0233 0210 0163 0144 0130 0132 //// 10073 ///// ///// ////
000000000000000000000000000000000000000000000000000000000000000000000000000000000000000000000000000000000000000000000000
250 000 000 000 //// //////////////////////// /// 0000 6///1 0//// 7//// 1//// 2//// 3//// /// /// /// // 911// 915// 919// 934// 939//=
57188 332200 1140200 00559 00568 4
20100502060000 183 046 182 042 183 048 0540 184 044 173 068 0537 0000 0312 0313 0526 0309 0501 051 050 0513 232 0199 09999 10005 0503 09999 0600 0359 0369 0508 0358 0555 0539 0546 0546 0539 0600 0332 0266 0227 0203 0147 0133 0124 0134 //// 10064 ///// ///// ////
000000000000000000000000000000000000000000000000000000000000000000000000000000000000000000000000000000000000000000000000
200 000 000 000 //// //////////////////////// /// 0000 6///1 0//// 7//// 1//// 2//// 3//// /// /// /// // 911// 915// 919// 934// 939//=
57189 330800 1135700 00646 00655 4
20100502060000 214 025 218 030 240 041 0517 203 020 248 079 0504 0000 0314 0314 0541 0308 0502 053 050 0516 244 0207 09992 09999 0504 09992 0600 0406 0408 0546 0322 0517 0470 0476 0505 0469 0551 0320 0268 0235 0211 0151 0136 0125 0127 //// 10067 ///// ///// ////
000000000000000000000000000000000000000000000000000000000000000000000000000000000000000000000000000000000000000000000000
180 000 000 000 //// //////////////////////// /// 0000 6///1 0//// 7//// 1//// 2//// 3//// /// /// /// // 911// 915// 919// 934// 939//=
57194 331700 1141600 00598 00609 4
20100502060000 202 041 213 035 223 044 0547 184 058 237 063 0544 0000 0312 0313 0539 0306 0512 055 053 0543 250 0211 09995 10002 0502 09995 0600 0418 0429 0556 0403 0548 0515 0523 0539 0507 0511 0316 0264 0228 0204 0153 0135 0123 0127 //// 10065 ///// ///// ////
000000000000000000000000000000000000000000000000000000000000000000000000000000000000000000000000000000000000000000000000
200 000 000 000 //// //////////////////////// /// 0000 6///1 0//// 7//// 1//// 2//// 3//// /// /// /// // 911// 915// 919// 934// 939//=
57197 330000 1142000 00489 00545 4
20100502060000 187 027 202 029 182 035 0521 187 031 173 058 0514 0000 0316 0317 0555 0306 0520 054 053 0558 251 0212 10005 10013 0501 10005 0600 0422 0428 0505 0417 0553 0527 0531 0507 0523 0523 0303 0261 0224 0203 0164 0145 0128 0129 //// 10068 ///// ///// ////
000000000000000000000000000000000000000000000000000000000000000000000000000000000000000000000000000000000000000000000000
250 000 000 000 //// //////////////////////// /// 0000 6///1 0//// 7//// 1//// 2//// 3//// /// /// /// // 911// 915// 919// 934// 939//=
57294 325000 1140100 00836 00846 4
20100502060000 230 021 237 018 230 028 0511 229 028 260 057 0507 0000 0331 0331 0600 0324 0511 044 043 0556 223 0192 09968 09974 0503 09968 0558 0452 0454 0528 0427 0512 0532 0532 0529 0521 0512 0331 0266 0221 0196 0156 0144 0128 0126 //// 10065 ///// ///// ////
000000000000000000000000000000000000000000000000000000000000000000000000000000000000000000000000000000000000000000000000
250 000 000 000 //// //////////////////////// /// 0000 6///1 0//// 7//// 1//// 2//// 3//// /// /// /// // 911// 915// 919// 934// 939//=
57292 325800 1143800 00444 00453 4
20100502060000 211 044 212 033 204 046 0520 212 028 209 078 0516 0000 0312 0313 0559 0300 0502 054 054 0600 245 0208 10020 10028 0509 10020 0559 0417 0426 0558 0400 0545 0497 0501 0558 0477 0504 0327 0270 0232 0212 0178 0150 0132 0135 //// 10072 ///// ///// ////
000000000000000000000000000000000000000000000000000000000000000000000000000000000000000000000000000000000000000000000000
200 000 000 000 //// //////////////////////// /// 0000 6///1 0//// 7//// 1//// 2//// 3//// /// /// /// // 911// 915// 919// 934// 939//=
57281 324200 1131800 01422 01431 4
20100502060000 236 027 244 031 242 039 0518 246 030 226 073 0511 0000 0322 0322 0559 0315 0501 034 033 0518 163 0144 09910 09916 0502 09910 0600 0429 0450 0528 0417 0513 0500 0506 0528 0494 0519 0335 0275 0236 0211 0162 0139 0129 0134 //// 10074 ///// ///// ////
000000000000000000000000000000000000000000000000000000000000000000000000000000000000000000000000000000000000000000000000
200 000 000 000 //// //////////////////////// /// 0000 6///1 0//// 7//// 1//// 2//// 3//// /// /// /// // 911// 915// 919// 934// 939//=
57195 333700 1143700 00466 00476 4
20100502060000 232 034 234 033 236 033 0558 229 030 254 066 0518 0000 0315 0316 0541 0307 0501 047 046 0520 217 0188 10010 10016 0501 10010 0600 0384 0398 0554 0379 0507 0510 0527 0520 0510 0600 0359 0295 0247 0219 0167 0144 0129 0141 //// 10065 ///// ///// ////
000000000000000000000000000000000000000000000000000000000000000000000000000000000000000000000000000000000000000000000000=
57193 334700 1143100 00526 00541 4
20100502060000 216 004 214 012 204 018 0529 198 004 167 065 0520 0000 0310 0311 0552 0300 0501 057 056 0553 256 0215 10003 10010 0502 10003 0558 0404 0404 0600 0351 0539 0442 0453 0548 0419 0519 0329 0274 0238 0211 0169 0145 0131 0132 //// 10065 ///// ///// ////
000000000000000000000000000000000000000000000000000000000000000000000000000000000000000000000000000000000000000000000000
150 000 000 000 //// //////////////////////// /// 0000 6///1 0//// 7//// 1//// 20169 3//// /// /// /// // 911// 915// 919// 934// 939//=
58101 335200 1152900 00413 00428 4
20100502060000 211 027 210 029 205 035 0527 203 040 240 074 0557 0000 0302 0305 0553 0297 0501 057 056 0547 245 0207 10019 10025 0502 10019 0600 0402 0431 0503 0397 0527 0493 0513 0503 0493 0600 0320 0252 0210 0188 0154 0139 0125 0131 //// 10068 ///// ///// ////
000000000000000000000000000000000000000000000000000000000000000000000000000000000000000000000000000000000000000000000000=
57098 340500 1142400 00583 00593 4
20100502060000 213 049 209 053 212 057 0557 215 048 210 081 0539 0000 0303 0303 0600 0292 0501 057 053 0551 246 0208 09989 09997 0502 09989 0600 0378 0393 0533 0371 0510 0366 0371 0533 0365 0557 0312 0263 0220 0197 0164 0141 0125 0130 //// 10057 ///// ///// ////
000000000000000000000000000000000000000000000000000000000000000000000000000000000000000000000000000000000000000000000000=
57088 340900 1133000 01161 01177 4
20100502060000 221 035 223 034 230 038 0506 209 035 236 057 0544 0000 0317 0317 0600 0306 0501 046 044 0537 215 0187 09916 09923 0501 09916 0600 0381 0389 0533 0375 0551 0544 0563 0533 0543 0550 0367 0291 0236 0207 0148 0134 0127 0131 //// 10051 ///// ///// ////
000000000000000000000000000000000000000000000000000000000000000000000000000000000000000000000000000000000000000000000000=
57182 335100 1133000 00805 00814 4
20100502060000 226 033 216 033 204 038 0556 233 035 206 058 0551 0000 0321 0323 0550 0310 0501 048 043 0533 230 0197 09960 09968 0502 09960 0600 0428 0440 0537 0418 0526 0591 0599 0537 0584 0525 0358 0280 0236 0207 0176 0150 0133 0140 //// 10053 ///// ///// ////
000000000000000000000000000000000000000000000000000000000000000000000000000000000000000000000000000000000000000000000000=
57087 341200 1134800 00877 00885 4
20100502060000 183 039 196 039 196 043 0508 184 038 215 069 0507 0000 0305 0305 0600 0297 0521 055 053 0550 240 0204 09952 09960 0501 09952 0600 0406 0413 0506 0391 0545 0521 0524 0558 0505 0544 0331 0274 0230 0204 0155 0137 0124 0128 //// ///// ///// ///// ////
000000000000000000000000000000000000000000000000000000000000000000000000000000000000000000000000000000000000000000000000
250 000 000 /// //// //////////////////////// /// //// 6///1 0//// 7//// 1//// 2//// 3//// /// /// /// // 911// 915// 919// 934// 939//=
57297 320800 1140300 01145 01154 4
20100502060000 211 045 221 050 222 050 0559 234 047 218 085 0558 0000 0312 0316 0551 0309 0501 047 045 0523 214 0186 09946 09953 0503 09946 0558 0416 0461 0516 0416 0600 0533 0569 0516 0533 0600 0377 0309 0263 0232 0185 0161 0141 //// //// 10077 ///// ///// ////
000000000000000000000000000000000000000000000000000000000000000000000000000000000000000000000000000000000000000000000000
120 000 000 000 //// //////////////////////// /// 0000 6///1 0//// 7//// 1//// 20225 3//// /// /// /// // 911// 915// 919// 934// 939//=
58301 314900 1152300 00916 00929 4
20100502060000 224 059 220 068 210 082 0540 232 047 229 115 0501 0000 0318 0321 0552 0312 0502 034 033 0537 160 0140 09977 09983 0503 09977 0600 0340 0341 0553 0333 0501 0458 0470 0552 0445 0502 0322 0279 0248 0224 0191 0165 0139 0134 //// 10084 ///// ///// ////
000000000000000000000000000000000000000000000000000000000000000000000000000000000000000000000000000000000000000000000000
150 000 000 000 //// //////////////////////// /// 0000 6///1 0//// 7//// 1//// 20188 3//// /// /// /// // 911// 915// 919// 934// 939//=
57298 321300 1143300 00554 00562 4
20100502060000 212 055 214 056 208 062 0504 210 066 214 102 0556 0000 0314 0316 0546 0310 0505 045 042 0547 207 0180 10011 10019 0501 10011 0600 0303 0305 0517 0302 0542 0456 0466 0530 0456 0600 0308 0258 0225 0205 0163 0145 0127 0138 //// 10075 ///// ///// ////
000000000000000000000000000000000000000000000000000000000000000000000000000000000000000000000000000000000000000000000000=
57390 314800 1140400 07335 07347 4
20100502060000 212 065 212 067 210 071 0558 208 040 237 150 0501 0000 0263 0266 0549 0256 0507 058 057 0550 198 0174 09277 09284 0501 09277 0600 0341 0352 0549 0324 0501 0447 0458 0539 0444 0558 0319 0259 0214 0186 0155 0130 //// //// //// 10094 ///// ///// ////
000000000000000000000000000000000000000000000000000000000000000000000000000000000000000000000000000000000000000000000000
140 000 000 000 //// //////////////////////// /// 0000 6///1 0//// 7//// 1//// 2//// 3//// /// /// /// // 91118 91522 919// 934// 939//=
58208 321000 1153700 00429 00439 4
20100502060000 235 047 231 049 227 058 0501 239 039 244 074 0541 0000 0320 0321 0535 0314 0501 039 037 0556 185 0163 10030 10036 0501 10029 0557 0371 0385 0535 0366 0501 0459 0469 0516 0454 0548 0340 0290 0256 0232 0179 0159 0141 0142 //// 10080 ///// ///// ////
000000000000000000000000000000000000000000000000000000000000000000000000000000000000000000000000000000000000000000000000
200 000 000 000 //// //////////////////////// /// 0000 6///1 0//// 7//// 1//// 20194 3//// /// /// /// // 911// 915// 919// 934// 939//=
53989 350300 1135700 00766 00777 4
20100502060000 184 030 184 032 190 039 0543 201 026 193 060 0540 0000 0318 0318 0600 0309 0502 047 045 0556 221 0191 09950 09959 0501 09950 0600 0416 0417 0552 0391 0514 0525 0532 0507 0520 0542 0346 0282 0237 0209 0161 0138 0123 0126 //// 10039 ///// ///// ////
000000000000000000000000000000000000000000000000000000000000000000000000000000000000000000000000000000000000000000000000
200 000 000 000 //// //////////////////////// /// //// 6///1 0//// 7//// 1//// 2//// 3//// /// /// /// // 911// 915// 919// 934// 939//=
53986 351900 1135300 00732 00740 4
20100502060000 222 049 227 045 218 050 0546 201 061 240 085 0502 0000 0321 0322 0559 0306 0501 040 039 0501 191 0168 09952 09962 0502 09952 0556 0404 0415 0530 0388 0501 0497 0508 0532 0493 0501 0306 0254 0219 0199 0163 0141 0125 0130 //// 10036 ///// ///// ////
000000000000000000000000000000000000000000000000000000000000000000000000000000000000000000000000000000000000000000000000
130 000 000 000 //// //////////////////////// /// 0000 6///1 0//// 7//// 1//// 20185 3//// /// /// /// // 911// 915// 919// 934// 939//=
53988 351600 1134000 00776 00784 4
20100502060000 205 031 209 033 207 047 0533 178 020 220 076 0532 0000 0327 0327 0600 0314 0501 038 036 0503 188 0165 09941 09951 0501 09941 0600 0470 0474 0557 0451 0533 0574 0577 0506 0566 0534 0332 0269 0225 0201 0148 0133 0123 0128 //// 10031 ///// ///// ////
000000000000000000000000000000000000000000000000000000000000000000000000000000000000000000000000000000000000000000000000
200 000 000 000 //// //////////////////////// /// 0000 6///1 0//// 7//// 1//// 2//// 3//// /// /// /// // 911// 915// 919// 934// 939//=
53998 351200 1143900 00616 00625 4
20100502060000 186 049 195 046 215 047 0515 201 046 206 079 0507 0000 0309 0311 0549 0302 0516 050 049 0552 223 0193 09971 09978 0502 09971 0559 0408 0421 0506 0394 0517 0479 0486 0506 0466 0536 0319 0258 0217 0194 0172 0144 0124 0130 //// 10043 ///// ///// ////
000000000000000000000000000000000000000000000000000000000000000000000000000000000000000000000000000000000000000000000000
120 001 000 000 5800 /////////////////////CIE 002 0000 6///1 0//// 7//// 1//// 2//// 3//// /// /// /// // 911// 915// 919// 934// 939//=
57051 344800 1111200 04099 04117 4
20100502060000 333 025 331 020 336 023 0539 341 021 319 046 0533 0000 0334 0334 0600 0323 0501 018 018 0600 093 0059 09578 09588 0501 09578 0600 0496 0498 0559 0460 0522 0594 0602 0530 0582 0501 0330 0264 0225 0200 0164 0133 0119 0120 //// 10037 ///// ///// ////
000000000000000000000000000000000000000000000000000000000000000000000000000000000000000000000000000000000000000000000000
200 001 001 001 1000 /////////////////////CUO 200 0000 6///1 0//// 7//// 1//// 20159 3//// /// /// /// // 911// 915// 919// 934// 939//=
57063 344600 1114600 05236 05236 4
20100502060000 308 013 273 018 293 034 0506 288 014 260 060 0506 0000 0336 0336 0559 0322 0531 020 020 0600 104 0076 09459 09467 0501 09459 0600 0503 0510 0547 0478 0524 0590 0590 0600 0576 0523 0314 0243 0195 0171 0121 0112 0104 0111 //// 10045 ///// ///// ////
000000000000000000000000000000000000000000000000000000000000000000000000000000000000000000000000000000000000000000000000
140 001 001 001 1200 /////////////////////CUU 100 0000 6///1 0//// 7//// 1//// 2//// 3//// /// /// /// // 911// 915// 919// 934// 939//=
57067 340300 1110200 05688 05699 4
20100502060000 250 027 226 025 211 025 0509 265 035 150 047 0542 0000 0321 0322 0553 0307 0501 022 020 0557 105 0077 09409 09418 0501 09409 0600 0456 0472 0517 0447 0556 0516 0525 0518 0515 0558 0331 0254 0191 0214 0166 0148 0123 0125 //// 10045 ///// ///// ////
000000000000000000000000000000000000000000000000000000000000000000000000000000000000000000000000000000000000000000000000
120 003 003 003 1200 //////////////////CUUFCB 100 0000 6///1 0//// 7//// 1//// 20131 3//// /// /// /// // 911// 915// 919// 934// 939//=
57056 343200 1105300 03904 03909 4
20100502060000 027 025 007 018 356 022 0517 009 035 313 052 0503 0000 0348 0348 0600 0333 0501 022 020 0501 122 0100 09598 09608 0502 09598 0559 0518 0521 0548 0496 0506 0598 0601 0530 0589 0552 0389 0307 0241 0208 0146 0130 0118 0121 //// 10030 ///// ///// ////
000000000000000000000000000000000000000000000000000000000000000000000000000000000000000000000000000000000000000000000000
200 000 000 000 //// //////////////////////// /// 0000 6///1 0//// 7//// 1//// 2//// 3//// /// /// /// // 911// 915// 919// 934// 939//=
58007 340400 1151800 00472 00532 4
20100502060000 192 038 202 033 189 036 0530 192 019 195 071 0527 0000 0301 0301 0600 0293 0501 059 057 0553 252 0212 10005 10010 0501 10004 0555 0368 0373 0558 0354 0517 0462 0464 0546 0453 0501 0304 0247 0210 0191 0151 0138 0127 0132 //// 10066 ///// ///// ////
000000000000000000000000000000000000000000000000000000000000000000000000000000000000000000000000000000000000000000000000
160 000 000 000 //// //////////////////////// /// 0000 6///1 0//// 7//// 1//// 2//// 3//// /// /// /// // 911// 915// 919// 934// 939//=
58006 342300 1155300 00463 00506 4
20100502060000 188 034 195 039 205 056 0501 170 027 178 081 0545 0000 0299 0300 0556 0292 0501 057 056 0547 240 0205 10009 10015 0501 10008 0557 0387 0403 0523 0379 0501 0459 0467 0534 0458 0501 0339 0276 0228 0196 0160 0140 0123 0127 //// 10068 ///// ///// ////
000000000000000000000000000000000000000000000000000000000000000000000000000000000000000000000000000000000000000000000000
180 000 000 000 //// //////////////////////// /// 0000 6///1 0//// 7//// 1//// 2//// 3//// /// /// /// // 911// 915// 919// 934// 939//=
58111 335800 1162700 00325 00325 4
20100502060000 199 034 193 035 202 046 0502 192 016 212 089 0545 0000 0301 0301 0600 0291 0502 054 054 0554 230 0198 10035 10044 0502 10035 0559 0267 0268 0527 0265 0539 0400 0412 0525 0396 0549 0298 0253 0216 0192 0155 0139 0129 0138 //// 10073 ///// ///// ////
000000000000000000000000000000000000000000000000000000000000000000000000000000000000000000000000000000000000000000000000
150 000 000 000 //// //////////////////////// /// 0000 6///1 0//// 7//// 1//// 20169 3//// /// /// /// // 911// 915// 919// 934// 939//=
58017 341500 1160800 00410 00420 4
20100502060000 220 018 201 030 177 037 0524 240 033 209 087 0516 0000 0302 0302 0600 0294 0501 059 055 0541 253 0213 10016 10024 0502 10016 0600 0328 0350 0504 0325 0559 0436 0444 0537 0433 0556 0295 0245 0211 0190 0151 0139 0127 0129 //// 10064 ///// ///// ////
000000000000000000000000000000000000000000000000000000000000000000000000000000000000000000000000000000000000000000000000
150 000 000 000 //// //////////////////////// /// 0000 6///1 0//// 7//// 1//// 2//// 3//// /// /// /// // 911// 915// 919// 934// 939//=
58001 342600 1150600 00563 00569 4
20100502060000 207 035 210 039 209 049 0551 232 030 209 085 0546 0000 0297 0297 0600 0288 0501 060 059 0555 250 0211 09992 09998 0504 09992 0600 0352 0360 0543 0333 0550 0416 0418 0543 0411 0549 0306 0250 0212 0186 0150 0130 0118 0126 //// 10058 ///// ///// ////
000000000000000000000000000000000000000000000000000000000000000000000000000000000000000000000000000000000000000000000000
170 000 000 000 //// //////////////////////// /// 0000 6///1 0//// 7//// 1//// 2//// 3//// /// /// /// // 911// 915// 919// 934// 939//=
58005 342700 1154000 00501 00511 4
20100502060000 204 043 208 041 198 053 0503 197 052 226 078 0524 0000 0304 0304 0600 0295 0501 051 049 0524 221 0191 10003 10008 0501 10003 0600 0419 0430 0517 0406 0531 0502 0512 0516 0493 0532 0307 0256 0216 0191 0151 0133 0126 0133 0004 10062 ///// ///// ////
000000000000000000000000000000000000000000000000000000000000000000000000000000000000000000000000000000000000000000000000
150 000 000 000 //// //////////////////////// /// 0000 6///1 0//// 7//// 1//// 20157 3//// /// /// /// // 911// 915// 919// 934// 939//=
58008 342800 1152000 00544 00592 4
20100502060000 190 047 198 049 206 051 0506 178 048 192 094 0506 0000 0299 0301 0545 0293 0531 053 052 0538 224 0193 09990 09996 0501 09989 0559 0401 0424 0544 0396 0559 0429 0442 0518 0426 0557 0313 0257 0220 0189 0147 0135 0122 0130 //// 10058 ///// ///// ////
000000000000000000000000000000000000000000000000000000000000000000000000000000000000000000000000000000000000000000000000
200 000 000 000 //// //////////////////////// /// 0000 6///1 0//// 7//// 1//// 2//// 3//// /// /// /// // 911// 915// 919// 934// 939//=
58004 343900 1150900 00606 00616 4
20100502060000 221 038 213 032 201 042 0502 254 071 198 078 0506 0000 0303 0304 0556 0292 0509 054 054 0600 233 0200 09983 09990 0501 09983 0600 0379 0394 0555 0369 0509 0462 0469 0555 0452 0507 0331 0277 0230 0205 0160 0139 0126 0129 //// 10054 ///// ///// ////
000000000000000000000000000000000000000000000000000000000000000000000000000000000000000000000000000000000000000000000000
180 000 000 000 //// //////////////////////// /// 0000 6///1 0//// 7//// 1//// 2//// 3//// /// /// /// // 911// 915// 919// 934// 939//=
54817 355900 1155200 00421 00434 4
20100502060000 210 046 206 046 190 049 0522 195 049 206 092 0549 0000 0302 0302 0600 0294 0501 049 049 0542 210 0183 09984 09992 0503 09983 0554 0334 0362 0533 0334 0600 0487 0511 0514 0487 0600 0315 0253 0214 0185 0140 0120 0111 0113 //// 10034 ///// ///// ////
000000000000000000000000000000000000000000000000000000000000000000000000000000000000000000000000000000000000000000000000
200 002 000 000 5000 //////////////////CIECII 002 0000 6///1 0//// 7//// 1//// 2//// 3//// /// /// /// // 911// 915// 919// 934// 939//=
54902 355400 1150700 00495 00499 4
20100502060000 203 056 206 061 200 071 0533 212 054 206 117 0520 0000 0306 0306 0600 0297 0501 052 047 0553 228 0196 09971 09979 0501 09971 0600 0376 0380 0557 0363 0529 0501 0502 0557 0486 0532 0311 0255 0215 0189 0145 0119 0110 0115 //// 10028 ///// ///// ////
000000000000000000000000000000000000000000000000000000000000000000000000000000000000000000000000000000000000000000000000
190 000 000 000 //// //////////////////////// /// 0000 6///1 0//// 7//// 1//// 2//// 3//// /// /// /// // 911// 915// 919// 934// 939//=
54900 354200 1150100 00537 00541 4
20100502060000 200 064 202 061 204 061 0559 187 056 206 105 0512 0000 0308 0310 0538 0301 0501 052 050 0550 231 0198 09972 09980 0501 09971 0557 0383 0401 0523 0380 0552 0471 0485 0522 0470 0502 0315 0258 0216 0190 0161 0132 0114 0115 //// 10034 ///// ///// ////
000000000000000000000000000000000000000000000000000000000000000000000000000000000000000000000000000000000000000000000000
200 000 000 000 //// //////////////////////// /// 0000 6///1 0//// 7//// 1//// 2//// 3//// /// /// /// // 911// 915// 919// 934// 939//=
54901 360500 1151000 00475 00478 4
20100502060000 200 051 203 071 193 084 0518 218 044 220 117 0536 0000 0301 0301 0600 0294 0502 052 048 0555 222 0192 09971 09979 0506 09971 0600 0379 0383 0530 0365 0516 0449 0453 0530 0438 0516 0308 0252 0212 0187 0159 0135 0115 0115 //// 10026 ///// ///// ////
000000000000000000000000000000000000000000000000000000000000000000000000000000000000000000000000000000000000000000000000
150 008 000 000 5500 /////////////////////CIE 002 0000 6///1 0//// 7//// 1//// 2//// 3//// /// /// /// // 911// 915// 919// 934// 939//=
54903 355100 1152900 00457 00506 4
20100502060000 220 061 215 057 207 063 0501 232 065 187 111 0511 0000 0304 0304 0551 0295 0501 050 049 0553 217 0188 09977 09982 0505 09975 0553 0370 0386 0507 0362 0501 0459 0471 0508 0454 0543 0307 0251 0211 0188 0155 0130 0117 0116 //// 10035 ///// ///// ////
000000000000000000000000000000000000000000000000000000000000000000000000000000000000000000000000000000000000000000000000
150 000 000 000 //// //////////////////////// /// 0000 6///1 0//// 7//// 1//// 2//// 3//// /// /// /// // 911// 915// 919// 934// 939//=
57184 333800 1132200 00834 00847 4
20100502060000 196 020 197 024 202 028 0556 178 018 187 054 0551 0000 0310 0311 0517 0306 0501 051 047 0501 229 0197 09956 09963 0501 09956 0600 0313 0323 0519 0313 0600 0515 0543 0505 0498 0556 0357 0286 0246 0217 0141 0133 0126 0132 //// ///// ///// ///// ////
000000000000000000000000000000000000000000000000000000000000000000000000000000000000000000000000000000000000000000000000
200 000 000 /// //// //////////////////////// /// //// 6///1 0//// 7//// 1//// 2//// 3//// /// /// /// // 911// 915// 919// 934// 939//=
57177 332000 1133200 00898 00913 4
20100502060000 218 050 230 050 238 056 0541 209 058 251 092 0550 0000 0319 0321 0552 0316 0527 038 038 0600 180 0158 09954 09959 0501 09954 0600 0380 0395 0520 0377 0541 0469 0480 0508 0468 0541 0315 0278 0226 0212 0166 0145 0130 0125 //// 10058 ///// ///// ////
000000000000000000000000000000000000000000000000000000000000000000000000000000000000000000000000000000000000000000000000=
57075 341000 1125200 02031 02043 4
20100502060000 112 030 121 031 106 041 0540 110 034 116 054 0537 0000 0301 0301 0600 0288 0501 063 058 0553 269 0223 09820 09828 0501 09820 0600 0412 0412 0600 0394 0514 0517 0517 0600 0488 0543 0364 0294 0245 0216 0193 0162 0132 0126 //// 10053 ///// ///// ////
000000000000000000000000000000000000000000000000000000000000000000000000000000000000000000000000000000000000000000000000=
57173 334500 1125300 01457 01468 4
20100502060000 190 043 190 042 175 047 0539 178 040 182 075 0538 0000 0321 0321 0600 0311 0501 041 040 0535 196 0172 09880 09886 0501 09880 0600 0419 0427 0503 0412 0519 0559 0583 0504 0547 0537 0341 0282 0243 0215 0168 0146 0130 0135 //// 10046 ///// ///// ////
000000000000000000000000000000000000000000000000000000000000000000000000000000000000000000000000000000000000000000000000=
57180 335900 1131200 01175 01186 4
20100502060000 196 032 192 034 192 034 0600 198 019 212 053 0517 0000 0313 0314 0552 0301 0503 049 047 0540 224 0193 09915 09924 0501 09915 0600 0402 0414 0525 0392 0518 0577 0590 0530 0577 0559 0362 0290 0239 0206 0160 0143 0129 0133 //// 10051 ///// ///// ////
000000000000000000000000000000000000000000000000000000000000000000000000000000000000000000000000000000000000000000000000=
57181 335300 1130300 01364 01380 4
20100502060000 151 027 160 035 166 040 0532 173 031 173 059 0519 0000 0310 0311 0555 0303 0501 054 051 0518 243 0206 09898 09905 0504 09898 0600 0414 0437 0511 0414 0600 0548 0566 0511 0548 0558 0373 0302 0250 0217 0170 0146 0129 0133 //// 10055 ///// ///// ////
000000000000000000000000000000000000000000000000000000000000000000000000000000000000000000000000000000000000000000000000
150 003 000 000 6500 /////////////////////CIE 002 0000 6///1 0//// 7//// 1//// 20136 3//// /// /// /// // 911// 915// 919// 934// 939//=
57175 330300 1121400 01914 01922 4
20100502060000 195 037 222 038 213 044 0547 223 029 223 073 0522 0000 0301 0303 0558 0293 0501 055 054 0556 235 0201 09853 09858 0502 09853 0600 0460 0490 0502 0453 0550 0528 0534 0535 0525 0501 0339 0279 0234 0210 0161 0145 0133 0139 //// 10074 ///// ///// ////
000000000000000000000000000000000000000000000000000000000000000000000000000000000000000000000000000000000000000000000000
120 000 000 000 //// //////////////////////// /// 0000 6///1 0//// 7//// 1//// 2//// 3//// /// /// /// // 911// 915// 919// 934// 939//=
57156 331800 1113000 02503 02523 4
20100502060000 057 009 126 014 115 024 0516 161 021 111 040 0515 0000 0321 0321 0600 0309 0504 034 034 0600 163 0143 09778 09785 0501 09778 0559 0423 0442 0522 0420 0558 0534 0534 0559 0494 0501 0354 0284 0239 0214 0181 0158 0138 0143 //// 10064 ///// ///// ////
000000000000000000000000000000000000000000000000000000000000000000000000000000000000000000000000000000000000000000000000
200 001 000 000 //// /////////////////////CIE 002 0000 6///1 0//// 7//// 1//// 20172 3//// /// /// /// // 911// 915// 919// 934// 939//=
57271 323300 1122300 00879 00897 4
20100502060000 206 038 192 040 192 040 0600 187 042 164 065 0533 0000 0309 0309 0544 0301 0501 051 051 0555 228 0196 09972 09979 0505 09972 0559 0414 0430 0501 0404 0536 0498 0504 0510 0491 0539 0341 0282 0242 0219 0164 0144 0135 0139 //// 10075 ///// ///// ////
000000000000000000000000000000000000000000000000000000000000000000000000000000000000000000000000000000000000000000000000
130 000 000 000 //// //////////////////////// /// 0000 6///1 0//// 7//// 1//// 2//// 3//// /// /// /// // 911// 915// 919// 934// 939//=
57261 330700 1113100 02330 02345 4
20100502060000 001 034 015 028 027 032 0511 353 040 029 057 0501 0000 0327 0327 0600 0309 0505 035 034 0552 173 0152 09790 09797 0501 09790 0600 0487 0494 0527 0460 0502 0564 0568 0548 0554 0503 0348 0295 0256 0229 0195 0167 0148 //// //// 10056 ///// ///// ////
000000000000000000000000000000000000000000000000000000000000000000000000000000000000000000000000000000000000000000000000=
57285 322300 1132500 01530 01492 4
20100502060000 247 013 233 025 216 040 0503 091 003 167 090 0506 0000 0321 0322 0551 0311 0504 037 036 0554 177 0156 09908 09913 0505 09908 0559 0415 0425 0545 0399 0505 0501 0511 0545 0491 0504 0359 0301 0259 0230 0159 0141 0130 0135 //// 10077 ///// ///// ////
000000000000000000000000000000000000000000000000000000000000000000000000000000000000000000000000000000000000000000000000
130 000 000 000 //// //////////////////////// /// 0000 6///1 0//// 7//// 1//// 20225 3//// /// /// /// // 911// 915// 919// 934// 939//=
57273 324100 1125100 01095 01105 4
20100502060000 240 043 233 045 219 051 0518 226 062 226 087 0509 0000 0307 0308 0551 0295 0504 044 042 0545 194 0171 09947 09953 0501 09947 0600 0376 0391 0509 0374 0555 0516 0522 0542 0512 0516 0329 0277 0238 0216 0171 0151 0135 0138 //// 10073 ///// ///// ////
000000000000000000000000000000000000000000000000000000000000000000000000000000000000000000000000000000000000000000000000
300 000 000 000 //// //////////////////////// /// 0000 6///1 0//// 7//// 1//// 2//// 3//// /// /// /// // 911// 915// 919// 934// 939//=
57187 330400 1125600 01180 01193 4
20100502060000 224 056 217 055 223 061 0506 229 055 198 094 0532 0000 0302 0302 0600 0289 0501 054 053 0557 232 0199 09924 09931 0501 09924 0600 0377 0389 0520 0372 0502 0496 0501 0531 0494 0509 0333 0264 0235 0214 0183 0157 0138 0137 //// 10062 ///// ///// ////
000000000000000000000000000000000000000000000000000000000000000000000000000000000000000000000000000000000000000000000000
220 000 000 000 //// //////////////////////// /// 0000 6///1 0//// 7//// 1//// 2//// 3//// /// /// /// // 911// 915// 919// 934// 939//=
57178 330200 1123500 01292 01305 4
20100502060000 231 039 220 038 217 045 0520 239 046 220 066 0506 0000 0306 0306 0600 0294 0501 049 047 0544 215 0187 09919 09928 0502 09919 0600 0425 0437 0540 0403 0517 0558 0565 0541 0550 0501 0319 0270 0235 0213 0167 0146 0133 0134 0002 10068 ///// ///// ////
000000000000000000000000000000000000000000000000000000000000000000000000000000000000000000000000000000000000000000000000
200 000 000 000 //// //////////////////////// /// 0000 6///1 0//// 7//// 1//// 20177 3//// /// /// /// // 911// 915// 919// 934// 939//=
57169 330300 1115200 01591 01600 4
20100502060000 174 024 165 035 173 043 0503 195 021 175 063 0503 0000 0318 0321 0550 0308 0501 051 046 0521 240 0204 09885 09891 0501 09885 0558 0360 0364 0552 0337 0501 0511 0523 0552 0495 0522 0346 0281 0243 0214 0181 0151 0133 0135 //// 10068 ///// ///// ////
000000000000000000000000000000000000000000000000000000000000000000000000000000000000000000000000000000000000000000000000
150 004 000 000 //// /////////////////////CII 001 0000 6///1 0//// 7//// 1//// 2//// 3//// /// /// /// // 911// 915// 919// 934// 939//=
57176 332900 1122500 02311 02304 4
20100502060000 166 022 172 024 173 029 0556 136 021 167 047 0547 0000 0329 0329 0559 0309 0501 034 032 0550 170 0150 09797 09805 0502 09797 0559 0433 0448 0547 0405 0501 0536 0543 0546 0523 0501 0359 0298 0256 0226 0183 0161 0139 0137 //// 10058 ///// ///// ////
000000000000000000000000000000000000000000000000000000000000000000000000000000000000000000000000000000000000000000000000=
57179 331700 1130000 01604 01616 4
20100502060000 210 044 208 053 206 063 0555 215 031 206 096 0543 0000 0300 0300 0600 0290 0501 058 058 0547 246 0208 09882 09889 0503 09882 0600 0440 0447 0537 0430 0514 0499 0507 0537 0494 0557 0319 0263 0229 0210 0171 0146 0129 0134 //// 10067 ///// ///// ////
000000000000000000000000000000000000000000000000000000000000000000000000000000000000000000000000000000000000000000000000
200 000 000 000 //// //////////////////////// /// 0000 6///1 0//// 7//// 1//// 2//// 3//// /// /// /// // 911// 915// 919// 934// 939//=
57274 324200 1120700 01076 01088 4
20100502060000 189 030 174 028 176 035 0540 175 027 218 059 0516 0000 0307 0307 0559 0295 0508 049 048 0538 216 0188 09946 09955 0502 09946 0557 0454 0455 0559 0441 0553 0526 0528 0559 0520 0553 0349 0293 0255 0227 0200 0179 0149 0145 //// 10071 ///// ///// ////
000000000000000000000000000000000000000000000000000000000000000000000000000000000000000000000000000000000000000000000000
300 000 000 000 //// //////////////////////// /// 0000 6///1 0//// 7//// 1//// 2//// 3//// /// /// /// // 911// 915// 919// 934// 939//=
57065 343000 1121100 01949 01964 4
20100502060000 032 014 042 016 061 016 0531 021 009 040 034 0557 0000 0343 0344 0557 0333 0501 031 028 0516 168 0147 09815 09825 0502 09815 0600 0327 0334 0546 0321 0506 0600 0607 0556 0595 0543 0368 0297 0246 0216 0165 0145 0133 0139 //// 10037 ///// ///// ////
000000000000000000000000000000000000000000000000000000000000000000000000000000000000000000000000000000000000000000000000=
57074 342500 1122500 01973 01989 4
20100502060000 115 007 124 009 173 013 0501 187 010 097 040 0548 0000 0340 0340 0600 0324 0501 031 030 0554 165 0145 09818 09826 0501 09818 0600 0437 0437 0600 0408 0501 0582 0588 0533 0565 0501 0352 0282 0234 0207 0161 0143 0128 0130 //// 10042 ///// ///// ////
000000000000000000000000000000000000000000000000000000000000000000000000000000000000000000000000000000000000000000000000
300 002 000 000 6000 /////////////////////CIE 002 0000 6///1 0//// 7//// 1//// 2//// 3//// /// /// /// // 911// 915// 919// 934// 939//=
57076 344400 1124700 01895 01901 4
20100502060000 245 031 231 033 239 046 0504 265 029 251 058 0510 0000 0330 0330 0600 0316 0503 030 027 0538 151 0131 09820 09829 0501 09820 0600 0408 0427 0533 0399 0506 0537 0540 0533 0521 0505 0331 0267 0215 0189 0155 0135 0121 0125 //// 10035 ///// ///// ////
000000000000000000000000000000000000000000000000000000000000000000000000000000000000000000000000000000000000000000000000=
57070 344400 1120700 03640 03595 4
20100502060000 198 029 146 027 240 038 0508 192 033 246 063 0522 0000 0347 0347 0600 0335 0501 023 021 0518 127 0105 09633 09642 0502 09633 0558 0459 0465 0548 0434 0506 0578 0583 0536 0563 0501 0323 0246 0206 0185 0168 0140 0122 0125 //// 10035 ///// ///// ////
000000000000000000000000000000000000000000000000000000000000000000000000000000000000000000000000000000000000000000000000
300 001 001 001 1500 //////////////////CUOFCB 200 0000 6///1 0//// 7//// 1//// 2//// 3//// /// /// /// // 911// 915// 919// 934// 939//=
57162 340900 1120500 03258 03275 4
20100502060000 039 014 093 014 087 018 0535 101 018 086 038 0551 0000 0337 0341 0541 0320 0501 033 025 0541 173 0152 09667 09675 0501 09667 0600 0387 0406 0522 0373 0549 0609 0637 0521 0605 0549 0361 0282 0237 0211 0159 0142 0128 0134 //// 10035 ///// ///// ////
000000000000000000000000000000000000000000000000000000000000000000000000000000000000000000000000000000000000000000000000=
57078 340900 1122800 03365 03340 4
20100502060000 079 031 069 032 073 036 0532 080 044 057 062 0542 0000 0308 0308 0600 0299 0501 054 051 0507 240 0204 09670 09677 0501 09670 0558 0547 0591 0506 0547 0558 0513 0530 0506 0511 0551 0357 0291 0239 0206 0147 0133 0124 0124 //// 10048 ///// ///// ////
000000000000000000000000000000000000000000000000000000000000000000000000000000000000000000000000000000000000000000000000
150 000 000 000 //// //////////////////////// /// 0000 6///1 0//// 7//// 1//// 2//// 3//// /// /// /// // 911// 915// 919// 934// 939//=
57071 344900 1122600 03333 03332 4
20100502060000 123 031 130 025 143 032 0525 097 043 111 057 0521 0000 0335 0336 0558 0321 0501 030 027 0545 155 0136 09666 09674 0501 09666 0600 0462 0470 0554 0458 0544 0562 0564 0558 0552 0510 0332 0262 0220 0195 0173 0141 0121 0123 //// 10039 ///// ///// ////
000000000000000000000000000000000000000000000000000000000000000000000000000000000000000000000000000000000000000000000000
250 000 000 000 //// //////////////////////// /// 0000 6///1 0//// 7//// 1//// 20166 3//// /// /// /// // 911// 915// 919// 934// 939//=
57066 342300 1114000 03283 03298 4
20100502060000 197 004 140 004 253 015 0514 181 008 257 034 0509 0000 0347 0347 0600 0323 0501 028 021 0550 155 0135 09664 09674 0501 09664 0559 0412 0412 0559 0333 0502 0531 0531 0600 0357 0501 0277 0214 0185 0171 0152 0137 0120 0121 //// 10035 ///// ///// ////
000000000000000000000000000000000000000000000000000000000000000000000000000000000000000000000000000000000000000000000000
250 002 000 000 0900 //////////////////CIEFCB 102 0000 6///1 0//// 7//// 1//// 2//// 3//// /// /// /// // 911// 915// 919// 934// 939//=
57077 334700 1113900 07424 07388 4
20100502060000 194 047 197 054 216 061 0546 192 055 223 092 0509 0000 0320 0322 0552 0318 0501 013 012 0507 062 0002 09238 09243 0505 09238 0600 0421 0438 0518 0421 0600 0525 0543 0514 0523 0556 0329 0266 0218 0190 0156 0128 0113 0117 //// 10051 ///// ///// ////
000000000000000000000000000000000000000000000000000000000000000000000000000000000000000000000000000000000000000000000000
280 002 002 002 1100 ///////////////CUUFCBCII 101 0000 6///1 0//// 7//// 1//// 20156 3//// /// /// /// // 911// 915// 919// 934// 939//=
57183 334800 1135500 00600 00615 4
20100502060000 228 051 229 048 230 050 0543 229 056 232 081 0554 0000 0301 0303 0532 0295 0501 055 054 0538 235 0201 09987 09993 0502 09987 0600 0386 0404 0523 0386 0600 0504 0533 0531 0504 0600 0311 0258 0223 0202 0176 0148 0127 0125 //// 10058 ///// ///// ////
000000000000000000000000000000000000000000000000000000000000000000000000000000000000000000000000000000000000000000000000
400 000 000 000 //// //////////////////////// /// 0000 6///1 0//// 7//// 1//// 2//// 3//// /// /// /// // 911// 915// 919// 934// 939//=
57186 333600 1140300 00587 00598 4
20100502060000 206 069 213 063 213 063 0600 212 062 214 091 0558 0000 0312 0312 0600 0308 0501 047 045 0547 214 0186 09990 09998 0501 09990 0600 0413 0430 0503 0402 0526 0535 0555 0503 0528 0556 0334 0272 0230 0208 0176 0152 0133 0137 //// 10059 ///// ///// ////
000000000000000000000000000000000000000000000000000000000000000000000000000000000000000000000000000000000000000000000000=
57191 342900 1142900 00634 00642 4
20100502060000 187 024 195 022 195 022 0600 229 010 169 047 0558 0000 0313 0318 0548 0306 0501 052 050 0510 238 0203 09979 09987 0501 09979 0600 0393 0408 0531 0378 0515 0489 0506 0518 0486 0529 0338 0284 0243 0215 0166 0141 0125 0127 //// 10053 ///// ///// ////
000000000000000000000000000000000000000000000000000000000000000000000000000000000000000000000000000000000000000000000000
130 000 000 000 //// //////////////////////// /// 0000 6///1 0//// 7//// 1//// 2//// 3//// /// /// /// // 911// 915// 919// 934// 939//=
57096 343200 1144700 00597 00607 4
20100502060000 193 037 198 038 207 039 0556 176 032 187 084 0502 0000 0305 0306 0543 0299 0507 055 052 0501 240 0204 09980 09988 0501 09980 0600 0361 0371 0523 0357 0551 0493 0502 0525 0492 0559 0338 0272 0220 0194 0159 0138 0125 0130 //// 10050 ///// ///// ////
000000000000000000000000000000000000000000000000000000000000000000000000000000000000000000000000000000000000000000000000
280 000 000 000 //// //////////////////////// /// 0000 6///1 0//// 7//// 1//// 2//// 3//// /// /// /// // 911// 915// 919// 934// 939//=
57093 345100 1144900 00733 00740 4
20100502060000 188 050 199 048 203 054 0536 192 078 172 094 0558 0000 0305 0306 0550 0297 0501 053 051 0546 231 0198 09964 09970 0501 09963 0551 0381 0399 0512 0369 0532 0494 0511 0512 0491 0533 0325 0261 0219 0191 0165 0138 0123 0125 //// 10049 ///// ///// ////
000000000000000000000000000000000000000000000000000000000000000000000000000000000000000000000000000000000000000000000000
190 000 000 000 //// //////////////////////// /// 0000 6///1 0//// 7//// 1//// 2//// 3//// /// /// /// // 911// 915// 919// 934// 939//=
57091 344700 1141800 00737 00748 4
20100502060000 214 065 212 062 205 063 0508 228 065 220 086 0556 0000 0301 0301 0600 0295 0501 048 047 0502 205 0179 09959 09965 0506 09959 0600 0356 0386 0519 0355 0557 0455 0478 0517 0453 0544 0328 0264 0221 0187 0165 0142 0124 0120 //// 10045 ///// ///// ////
000000000000000000000000000000000000000000000000000000000000000000000000000000000000000000000000000000000000000000000000
120 000 000 000 //// //////////////////////// /// 0000 6///1 0//// 7//// 1//// 20191 3//// /// /// /// // 911// 915// 919// 934// 939//=
53978 350500 1123800 01401 01409 4
20100502060000 085 043 093 039 084 042 0529 088 051 091 056 0529 0000 0310 0310 0600 0299 0505 050 045 0519 225 0194 09872 09881 0502 09872 0557 0355 0362 0517 0354 0556 0501 0510 0516 0501 0505 0326 0265 0221 0196 0140 0129 0124 0130 //// 10034 ///// ///// ////
000000000000000000000000000000000000000000000000000000000000000000000000000000000000000000000000000000000000000000000000
070 000 000 000 0800 //////////////////CUUFCB 100 0500 6///1 0//// 7//// 1//// 2//// 3//// /// /// /// // 911// 915// 919// 934// 939//=
53987 350600 1132500 00910 00918 4
20100502060000 261 020 250 028 248 038 0501 226 018 254 062 0532 0000 0326 0326 0600 0311 0501 040 038 0533 197 0172 09932 09942 0501 09932 0600 0426 0432 0554 0413 0502 0446 0446 0600 0437 0501 0334 0274 0234 0206 0168 0148 0133 0132 //// 10037 ///// ///// ////
000000000000000000000000000000000000000000000000000000000000000000000000000000000000000000000000000000000000000000000000
150 000 000 000 //// //////////////////////// /// 0000 6///1 0//// 7//// 1//// 2//// 3//// /// /// /// // 911// 915// 919// 934// 939//=
57079 345700 1130200 01064 01069 4
20100502060000 247 041 246 042 243 043 0559 238 047 238 065 0557 0000 0329 0330 0539 0319 0506 031 030 0557 155 0135 09908 09919 0501 09908 0600 0390 0396 0554 0385 0512 0528 0538 0516 0527 0559 0288 0241 0208 0189 0172 0148 0128 0126 //// 10030 ///// ///// ////
000000000000000000000000000000000000000000000000000000000000000000000000000000000000000000000000000000000000000000000000=
57072 345500 1124500 01275 01285 4
20100502060000 222 044 220 041 225 045 0518 220 046 205 069 0557 0000 0333 0333 0600 0319 0501 032 031 0506 164 0144 09885 09896 0501 09885 0600 0409 0423 0553 0401 0519 0549 0562 0536 0542 0518 0317 0251 0208 0186 0142 0129 0117 0119 //// 10032 ///// ///// ////
000000000000000000000000000000000000000000000000000000000000000000000000000000000000000000000000000000000000000000000000
300 000 000 000 //// //////////////////////// /// 0000 6///1 0//// 7//// 1//// 2//// 3//// /// /// /// // 911// 915// 919// 934// 939//=
53982 351400 1131600 01120 01135 4
20100502060000 245 027 244 032 220 042 0518 283 023 266 074 0506 0000 0326 0326 0600 0312 0504 032 031 0548 157 0138 09901 09910 0501 09901 0600 0432 0432 0600 0424 0548 0556 0558 0550 0544 0504 0329 0272 0228 0205 0167 0146 0131 0136 //// 10030 ///// ///// ////
000000000000000000000000000000000000000000000000000000000000000000000000000000000000000000000000000000000000000000000000
250 000 000 000 0900 //////////////////CUUFCB 100 0000 6///1 0//// 7//// 1//// 2//// 3//// /// /// /// // 911// 915// 919// 934// 939//=
53979 350900 1130500 01200 01211 4
20100502060000 239 036 246 036 237 040 0504 234 037 245 056 0504 0000 0319 0319 0600 0302 0505 037 036 0554 175 0154 09898 09907 0501 09898 0600 0435 0443 0555 0408 0504 0578 0587 0544 0564 0504 0349 0279 0233 0206 0152 0140 0128 0133 //// 10036 ///// ///// ////
000000000000000000000000000000000000000000000000000000000000000000000000000000000000000000000000000000000000000000000000=
53992 353900 1143100 00582 00592 4
20100502060000 202 049 202 042 202 058 0503 190 076 206 089 0536 0000 0306 0306 0600 0295 0501 053 050 0503 233 0199 09961 09969 0501 09961 0600 0383 0388 0559 0356 0537 0480 0482 0559 0462 0537 0311 0260 0225 0199 0148 0129 0116 0122 //// 10029 ///// ///// ////
000000000000000000000000000000000000000000000000000000000000000000000000000000000000000000000000000000000000000000000000=
53974 353700 1141100 00723 00739 4
20100502060000 211 058 209 054 207 060 0530 187 047 203 104 0554 0000 0313 0313 0559 0303 0501 039 039 0600 178 0157 09947 09956 0501 09947 0558 0374 0377 0547 0362 0501 0481 0493 0515 0478 0531 0335 0278 0237 0212 0165 0140 0124 0129 //// 10031 ///// ///// ////
000000000000000000000000000000000000000000000000000000000000000000000000000000000000000000000000000000000000000000000000
250 001 000 000 5500 //////////////////CIECII 002 0000 6///1 0//// 7//// 1//// 2//// 3//// /// /// /// // 911// 915// 919// 934// 939//=
53990 354300 1141900 00795 00805 4
20100502060000 195 072 195 072 192 088 0514 200 050 193 114 0523 0000 0304 0304 0600 0293 0501 050 047 0537 217 0188 09935 09942 0501 09935 0600 0393 0394 0554 0371 0506 0510 0515 0555 0493 0538 0322 0266 0225 0205 0178 0143 0118 0116 //// 10027 ///// ///// ////
000000000000000000000000000000000000000000000000000000000000000000000000000000000000000000000000000000000000000000000000=
53991 355600 1142100 00743 00753 4
20100502060000 180 036 167 033 163 037 0549 213 028 173 074 0503 0000 0310 0311 0554 0303 0501 041 041 0600 184 0162 09935 09943 0501 09935 0600 0390 0409 0531 0382 0544 0506 0531 0512 0505 0549 0330 0270 0222 0200 0160 0137 0121 0123 //// 10021 ///// ///// ////
000000000000000000000000000000000000000000000000000000000000000000000000000000000000000000000000000000000000000000000000
200 002 000 000 7000 /////////////////////CII 001 0000 6///1 0//// 7//// 1//// 2//// 3//// /// /// /// // 911// 915// 919// 934// 939//=
53889 360400 1134900 03068 03086 4
20100502060000 156 044 153 044 153 045 0559 168 049 156 074 0552 0000 0353 0366 0501 0352 0542 018 014 0501 103 0074 09664 09670 0501 09664 0600 0429 0479 0501 0380 0537 0562 0600 0503 0482 0538 0391 0337 0301 0268 0147 0125 0121 0107 //// 10007 ///// ///// ////
000000000000000000000000000000000000000000000000000000000000000000000000000000000000000000000000000000000000000000000000
350 004 004 004 1000 //////////////////CUUFCB 100 0000 6///1 0//// 7//// 1//// 2//// 3//// /// /// /// // 911// 915// 919// 934// 939//=
53995 353300 1143000 00625 00645 4
20100502060000 205 063 200 058 198 067 0504 203 079 198 098 0503 0000 0305 0305 0559 0295 0505 049 048 0504 214 0186 09960 09969 0502 09960 0600 0385 0388 0559 0370 0501 0505 0507 0521 0493 0501 0354 0298 0252 0219 0171 0144 0123 0123 //// 10034 ///// ///// ////
000000000000000000000000000000000000000000000000000000000000000000000000000000000000000000000000000000000000000000000000
200 000 000 000 //// //////////////////////// /// 0000 6///1 0//// 7//// 1//// 2//// 3//// /// /// /// // 911// 915// 919// 934// 939//=
53898 360300 1142400 00629 00638 4
20100502060000 178 047 178 054 178 063 0515 173 057 181 108 0557 0000 0312 0313 0556 0303 0503 046 045 0558 209 0182 09945 09953 0501 09945 0600 0486 0531 0537 0486 0545 0525 0545 0537 0525 0600 0309 0255 0216 0189 0139 0122 0112 0119 //// 10018 ///// ///// ////
000000000000000000000000000000000000000000000000000000000000000000000000000000000000000000000000000000000000000000000000
250 000 000 000 //// //////////////////////// /// 0000 6///1 0//// 7//// 1//// 20160 3//// /// /// /// // 911// 915// 919// 934// 939//=
NNNN
