57084 343000 1130300 11784 11790 4
20100501100000 241 037 237 041 234 043 0959 237 037 220 069 0947 0000 0214 0226 0901 0213 0935 032 030 0943 082 0040 08805 08807 0922 08804 0958 0186 0248 0905 0186 1000 0254 0349 0901 0254 1000 0265 0249 0216 0184 0117 //// //// //// //// 10099 ///// ///// ////
000000000000000000000000000000000000000000000000000000000000000000000000000000000000000000000000000000000000000000000000=
57290 330000 1140100 00827 00838 4
20100501100000 083 023 088 020 089 023 0901 063 023 068 035 0957 0000 0271 0284 0901 0271 1000 060 053 0915 215 0187 10001 10003 0918 10001 0959 0240 0279 0901 0240 1000 0317 0389 0901 0317 1000 0302 0279 0248 0223 0164 0144 0130 0135 //// 10099 ///// ///// ////
000000000000000000000000000000000000000000000000000000000000000000000000000000000000000000000000000000000000000000000000=
57188 332200 1140200 00559 00568 4
20100501100000 138 024 141 018 185 024 0916 147 021 142 035 0959 0000 0272 0285 0901 0272 1000 055 048 0902 198 0174 10028 10029 0912 10028 0927 0237 0269 0901 0237 1000 0335 0412 0901 0335 1000 0303 0272 0241 0212 0142 0131 0124 0134 //// 10095 ///// ///// ////
000000000000000000000000000000000000000000000000000000000000000000000000000000000000000000000000000000000000000000000000=
57293 324400 1145900 00380 00391 4
20100501100000 135 009 133 008 161 012 0933 117 011 172 019 0942 0000 0274 0287 0901 0274 1000 055 048 0907 201 0176 10055 10058 0901 10055 1000 0290 0343 0901 0290 1000 0295 0358 0901 0295 1000 0296 0275 0248 0217 0174 0154 0135 0136 //// 10101 ///// ///// ////
000000000000000000000000000000000000000000000000000000000000000000000000000000000000000000000000000000000000000000000000=
57281 324200 1131800 01422 01431 4
20100501100000 313 008 308 010 294 016 0947 327 005 316 027 0949 0000 0283 0296 0905 0283 1000 049 041 0910 188 0166 09934 09935 0901 09934 0936 0308 0363 0902 0308 1000 0308 0370 0901 0308 1000 0295 0273 0245 0220 0156 0136 0128 0134 //// 10101 ///// ///// ////
000000000000000000000000000000000000000000000000000000000000000000000000000000000000000000000000000000000000000000000000=
57196 332800 1145200 00420 00428 4
20100501100000 198 013 198 015 183 026 0901 203 010 217 031 0917 0000 0263 0272 0913 0263 1000 057 051 0905 195 0171 10048 10049 0902 10047 0927 0262 0324 0904 0262 0959 0281 0341 0901 0281 1000 0276 0254 0223 0196 0144 0134 0127 0132 //// 10098 ///// ///// ////
000000000000000000000000000000000000000000000000000000000000000000000000000000000000000000000000000000000000000000000000=
58104 332400 1150400 00412 00425 4
20100501100000 198 013 196 015 195 024 0937 229 017 206 036 0928 0000 0262 0276 0901 0262 1000 061 054 0901 207 0181 10051 10052 0901 10050 0921 0283 0341 0904 0283 1000 0298 0362 0901 0298 1000 0302 0283 0251 0220 0171 0143 0126 0135 //// 10101 ///// ///// ////
000000000000000000000000000000000000000000000000000000000000000000000000000000000000000000000000000000000000000000000000=
57192 334400 1145100 00455 00466 4
20100501100000 176 017 180 017 204 021 0904 167 015 144 035 0939 0000 0272 0282 0901 0272 1000 051 045 0901 184 0162 10042 10043 0959 10041 0902 0265 0319 0901 0265 1000 0290 0345 0901 0290 1000 0303 0280 0244 0213 0164 0147 0133 0140 //// 10097 ///// ///// ////
000000000000000000000000000000000000000000000000000000000000000000000000000000000000000000000000000000000000000000000000=
57190 334500 1142400 00505 00516 4
20100501100000 170 015 163 016 189 024 0915 178 016 194 035 0914 0000 0262 0277 0901 0262 1000 067 056 0918 228 0196 10033 10035 0901 10033 1000 0280 0328 0906 0280 1000 0297 0384 0903 0297 1000 0299 0280 0247 0214 0165 0142 0127 0132 //// 10094 ///// ///// ////
000000000000000000000000000000000000000000000000000000000000000000000000000000000000000000000000000000000000000000000000=
58100 333900 1151000 00414 00424 4
20100501100000 212 014 206 013 207 020 0901 173 014 167 033 0921 0000 0269 0278 0910 0269 1000 053 046 0901 188 0165 10049 10049 1000 10048 0904 0282 0329 0902 0282 1000 0321 0395 0901 0321 1000 0317 0299 0267 0233 0172 0151 0138 0141 //// 10099 ///// ///// ////
000000000000000000000000000000000000000000000000000000000000000000000000000000000000000000000000000000000000000000000000=
57297 320800 1140300 01145 01154 4
20100501100000 218 033 211 035 205 039 0935 232 024 215 069 0954 0000 0282 0296 0901 0282 1000 046 041 0901 176 0155 09967 09969 0916 09967 0946 0280 0339 0901 0280 1000 0321 0403 0901 0321 1000 0318 0300 0273 0243 0180 0157 0140 //// //// 10101 ///// ///// ////
000000000000000000000000000000000000000000000000000000000000000000000000000000000000000000000000000000000000000000000000=
57296 322100 1144400 00489 00501 4
20100501100000 231 009 230 009 212 012 0942 245 010 217 018 0920 0000 0294 0305 0901 0294 1000 041 037 0925 168 0148 10040 10043 0901 10040 1000 0263 0317 0901 0263 0958 0301 0376 0901 0301 1000 0299 0276 0243 0216 0174 0153 0136 0133 //// 10099 ///// ///// ////
000000000000000000000000000000000000000000000000000000000000000000000000000000000000000000000000000000000000000000000000=
57396 313800 1145100 01287 01297 4
20100501100000 208 023 211 027 208 046 0902 223 021 215 069 0928 0000 0276 0290 0901 0276 1000 042 035 0901 155 0135 09955 09955 1000 09953 0902 0270 0319 0901 0270 1000 0293 0366 0901 0293 1000 0303 0283 0253 0220 0183 0151 //// //// //// 10106 ///// ///// ////
000000000000000000000000000000000000000000000000000000000000000000000000000000000000000000000000000000000000000000000000=
58301 314900 1152300 00916 00929 4
20100501100000 211 032 211 029 198 039 0920 206 033 190 051 0914 0000 0291 0302 0901 0291 1000 032 027 0902 129 0107 09995 09995 1000 09994 0901 0234 0261 0901 0234 1000 0301 0367 0901 0301 1000 0302 0285 0261 0235 0186 0160 0138 0134 //// 10103 ///// ///// ////
000000000000000000000000000000000000000000000000000000000000000000000000000000000000000000000000000000000000000000000000=
57390 314800 1140400 07335 07347 4
20100501100000 207 043 207 042 208 051 0948 203 057 211 105 0937 0000 0225 0239 0901 0225 1000 063 055 0901 172 0151 09292 09294 0953 09292 1000 0233 0279 0909 0233 1000 0263 0324 0901 0263 1000 0280 0260 0230 0198 0147 0127 //// //// //// 10119 ///// ///// ////
000000000000000000000000000000000000000000000000000000000000000000000000000000000000000000000000000000000000000000000000=
58207 321000 1150300 00428 00440 4
20100501100000 275 008 282 009 256 020 0905 277 008 240 034 0902 0000 0292 0307 0901 0292 1000 038 032 0901 154 0134 10047 10048 0905 10047 1000 0259 0322 0901 0259 1000 0284 0305 0901 0284 1000 0298 0257 0229 0205 0150 0143 0132 0139 //// 10099 ///// ///// ////
000000000000000000000000000000000000000000000000000000000000000000000000000000000000000000000000000000000000000000000000=
58205 322800 1152600 00349 00360 4
20100501100000 018 007 004 007 330 015 0907 049 006 274 021 0926 0000 0288 0297 0901 0288 1000 054 041 0934 214 0186 10060 10061 0901 10059 0938 0286 0342 0901 0286 1000 0277 0309 0901 0277 1000 0282 0278 0268 0253 0168 0152 0137 0126 //// 10102 ///// ///// ////
000000000000000000000000000000000000000000000000000000000000000000000000000000000000000000000000000000000000000000000000=
57299 320100 1145400 00494 00506 4
20100501100000 210 017 207 017 222 025 0914 223 024 228 039 0912 0000 0288 0305 0901 0288 1000 040 030 0901 158 0139 10041 10041 1000 10039 0901 0252 0323 0901 0252 1000 0298 0365 0901 0298 1000 0302 0300 0288 0271 0180 0151 0133 0131 //// 10100 ///// ///// ////
000000000000000000000000000000000000000000000000000000000000000000000000000000000000000000000000000000000000000000000000=
53997 350900 1141100 00711 00723 4
20100501100000 168 014 152 012 131 018 0910 140 014 121 026 0904 0000 0278 0293 0901 0278 1000 035 028 0902 131 0109 09996 09999 0901 09996 1000 0247 0302 0901 0247 1000 0281 0351 0901 0281 1000 0279 0261 0227 0203 0145 0133 0120 0125 //// 10081 ///// ///// ////
000000000000000000000000000000000000000000000000000000000000000000000000000000000000000000000000000000000000000000000000=
53994 352300 1140400 00700 00712 4
20100501100000 215 013 213 013 199 019 0927 228 013 234 030 0914 0000 0284 0298 0901 0284 1000 033 026 0901 128 0106 09997 09999 0901 09996 0957 0272 0349 0901 0272 1000 0308 0404 0901 0308 1000 0300 0276 0243 0205 0145 0129 0121 0129 //// 10080 ///// ///// ////
000000000000000000000000000000000000000000000000000000000000000000000000000000000000000000000000000000000000000000000000=
53988 351600 1134000 00776 00784 4
20100501100000 339 013 352 011 207 013 0907 335 014 228 022 0906 0000 0281 0299 0919 0281 1000 039 024 0902 148 0129 09987 09988 0901 09987 1000 0244 0322 0904 0244 1000 0288 0361 0904 0288 1000 0290 0270 0239 0212 0142 0131 0122 0128 //// 10079 ///// ///// ////
000000000000000000000000000000000000000000000000000000000000000000000000000000000000000000000000000000000000000000000000=
53985 352700 1134900 00964 00979 4
20100501100000 240 005 281 005 309 008 0919 308 004 322 016 0903 0000 0272 0289 0901 0272 1000 032 026 0902 115 0091 09967 09970 0902 09967 1000 0228 0255 0902 0228 0958 0254 0294 0901 0254 1000 0253 0244 0216 0194 0153 0134 0118 0122 //// 10081 ///// ///// ////
000000000000000000000000000000000000000000000000000000000000000000000000000000000000000000000000000000000000000000000000=
53983 350200 1142500 00696 00708 4
20100501100000 173 028 170 026 170 026 1000 184 032 167 040 0957 0000 0253 0292 0901 0253 1000 057 036 0906 184 0162 10001 10003 0901 10000 0952 0234 0274 0901 0234 1000 0270 0330 0901 0270 1000 0290 0277 0254 0229 0134 0125 0116 0125 //// 10084 ///// ///// ////
000000000000000000000000000000000000000000000000000000000000000000000000000000000000000000000000000000000000000000000000=
57171 334600 1130700 01420 01430 4
20100501100000 171 042 170 044 153 056 0905 164 050 141 069 0902 0000 0261 0274 0901 0261 1000 062 053 0904 210 0183 09921 09922 0910 09920 0918 0276 0309 0901 0276 1000 0286 0337 0901 0286 1000 0278 0261 0239 0217 0179 0159 0141 0137 //// 10088 ///// ///// ////
000000000000000000000000000000000000000000000000000000000000000000000000000000000000000000000000000000000000000000000000=
57185 332700 1133500 00911 00921 4
20100501100000 226 020 223 017 231 023 0931 223 020 242 036 0903 0000 0272 0290 0901 0272 1000 051 044 0904 184 0162 09983 09986 0901 09983 1000 0261 0330 0903 0261 1000 0294 0393 0901 0294 1000 0294 0272 0245 0214 0169 0147 0128 0128 //// 10091 ///// ///// ////
000000000000000000000000000000000000000000000000000000000000000000000000000000000000000000000000000000000000000000000000=
57093 345100 1144900 00733 00740 4
20100501100000 172 020 185 025 218 041 0927 184 016 217 057 0925 0000 0273 0283 0901 0273 1000 051 034 0906 185 0163 10002 10005 0906 10001 0956 0284 0325 0901 0284 1000 0291 0356 0901 0291 1000 0283 0259 0227 0196 0156 0135 0122 0124 //// 10089 ///// ///// ////
000000000000000000000000000000000000000000000000000000000000000000000000000000000000000000000000000000000000000000000000=
53972 350700 1125500 01196 01210 4
20100501100000 120 007 179 008 189 022 0910 119 006 232 035 0913 0000 0298 0302 0931 0298 1000 021 019 0954 088 0051 09933 09936 0919 09933 1000 0221 0267 0901 0221 1000 0291 0380 0901 0291 1000 0279 0260 0236 0207 0155 0142 0133 0138 //// 10073 ///// ///// ////
000000000000000000000000000000000000000000000000000000000000000000000000000000000000000000000000000000000000000000000000=
53898 360300 1142400 00629 00638 4
20100501100000 170 029 165 030 168 035 0904 173 040 173 059 0901 0000 0262 0282 0901 0262 1000 051 033 0902 173 0153 10000 10002 0905 10000 0959 0271 0352 0901 0271 1000 0302 0377 0901 0302 1000 0278 0255 0224 0193 0131 0120 0111 0119 //// 10075 ///// ///// ////
000000000000000000000000000000000000000000000000000000000000000000000000000000000000000000000000000000000000000000000000=
NNNN
