57090 344300 1135800 00781 00802 4
20100501140000 177 012 178 012 162 015 1343 161 008 156 033 1313 0000 0223 0230 1301 0223 1400 071 067 1301 191 0168 10002 10002 1400 09999 1301 0167 0172 1308 0162 1327 0184 0193 1301 0184 1400 0223 0233 0229 0223 0185 0151 0129 0131 //// 10095 ///// ///// ////
000000000000000000000000000000000000000000000000000000000000000000000000000000000000000000000000000000000000000000000000=
57083 344300 1133900 01104 01116 4
20100501140000 149 022 155 023 169 030 1305 143 027 169 051 1314 0000 0232 0241 1301 0231 1347 062 061 1301 176 0155 09963 09964 1343 09960 1301 0156 0173 1301 0156 1345 0186 0199 1304 0186 1400 0217 0223 0220 0212 0155 0137 0128 0131 0001 10092 ///// ///// ////
000000000000000000000000000000000000000000000000000000000000000000000000000000000000000000000000000000000000000000000000
130 000 000 /// //// //////////////////////// /// //// 6///1 0//// 7//// 1//// 2//// 3//// /// /// /// // 911// 915// 919// 934// 939//=
57086 342300 1134300 01166 01168 4
20100501140000 196 018 194 018 195 028 1323 173 022 203 049 1316 0000 0205 0216 1301 0205 1358 074 069 1301 178 0157 09966 09967 1347 09961 1302 0171 0178 1339 0171 1400 0184 0194 1301 0184 1400 0214 0221 0217 0205 0168 0136 0122 0124 //// 10102 ///// ///// ////
000000000000000000000000000000000000000000000000000000000000000000000000000000000000000000000000000000000000000000000000=
57085 343200 1132000 02599 02648 4
20100501140000 320 013 298 012 264 013 1346 341 011 243 029 1333 0000 0216 0223 1318 0214 1355 063 056 1301 162 0143 09797 09797 1351 09793 1302 0187 0198 1314 0180 1355 0174 0185 1301 0174 1400 0203 0213 0211 0200 0172 0141 0125 0128 //// 10101 ///// ///// ////
000000000000000000000000000000000000000000000000000000000000000000000000000000000000000000000000000000000000000000000000=
57081 344800 1132600 01409 01419 4
20100501140000 141 022 147 020 126 025 1307 167 012 144 048 1307 0000 0241 0243 1346 0239 1307 047 044 1320 141 0121 09925 09925 1359 09922 1301 0189 0189 1400 0177 1326 0194 0201 1301 0193 1353 0220 0228 0227 0211 0153 0138 0125 0122 //// 10088 ///// ///// ////
000000000000000000000000000000000000000000000000000000000000000000000000000000000000000000000000000000000000000000000000=
57084 343000 1130300 11784 11790 4
20100501140000 266 060 268 063 272 075 1329 277 069 259 089 1354 0000 0173 0174 1357 0170 1333 054 054 1400 107 0079 08813 08813 1400 08810 1301 0138 0141 1302 0135 1356 0142 0151 1301 0141 1355 0177 0194 0194 0182 0124 //// //// //// //// 10105 ///// ///// ////
000000000000000000000000000000000000000000000000000000000000000000000000000000000000000000000000000000000000000000000000=
57080 344400 1125800 01652 01661 4
20100501140000 117 004 162 004 103 013 1317 063 000 063 026 1315 0000 0213 0226 1337 0213 1400 040 034 1335 101 0072 09898 09898 1352 09892 1301 0116 0127 1316 0114 1352 0170 0184 1301 0170 1400 0220 0233 0230 0217 0154 0131 0119 0123 //// 10091 ///// ///// ////
000000000000000000000000000000000000000000000000000000000000000000000000000000000000000000000000000000000000000000000000=
57082 342800 1130100 04271 04284 4
20100501140000 327 013 335 016 340 019 1339 313 014 338 028 1351 0000 0223 0224 1355 0218 1331 049 049 1400 132 0111 09617 09618 1344 09616 1301 0185 0192 1336 0178 1357 0191 0204 1301 0191 1400 0228 0241 0239 0229 0164 0139 0126 //// //// 10102 ///// ///// ////
000000000000000000000000000000000000000000000000000000000000000000000000000000000000000000000000000000000000000000000000=
57295 323700 1142100 00785 00802 4
20100501140000 202 011 203 011 197 012 1345 226 016 192 026 1319 0000 0236 0250 1301 0236 1400 063 059 1301 183 0161 10020 10020 1358 10016 1301 0157 0171 1301 0157 1400 0209 0223 1301 0209 1400 0240 0236 0227 0215 0158 0142 0129 0132 //// 10113 ///// ///// ////
000000000000000000000000000000000000000000000000000000000000000000000000000000000000000000000000000000000000000000000000=
57189 330800 1135700 00646 00655 4
20100501140000 221 003 224 006 198 010 1352 223 000 192 016 1347 0000 0191 0202 1301 0191 1400 094 090 1303 208 0181 10032 10032 1357 10028 1301 0140 0141 1301 0138 1344 0190 0198 1301 0190 1400 0220 0227 0226 0219 0151 0134 0124 0127 //// 10108 ///// ///// ////
000000000000000000000000000000000000000000000000000000000000000000000000000000000000000000000000000000000000000000000000=
57194 331700 1141600 00598 00609 4
20100501140000 151 004 146 005 148 006 1348 158 009 167 013 1354 0000 0188 0206 1301 0188 1356 092 081 1301 200 0175 10035 10036 1354 10034 1301 0132 0140 1301 0131 1358 0168 0179 1301 0168 1400 0214 0224 0222 0213 0150 0133 0123 0127 //// 10106 ///// ///// ////
000000000000000000000000000000000000000000000000000000000000000000000000000000000000000000000000000000000000000000000000=
57197 330000 1142000 00489 00545 4
20100501140000 167 018 164 018 155 022 1339 142 018 158 036 1333 0000 0209 0216 1302 0209 1346 089 085 1305 220 0190 10045 10045 1400 10042 1302 0153 0154 1359 0131 1328 0192 0196 1301 0192 1329 0225 0228 0223 0211 0163 0143 0127 0128 //// 10108 ///// ///// ////
000000000000000000000000000000000000000000000000000000000000000000000000000000000000000000000000000000000000000000000000=
57294 325000 1140100 00836 00846 4
20100501140000 223 009 217 010 236 019 1325 220 005 226 033 1322 0000 0211 0213 1349 0207 1301 081 080 1351 203 0177 10010 10010 1359 10005 1301 0166 0179 1306 0166 1333 0200 0208 1306 0200 1400 0226 0230 0221 0206 0153 0141 0127 0126 //// 10108 ///// ///// ////
000000000000000000000000000000000000000000000000000000000000000000000000000000000000000000000000000000000000000000000000=
57292 325800 1143800 00444 00453 4
20100501140000 164 019 156 013 156 013 1400 147 026 170 036 1353 0000 0221 0221 1400 0206 1331 078 078 1400 207 0181 10060 10060 1400 10057 1301 0179 0179 1359 0156 1326 0203 0205 1301 0198 1330 0227 0233 0228 0220 0175 0147 0132 0135 //// 10113 ///// ///// ////
000000000000000000000000000000000000000000000000000000000000000000000000000000000000000000000000000000000000000000000000=
57195 333700 1143700 00466 00476 4
20100501140000 149 011 191 010 191 010 1400 139 010 133 025 1356 0000 0228 0235 1301 0228 1400 070 068 1301 194 0170 10050 10051 1324 10048 1303 0167 0179 1314 0159 1339 0194 0204 1301 0193 1357 0226 0239 0240 0230 0163 0141 0128 0141 //// 10105 ///// ///// ////
000000000000000000000000000000000000000000000000000000000000000000000000000000000000000000000000000000000000000000000000=
57193 334700 1143100 00526 00541 4
20100501140000 183 016 182 013 177 014 1338 212 006 161 032 1335 0000 0222 0228 1303 0222 1400 076 073 1304 203 0178 10043 10044 1356 10042 1301 0186 0187 1303 0184 1329 0194 0199 1301 0193 1359 0213 0220 0220 0213 0166 0143 0130 0132 //// 10106 ///// ///// ////
000000000000000000000000000000000000000000000000000000000000000000000000000000000000000000000000000000000000000000000000=
57099 340400 1145100 00526 00536 4
20100501140000 090 004 089 000 185 006 1301 329 005 155 014 1326 0000 0203 0211 1301 0203 1400 078 075 1301 186 0163 10044 10044 1400 10041 1301 0132 0158 1302 0131 1355 0174 0188 1301 0174 1400 0207 0220 0216 0205 0164 0140 0123 0132 //// 10107 ///// ///// ////
000000000000000000000000000000000000000000000000000000000000000000000000000000000000000000000000000000000000000000000000=
58104 332400 1150400 00412 00425 4
20100501140000 148 014 145 012 155 014 1338 164 014 148 019 1333 0000 0193 0193 1400 0187 1312 089 087 1306 199 0174 10061 10061 1400 10059 1304 0155 0161 1301 0155 1348 0183 0195 1301 0183 1400 0219 0234 0232 0221 0177 0143 0126 0135 //// 10111 ///// ///// ////
000000000000000000000000000000000000000000000000000000000000000000000000000000000000000000000000000000000000000000000000=
57198 333300 1143700 00463 00473 4
20100501140000 168 005 170 005 176 007 1308 152 005 184 011 1305 0000 0200 0212 1301 0200 1400 085 080 1301 199 0174 10051 10052 1322 10050 1301 0129 0138 1301 0129 1400 0181 0195 1301 0181 1400 0217 0229 0226 0216 0155 0142 0131 0139 //// 10106 ///// ///// ////
000000000000000000000000000000000000000000000000000000000000000000000000000000000000000000000000000000000000000000000000=
58101 335200 1152900 00413 00428 4
20100501140000 128 004 116 003 127 007 1301 142 001 158 011 1315 0000 0172 0181 1301 0169 1330 094 086 1301 184 0162 10061 10062 1355 10059 1301 0108 0117 1301 0108 1351 0154 0167 1301 0154 1400 0207 0213 0209 0198 0152 0137 0125 0131 //// 10111 ///// ///// ////
000000000000000000000000000000000000000000000000000000000000000000000000000000000000000000000000000000000000000000000000=
57098 340500 1142400 00583 00593 4
20100501140000 159 015 157 015 174 017 1301 181 019 167 025 1356 0000 0209 0221 1301 0209 1400 080 076 1301 198 0173 10033 10033 1400 10030 1310 0163 0180 1301 0159 1338 0174 0185 1301 0174 1359 0192 0203 0204 0199 0162 0139 0124 0130 //// 10102 ///// ///// ////
000000000000000000000000000000000000000000000000000000000000000000000000000000000000000000000000000000000000000000000000=
57190 334500 1142400 00505 00516 4
20100501140000 181 016 180 017 168 023 1333 178 016 163 029 1331 0000 0189 0208 1301 0189 1400 085 081 1301 186 0163 10043 10044 1344 10042 1301 0146 0164 1329 0146 1400 0164 0178 1301 0164 1400 0211 0225 0225 0213 0172 0142 0127 0132 //// 10103 ///// ///// ////
000000000000000000000000000000000000000000000000000000000000000000000000000000000000000000000000000000000000000000000000=
57088 340900 1133000 01161 01177 4
20100501140000 068 002 069 005 122 014 1302 062 003 107 017 1334 0000 0179 0192 1301 0179 1400 089 085 1301 182 0161 09968 09968 1400 09962 1301 0140 0147 1301 0140 1400 0165 0178 1301 0165 1400 0215 0231 0230 0219 0145 0132 0126 0131 //// 10105 ///// ///// ////
000000000000000000000000000000000000000000000000000000000000000000000000000000000000000000000000000000000000000000000000=
57095 340700 1140900 00611 00622 4
20100501140000 180 014 186 014 163 022 1320 161 018 161 039 1317 0000 0212 0225 1301 0212 1400 081 076 1301 204 0178 10028 10028 1400 10024 1301 0148 0161 1311 0141 1350 0179 0191 1301 0178 1350 0215 0215 0226 0218 0159 0138 0125 0129 //// 10100 ///// ///// ////
000000000000000000000000000000000000000000000000000000000000000000000000000000000000000000000000000000000000000000000000=
57182 335100 1133000 00805 00814 4
20100501140000 112 008 143 010 132 016 1309 091 008 228 028 1333 0000 0211 0218 1301 0207 1326 076 072 1301 190 0167 10008 10008 1400 10005 1301 0168 0171 1301 0156 1317 0181 0193 1301 0180 1358 0230 0242 0237 0218 0170 0147 0133 0139 //// 10103 ///// ///// ////
000000000000000000000000000000000000000000000000000000000000000000000000000000000000000000000000000000000000000000000000=
57297 320800 1140300 01145 01154 4
20100501140000 199 035 202 042 204 043 1358 206 023 187 073 1356 0000 0247 0253 1301 0247 1350 064 059 1301 199 0174 09981 09982 1356 09978 1301 0222 0224 1357 0215 1333 0226 0232 1301 0225 1352 0244 0251 0249 0239 0184 0158 0140 //// //// 10114 ///// ///// ////
000000000000000000000000000000000000000000000000000000000000000000000000000000000000000000000000000000000000000000000000=
58301 314900 1152300 00916 00929 4
20100501140000 209 023 212 024 197 030 1317 215 021 195 046 1310 0000 0225 0231 1301 0225 1400 063 060 1315 172 0151 10013 10013 1400 10009 1303 0186 0195 1316 0184 1335 0209 0217 1301 0209 1400 0237 0243 0242 0233 0194 0161 0138 0134 //// 10121 ///// ///// ////
000000000000000000000000000000000000000000000000000000000000000000000000000000000000000000000000000000000000000000000000=
57298 321300 1143300 00554 00562 4
20100501140000 221 025 226 024 220 026 1322 220 023 220 039 1313 0000 0235 0247 1301 0235 1400 065 060 1301 188 0165 10049 10050 1348 10045 1301 0193 0200 1301 0192 1351 0206 0216 1301 0206 1351 0235 0237 0230 0216 0158 0143 0126 0137 //// 10114 ///// ///// ////
000000000000000000000000000000000000000000000000000000000000000000000000000000000000000000000000000000000000000000000000=
57390 314800 1140400 07335 07347 4
20100501140000 212 061 211 061 211 067 1315 234 061 200 124 1321 0000 0194 0198 1302 0194 1400 083 080 1313 187 0164 09300 09300 1400 09298 1310 0186 0189 1315 0182 1351 0173 0179 1302 0171 1359 0202 0209 0208 0197 0153 0128 //// //// //// 10126 ///// ///// ////
000000000000000000000000000000000000000000000000000000000000000000000000000000000000000000000000000000000000000000000000=
58208 321000 1153700 00429 00439 4
20100501140000 172 007 168 007 165 010 1306 169 004 141 013 1304 0000 0212 0219 1301 0212 1400 080 069 1306 201 0176 10065 10065 1400 10062 1301 0173 0182 1321 0171 1352 0213 0221 1301 0213 1400 0242 0255 0253 0244 0176 0157 0141 0142 //// 10116 ///// ///// ////
000000000000000000000000000000000000000000000000000000000000000000000000000000000000000000000000000000000000000000000000=
53989 350300 1135700 00766 00777 4
20100501140000 171 018 173 019 170 022 1310 170 015 215 043 1307 0000 0226 0235 1301 0226 1400 065 063 1321 178 0157 10000 10001 1327 09998 1301 0176 0195 1301 0176 1358 0184 0198 1301 0184 1355 0216 0227 0225 0215 0158 0136 0122 0125 //// 10090 ///// ///// ////
000000000000000000000000000000000000000000000000000000000000000000000000000000000000000000000000000000000000000000000000=
53986 351900 1135300 00732 00740 4
20100501140000 224 015 220 021 209 025 1342 218 012 232 045 1321 0000 0236 0242 1301 0236 1400 070 067 1301 204 0178 10007 10007 1340 10005 1301 0207 0217 1313 0201 1352 0193 0203 1301 0193 1400 0217 0219 0214 0206 0161 0138 0125 0130 //// 10093 ///// ///// ////
000000000000000000000000000000000000000000000000000000000000000000000000000000000000000000000000000000000000000000000000=
53988 351600 1134000 00776 00784 4
20100501140000 023 007 021 006 062 008 1326 024 007 062 013 1324 0000 0197 0210 1301 0197 1400 071 063 1301 163 0143 09997 09998 1350 09996 1301 0136 0149 1301 0136 1359 0167 0182 1301 0167 1400 0217 0227 0222 0211 0145 0131 0122 0128 //// 10088 ///// ///// ////
000000000000000000000000000000000000000000000000000000000000000000000000000000000000000000000000000000000000000000000000=
53998 351200 1143900 00616 00625 4
20100501140000 168 024 166 025 162 029 1302 156 022 142 045 1327 0000 0216 0225 1301 0216 1400 073 068 1301 188 0166 10022 10024 1330 10021 1303 0177 0185 1301 0176 1327 0190 0200 1301 0190 1358 0217 0223 0216 0203 0170 0141 0123 0130 //// 10095 ///// ///// ////
000000000000000000000000000000000000000000000000000000000000000000000000000000000000000000000000000000000000000000000000=
57051 344800 1111200 04099 04117 4
20100501140000 272 005 096 008 086 011 1337 251 005 102 024 1353 0000 0221 0232 1301 0221 1400 027 027 1340 072 0022 09613 09614 1322 09610 1301 0134 0134 1400 0120 1331 0162 0170 1301 0160 1355 0211 0224 0223 0213 0166 0131 0118 0120 //// 10081 ///// ///// ////
000000000000000000000000000000000000000000000000000000000000000000000000000000000000000000000000000000000000000000000000=
57063 344600 1114600 05236 05236 4
20100501140000 257 006 281 004 075 028 1308 220 003 077 040 1301 0000 0176 0201 1313 0176 1400 048 037 1312 097 0065 09500 09500 1400 09497 1301 0077 0088 1321 0077 1400 0139 0155 1301 0139 1400 0197 0208 0200 0185 0118 0111 0103 0111 //// 10095 ///// ///// ////
000000000000000000000000000000000000000000000000000000000000000000000000000000000000000000000000000000000000000000000000=
57067 340300 1110200 05688 05699 4
20100501140000 000 000 000 000 270 005 1310 257 000 308 010 1315 0000 0177 0196 1301 0177 1400 058 049 1311 117 0093 09454 09454 1357 09449 1301 0126 0135 1304 0124 1357 0187 0199 1301 0187 1400 0223 0230 0206 0223 0162 0144 0122 0125 //// 10103 ///// ///// ////
000000000000000000000000000000000000000000000000000000000000000000000000000000000000000000000000000000000000000000000000=
57056 343200 1105300 03904 03909 4
20100501140000 149 020 134 023 140 028 1343 156 016 147 045 1337 0000 0240 0242 1353 0195 1301 027 025 1351 081 0039 09632 09632 1400 09629 1309 0146 0146 1358 0125 1324 0182 0182 1400 0177 1336 0216 0234 0230 0217 0142 0129 0117 0121 //// 10075 ///// ///// ////
000000000000000000000000000000000000000000000000000000000000000000000000000000000000000000000000000000000000000000000000=
58007 340400 1151800 00472 00532 4
20100501140000 137 012 131 010 160 012 1327 142 008 133 020 1358 0000 0193 0208 1312 0193 1400 082 076 1318 183 0162 10047 10047 1358 10045 1302 0133 0149 1308 0132 1356 0167 0179 1304 0167 1400 0207 0216 0213 0203 0149 0136 0126 0132 //// 10109 ///// ///// ////
000000000000000000000000000000000000000000000000000000000000000000000000000000000000000000000000000000000000000000000000=
58006 342300 1155300 00463 00506 4
20100501140000 129 011 140 010 165 012 1312 125 015 178 018 1304 0000 0179 0184 1326 0179 1400 079 079 1331 162 0142 10055 10055 1400 10054 1310 0124 0131 1301 0121 1355 0159 0172 1301 0159 1400 0194 0211 0212 0203 0158 0137 0122 0127 //// 10114 ///// ///// ////
000000000000000000000000000000000000000000000000000000000000000000000000000000000000000000000000000000000000000000000000=
58111 335800 1162700 00325 00325 4
20100501140000 154 021 155 019 160 025 1307 173 020 167 042 1332 0000 0215 0226 1305 0215 1400 063 061 1310 161 0142 10079 10079 1342 10076 1301 0159 0164 1311 0159 1400 0174 0185 1301 0174 1400 0191 0199 0197 0190 0152 0137 0129 0138 //// 10117 ///// ///// ////
000000000000000000000000000000000000000000000000000000000000000000000000000000000000000000000000000000000000000000000000=
58017 341500 1160800 00410 00420 4
20100501140000 150 015 144 014 156 018 1307 161 017 175 038 1329 0000 0217 0221 1332 0215 1301 074 072 1334 192 0169 10061 10062 1355 10059 1301 0153 0159 1310 0138 1301 0174 0179 1309 0174 1358 0196 0202 0200 0193 0148 0136 0126 0129 //// 10110 ///// ///// ////
000000000000000000000000000000000000000000000000000000000000000000000000000000000000000000000000000000000000000000000000=
58001 342600 1150600 00563 00569 4
20100501140000 193 013 184 011 186 013 1342 206 016 201 021 1337 0000 0197 0201 1318 0197 1400 080 077 1326 184 0162 10036 10038 1349 10035 1301 0141 0149 1332 0141 1400 0164 0173 1301 0164 1400 0191 0201 0200 0191 0147 0128 0117 0126 //// 10103 ///// ///// ////
000000000000000000000000000000000000000000000000000000000000000000000000000000000000000000000000000000000000000000000000=
58005 342700 1154000 00501 00511 4
20100501140000 197 019 191 020 197 023 1353 220 020 200 034 1353 0000 0216 0217 1347 0211 1323 070 069 1347 181 0159 10047 10050 1341 10047 1400 0148 0159 1353 0123 1302 0168 0172 1349 0161 1330 0203 0213 0208 0198 0148 0132 0126 0133 0000 10107 ///// ///// ////
000000000000000000000000000000000000000000000000000000000000000000000000000000000000000000000000000000000000000000000000
150 000 000 /// //// //////////////////////// /// //// 6///1 0//// 7//// 1//// 2//// 3//// /// /// /// // 911// 915// 919// 934// 939//=
58008 342800 1152000 00544 00592 4
20100501140000 155 009 159 007 159 007 1400 113 005 156 019 1357 0000 0191 0191 1400 0184 1335 080 078 1301 177 0156 10036 10036 1400 10034 1301 0140 0142 1351 0122 1331 0164 0172 1301 0163 1358 0192 0203 0204 0196 0145 0133 0122 0129 //// 10105 ///// ///// ////
000000000000000000000000000000000000000000000000000000000000000000000000000000000000000000000000000000000000000000000000=
58004 343900 1150900 00606 00616 4
20100501140000 163 005 145 004 146 009 1316 164 002 139 026 1309 0000 0193 0200 1314 0193 1400 082 080 1301 183 0162 10030 10030 1347 10028 1302 0138 0150 1312 0138 1356 0175 0186 1301 0175 1400 0210 0228 0223 0215 0158 0137 0126 0129 //// 10102 ///// ///// ////
000000000000000000000000000000000000000000000000000000000000000000000000000000000000000000000000000000000000000000000000=
54817 355900 1155200 00421 00434 4
20100501140000 178 016 185 017 184 020 1344 195 010 175 037 1344 0000 0201 0208 1301 0201 1400 059 052 1301 139 0118 10042 10043 1348 10040 1306 0131 0131 1353 0118 1329 0149 0152 1303 0144 1328 0193 0205 0205 0192 0135 0119 0111 0113 //// 10093 ///// ///// ////
000000000000000000000000000000000000000000000000000000000000000000000000000000000000000000000000000000000000000000000000=
54902 355400 1150700 00495 00499 4
20100501140000 183 027 185 026 166 028 1308 184 030 167 048 1305 0000 0203 0212 1308 0202 1344 068 053 1301 162 0142 10028 10030 1352 10028 1301 0175 0186 1304 0174 1359 0165 0170 1310 0165 1341 0203 0211 0207 0195 0142 0117 0110 0115 //// 10086 ///// ///// ////
000000000000000000000000000000000000000000000000000000000000000000000000000000000000000000000000000000000000000000000000=
54900 354200 1150100 00537 00541 4
20100501140000 169 023 172 024 171 028 1337 164 024 187 042 1333 0000 0207 0214 1301 0207 1400 074 067 1301 181 0159 10027 10028 1333 10026 1301 0156 0165 1336 0156 1400 0173 0181 1305 0173 1357 0208 0216 0211 0198 0159 0129 0114 0114 //// 10090 ///// ///// ////
000000000000000000000000000000000000000000000000000000000000000000000000000000000000000000000000000000000000000000000000=
54901 360500 1151000 00475 00478 4
20100501140000 179 036 177 037 171 040 1331 178 033 181 057 1331 0000 0189 0190 1339 0184 1305 067 055 1301 146 0126 10032 10032 1347 10030 1301 0157 0157 1400 0129 1302 0160 0160 1357 0154 1306 0189 0201 0202 0193 0157 0132 0115 0115 //// 10088 ///// ///// ////
000000000000000000000000000000000000000000000000000000000000000000000000000000000000000000000000000000000000000000000000=
54903 355100 1152900 00457 00506 4
20100501140000 198 031 195 030 195 030 1400 206 035 209 059 1357 0000 0213 0214 1315 0211 1356 057 054 1317 144 0124 10032 10033 1358 10032 1309 0198 0198 1400 0185 1303 0174 0175 1316 0172 1350 0196 0206 0203 0192 0152 0128 0117 0116 //// 10091 ///// ///// ////
000000000000000000000000000000000000000000000000000000000000000000000000000000000000000000000000000000000000000000000000=
57184 333800 1132200 00834 00847 4
20100501140000 174 008 157 009 127 011 1349 161 007 247 018 1312 0000 0207 0221 1301 0207 1400 078 071 1304 190 0167 10003 10004 1328 10001 1301 0151 0166 1301 0151 1400 0174 0188 1301 0174 1400 0229 0242 0239 0228 0137 0131 0125 0132 //// 10102 ///// ///// ////
000000000000000000000000000000000000000000000000000000000000000000000000000000000000000000000000000000000000000000000000=
57177 332000 1133200 00898 00913 4
20100501140000 051 012 032 011 032 011 1400 057 012 175 016 1344 0000 0198 0198 1400 0183 1312 075 075 1400 173 0152 09999 09999 1400 09996 1301 0156 0157 1347 0142 1311 0183 0189 1301 0183 1400 0189 0225 0215 0218 0162 0142 0129 0125 //// 10105 ///// ///// ////
000000000000000000000000000000000000000000000000000000000000000000000000000000000000000000000000000000000000000000000000=
57075 341000 1125200 02031 02043 4
20100501140000 083 041 084 039 084 039 1400 082 043 079 048 1359 0000 0201 0205 1301 0200 1334 079 077 1301 186 0163 09866 09868 1336 09865 1301 0188 0190 1309 0185 1333 0182 0186 1308 0181 1333 0211 0226 0228 0220 0195 0157 0131 0126 //// 10103 ///// ///// ////
000000000000000000000000000000000000000000000000000000000000000000000000000000000000000000000000000000000000000000000000=
57173 334500 1125300 01457 01468 4
20100501140000 187 020 192 019 192 019 1400 175 019 200 031 1359 0000 0212 0212 1400 0206 1338 077 076 1350 194 0170 09930 09931 1333 09928 1301 0162 0162 1400 0152 1340 0187 0195 1301 0184 1354 0234 0244 0241 0226 0165 0144 0129 0135 //// 10100 ///// ///// ////
000000000000000000000000000000000000000000000000000000000000000000000000000000000000000000000000000000000000000000000000=
57180 335900 1131200 01175 01186 4
20100501140000 014 010 342 008 230 011 1344 012 011 223 017 1342 0000 0177 0197 1301 0177 1400 084 077 1301 170 0150 09964 09965 1337 09962 1301 0140 0150 1301 0133 1350 0173 0188 1301 0173 1400 0228 0243 0240 0224 0158 0140 0128 0133 //// 10103 ///// ///// ////
000000000000000000000000000000000000000000000000000000000000000000000000000000000000000000000000000000000000000000000000=
57181 335300 1130300 01364 01380 4
20100501140000 188 014 192 015 231 025 1303 173 015 220 028 1303 0000 0191 0207 1317 0189 1352 085 079 1301 188 0165 09946 09946 1400 09943 1303 0142 0154 1301 0141 1345 0175 0185 1301 0175 1400 0221 0233 0236 0226 0169 0143 0129 0132 //// 10107 ///// ///// ////
000000000000000000000000000000000000000000000000000000000000000000000000000000000000000000000000000000000000000000000000=
57175 330300 1121400 01914 01922 4
20100501140000 031 003 026 002 348 010 1319 043 003 358 017 1319 0000 0175 0183 1302 0175 1400 095 092 1301 190 0167 09892 09892 1351 09889 1301 0158 0168 1303 0158 1400 0191 0207 1301 0191 1400 0240 0249 0243 0228 0158 0143 0133 0139 //// 10116 ///// ///// ////
000000000000000000000000000000000000000000000000000000000000000000000000000000000000000000000000000000000000000000000000=
57156 331800 1113000 02503 02523 4
20100501140000 000 000 000 000 124 014 1314 350 000 130 022 1308 0000 0220 0229 1311 0220 1357 073 069 1318 193 0169 09824 09824 1359 09821 1301 0175 0188 1301 0175 1400 0199 0213 1301 0199 1400 0234 0240 0236 0224 0178 0155 0137 0143 //// 10115 ///// ///// ////
000000000000000000000000000000000000000000000000000000000000000000000000000000000000000000000000000000000000000000000000=
57271 323300 1122300 00879 00897 4
20100501140000 164 012 162 012 105 015 1312 184 016 164 024 1359 0000 0210 0219 1303 0210 1400 081 077 1306 201 0176 10006 10007 1349 10003 1301 0150 0151 1358 0143 1341 0187 0195 1302 0187 1400 0233 0246 0245 0234 0164 0142 0134 0139 //// 10110 ///// ///// ////
000000000000000000000000000000000000000000000000000000000000000000000000000000000000000000000000000000000000000000000000=
57261 330700 1113100 02330 02345 4
20100501140000 053 011 053 014 250 027 1316 054 014 239 047 1309 0000 0226 0247 1301 0226 1400 075 064 1301 206 0179 09833 09833 1400 09830 1301 0199 0219 1310 0198 1356 0216 0229 1301 0216 1400 0248 0255 0251 0239 0192 0165 0148 //// //// 10103 ///// ///// ////
000000000000000000000000000000000000000000000000000000000000000000000000000000000000000000000000000000000000000000000000=
57285 322300 1132500 01530 01492 4
20100501140000 014 011 013 007 155 020 1322 029 013 195 047 1313 0000 0242 0248 1316 0242 1400 062 059 1301 187 0165 09942 09942 1358 09939 1301 0158 0180 1330 0158 1400 0204 0216 1315 0204 1400 0239 0249 0247 0237 0156 0140 0129 0135 //// ///// ///// ///// ////
////////////////////////////////////////////////////////////////////////////////////////////////////////////////////////=
57273 324100 1125100 01095 01105 4
20100501140000 206 014 193 011 205 022 1301 212 013 215 037 1301 0000 0233 0253 1302 0233 1400 060 053 1301 172 0151 09984 09985 1348 09981 1308 0177 0196 1308 0177 1400 0206 0222 1301 0206 1400 0243 0250 0242 0228 0168 0149 0134 0138 //// 10112 ///// ///// ////
000000000000000000000000000000000000000000000000000000000000000000000000000000000000000000000000000000000000000000000000=
57187 330400 1125600 01180 01193 4
20100501140000 105 014 113 010 113 010 1400 099 016 099 016 1400 0000 0193 0204 1301 0191 1348 090 084 1309 201 0176 09965 09965 1400 09960 1301 0145 0155 1301 0145 1359 0195 0207 1301 0195 1359 0234 0233 0238 0227 0181 0154 0138 0136 //// 10104 ///// ///// ////
000000000000000000000000000000000000000000000000000000000000000000000000000000000000000000000000000000000000000000000000=
57178 330200 1123500 01292 01305 4
20100501140000 PPC 002 163 004 304 011 1335 119 004 310 015 1331 0000 0210 0218 1301 0210 1400 081 077 1301 201 0176 09961 09961 1400 09956 1302 0150 0156 1301 0150 1400 0188 0198 1301 0188 1400 0233 0240 0234 0223 0165 0144 0133 0134 0000 10112 ///// ///// ////
000000000000000000000000000000000000000000000000000000000000000000000000000000000000000000000000000000000000000000000000
120 000 000 /// //// //////////////////////// /// //// 6///1 0//// 7//// 1//// 2//// 3//// /// /// /// // 911// 915// 919// 934// 939//=
57169 330300 1115200 01591 01600 4
20100501140000 141 002 201 008 186 012 1329 116 001 203 020 1312 0000 0195 0216 1301 0195 1400 092 084 1301 208 0182 09926 09928 1346 09924 1302 0182 0190 1318 0182 1400 0185 0198 1302 0185 1400 0230 0239 0238 0226 0184 0149 0132 0135 //// 10112 ///// ///// ////
000000000000000000000000000000000000000000000000000000000000000000000000000000000000000000000000000000000000000000000000=
57176 332900 1122500 02311 02304 4
20100501140000 303 015 302 015 321 016 1353 302 015 001 022 1345 0000 0209 0223 1301 0209 1400 076 071 1301 188 0165 09849 09850 1348 09845 1336 0175 0188 1301 0175 1400 0205 0217 1301 0205 1400 0238 0246 0245 0237 0184 0157 0138 0137 //// 10114 ///// ///// ////
000000000000000000000000000000000000000000000000000000000000000000000000000000000000000000000000000000000000000000000000=
57179 331700 1130000 01604 01616 4
20100501140000 275 008 282 004 272 008 1326 277 008 313 010 1308 0000 0184 0195 1301 0184 1400 092 089 1301 195 0171 09924 09925 1353 09921 1301 0147 0159 1301 0146 1346 0191 0202 1301 0191 1400 0229 0236 0232 0223 0171 0144 0129 0134 //// 10112 ///// ///// ////
000000000000000000000000000000000000000000000000000000000000000000000000000000000000000000000000000000000000000000000000=
57274 324200 1120700 01076 01088 4
20100501140000 109 010 092 007 070 010 1354 108 015 066 018 1349 0000 0196 0208 1301 0196 1400 085 084 1338 194 0170 09981 09982 1353 09978 1301 0178 0186 1301 0178 1359 0194 0205 1301 0194 1359 0234 0244 0247 0239 0198 0174 0147 0144 //// 10108 ///// ///// ////
000000000000000000000000000000000000000000000000000000000000000000000000000000000000000000000000000000000000000000000000=
57065 343000 1121100 01949 01964 4
20100501140000 022 016 021 013 350 014 1343 319 010 015 028 1343 0000 0226 0239 1301 0225 1357 050 044 1318 137 0117 09860 09860 1357 09857 1304 0167 0176 1301 0163 1340 0193 0206 1301 0192 1337 0236 0247 0244 0230 0161 0142 0133 0138 //// 10087 ///// ///// ////
000000000000000000000000000000000000000000000000000000000000000000000000000000000000000000000000000000000000000000000000=
57074 342500 1122500 01973 01989 4
20100501140000 193 007 205 009 211 010 1357 142 015 198 024 1356 0000 0235 0240 1302 0235 1400 059 055 1301 171 0150 09864 09865 1354 09860 1302 0170 0190 1303 0159 1338 0198 0211 1303 0197 1341 0233 0241 0235 0221 0159 0140 0128 0130 //// 10093 ///// ///// ////
000000000000000000000000000000000000000000000000000000000000000000000000000000000000000000000000000000000000000000000000=
57076 344400 1124700 01895 01901 4
20100501140000 101 015 095 015 091 020 1301 102 015 127 025 1328 0000 0237 0247 1301 0236 1354 042 036 1301 123 0100 09868 09868 1400 09864 1301 0176 0208 1301 0176 1359 0176 0192 1301 0175 1359 0209 0220 0215 0202 0153 0133 0120 0125 //// 10087 ///// ///// ////
000000000000000000000000000000000000000000000000000000000000000000000000000000000000000000000000000000000000000000000000=
57070 344400 1120700 03640 03595 4
20100501140000 039 026 038 026 040 027 1356 043 025 046 035 1358 0000 0218 0228 1301 0218 1400 052 046 1301 136 0115 09680 09681 1359 09676 1303 0197 0199 1344 0175 1316 0184 0187 1301 0183 1321 0213 0219 0212 0197 0165 0137 0122 0125 //// 10091 ///// ///// ////
000000000000000000000000000000000000000000000000000000000000000000000000000000000000000000000000000000000000000000000000=
57162 340900 1120500 03258 03275 4
20100501140000 142 010 173 007 249 009 1322 153 015 153 015 1400 0000 0210 0223 1301 0210 1400 041 034 1301 102 0073 09718 09719 1346 09715 1301 0139 0158 1334 0139 1400 0181 0197 1301 0181 1400 0235 0245 0241 0227 0155 0140 0127 0134 //// 10094 ///// ///// ////
000000000000000000000000000000000000000000000000000000000000000000000000000000000000000000000000000000000000000000000000=
57078 340900 1122800 03365 03340 4
20100501140000 033 015 033 021 033 021 1359 035 019 032 035 1357 0000 0213 0222 1301 0212 1350 060 052 1301 152 0132 09715 09715 1400 09712 1304 0156 0160 1302 0153 1347 0186 0196 1301 0184 1352 0220 0235 0234 0221 0144 0132 0123 0124 //// 10098 ///// ///// ////
000000000000000000000000000000000000000000000000000000000000000000000000000000000000000000000000000000000000000000000000=
57071 344900 1122600 03333 03332 4
20100501140000 357 016 359 017 080 024 1305 353 016 099 029 1303 0000 0230 0230 1400 0225 1345 035 034 1359 098 0067 09713 09713 1343 09709 1301 0138 0139 1357 0125 1321 0179 0184 1302 0178 1345 0215 0224 0221 0208 0174 0137 0120 0123 //// 10094 ///// ///// ////
000000000000000000000000000000000000000000000000000000000000000000000000000000000000000000000000000000000000000000000000=
57066 342300 1114000 03283 03298 4
20100501140000 249 012 272 006 272 006 1400 285 009 254 024 1359 0000 0211 0230 1301 0211 1400 039 034 1302 098 0066 09708 09709 1347 09705 1302 0146 0157 1301 0146 1400 0183 0198 1301 0183 1400 0209 0209 0198 0184 0150 0134 0119 0120 //// 10087 ///// ///// ////
000000000000000000000000000000000000000000000000000000000000000000000000000000000000000000000000000000000000000000000000=
57077 334700 1113900 07424 07388 4
20100501140000 063 009 068 008 291 017 1317 097 008 232 038 1322 0000 0186 0202 1313 0186 1400 057 049 1312 122 0099 09281 09281 1400 09278 1301 0136 0157 1302 0132 1357 0164 0180 1301 0163 1357 0205 0216 0212 0201 0151 0126 0113 0117 //// 10110 ///// ///// ////
000000000000000000000000000000000000000000000000000000000000000000000000000000000000000000000000000000000000000000000000=
57183 334800 1135500 00600 00615 4
20100501140000 218 009 216 009 216 009 1400 201 011 212 013 1359 0000 0181 0189 1301 0179 1348 091 084 1302 189 0166 10030 10031 1347 10028 1301 0150 0156 1301 0148 1350 0167 0177 1301 0167 1400 0214 0221 0219 0211 0175 0144 0126 0125 //// 10102 ///// ///// ////
000000000000000000000000000000000000000000000000000000000000000000000000000000000000000000000000000000000000000000000000=
57186 333600 1140300 00587 00598 4
20100501140000 187 022 185 025 186 029 1353 183 023 192 038 1352 0000 0215 0220 1321 0211 1334 079 077 1301 202 0177 10034 10035 1357 10032 1301 0149 0161 1301 0140 1333 0180 0193 1301 0180 1400 0223 0232 0226 0217 0175 0148 0132 0136 //// 10104 ///// ///// ////
000000000000000000000000000000000000000000000000000000000000000000000000000000000000000000000000000000000000000000000000=
57094 342400 1141300 00674 00685 4
20100501140000 188 011 187 011 189 013 1301 192 010 172 026 1326 0000 0203 0208 1301 0203 1400 085 083 1301 202 0177 10017 10017 1400 10014 1301 0141 0161 1303 0141 1400 0174 0187 1303 0174 1400 0212 0223 0224 0216 0174 0149 0128 0129 //// 10097 ///// ///// ////
000000000000000000000000000000000000000000000000000000000000000000000000000000000000000000000000000000000000000000000000=
57191 342900 1142900 00634 00642 4
20100501140000 184 013 175 014 175 018 1315 168 012 159 042 1306 0000 0224 0232 1301 0224 1400 073 070 1301 198 0173 10027 10027 1400 10024 1301 0186 0199 1306 0182 1345 0198 0207 1301 0198 1400 0224 0230 0229 0220 0162 0138 0124 0127 //// 10102 ///// ///// ////
000000000000000000000000000000000000000000000000000000000000000000000000000000000000000000000000000000000000000000000000=
57096 343200 1144700 00597 00607 4
20100501140000 170 018 171 018 172 020 1352 170 020 164 030 1340 0000 0208 0213 1301 0208 1400 076 075 1301 187 0164 10027 10028 1333 10024 1301 0175 0176 1306 0173 1331 0177 0185 1301 0176 1359 0212 0224 0218 0204 0155 0136 0125 0129 //// 10098 ///// ///// ////
000000000000000000000000000000000000000000000000000000000000000000000000000000000000000000000000000000000000000000000000=
57091 344700 1141800 00737 00748 4
20100501140000 183 032 181 033 185 036 1334 169 028 195 047 1329 0000 0232 0238 1301 0231 1357 064 060 1301 182 0160 10008 10010 1330 10006 1301 0196 0198 1314 0196 1342 0197 0204 1301 0197 1400 0219 0223 0218 0197 0159 0139 0124 0120 //// 10095 ///// ///// ////
000000000000000000000000000000000000000000000000000000000000000000000000000000000000000000000000000000000000000000000000=
53978 350500 1123800 01401 01409 4
20100501140000 351 012 342 013 342 013 1400 344 015 338 018 1355 0000 0198 0201 1325 0194 1342 061 060 1322 141 0121 09927 09927 1355 09924 1301 0137 0145 1301 0137 1400 0168 0178 1301 0168 1400 0208 0219 0215 0207 0138 0127 0123 0130 //// 10091 ///// ///// ////
000000000000000000000000000000000000000000000000000000000000000000000000000000000000000000000000000000000000000000000000=
53987 350600 1132500 00910 00918 4
20100501140000 007 004 351 006 003 010 1309 023 001 021 015 1303 0000 0193 0214 1301 0193 1400 072 061 1301 161 0141 09985 09985 1400 09982 1302 0127 0151 1301 0127 1400 0178 0192 1301 0178 1400 0208 0219 0218 0211 0169 0144 0133 0132 //// 10092 ///// ///// ////
000000000000000000000000000000000000000000000000000000000000000000000000000000000000000000000000000000000000000000000000=
57079 345700 1130200 01064 01069 4
20100501140000 335 018 337 015 042 015 1301 344 026 344 026 1400 0000 0195 0212 1301 0195 1400 064 058 1301 145 0125 09961 09962 1338 09957 1301 0145 0168 1301 0140 1343 0165 0177 1301 0165 1359 0211 0216 0212 0202 0171 0144 0127 0126 //// 10086 ///// ///// ////
000000000000000000000000000000000000000000000000000000000000000000000000000000000000000000000000000000000000000000000000=
57072 345500 1124500 01275 01285 4
20100501140000 317 014 313 014 304 016 1331 313 015 307 021 1330 0000 0170 0181 1301 0170 1400 078 072 1313 151 0131 09941 09941 1400 09938 1301 0113 0124 1314 0113 1400 0152 0162 1301 0152 1400 0202 0214 0210 0198 0139 0127 0116 0118 //// 10091 ///// ///// ////
000000000000000000000000000000000000000000000000000000000000000000000000000000000000000000000000000000000000000000000000=
53982 351400 1131600 01120 01135 4
20100501140000 136 002 101 002 017 010 1313 136 005 018 015 1310 0000 0212 0237 1301 0212 1400 048 037 1308 121 0098 09957 09957 1400 09954 1301 0147 0161 1301 0147 1400 0178 0194 1301 0178 1400 0222 0231 0226 0215 0166 0142 0130 0135 //// 10088 ///// ///// ////
000000000000000000000000000000000000000000000000000000000000000000000000000000000000000000000000000000000000000000000000=
53979 350900 1130500 01200 01211 4
20100501140000 037 017 045 014 040 016 1305 037 022 037 022 1400 0000 0204 0228 1301 0203 1355 049 042 1305 117 0093 09950 09951 1333 09947 1301 0129 0150 1301 0129 1400 0161 0180 1301 0161 1400 0223 0235 0234 0221 0147 0138 0128 0133 //// 10091 ///// ///// ////
000000000000000000000000000000000000000000000000000000000000000000000000000000000000000000000000000000000000000000000000=
53992 353900 1143100 00582 00592 4
20100501140000 181 036 179 037 178 039 1358 173 038 187 059 1348 0000 0219 0223 1308 0219 1400 070 065 1301 184 0162 10016 10018 1326 10015 1301 0197 0199 1353 0189 1302 0185 0188 1308 0185 1400 0210 0215 0217 0206 0142 0127 0115 0122 //// 10085 ///// ///// ////
000000000000000000000000000000000000000000000000000000000000000000000000000000000000000000000000000000000000000000000000=
53974 353700 1141100 00723 00739 4
20100501140000 222 034 224 029 223 030 1309 254 027 218 063 1305 0000 0237 0244 1301 0236 1329 060 046 1301 176 0155 10005 10007 1320 10003 1301 0210 0210 1400 0201 1301 0208 0211 1312 0208 1353 0230 0238 0235 0224 0160 0137 0123 0129 //// 10090 ///// ///// ////
000000000000000000000000000000000000000000000000000000000000000000000000000000000000000000000000000000000000000000000000=
53990 354300 1141900 00795 00805 4
20100501140000 195 041 193 042 192 043 1359 195 038 204 050 1357 0000 0196 0196 1400 0181 1319 069 067 1340 157 0138 09994 09995 1325 09992 1301 0186 0188 1346 0171 1319 0176 0178 1301 0174 1320 0222 0234 0228 0217 0174 0139 0117 0116 //// 10088 ///// ///// ////
000000000000000000000000000000000000000000000000000000000000000000000000000000000000000000000000000000000000000000000000=
53991 355600 1142100 00743 00753 4
20100501140000 155 031 152 028 152 028 1400 177 021 133 048 1357 0000 0209 0213 1301 0208 1345 058 053 1301 143 0123 09996 09998 1319 09996 1400 0194 0194 1359 0169 1305 0183 0183 1359 0180 1348 0211 0221 0213 0206 0156 0134 0120 0122 //// 10084 ///// ///// ////
000000000000000000000000000000000000000000000000000000000000000000000000000000000000000000000000000000000000000000000000=
53889 360400 1134900 03068 03086 4
20100501140000 304 016 297 014 283 018 1301 325 014 306 023 1359 0000 0215 0231 1301 0210 1347 033 030 1301 085 0046 09726 09727 1326 09724 1301 0114 0170 1301 0108 1347 0168 0189 1301 0168 1400 0209 0224 0230 0231 0148 0121 0121 0107 //// 10078 ///// ///// ////
000000000000000000000000000000000000000000000000000000000000000000000000000000000000000000000000000000000000000000000000=
53995 353300 1143000 00625 00645 4
20100501140000 175 025 173 027 171 031 1333 173 029 181 049 1327 0000 0209 0212 1323 0208 1301 070 067 1312 173 0152 10014 10016 1336 10013 1301 0193 0199 1344 0192 1359 0187 0193 1310 0187 1359 0232 0244 0242 0233 0171 0140 0122 0123 //// 10089 ///// ///// ////
000000000000000000000000000000000000000000000000000000000000000000000000000000000000000000000000000000000000000000000000=
NNNN
