57290 330000 1140100 00827 00838 4
20100503010000 045 018 352 014 012 014 0049 358 009 215 042 0053 0000 0287 0287 0100 0260 0001 051 051 0053 201 0176 09976 09976 0048 09973 0001 0292 0292 0100 0247 0001 0339 0339 0100 0268 0001 0238 0215 0209 0210 0179 0150 0132 0135 //// 10071 ///// ///// ////
000000000000000000000000000000000000000000000000000000000000000000000000000000000000000000000000000000000000000000000000=
57188 332200 1140200 00559 00568 4
20100503010000 145 035 149 031 153 033 0053 142 035 158 052 0049 0000 0257 0257 0100 0230 0001 062 061 0050 205 0179 10006 10006 0100 10002 0001 0297 0297 0100 0247 0001 0369 0369 0059 0290 0001 0232 0206 0206 0203 0155 0135 0125 0134 //// 10071 ///// ///// ////
000000000000000000000000000000000000000000000000000000000000000000000000000000000000000000000000000000000000000000000000=
57281 324200 1131800 01422 01431 4
20100503010000 347 007 329 009 323 010 0056 305 008 001 019 0049 0000 0281 0281 0100 0252 0001 053 053 0100 201 0176 09909 09909 0055 09906 0026 0391 0391 0100 0338 0004 0339 0339 0100 0273 0003 0230 0209 0205 0203 0172 0144 0130 0135 //// 10073 ///// ///// ////
000000000000000000000000000000000000000000000000000000000000000000000000000000000000000000000000000000000000000000000000=
57099 340400 1145100 00526 00536 4
20100503010000 189 010 170 010 155 017 0042 259 013 197 044 0047 0000 0259 0259 0100 0241 0001 062 061 0048 207 0181 10014 10015 0027 10013 0001 0339 0345 0051 0306 0003 0317 0317 0100 0262 0001 0234 0205 0195 0195 0177 0145 0124 0132 //// 10076 ///// ///// ////
000000000000000000000000000000000000000000000000000000000000000000000000000000000000000000000000000000000000000000000000=
57198 333300 1143700 00463 00473 4
20100503010000 192 021 181 021 177 022 0059 164 024 159 040 0058 0000 0257 0257 0100 0230 0001 064 063 0059 211 0184 10023 10023 0100 10020 0004 0324 0328 0057 0263 0001 0317 0317 0058 0253 0001 0232 0208 0203 0203 0167 0147 0132 0139 //// 10077 ///// ///// ////
000000000000000000000000000000000000000000000000000000000000000000000000000000000000000000000000000000000000000000000000=
57192 334400 1145100 00455 00466 4
20100503010000 194 028 181 028 172 030 0056 190 021 187 056 0056 0000 0265 0265 0100 0236 0001 057 057 0100 197 0173 10024 10024 0100 10022 0015 0326 0331 0058 0270 0001 0325 0325 0100 0258 0001 0232 0214 0212 0210 0182 0152 0135 0141 //// 10077 ///// ///// ////
000000000000000000000000000000000000000000000000000000000000000000000000000000000000000000000000000000000000000000000000=
58100 333900 1151000 00414 00424 4
20100503010000 193 016 198 020 200 023 0057 198 026 150 041 0052 0000 0262 0262 0100 0236 0001 061 061 0100 207 0181 10031 10032 0022 10030 0006 0334 0334 0100 0289 0002 0402 0402 0100 0324 0001 0260 0224 0217 0218 0193 0159 0140 0141 //// 10080 ///// ///// ////
000000000000000000000000000000000000000000000000000000000000000000000000000000000000000000000000000000000000000000000000=
57095 340700 1140900 00611 00622 4
20100503010000 146 018 156 019 167 020 0053 150 020 187 035 0050 0000 0251 0251 0100 0232 0001 064 063 0047 204 0178 09997 09997 0100 09994 0001 0326 0326 0100 0272 0001 0335 0335 0100 0273 0001 0235 0195 0199 0199 0171 0145 0127 0130 //// 10069 ///// ///// ////
000000000000000000000000000000000000000000000000000000000000000000000000000000000000000000000000000000000000000000000000=
57089 340200 1135200 00668 00681 4
20100503010000 204 010 192 009 193 009 0028 229 025 229 025 0100 0000 0259 0259 0100 0227 0001 059 058 0059 197 0173 09990 09990 0100 09987 0007 0322 0322 0100 0261 0003 0325 0325 0100 0256 0001 0229 0206 0202 0199 0170 0142 0128 0132 //// 10068 ///// ///// ////
000000000000000000000000000000000000000000000000000000000000000000000000000000000000000000000000000000000000000000000000=
57297 320800 1140300 01145 01154 4
20100503010000 197 051 188 040 187 052 0037 195 042 187 090 0028 0000 0291 0291 0059 0276 0001 049 049 0100 197 0173 09952 09952 0100 09946 0001 0405 0405 0100 0337 0001 0403 0403 0100 0320 0001 0272 0237 0226 0221 0192 0165 0142 //// //// 10083 ///// ///// ////
000000000000000000000000000000000000000000000000000000000000000000000000000000000000000000000000000000000000000000000000=
57296 322100 1144400 00489 00501 4
20100503010000 189 023 205 023 218 028 0048 170 031 223 044 0044 0000 0263 0263 0100 0243 0001 060 059 0057 205 0179 10029 10029 0100 10025 0008 0329 0329 0100 0281 0001 0399 0399 0100 0320 0001 0243 0216 0210 0210 0192 0159 0137 0133 //// 10086 ///// ///// ////
000000000000000000000000000000000000000000000000000000000000000000000000000000000000000000000000000000000000000000000000=
57396 313800 1145100 01287 01297 4
20100503010000 178 043 180 044 171 046 0038 170 045 175 065 0035 0000 0280 0280 0100 0244 0001 041 041 0100 155 0135 09946 09947 0056 09943 0011 0354 0355 0059 0307 0001 0389 0389 0100 0303 0001 0242 0211 0206 0204 0197 0162 //// //// //// 10094 ///// ///// ////
000000000000000000000000000000000000000000000000000000000000000000000000000000000000000000000000000000000000000000000000=
58207 321000 1150300 00428 00440 4
20100503010000 200 043 202 046 201 048 0059 187 036 211 078 0058 0000 0290 0290 0100 0263 0001 041 040 0058 164 0144 10035 10035 0100 10032 0017 0351 0352 0054 0307 0001 0226 0226 0100 0211 0001 0330 0210 0204 0200 0168 0147 0134 0140 //// 10085 ///// ///// ////
000000000000000000000000000000000000000000000000000000000000000000000000000000000000000000000000000000000000000000000000=
58205 322800 1152600 00349 00360 4
20100503010000 197 020 201 019 194 020 0044 181 018 175 045 0042 0000 0273 0273 0100 0245 0001 053 052 0057 192 0169 10046 10046 0100 10044 0038 0342 0347 0051 0290 0001 0293 0294 0059 0244 0001 0249 0225 0213 0205 0183 0157 0138 0127 //// 10087 ///// ///// ////
000000000000000000000000000000000000000000000000000000000000000000000000000000000000000000000000000000000000000000000000=
57299 320100 1145400 00494 00506 4
20100503010000 191 039 188 038 184 039 0050 186 054 196 063 0040 0000 0278 0278 0100 0252 0001 048 048 0100 179 0158 10030 10030 0100 10026 0001 0361 0364 0054 0313 0001 0354 0354 0100 0281 0001 0264 0233 0215 0206 0195 0158 0135 0132 //// 10088 ///// ///// ////
000000000000000000000000000000000000000000000000000000000000000000000000000000000000000000000000000000000000000000000000=
53994 352300 1140400 00700 00712 4
20100503010000 069 026 073 030 079 035 0039 042 026 088 053 0036 0000 0256 0256 0100 0238 0001 061 059 0036 200 0175 09986 09987 0001 09984 0010 0323 0323 0100 0288 0006 0357 0357 0100 0295 0001 0226 0199 0194 0191 0164 0135 0122 0129 //// 10068 ///// ///// ////
000000000000000000000000000000000000000000000000000000000000000000000000000000000000000000000000000000000000000000000000=
53983 350200 1142500 00696 00708 4
20100503010000 183 013 188 013 142 017 0001 181 013 144 022 0003 0000 0256 0256 0100 0232 0001 068 066 0054 223 0193 09987 09987 0100 09985 0002 0325 0331 0052 0270 0001 0366 0366 0100 0291 0001 0241 0207 0197 0195 0151 0131 0118 0126 //// 10068 ///// ///// ////
000000000000000000000000000000000000000000000000000000000000000000000000000000000000000000000000000000000000000000000000=
57171 334600 1130700 01420 01430 4
20100503010000 150 040 154 042 173 056 0001 149 036 172 072 0027 0000 0265 0265 0100 0255 0001 056 055 0058 194 0170 09897 09897 0100 09895 0005 0303 0309 0054 0284 0002 0336 0338 0058 0296 0001 0253 0219 0211 0207 0201 0174 0144 0138 //// 10060 ///// ///// ////
000000000000000000000000000000000000000000000000000000000000000000000000000000000000000000000000000000000000000000000000=
57185 332700 1133500 00911 00921 4
20100503010000 038 013 033 012 030 014 0004 054 013 012 018 0004 0000 0257 0257 0100 0230 0001 060 059 0052 198 0174 09963 09963 0100 09960 0001 0328 0329 0052 0277 0007 0380 0380 0100 0302 0001 0231 0210 0207 0200 0183 0154 0130 0129 //// 10069 ///// ///// ////
000000000000000000000000000000000000000000000000000000000000000000000000000000000000000000000000000000000000000000000000=
53984 351400 1132800 00827 00837 4
20100503010000 046 020 048 019 048 028 0020 035 020 037 040 0018 0000 0244 0244 0100 0221 0001 075 074 0055 229 0197 09967 09967 0100 09964 0012 0274 0274 0100 0238 0001 0314 0314 0100 0267 0001 0213 0199 0192 0194 0174 0145 0125 0125 //// 10064 ///// ///// ////
000000000000000000000000000000000000000000000000000000000000000000000000000000000000000000000000000000000000000000000000=
53972 350700 1125500 01196 01210 4
20100503010000 060 024 071 024 083 028 0035 063 023 105 048 0031 0000 0256 0256 0100 0232 0001 063 062 0031 207 0180 09921 09922 0056 09918 0002 0261 0261 0100 0223 0001 0347 0347 0100 0269 0001 0222 0208 0205 0203 0174 0149 0134 0139 //// 10059 ///// ///// ////
000000000000000000000000000000000000000000000000000000000000000000000000000000000000000000000000000000000000000000000000=
53898 360300 1142400 00629 00638 4
20100503010000 030 016 027 023 012 032 0052 018 026 353 061 0045 0000 0244 0245 0054 0235 0005 055 050 0050 168 0148 09996 09996 0100 09993 0040 0340 0347 0038 0297 0001 0325 0325 0100 0273 0001 0219 0205 0201 0196 0150 0125 0113 0120 //// 10069 ///// ///// ////
000000000000000000000000000000000000000000000000000000000000000000000000000000000000000000000000000000000000000000000000=
NNNN
