57090 344300 1135800 00781 00802 4
20100324140000 198 002 212 002 197 015 1319 161 000 212 024 1318 0000 0096 0107 1301 0096 1400 070 069 1301 084 0044 10135 10135 1340 10131 1302 0021 0070 1301 0021 1400 0059 0087 1301 0059 1400 0101 0114 0115 0115 0103 0092 0086 0119 //// 10233 ///// ///// ////
000000000000000000000000000000000000000000000000000000000000000000000000000000000000000000000000000000000000000000000000=
57083 344300 1133900 01104 01116 4
20100324140000 257 025 262 029 267 042 1315 226 019 287 068 1301 0000 0121 0131 1302 0121 1400 027 023 1301 038 -063 10098 10099 1330 10095 1308 0035 0060 1303 0032 1356 0066 0086 1303 0066 1356 0101 0110 0113 0114 0099 0098 0103 0126 0002 10234 ///// ///// ////
000000000000000000000000000000000000000000000000000000000000000000000000000000000000000000000000000000000000000000000000
100 001 000 /// //// /////////////////////CIE /// //// 6///1 0//// 7//// 1//// 2//// 3//// /// /// /// // 911// 915// 919// 934// 939//=
57086 342300 1134300 01166 01168 4
20100324140000 280 020 276 020 232 021 1327 265 019 285 035 1356 0000 0100 0100 1400 0098 1328 040 040 1400 049 -030 10094 10096 1342 10094 1301 0038 0068 1302 0038 1400 0061 0083 1301 0061 1400 0097 0109 0112 0111 0100 0095 0093 0116 //// 10237 ///// ///// ////
000000000000000000000000000000000000000000000000000000000000000000000000000000000000000000000000000000000000000000000000=
57085 343200 1132000 02599 02648 4
20100324140000 316 001 329 003 282 038 1306 248 001 263 058 1309 0000 0093 0114 1302 0093 1400 034 026 1302 040 -058 09920 09920 1359 09916 1301 0053 0107 1303 0053 1400 0048 0074 1304 0048 1400 0093 0107 0111 0109 0104 0097 0093 0121 //// 10241 ///// ///// ////
000000000000000000000000000000000000000000000000000000000000000000000000000000000000000000000000000000000000000000000000=
57081 344800 1132600 01409 01419 4
20100324140000 272 012 261 011 260 014 1302 336 008 268 048 1355 0000 0108 0120 1301 0108 1400 025 024 1301 032 -084 10065 10066 1339 10061 1303 0043 0078 1305 0034 1354 0050 0069 1301 0048 1354 0087 0101 0108 0105 0091 0093 0095 0117 //// 10238 ///// ///// ////
000000000000000000000000000000000000000000000000000000000000000000000000000000000000000000000000000000000000000000000000=
57084 343000 1130300 11784 11790 4
20100324140000 291 051 283 064 278 085 1335 358 024 279 134 1313 0000 0037 0041 1301 0037 1400 030 029 1318 024 -123 08880 08880 1400 08874 1301 0020 0030 1302 0019 1357 -005 0005 1301 -005 1400 0021 0043 0054 0058 0059 //// //// //// //// 10252 ///// ///// ////
000000000000000000000000000000000000000000000000000000000000000000000000000000000000000000000000000000000000000000000000=
57080 344400 1125800 01652 01661 4
20100324140000 199 030 199 030 187 034 1335 201 027 187 059 1326 0000 0103 0109 1314 0103 1400 028 027 1340 035 -074 10046 10046 1400 10040 1304 0071 0083 1336 0065 1304 0046 0052 1301 0046 1400 0086 0099 0104 0104 0092 0088 0088 0119 //// 10249 ///// ///// ////
000000000000000000000000000000000000000000000000000000000000000000000000000000000000000000000000000000000000000000000000=
57082 342800 1130100 04271 04284 4
20100324140000 312 012 333 020 336 032 1339 330 012 347 059 1335 0000 0096 0100 1311 0096 1400 020 019 1340 024 -123 09735 09736 1352 09732 1317 0064 0079 1341 0062 1359 0041 0055 1303 0040 1357 0076 0092 0099 0101 0095 0098 0100 //// //// 10250 ///// ///// ////
000000000000000000000000000000000000000000000000000000000000000000000000000000000000000000000000000000000000000000000000=
57290 330000 1140100 00827 00838 4
20100324140000 269 022 268 020 263 021 1350 246 030 296 040 1359 0000 0092 0094 1322 0091 1352 076 076 1321 088 0052 10148 10150 1334 10144 1311 0068 0072 1336 0064 1316 0074 0081 1301 0074 1400 0087 0096 0099 0104 0103 0101 0103 0132 //// 10252 ///// ///// ////
000000000000000000000000000000000000000000000000000000000000000000000000000000000000000000000000000000000000000000000000=
57295 323700 1142100 00785 00802 4
20100324140000 239 016 238 017 237 018 1357 226 018 226 029 1316 0000 0079 0080 1309 0079 1400 082 082 1347 087 0050 10155 10155 1355 10149 1306 0059 0065 1305 0058 1358 0073 0077 1303 0073 1400 0092 0094 0096 0099 0099 0101 0102 0128 //// 10255 ///// ///// ////
000000000000000000000000000000000000000000000000000000000000000000000000000000000000000000000000000000000000000000000000=
57188 332200 1140200 00559 00568 4
20100324140000 216 019 214 017 213 025 1338 203 018 195 036 1336 0000 0081 0087 1301 0081 1400 079 078 1301 085 0047 10174 10176 1334 10172 1303 0062 0077 1302 0062 1400 0069 0078 1301 0069 1400 0092 0099 0106 0104 0097 0096 0101 0132 //// 10244 ///// ///// ////
000000000000000000000000000000000000000000000000000000000000000000000000000000000000000000000000000000000000000000000000=
57293 324400 1145900 00380 00391 4
20100324140000 264 015 266 017 244 032 1306 268 015 287 039 1332 0000 0076 0078 1324 0076 1400 090 090 1400 094 0061 10203 10205 1346 10196 1302 0070 0075 1335 0070 1400 0074 0077 1309 0074 1400 0087 0094 0097 0098 0103 0104 0105 0132 //// 10252 ///// ///// ////
000000000000000000000000000000000000000000000000000000000000000000000000000000000000000000000000000000000000000000000000=
57189 330800 1135700 00646 00655 4
20100324140000 242 037 243 037 243 037 1400 248 062 248 062 1400 0000 0090 0090 1400 0079 1313 081 081 1400 093 0059 10166 10169 1325 10165 1309 0082 0082 1353 0069 1311 0075 0079 1301 0075 1400 0089 0096 0100 0102 0097 0097 0098 0122 //// 10247 ///// ///// ////
000000000000000000000000000000000000000000000000000000000000000000000000000000000000000000000000000000000000000000000000=
57194 331700 1141600 00598 00609 4
20100324140000 206 025 209 025 213 028 1347 201 021 220 040 1305 0000 0085 0089 1309 0085 1353 083 082 1309 092 0058 10168 10172 1333 10168 1305 0073 0080 1310 0073 1400 0072 0079 1301 0072 1358 0089 0098 0100 0101 0095 0094 0098 0126 //// 10243 ///// ///// ////
000000000000000000000000000000000000000000000000000000000000000000000000000000000000000000000000000000000000000000000000=
57197 330000 1142000 00489 00545 4
20100324140000 188 012 197 012 226 015 1301 181 016 237 023 1303 0000 0079 0084 1301 0079 1400 092 091 1302 098 0067 10179 10183 1342 10179 1400 0045 0062 1301 0045 1356 0070 0077 1301 0070 1400 0085 0092 0095 0095 0101 0101 0100 0125 //// 10247 ///// ///// ////
000000000000000000000000000000000000000000000000000000000000000000000000000000000000000000000000000000000000000000000000=
57294 325000 1140100 00836 00846 4
20100324140000 258 011 246 013 255 020 1301 240 013 265 026 1359 0000 0090 0093 1343 0088 1301 076 076 1346 087 0050 10143 10144 1332 10140 1312 0078 0086 1303 0077 1318 0071 0078 1301 0071 1400 0084 0092 0096 0098 0099 0107 0103 0118 //// 10248 ///// ///// ////
000000000000000000000000000000000000000000000000000000000000000000000000000000000000000000000000000000000000000000000000=
57292 325800 1143800 00444 00453 4
20100324140000 250 020 250 021 249 024 1347 248 015 246 038 1338 0000 0078 0082 1338 0078 1400 088 087 1341 093 0059 10194 10196 1346 10193 1301 0068 0071 1311 0068 1400 0071 0076 1301 0071 1400 0086 0093 0097 0102 0101 0104 0105 0133 //// 10250 ///// ///// ////
000000000000000000000000000000000000000000000000000000000000000000000000000000000000000000000000000000000000000000000000=
57195 333700 1143700 00466 00476 4
20100324140000 242 017 243 016 252 020 1306 200 015 264 047 1301 0000 0088 0094 1301 0088 1400 084 083 1301 095 0062 10187 10187 1400 10184 1303 0080 0090 1301 0079 1350 0073 0082 1301 0073 1400 0089 0101 0108 0109 0102 0099 0101 0141 //// 10246 ///// ///// ////
000000000000000000000000000000000000000000000000000000000000000000000000000000000000000000000000000000000000000000000000=
57193 334700 1143100 00526 00541 4
20100324140000 213 010 219 010 219 015 1303 246 011 195 033 1308 0000 0087 0094 1301 0087 1400 085 083 1301 096 0063 10178 10179 1336 10176 1316 0067 0077 1301 0066 1357 0073 0082 1301 0073 1400 0098 0106 0111 0112 0105 0101 0104 0131 //// 10245 ///// ///// ////
000000000000000000000000000000000000000000000000000000000000000000000000000000000000000000000000000000000000000000000000=
57196 332800 1145200 00420 00428 4
20100324140000 230 024 233 027 225 030 1330 228 020 226 046 1328 0000 0077 0082 1303 0077 1400 089 087 1301 093 0060 10194 10195 1347 10189 1308 0070 0077 1306 0070 1400 0066 0074 1301 0066 1400 0089 0098 0101 0100 0100 0100 0104 0131 //// 10247 ///// ///// ////
000000000000000000000000000000000000000000000000000000000000000000000000000000000000000000000000000000000000000000000000=
57099 340400 1145100 00526 00536 4
20100324140000 227 023 224 024 218 027 1347 231 021 216 044 1317 0000 0093 0097 1301 0093 1400 080 072 1301 094 0060 10177 10179 1333 10173 1301 0080 0083 1303 0079 1342 0072 0075 1319 0072 1400 0092 0101 0103 0105 0101 0095 0098 0131 //// 10243 ///// ///// ////
000000000000000000000000000000000000000000000000000000000000000000000000000000000000000000000000000000000000000000000000=
57198 333300 1143700 00463 00473 4
20100324140000 208 017 217 018 235 023 1347 184 012 229 039 1347 0000 0086 0090 1301 0086 1400 085 084 1347 095 0062 10187 10188 1341 10184 1302 0069 0079 1301 0069 1400 0075 0084 1301 0075 1400 0097 0105 0108 0109 0104 0104 0107 0137 //// 10246 ///// ///// ////
000000000000000000000000000000000000000000000000000000000000000000000000000000000000000000000000000000000000000000000000=
58101 335200 1152900 00413 00428 4
20100324140000 259 019 254 018 239 027 1331 218 014 240 049 1327 0000 0088 0094 1301 0088 1400 070 063 1301 079 0036 10190 10190 1325 10181 1309 0076 0086 1301 0076 1357 0065 0073 1301 0065 1400 0091 0097 0102 0102 0100 0098 0099 0130 //// 10243 ///// ///// ////
000000000000000000000000000000000000000000000000000000000000000000000000000000000000000000000000000000000000000000000000=
57192 334400 1145100 00455 00466 4
20100324140000 235 012 236 013 236 019 1332 178 010 237 033 1322 0000 0089 0095 1301 0089 1400 084 079 1301 096 0063 10188 10189 1350 10183 1318 0074 0085 1301 0074 1400 0072 0081 1301 0072 1400 0095 0108 0113 0112 0108 0106 0107 0140 //// 10246 ///// ///// ////
000000000000000000000000000000000000000000000000000000000000000000000000000000000000000000000000000000000000000000000000=
57098 340500 1142400 00583 00593 4
20100324140000 222 029 223 030 221 037 1325 214 033 226 052 1306 0000 0091 0097 1301 0091 1400 083 080 1301 096 0064 10167 10170 1336 10165 1311 0078 0089 1309 0078 1400 0074 0081 1301 0074 1400 0087 0099 0104 0108 0103 0096 0097 0128 //// 10240 ///// ///// ////
000000000000000000000000000000000000000000000000000000000000000000000000000000000000000000000000000000000000000000000000=
57190 334500 1142400 00505 00516 4
20100324140000 215 025 219 026 225 035 1308 225 025 214 052 1308 0000 0085 0091 1301 0085 1400 086 085 1301 095 0063 10179 10180 1323 10176 1312 0077 0086 1301 0077 1400 0067 0076 1301 0067 1400 0091 0102 0107 0108 0101 0097 0101 0130 //// 10243 ///// ///// ////
000000000000000000000000000000000000000000000000000000000000000000000000000000000000000000000000000000000000000000000000=
58100 333900 1151000 00414 00424 4
20100324140000 230 014 232 016 229 023 1311 217 014 240 043 1308 0000 0085 0090 1301 0085 1400 080 074 1301 089 0053 10193 10193 1400 10186 1301 0079 0085 1309 0079 1359 0067 0074 1302 0067 1400 0086 0098 0106 0108 0105 0106 0109 0136 //// 10246 ///// ///// ////
000000000000000000000000000000000000000000000000000000000000000000000000000000000000000000000000000000000000000000000000=
57088 340900 1133000 01161 01177 4
20100324140000 310 015 310 013 310 013 1400 313 015 301 017 1357 0000 0079 0093 1301 0078 1351 087 084 1301 093 0059 10098 10099 1332 10096 1301 0028 0063 1309 0028 1400 0042 0067 1301 0042 1400 0088 0106 0111 0112 0102 0100 0102 0126 //// 10242 ///// ///// ////
000000000000000000000000000000000000000000000000000000000000000000000000000000000000000000000000000000000000000000000000=
57095 340700 1140900 00611 00622 4
20100324140000 212 018 213 020 217 026 1301 234 014 217 045 1301 0000 0093 0099 1301 0093 1400 078 077 1301 091 0057 10161 10163 1316 10159 1301 0079 0090 1301 0079 1400 0071 0084 1301 0071 1400 0093 0105 0111 0114 0102 0096 0096 0125 //// 10237 ///// ///// ////
000000000000000000000000000000000000000000000000000000000000000000000000000000000000000000000000000000000000000000000000=
57182 335100 1133000 00805 00814 4
20100324140000 308 039 305 042 304 046 1355 316 044 313 069 1353 0000 0112 0116 1327 0112 1400 043 041 1345 057 -009 10143 10143 1400 10141 1301 0092 0103 1336 0092 1400 0063 0078 1301 0063 1400 0097 0111 0116 0114 0107 0105 0107 0139 //// 10243 ///// ///// ////
000000000000000000000000000000000000000000000000000000000000000000000000000000000000000000000000000000000000000000000000=
57087 341200 1134800 00877 00885 4
20100324140000 230 017 237 015 230 019 1308 234 022 244 025 1307 0000 0095 0098 1301 0095 1400 078 078 1400 093 0059 10128 10131 1322 10128 1400 0069 0084 1308 0061 1352 0067 0081 1301 0067 1400 0096 0108 0112 0111 0099 0095 0097 0123 //// 10237 ///// ///// ////
000000000000000000000000000000000000000000000000000000000000000000000000000000000000000000000000000000000000000000000000=
57297 320800 1140300 01145 01154 4
20100324140000 283 024 289 017 278 025 1311 263 028 274 035 1347 0000 0082 0085 1351 0082 1400 077 071 1348 084 0044 10115 10115 1400 10110 1320 0058 0062 1302 0057 1357 0066 0069 1302 0066 1400 0076 0084 0091 0095 0107 0115 0115 //// //// 10258 ///// ///// ////
000000000000000000000000000000000000000000000000000000000000000000000000000000000000000000000000000000000000000000000000=
57296 322100 1144400 00489 00501 4
20100324140000 288 015 275 015 273 016 1312 287 020 285 025 1350 0000 0080 0083 1301 0080 1400 087 087 1400 093 0060 10192 10192 1400 10186 1304 0073 0077 1301 0073 1351 0072 0075 1301 0072 1400 0086 0095 0100 0102 0106 0110 0110 0131 //// 10254 ///// ///// ////
000000000000000000000000000000000000000000000000000000000000000000000000000000000000000000000000000000000000000000000000=
57396 313800 1145100 01287 01297 4
20100324140000 171 016 209 016 013 032 1319 161 015 002 045 1302 0000 0063 0071 1320 0063 1400 087 074 1320 083 0043 10098 10099 1339 10094 1318 0055 0057 1315 0054 1352 0056 0057 1303 0056 1349 0062 0071 0079 0085 0093 0107 //// //// //// 10259 ///// ///// ////
000000000000000000000000000000000000000000000000000000000000000000000000000000000000000000000000000000000000000000000000=
57298 321300 1143300 00554 00562 4
20100324140000 233 015 238 017 221 024 1301 237 013 248 031 1316 0000 0080 0083 1301 0080 1400 089 086 1301 095 0063 10186 10187 1327 10181 1309 0070 0074 1304 0070 1400 0033 0036 1301 0033 1400 0084 0067 0090 0097 0103 0107 0102 0134 //// 10256 ///// ///// ////
000000000000000000000000000000000000000000000000000000000000000000000000000000000000000000000000000000000000000000000000=
57390 314800 1140400 07335 07347 4
20100324140000 031 019 029 020 023 035 1306 009 026 046 080 1305 0000 0038 0041 1332 0035 1301 066 063 1331 053 -020 09380 09387 1331 09379 1302 0025 0035 1333 0025 1400 0024 0027 1301 0024 1400 0035 0044 0054 0061 0075 0091 //// //// //// 10267 ///// ///// ////
000000000000000000000000000000000000000000000000000000000000000000000000000000000000000000000000000000000000000000000000=
58207 321000 1150300 00428 00440 4
20100324140000 208 024 203 025 202 035 1325 226 017 245 051 1325 0000 0071 0074 1301 0071 1400 088 088 1400 089 0052 10196 10199 1338 10192 1357 0065 0070 1303 0065 1400 0076 0078 1305 0076 1400 0064 0085 0089 0092 0103 0112 0112 0137 //// 10251 ///// ///// ////
000000000000000000000000000000000000000000000000000000000000000000000000000000000000000000000000000000000000000000000000=
58205 322800 1152600 00349 00360 4
20100324140000 227 014 242 018 232 026 1317 175 016 217 041 1307 0000 0081 0083 1301 0081 1400 088 088 1400 095 0062 10203 10207 1351 10196 1301 0078 0081 1309 0078 1400 0074 0077 1301 0074 1400 0079 0083 0088 0090 0108 0111 0110 0123 //// 10248 ///// ///// ////
000000000000000000000000000000000000000000000000000000000000000000000000000000000000000000000000000000000000000000000000=
58208 321000 1153700 00429 00439 4
20100324140000 185 021 181 024 208 030 1330 154 021 178 039 1338 0000 0068 0069 1301 0068 1400 076 076 1400 075 0029 10199 10201 1314 10195 1301 0060 0063 1301 0060 1359 0063 0067 1301 0063 1400 0072 0082 0086 0092 0102 0110 0112 0139 //// 10254 ///// ///// ////
000000000000000000000000000000000000000000000000000000000000000000000000000000000000000000000000000000000000000000000000=
57299 320100 1145400 00494 00506 4
20100324140000 152 020 166 021 183 027 1334 144 019 174 038 1332 0000 0071 0073 1301 0071 1400 089 089 1400 090 0054 10185 10190 1301 10184 1326 0062 0065 1310 0062 1356 0067 0070 1301 0067 1357 0071 0077 0082 0085 0100 0109 0107 0126 //// 10248 ///// ///// ////
000000000000000000000000000000000000000000000000000000000000000000000000000000000000000000000000000000000000000000000000=
53989 350300 1135700 00766 00777 4
20100324140000 182 011 178 011 186 014 1315 182 012 178 022 1303 0000 0093 0108 1301 0093 1400 060 056 1303 070 0019 10136 10137 1341 10132 1301 0018 0056 1301 0015 1353 0035 0063 1301 0035 1400 0089 0107 0112 0112 0096 0091 0095 0123 //// 10231 ///// ///// ////
000000000000000000000000000000000000000000000000000000000000000000000000000000000000000000000000000000000000000000000000=
53997 350900 1141100 00711 00723 4
20100324140000 206 023 208 022 208 022 1400 205 024 194 030 1339 0000 0090 0101 1306 0090 1400 069 063 1301 079 0036 10141 10142 1354 10138 1310 0051 0054 1345 0031 1314 0056 0072 1301 0056 1400 0095 0109 0113 0113 0094 0093 0097 0124 //// 10230 ///// ///// ////
000000000000000000000000000000000000000000000000000000000000000000000000000000000000000000000000000000000000000000000000=
53986 351900 1135300 00732 00740 4
20100324140000 242 004 230 002 262 009 1329 232 001 246 015 1339 0000 0091 0094 1354 0088 1323 075 073 1302 087 0049 10141 10141 1400 10137 1301 0026 0036 1311 0022 1333 0040 0053 1301 0040 1400 0089 0103 0108 0110 0098 0094 0098 0127 //// 10232 ///// ///// ////
000000000000000000000000000000000000000000000000000000000000000000000000000000000000000000000000000000000000000000000000=
53994 352300 1140400 00700 00712 4
20100324140000 255 017 253 017 243 022 1336 256 019 237 029 1332 0000 0095 0100 1301 0089 1326 068 066 1301 081 0039 10141 10142 1344 10138 1301 0047 0057 1337 0022 1323 0035 0043 1301 0034 1330 0087 0107 0112 0109 0094 0089 0094 0127 //// 10228 ///// ///// ////
000000000000000000000000000000000000000000000000000000000000000000000000000000000000000000000000000000000000000000000000=
53988 351600 1134000 00776 00784 4
20100324140000 282 008 285 009 301 016 1338 265 008 009 033 1325 0000 0070 0083 1303 0068 1325 078 074 1320 078 0034 10131 10133 1324 10129 1301 -012 0010 1328 -012 1400 0016 0035 1301 0016 1400 0086 0108 0113 0113 0093 0091 0098 0126 //// 10228 ///// ///// ////
000000000000000000000000000000000000000000000000000000000000000000000000000000000000000000000000000000000000000000000000=
53985 352700 1134900 00964 00979 4
20100324140000 282 000 301 005 242 006 1311 257 004 268 011 1307 0000 0091 0102 1301 0091 1400 060 057 1301 069 0018 10112 10113 1348 10108 1301 0067 0089 1301 0058 1339 0049 0059 1301 0048 1342 0082 0094 0097 0095 0083 0079 0083 0118 //// 10232 ///// ///// ////
000000000000000000000000000000000000000000000000000000000000000000000000000000000000000000000000000000000000000000000000=
53983 350200 1142500 00696 00708 4
20100324140000 208 014 209 016 210 021 1311 208 014 211 024 1306 0000 0082 0094 1301 0082 1400 080 078 1301 087 0050 10144 10145 1337 10142 1301 0036 0077 1306 0036 1400 0055 0079 1301 0055 1400 0091 0107 0111 0111 0089 0085 0088 0123 //// 10231 ///// ///// ////
000000000000000000000000000000000000000000000000000000000000000000000000000000000000000000000000000000000000000000000000=
53998 351200 1143900 00616 00625 4
20100324140000 201 015 204 012 196 018 1347 192 019 187 025 1336 0000 0098 0105 1304 0098 1400 068 063 1303 082 0042 10152 10153 1357 10149 1305 0054 0079 1301 0053 1359 0062 0082 1301 0061 1359 0098 0110 0112 0110 0101 0095 0095 0128 //// 10229 ///// ///// ////
000000000000000000000000000000000000000000000000000000000000000000000000000000000000000000000000000000000000000000000000=
57051 344800 1111200 04099 04117 4
20100324140000 000 000 000 000 232 009 1310 142 000 243 029 1306 0000 0069 0088 1301 0069 1400 060 052 1301 060 -003 09771 09772 1351 09764 1301 -013 0046 1301 -013 1400 0025 0046 1301 0025 1400 0077 0095 0102 0102 0089 0087 0086 0114 //// 10270 ///// ///// ////
000000000000000000000000000000000000000000000000000000000000000000000000000000000000000000000000000000000000000000000000=
57063 344600 1114600 05236 05236 4
20100324140000 333 025 337 026 340 028 1353 333 026 327 041 1319 0000 0039 0053 1322 0039 1400 043 036 1324 035 -075 09636 09636 1400 09632 1301 0001 0016 1323 0000 1301 0007 0014 1321 0007 1400 0061 0078 0084 0084 0075 0077 0083 0110 //// 10269 ///// ///// ////
000000000000000000000000000000000000000000000000000000000000000000000000000000000000000000000000000000000000000000000000=
57067 340300 1110200 05688 05699 4
20100324140000 180 006 169 008 305 009 1301 170 004 173 013 1355 0000 0017 0034 1301 0017 1400 082 076 1301 057 -010 09594 09594 1347 09588 1301 -004 0015 1302 -012 1341 0020 0032 1301 0020 1400 0061 0081 0091 0089 0091 0096 0095 0122 //// 10289 ///// ///// ////
000000000000000000000000000000000000000000000000000000000000000000000000000000000000000000000000000000000000000000000000=
57056 343200 1105300 03904 03909 4
20100324140000 221 014 237 011 260 013 1353 212 011 279 019 1345 0000 0068 0073 1301 0062 1346 049 049 1400 048 -032 09799 09800 1357 09794 1301 -019 -014 1354 -021 1344 0016 0026 1301 0016 1359 0070 0094 0102 0102 0090 0090 0092 0118 //// 10273 ///// ///// ////
000000000000000000000000000000000000000000000000000000000000000000000000000000000000000000000000000000000000000000000000=
58007 340400 1151800 00472 00532 4
20100324140000 243 011 238 012 218 020 1326 243 013 218 034 1324 0000 0085 0089 1301 0085 1342 069 065 1306 077 0031 10179 10179 1351 10169 1301 0072 0078 1308 0070 1336 0071 0082 1301 0071 1400 0098 0108 0111 0110 0103 0100 0102 0131 //// 10245 ///// ///// ////
000000000000000000000000000000000000000000000000000000000000000000000000000000000000000000000000000000000000000000000000=
58006 342300 1155300 00463 00506 4
20100324140000 238 027 237 022 247 029 1332 232 016 234 046 1345 0000 0087 0092 1322 0087 1359 062 059 1303 070 0018 10180 10180 1400 10172 1301 0067 0077 1308 0067 1400 0070 0080 1301 0070 1400 0093 0107 0111 0110 0095 0093 0097 0127 //// 10243 ///// ///// ////
000000000000000000000000000000000000000000000000000000000000000000000000000000000000000000000000000000000000000000000000=
58111 335800 1162700 00325 00325 4
20100324140000 230 016 231 015 251 019 1331 220 016 243 033 1337 0000 0083 0085 1301 0083 1400 068 066 1331 074 0027 10198 10200 1347 10189 1305 0064 0068 1328 0063 1355 0068 0072 1301 0068 1400 0083 0091 0095 0098 0095 0097 0104 0138 //// 10238 ///// ///// ////
000000000000000000000000000000000000000000000000000000000000000000000000000000000000000000000000000000000000000000000000=
58017 341500 1160800 00410 00420 4
20100324140000 244 033 245 029 206 031 1324 243 029 209 047 1322 0000 0090 0099 1302 0090 1400 065 058 1301 075 0028 10186 10186 1400 10174 1303 0075 0085 1324 0074 1355 0070 0077 1303 0070 1400 0093 0102 0106 0106 0098 0097 0102 0128 //// 10238 ///// ///// ////
000000000000000000000000000000000000000000000000000000000000000000000000000000000000000000000000000000000000000000000000=
58001 342600 1150600 00563 00569 4
20100324140000 223 017 223 017 237 022 1319 218 015 257 043 1314 0000 0088 0094 1304 0088 1400 070 065 1301 079 0036 10168 10168 1400 10165 1330 0075 0081 1303 0074 1340 0070 0076 1301 0069 1355 0087 0097 0102 0102 0091 0088 0093 0126 //// 10238 ///// ///// ////
000000000000000000000000000000000000000000000000000000000000000000000000000000000000000000000000000000000000000000000000=
58005 342700 1154000 00501 00511 4
20100324140000 253 035 250 032 249 037 1336 263 038 242 059 1308 0000 0099 0105 1301 0099 1400 056 052 1301 068 0015 10174 10175 1355 10167 1301 0081 0091 1301 0080 1356 0072 0082 1301 0072 1400 0098 0110 0111 0109 0098 0096 0102 0132 0000 10237 ///// ///// ////
000000000000000000000000000000000000000000000000000000000000000000000000000000000000000000000000000000000000000000000000
140 010 000 /// //// /////////////////////ASR /// //// 6///1 0//// 7//// 1//// 2//// 3//// /// /// /// // 911// 915// 919// 934// 939//=
58008 342800 1152000 00544 00592 4
20100324140000 215 023 222 021 222 021 1400 212 026 203 039 1352 0000 0092 0097 1301 0091 1354 063 058 1301 073 0025 10164 10165 1348 10159 1301 0068 0068 1400 0059 1337 0071 0076 1302 0070 1337 0084 0097 0102 0103 0095 0093 0097 0129 //// 10237 ///// ///// ////
000000000000000000000000000000000000000000000000000000000000000000000000000000000000000000000000000000000000000000000000=
58004 343900 1150900 00606 00616 4
20100324140000 216 013 219 016 228 019 1318 232 009 209 031 1318 0000 0095 0098 1301 0095 1400 064 060 1301 076 0030 10160 10160 1400 10155 1305 0081 0083 1342 0079 1324 0076 0082 1301 0076 1400 0099 0115 0116 0116 0103 0098 0101 0127 //// 10236 ///// ///// ////
000000000000000000000000000000000000000000000000000000000000000000000000000000000000000000000000000000000000000000000000=
54817 355900 1155200 00421 00434 4
20100324140000 190 011 187 010 187 010 1400 206 011 198 019 1352 0000 0086 0094 1301 0086 1400 062 058 1303 069 0017 10166 10167 1316 10165 1309 0043 0067 1314 0039 1350 0047 0063 1301 0047 1400 0078 0091 0095 0092 0083 0077 0087 0115 //// 10219 ///// ///// ////
000000000000000000000000000000000000000000000000000000000000000000000000000000000000000000000000000000000000000000000000=
54902 355400 1150700 00495 00499 4
20100324140000 216 018 214 017 209 024 1339 218 016 212 028 1335 0000 0069 0085 1301 0069 1400 077 072 1301 077 0032 10155 10156 1346 10155 1301 -004 0045 1302 -004 1400 0029 0050 1301 0029 1400 0078 0094 0098 0097 0082 0073 0079 0111 //// 10217 ///// ///// ////
000000000000000000000000000000000000000000000000000000000000000000000000000000000000000000000000000000000000000000000000=
54900 354200 1150100 00537 00541 4
20100324140000 205 024 201 023 201 023 1400 218 024 195 034 1356 0000 0098 0106 1301 0097 1355 066 063 1303 080 0038 10155 10155 1334 10152 1302 0069 0078 1301 0058 1353 0054 0069 1301 0054 1353 0090 0102 0104 0101 0090 0080 0083 0110 //// 10221 ///// ///// ////
000000000000000000000000000000000000000000000000000000000000000000000000000000000000000000000000000000000000000000000000=
54901 360500 1151000 00475 00478 4
20100324140000 191 029 189 029 189 029 1400 192 029 192 032 1357 0000 0078 0084 1314 0078 1400 071 068 1301 075 0029 10157 10158 1312 10157 1358 0053 0059 1302 0049 1323 0044 0056 1301 0044 1400 0076 0090 0094 0093 0086 0079 0076 0105 //// 10216 ///// ///// ////
000000000000000000000000000000000000000000000000000000000000000000000000000000000000000000000000000000000000000000000000=
54903 355100 1152900 00457 00506 4
20100324140000 214 017 217 016 214 018 1342 220 018 206 024 1333 0000 0084 0094 1304 0084 1359 066 061 1301 073 0024 10157 10158 1306 10157 1358 0039 0053 1334 0039 1400 0040 0060 1301 0040 1400 0080 0094 0097 0096 0084 0079 0090 0114 //// 10219 ///// ///// ////
000000000000000000000000000000000000000000000000000000000000000000000000000000000000000000000000000000000000000000000000=
57184 333800 1132200 00834 00847 4
20100324140000 296 019 288 015 245 023 1329 290 022 231 038 1317 0000 0095 0107 1301 0095 1400 064 059 1335 076 0030 10142 10142 1400 10138 1305 0060 0080 1308 0060 1400 0059 0079 1301 0059 1400 0093 0109 0113 0115 0102 0102 0103 0129 //// 10246 ///// ///// ////
000000000000000000000000000000000000000000000000000000000000000000000000000000000000000000000000000000000000000000000000=
57177 332000 1133200 00898 00913 4
20100324140000 248 018 246 018 266 026 1309 253 014 259 036 1319 0000 0095 0099 1325 0094 1354 063 063 1400 075 0028 10136 10137 1325 10134 1303 0051 0078 1326 0045 1351 0064 0079 1301 0064 1400 0070 0100 0097 0109 0104 0104 0104 0121 //// 10248 ///// ///// ////
000000000000000000000000000000000000000000000000000000000000000000000000000000000000000000000000000000000000000000000000=
57075 341000 1125200 02031 02043 4
20100324140000 303 030 299 031 297 047 1343 310 030 301 078 1335 0000 0100 0110 1301 0100 1400 037 035 1337 045 -040 10006 10006 1400 10000 1302 0087 0099 1301 0087 1355 0037 0053 1301 0037 1400 0071 0089 0097 0100 0103 0101 0096 0117 //// 10255 ///// ///// ////
000000000000000000000000000000000000000000000000000000000000000000000000000000000000000000000000000000000000000000000000=
57173 334500 1125300 01457 01468 4
20100324140000 308 026 309 029 310 032 1352 297 027 310 044 1350 0000 0095 0105 1301 0090 1341 045 043 1350 053 -018 10070 10070 1400 10066 1301 0061 0085 1301 0057 1323 0041 0063 1301 0041 1400 0082 0099 0106 0106 0105 0103 0104 0134 //// 10249 ///// ///// ////
000000000000000000000000000000000000000000000000000000000000000000000000000000000000000000000000000000000000000000000000=
57180 335900 1131200 01175 01186 4
20100324140000 300 038 303 036 305 038 1356 310 040 330 060 1342 0000 0105 0106 1355 0097 1321 043 043 1400 055 -015 10102 10102 1400 10098 1301 0084 0087 1301 0070 1330 0049 0064 1301 0049 1354 0082 0102 0109 0109 0102 0099 0101 0130 //// 10247 ///// ///// ////
000000000000000000000000000000000000000000000000000000000000000000000000000000000000000000000000000000000000000000000000=
57181 335300 1130300 01364 01380 4
20100324140000 302 038 306 038 315 041 1326 296 044 308 061 1311 0000 0090 0105 1305 0090 1355 047 044 1312 054 -017 10082 10083 1353 10079 1309 0061 0084 1304 0058 1353 0039 0059 1301 0039 1359 0074 0093 0104 0107 0102 0100 0101 0129 //// 10251 ///// ///// ////
000000000000000000000000000000000000000000000000000000000000000000000000000000000000000000000000000000000000000000000000=
57171 334600 1130700 01420 01430 4
20100324140000 287 059 290 057 280 075 1304 296 054 298 089 1323 0000 0115 0120 1301 0113 1353 034 034 1400 046 -038 10068 10069 1348 10065 1301 0101 0110 1301 0096 1353 0055 0068 1301 0055 1353 0081 0095 0103 0107 0110 0112 0114 0124 //// 10242 ///// ///// ////
000000000000000000000000000000000000000000000000000000000000000000000000000000000000000000000000000000000000000000000000=
57175 330300 1121400 01914 01922 4
20100324140000 311 022 291 021 282 040 1326 313 024 271 061 1317 0000 0079 0097 1310 0079 1400 075 068 1309 080 0037 10032 10032 1400 10028 1301 0040 0064 1307 0040 1400 0049 0063 1301 0049 1400 0082 0099 0108 0111 0107 0108 0110 0138 //// 10268 ///// ///// ////
000000000000000000000000000000000000000000000000000000000000000000000000000000000000000000000000000000000000000000000000=
57156 331800 1113000 02503 02523 4
20100324140000 286 028 290 028 288 042 1347 268 042 285 067 1343 0000 0087 0090 1308 0087 1400 059 056 1301 066 0011 09967 09967 1400 09962 1305 0060 0066 1303 0059 1341 0048 0051 1348 0043 1302 0076 0090 0100 0104 0104 0111 0116 0142 //// 10276 ///// ///// ////
000000000000000000000000000000000000000000000000000000000000000000000000000000000000000000000000000000000000000000000000=
57271 323300 1122300 00879 00897 4
20100324140000 271 033 271 037 272 039 1355 279 028 274 058 1340 0000 0086 0092 1301 0086 1400 082 080 1301 092 0057 10164 10164 1358 10154 1303 0068 0078 1315 0068 1400 0065 0075 1301 0065 1400 0086 0099 0105 0109 0103 0107 0113 0139 //// 10275 ///// ///// ////
000000000000000000000000000000000000000000000000000000000000000000000000000000000000000000000000000000000000000000000000=
57261 330700 1113100 02330 02345 4
20100324140000 163 004 161 007 141 019 1327 118 004 152 025 1324 0000 0080 0093 1301 0080 1400 067 061 1301 072 0023 09980 09983 1347 09976 1302 0030 0046 1301 0030 1400 0045 0053 1301 0045 1400 0076 0092 0101 0105 0116 0122 0127 //// //// 10267 ///// ///// ////
000000000000000000000000000000000000000000000000000000000000000000000000000000000000000000000000000000000000000000000000=
57285 322300 1132500 01530 01492 4
20100324140000 232 007 243 009 250 012 1353 257 004 248 021 1347 0000 0087 0087 1301 0082 1327 071 071 1400 080 0037 10079 10081 1336 10076 1301 0054 0066 1304 0054 1330 0067 0074 1301 0067 1400 0085 0094 0099 0103 0104 0108 0109 0135 //// ///// ///// ///// ////
////////////////////////////////////////////////////////////////////////////////////////////////////////////////////////=
57273 324100 1125100 01095 01105 4
20100324140000 260 033 255 028 245 032 1301 260 028 246 051 1330 0000 0091 0094 1301 0091 1400 074 073 1348 085 0047 10129 10129 1400 10124 1306 0066 0077 1303 0066 1357 0069 0078 1302 0069 1400 0091 0101 0106 0109 0110 0111 0111 0136 //// 10265 ///// ///// ////
000000000000000000000000000000000000000000000000000000000000000000000000000000000000000000000000000000000000000000000000=
57187 330400 1125600 01180 01193 4
20100324140000 218 024 223 022 236 028 1309 214 021 248 036 1301 0000 0078 0088 1301 0078 1400 086 083 1301 091 0056 10102 10103 1332 10099 1301 0057 0079 1302 0056 1358 0062 0077 1301 0062 1400 0088 0097 0106 0109 0112 0111 0109 0131 //// 10249 ///// ///// ////
000000000000000000000000000000000000000000000000000000000000000000000000000000000000000000000000000000000000000000000000=
57178 330200 1123500 01292 01305 4
20100324140000 278 037 278 030 275 031 1345 279 048 279 048 1400 0000 0098 0105 1301 0098 1400 064 063 1325 077 0033 10099 10099 1400 10095 1303 0068 0080 1302 0066 1357 0066 0077 1301 0066 1400 0089 0100 0104 0104 0110 0109 0109 0132 0000 10259 ///// ///// ////
000000000000000000000000000000000000000000000000000000000000000000000000000000000000000000000000000000000000000000000000
110 10- 000 /// //// /////////////////////CIE /// //// 6///1 0//// 7//// 1//// 2//// 3//// /// /// /// // 911// 915// 919// 934// 939//=
57169 330300 1115200 01591 01600 4
20100324140000 312 014 307 016 294 029 1305 313 019 302 044 1301 0000 0087 0099 1306 0087 1400 069 064 1305 078 0033 10075 10075 1400 10069 1304 0068 0076 1301 0067 1354 0049 0068 1301 0049 1400 0081 0096 0104 0108 0105 0106 0108 0133 //// 10272 ///// ///// ////
000000000000000000000000000000000000000000000000000000000000000000000000000000000000000000000000000000000000000000000000=
57176 332900 1122500 02311 02304 4
20100324140000 003 017 340 022 325 025 1353 012 015 324 035 1345 0000 0095 0102 1302 0088 1336 048 046 1357 057 -010 09979 09979 1359 09975 1302 0033 0058 1301 0033 1400 0047 0062 1301 0047 1400 0080 0095 0103 0108 0112 0112 0112 0130 //// 10260 ///// ///// ////
000000000000000000000000000000000000000000000000000000000000000000000000000000000000000000000000000000000000000000000000=
57179 331700 1130000 01604 01616 4
20100324140000 194 022 202 018 206 021 1319 203 028 203 028 1400 0000 0080 0090 1303 0080 1359 083 079 1304 089 0053 10057 10059 1322 10054 1301 0035 0056 1320 0032 1359 0058 0071 1301 0058 1400 0085 0097 0102 0104 0103 0104 0105 0132 //// 10256 ///// ///// ////
000000000000000000000000000000000000000000000000000000000000000000000000000000000000000000000000000000000000000000000000=
57274 324200 1120700 01076 01088 4
20100324140000 282 035 277 033 275 036 1310 296 042 263 065 1310 0000 0087 0096 1301 0087 1400 073 071 1301 082 0041 10136 10139 1353 10129 1302 0064 0078 1302 0064 1359 0065 0077 1301 0065 1359 0089 0099 0107 0112 0115 0117 0115 0140 //// 10270 ///// ///// ////
000000000000000000000000000000000000000000000000000000000000000000000000000000000000000000000000000000000000000000000000=
57065 343000 1121100 01949 01964 4
20100324140000 270 041 274 036 277 043 1345 248 030 277 069 1336 0000 0101 0109 1329 0101 1400 028 023 1329 035 -076 10019 10019 1400 10015 1304 0057 0063 1301 0057 1323 0060 0067 1301 0060 1400 0091 0105 0109 0110 0101 0103 0110 0138 //// 10258 ///// ///// ////
000000000000000000000000000000000000000000000000000000000000000000000000000000000000000000000000000000000000000000000000=
57074 342500 1122500 01973 01989 4
20100324140000 200 008 209 013 252 020 1316 192 005 282 039 1308 0000 0099 0117 1301 0099 1359 032 026 1301 039 -060 10012 10012 1354 10009 1301 0062 0090 1301 0060 1358 0046 0066 1301 0046 1358 0089 0104 0109 0110 0104 0103 0102 0125 //// 10254 ///// ///// ////
000000000000000000000000000000000000000000000000000000000000000000000000000000000000000000000000000000000000000000000000=
57076 344400 1124700 01895 01901 4
20100324140000 304 026 298 025 284 028 1325 299 027 299 040 1354 0000 0095 0105 1301 0095 1400 030 029 1301 036 -072 10015 10016 1333 10011 1301 0042 0064 1317 0029 1341 0043 0055 1307 0041 1342 0078 0094 0099 0098 0092 0089 0089 0120 //// 10247 ///// ///// ////
000000000000000000000000000000000000000000000000000000000000000000000000000000000000000000000000000000000000000000000000=
57070 344400 1120700 03640 03595 4
20100324140000 255 048 256 051 260 062 1336 260 052 271 076 1334 0000 0087 0088 1344 0080 1321 036 032 1339 040 -055 09820 09821 1346 09816 1301 0072 0076 1343 0066 1321 0046 0048 1301 0045 1327 0076 0092 0096 0095 0091 0092 0095 0122 //// 10254 ///// ///// ////
000000000000000000000000000000000000000000000000000000000000000000000000000000000000000000000000000000000000000000000000=
57162 340900 1120500 03258 03275 4
20100324140000 261 012 248 012 248 012 1400 266 011 249 018 1358 0000 0082 0093 1301 0079 1325 040 039 1301 043 -046 09865 09866 1332 09861 1302 0024 0034 1340 0002 1321 0028 0045 1301 0027 1356 0073 0092 0100 0102 0096 0097 0101 0132 //// 10263 ///// ///// ////
000000000000000000000000000000000000000000000000000000000000000000000000000000000000000000000000000000000000000000000000=
57078 340900 1122800 03365 03340 4
20100324140000 278 027 276 025 279 029 1341 338 014 279 065 1333 0000 0096 0101 1341 0096 1305 029 026 1339 035 -076 09853 09853 1400 09849 1301 0054 0062 1342 0043 1301 0028 0036 1302 0028 1400 0062 0080 0090 0094 0097 0098 0097 0118 //// 10257 ///// ///// ////
000000000000000000000000000000000000000000000000000000000000000000000000000000000000000000000000000000000000000000000000=
57071 344900 1122600 03333 03332 4
20100324140000 194 027 192 029 198 041 1313 203 027 206 062 1305 0000 0088 0098 1316 0087 1355 025 020 1315 028 -101 09850 09850 1400 09845 1302 0057 0077 1316 0054 1354 0032 0044 1316 0032 1359 0076 0091 0096 0097 0090 0089 0091 0119 //// 10254 ///// ///// ////
000000000000000000000000000000000000000000000000000000000000000000000000000000000000000000000000000000000000000000000000=
57066 342300 1114000 03283 03298 4
20100324140000 305 008 299 006 279 009 1309 285 007 274 023 1308 0000 0080 0091 1301 0080 1400 041 034 1302 044 -044 09864 09866 1337 09862 1301 0016 0029 1323 0011 1349 0022 0032 1301 0021 1358 0070 0089 0096 0097 0093 0091 0090 0115 //// 10264 ///// ///// ////
000000000000000000000000000000000000000000000000000000000000000000000000000000000000000000000000000000000000000000000000=
57077 334700 1113900 07424 07388 4
20100324140000 264 019 266 021 273 022 1347 246 014 268 035 1358 0000 0039 0043 1301 0039 1337 058 058 1353 047 -036 09397 09399 1348 09395 1301 0002 0003 1357 -020 1327 0001 0009 1301 0001 1358 0038 0061 0071 0076 0082 0087 0091 0116 //// 10284 ///// ///// ////
000000000000000000000000000000000000000000000000000000000000000000000000000000000000000000000000000000000000000000000000=
57185 332700 1133500 00911 00921 4
20100324140000 250 027 244 033 241 037 1356 256 025 239 049 1351 0000 0079 0085 1312 0075 1339 076 076 1400 081 0039 10133 10134 1337 10131 1304 0047 0062 1309 0040 1339 0058 0075 1301 0058 1400 0090 0099 0105 0099 0108 0103 0100 0123 //// 10247 ///// ///// ////
000000000000000000000000000000000000000000000000000000000000000000000000000000000000000000000000000000000000000000000000=
57183 334800 1135500 00600 00615 4
20100324140000 245 013 246 014 239 019 1339 240 012 240 028 1322 0000 0074 0082 1301 0074 1400 089 088 1301 092 0057 10163 10165 1316 10162 1302 0042 0065 1304 0042 1400 0068 0081 1301 0068 1400 0094 0106 0111 0112 0104 0099 0097 0122 //// 10239 ///// ///// ////
000000000000000000000000000000000000000000000000000000000000000000000000000000000000000000000000000000000000000000000000=
57186 333600 1140300 00587 00598 4
20100324140000 220 028 223 026 223 026 1400 226 025 215 038 1327 0000 0091 0095 1317 0090 1337 076 074 1317 088 0051 10169 10171 1315 10166 1301 0061 0075 1318 0056 1352 0069 0079 1303 0069 1400 0096 0108 0111 0112 0105 0102 0102 0133 //// 10243 ///// ///// ////
000000000000000000000000000000000000000000000000000000000000000000000000000000000000000000000000000000000000000000000000=
57094 342400 1141300 00674 00685 4
20100324140000 224 020 229 022 225 027 1330 228 018 226 043 1328 0000 0093 0101 1301 0093 1400 079 076 1301 092 0058 10151 10151 1400 10148 1301 0073 0086 1301 0073 1400 0070 0083 1301 0070 1400 0096 0104 0108 0107 0102 0095 0090 0117 //// 10235 ///// ///// ////
000000000000000000000000000000000000000000000000000000000000000000000000000000000000000000000000000000000000000000000000=
57191 342900 1142900 00634 00642 4
20100324140000 272 012 266 011 264 011 1359 288 015 249 023 1359 0000 0097 0103 1301 0097 1400 076 071 1301 091 0057 10158 10159 1335 10155 1301 0085 0094 1311 0084 1351 0075 0082 1311 0075 1400 0096 0103 0106 0105 0098 0092 0094 0124 //// 10237 ///// ///// ////
000000000000000000000000000000000000000000000000000000000000000000000000000000000000000000000000000000000000000000000000=
57096 343200 1144700 00597 00607 4
20100324140000 220 014 218 014 215 015 1353 234 012 223 028 1337 0000 0094 0099 1301 0094 1400 065 061 1301 077 0032 10158 10158 1400 10155 1301 0071 0080 1303 0067 1312 0067 0076 1302 0067 1400 0100 0115 0117 0114 0104 0099 0101 0128 //// 10233 ///// ///// ////
000000000000000000000000000000000000000000000000000000000000000000000000000000000000000000000000000000000000000000000000=
57093 345100 1144900 00733 00740 4
20100324140000 221 025 221 027 221 032 1350 226 027 222 046 1346 0000 0100 0106 1301 0100 1400 063 056 1301 077 0033 10142 10142 1400 10138 1301 0088 0098 1301 0088 1400 0073 0085 1307 0073 1400 0102 0112 0115 0111 0096 0089 0092 0122 //// 10233 ///// ///// ////
000000000000000000000000000000000000000000000000000000000000000000000000000000000000000000000000000000000000000000000000=
57091 344700 1141800 00737 00748 4
20100324140000 221 029 220 031 215 033 1330 217 031 226 043 1346 0000 0106 0114 1301 0106 1400 067 062 1303 086 0047 10141 10142 1333 10139 1301 0067 0089 1302 0067 1400 0075 0096 1302 0075 1400 0109 0117 0118 0109 0104 0100 0101 0123 //// 10233 ///// ///// ////
000000000000000000000000000000000000000000000000000000000000000000000000000000000000000000000000000000000000000000000000=
53978 350500 1123800 01401 01409 4
20100324140000 285 027 287 034 288 034 1358 268 025 277 057 1311 0000 0116 0119 1319 0114 1352 024 022 1333 033 -083 10069 10069 1358 10066 1301 0074 0077 1333 0059 1301 0057 0060 1332 0055 1352 0088 0104 0108 0110 0093 0092 0096 0125 //// 10240 ///// ///// ////
000000000000000000000000000000000000000000000000000000000000000000000000000000000000000000000000000000000000000000000000=
53984 351400 1132800 00827 00837 4
20100324140000 257 012 260 012 260 012 1400 254 013 305 017 1340 0000 0061 0081 1306 0054 1350 087 077 1312 082 0041 10131 10132 1341 10127 1301 -005 0018 1328 -006 1359 0031 0044 1301 0031 1400 0089 0105 0105 0107 0098 0094 0095 0120 //// 10234 ///// ///// ////
000000000000000000000000000000000000000000000000000000000000000000000000000000000000000000000000000000000000000000000000=
53987 350600 1132500 00910 00918 4
20100324140000 271 032 272 029 274 033 1312 279 030 265 056 1306 0000 0113 0125 1301 0113 1400 024 020 1318 032 -085 10124 10124 1400 10119 1301 0099 0111 1317 0095 1351 0065 0074 1301 0064 1355 0093 0105 0110 0112 0101 0098 0100 0127 //// 10236 ///// ///// ////
000000000000000000000000000000000000000000000000000000000000000000000000000000000000000000000000000000000000000000000000=
57079 345700 1130200 01064 01069 4
20100324140000 274 047 273 048 273 050 1354 274 051 282 063 1352 0000 0094 0097 1331 0085 1310 036 036 1400 042 -049 10107 10107 1400 10102 1301 0080 0081 1358 0066 1310 0048 0049 1357 0045 1340 0082 0094 0100 0101 0098 0095 0094 0119 //// 10238 ///// ///// ////
000000000000000000000000000000000000000000000000000000000000000000000000000000000000000000000000000000000000000000000000=
53972 350700 1125500 01196 01210 4
20100324140000 261 025 265 025 267 027 1353 237 018 257 042 1343 0000 0109 0116 1301 0109 1400 027 027 1400 035 -074 10093 10093 1400 10089 1301 0064 0067 1352 0035 1326 0051 0058 1301 0051 1326 0089 0106 0114 0115 0099 0098 0108 0136 //// 10241 ///// ///// ////
000000000000000000000000000000000000000000000000000000000000000000000000000000000000000000000000000000000000000000000000=
57072 345500 1124500 01275 01285 4
20100324140000 268 040 269 041 270 043 1355 276 032 265 063 1351 0000 0112 0118 1308 0112 1400 024 022 1306 032 -086 10086 10086 1400 10083 1301 0094 0100 1330 0090 1320 0050 0054 1301 0049 1344 0075 0093 0098 0098 0088 0086 0086 0113 //// 10243 ///// ///// ////
000000000000000000000000000000000000000000000000000000000000000000000000000000000000000000000000000000000000000000000000=
53982 351400 1131600 01120 01135 4
20100324140000 284 016 285 018 286 021 1315 305 016 301 033 1354 0000 0123 0129 1303 0123 1400 019 016 1301 027 -107 10095 10095 1400 10090 1301 0055 0061 1319 0054 1356 0053 0058 1310 0049 1355 0093 0108 0113 0114 0100 0097 0100 0131 //// 10233 ///// ///// ////
000000000000000000000000000000000000000000000000000000000000000000000000000000000000000000000000000000000000000000000000=
53979 350900 1130500 01200 01211 4
20100324140000 279 025 276 023 276 023 1400 276 028 282 042 1358 0000 0106 0124 1301 0106 1400 025 019 1307 032 -086 10092 10092 1400 10087 1301 0073 0087 1316 0057 1355 0029 0042 1301 0025 1354 0087 0105 0112 0111 0098 0098 0103 0131 //// 10240 ///// ///// ////
000000000000000000000000000000000000000000000000000000000000000000000000000000000000000000000000000000000000000000000000=
53974 353700 1141100 00723 00739 4
20100324140000 227 015 229 017 228 018 1357 201 014 240 031 1313 0000 0103 0112 1301 0103 1400 048 048 1400 060 -002 10135 10135 1357 10132 1301 0052 0057 1301 0039 1336 0059 0073 1301 0059 1400 0094 0109 0113 0111 0093 0090 0097 0124 //// 10226 ///// ///// ////
000000000000000000000000000000000000000000000000000000000000000000000000000000000000000000000000000000000000000000000000=
53990 354300 1141900 00795 00805 4
20100324140000 252 021 246 021 211 029 1303 239 021 209 034 1303 0000 0069 0088 1301 0066 1356 076 067 1301 076 0030 10126 10126 1400 10122 1301 0054 0073 1301 0044 1355 0031 0052 1301 0030 1357 0089 0105 0105 0105 0094 0083 0082 0110 //// 10225 ///// ///// ////
000000000000000000000000000000000000000000000000000000000000000000000000000000000000000000000000000000000000000000000000=
53991 355600 1142100 00743 00753 4
20100324140000 248 025 246 019 246 019 1400 215 034 215 034 1400 0000 0090 0097 1301 0089 1352 062 062 1400 071 0021 10129 10129 1400 10126 1301 0072 0076 1341 0061 1323 0053 0059 1301 0050 1354 0085 0100 0099 0102 0089 0083 0087 0118 //// 10221 ///// ///// ////
000000000000000000000000000000000000000000000000000000000000000000000000000000000000000000000000000000000000000000000000=
53993 355600 1145500 00516 00524 4
20100324140000 200 012 204 015 205 019 1352 211 010 178 026 1341 0000 0090 0092 1301 0085 1331 068 066 1301 078 0034 10153 10153 1400 10152 1301 0066 0067 1353 0049 1324 0041 0054 1301 0041 1359 0077 0093 0096 0093 0085 0075 0075 0108 //// 10217 ///// ///// ////
000000000000000000000000000000000000000000000000000000000000000000000000000000000000000000000000000000000000000000000000=
53889 360400 1134900 03068 03086 4
20100324140000 124 009 285 012 264 028 1351 207 012 275 053 1350 0000 0118 0122 1352 0102 1301 015 014 1342 021 -140 09853 09854 1334 09847 1308 0071 0101 1351 0060 1313 0047 0055 1352 0046 1319 0070 0081 0089 0094 0082 0075 0087 0098 //// 10225 ///// ///// ////
000000000000000000000000000000000000000000000000000000000000000000000000000000000000000000000000000000000000000000000000=
53995 353300 1143000 00625 00645 4
20100324140000 197 027 194 027 199 028 1351 209 030 187 038 1353 0000 0093 0097 1301 0093 1352 066 063 1301 077 0033 10144 10144 1359 10141 1301 0074 0075 1345 0056 1303 0061 0069 1301 0061 1400 0097 0113 0114 0112 0094 0086 0086 0116 //// 10223 ///// ///// ////
000000000000000000000000000000000000000000000000000000000000000000000000000000000000000000000000000000000000000000000000=
53898 360300 1142400 00629 00638 4
20100324140000 251 013 239 013 224 015 1302 265 016 268 023 1336 0000 0069 0077 1301 0069 1359 075 072 1301 075 0028 10139 10139 1358 10137 1301 -020 -013 1314 -020 1400 0039 0050 1301 0039 1400 0086 0100 0105 0102 0077 0075 0084 0116 //// 10218 ///// ///// ////
000000000000000000000000000000000000000000000000000000000000000000000000000000000000000000000000000000000000000000000000=
NNNN
