57090 344300 1135800 00781 00802 4
20100322130000 000 000 222 004 237 008 1243 192 000 237 015 1238 0000 0104 0104 1243 0103 1222 090 090 1258 113 0088 10102 10102 1300 10082 1201 0080 0082 1212 0080 1248 0089 0091 1201 0089 1259 0098 0103 0103 0104 0100 0091 0083 0119 //// 10200 ///// ///// ////
000000000000000000000000000000000000000000000000000000000000000000000000000000000000000000000000000000000000000000000000=
57083 344300 1133900 01104 01116 4
20100322130000 077 012 082 011 174 016 1201 087 011 192 017 1203 0000 0108 0113 1201 0107 1249 082 079 1201 106 0079 10064 10064 1300 10046 1201 0075 0085 1201 0074 1258 0091 0094 1201 0090 1257 0101 0105 0106 0108 0098 0097 0101 0126 0000 10200 ///// ///// ////
000000000000000000000000000000000000000000000000000000000000000000000000000000000000000000000000000000000000000000000000
100 010 000 /// //// /////////////////////ASP /// //// 6///1 0//// 7//// 1//// 2//// 3//// /// /// /// // 911// 915// 919// 934// 939//=
57086 342300 1134300 01166 01168 4
20100322130000 224 012 215 013 210 025 1237 234 011 218 043 1231 0000 0101 0101 1300 0099 1228 079 079 1300 098 0066 10055 10056 1255 10041 1201 0087 0090 1201 0087 1300 0091 0094 1201 0091 1300 0100 0105 0107 0108 0102 0094 0091 0116 //// 10197 ///// ///// ////
000000000000000000000000000000000000000000000000000000000000000000000000000000000000000000000000000000000000000000000000=
57085 343200 1132000 02599 02648 4
20100322130000 063 010 054 009 115 012 1201 060 010 195 020 1231 0000 0102 0108 1203 0102 1253 079 070 1201 098 0067 09877 09878 1245 09862 1201 0095 0103 1201 0093 1247 0086 0087 1216 0085 1257 0098 0104 0107 0107 0106 0097 0090 0121 //// 10194 ///// ///// ////
000000000000000000000000000000000000000000000000000000000000000000000000000000000000000000000000000000000000000000000000=
57081 344800 1132600 01409 01419 4
20100322130000 101 015 107 018 122 020 1253 099 019 133 039 1245 0000 0109 0110 1201 0108 1235 074 074 1300 096 0065 10026 10026 1300 10010 1201 0097 0098 1250 0092 1232 0091 0092 1201 0091 1300 0099 0104 0108 0104 0089 0091 0094 0117 //// 10198 ///// ///// ////
000000000000000000000000000000000000000000000000000000000000000000000000000000000000000000000000000000000000000000000000=
57084 343000 1130300 11784 11790 4
20100322130000 290 021 314 020 015 026 1201 279 027 017 044 1217 0000 0063 0072 1201 0062 1245 028 023 1254 027 -109 08839 08839 1300 08829 1201 0051 0061 1201 0048 1244 0029 0030 1243 0028 1255 0041 0056 0068 0073 0066 //// //// //// //// 10187 ///// ///// ////
000000000000000000000000000000000000000000000000000000000000000000000000000000000000000000000000000000000000000000000000=
57080 344400 1125800 01652 01661 4
20100322130000 298 004 345 002 202 014 1234 319 000 206 025 1210 0000 0112 0118 1201 0112 1300 064 058 1201 085 0047 09992 09992 1256 09979 1201 0086 0102 1208 0086 1300 0085 0087 1230 0085 1257 0096 0101 0104 0104 0092 0086 0086 0119 //// 10193 ///// ///// ////
000000000000000000000000000000000000000000000000000000000000000000000000000000000000000000000000000000000000000000000000=
57082 342800 1130100 04271 04284 4
20100322130000 128 012 113 013 124 030 1231 130 011 133 052 1225 0000 0103 0112 1202 0101 1235 057 042 1202 071 0022 09684 09684 1259 09672 1201 0090 0100 1201 0090 1258 0081 0083 1201 0081 1242 0092 0102 0108 0111 0104 0099 0098 //// //// 10194 ///// ///// ////
000000000000000000000000000000000000000000000000000000000000000000000000000000000000000000000000000000000000000000000000=
57295 323700 1142100 00785 00802 4
20100322130000 005 021 014 017 357 022 1242 350 017 350 044 1236 0000 0116 0118 1248 0116 1234 070 069 1247 096 0063 10080 10085 1240 10071 1201 0095 0095 1253 0094 1201 0105 0106 1201 0105 1300 0121 0120 0120 0121 0110 0101 0100 0128 //// 10177 ///// ///// ////
000000000000000000000000000000000000000000000000000000000000000000000000000000000000000000000000000000000000000000000000=
57188 332200 1140200 00559 00568 4
20100322130000 343 022 347 024 008 033 1241 029 019 007 050 1233 0002 0102 0121 1202 0102 1300 074 058 1210 092 0058 10128 10128 1259 10113 1201 0090 0108 1201 0087 1236 0098 0110 1201 0097 1243 0117 0119 0121 0117 0100 0094 0100 0133 //// 10197 ///// ///// ////
000000000000000000000000000000000000000000000000000000000000000000000000000000000000000000000001000000000001000000000000=
57293 324400 1145900 00380 00391 4
20100322130000 098 000 040 005 051 020 1210 133 003 051 030 1208 0000 0112 0116 1201 0112 1300 075 069 1202 100 0069 10135 10135 1300 10118 1207 0100 0107 1219 0093 1201 0101 0102 1231 0101 1208 0110 0114 0116 0115 0117 0105 0102 0132 //// 10183 ///// ///// ////
000000000000000000000000000000000000000000000000000000000000000000000000000000000000000000000000000000000000000000000000=
57189 330800 1135700 00646 00655 4
20100322130000 353 029 348 024 013 028 1209 021 024 001 050 1209 0000 0117 0123 1201 0117 1300 071 069 1203 098 0066 10114 10114 1259 10099 1205 0111 0117 1202 0111 1252 0110 0114 1202 0110 1300 0118 0122 0123 0122 0103 0095 0095 0122 //// 10194 ///// ///// ////
000000000000000000000000000000000000000000000000000000000000000000000000000000000000000000000000000000000000000000000000=
57194 331700 1141600 00598 00609 4
20100322130000 358 032 000 038 001 039 1258 023 040 333 081 1254 0000 0110 0122 1209 0110 1300 067 060 1221 088 0051 10115 10115 1300 10102 1201 0101 0113 1211 0101 1300 0102 0107 1203 0102 1300 0114 0117 0117 0115 0099 0093 0095 0126 //// 10189 ///// ///// ////
000000000000000000000000000000000000000000000000000000000000000000000000000000000000000000000000000000000000000000000000=
57197 330000 1142000 00489 00545 4
20100322130000 005 022 002 020 014 024 1211 341 010 012 053 1216 0000 0119 0124 1206 0119 1300 067 067 1300 093 0060 10120 10120 1258 10106 1215 0099 0100 1235 0095 1210 0101 0105 1201 0101 1258 0109 0113 0114 0112 0111 0101 0098 0125 //// 10186 ///// ///// ////
000000000000000000000000000000000000000000000000000000000000000000000000000000000000000000000000000000000000000000000000=
57294 325000 1140100 00836 00846 4
20100322130000 010 040 024 042 033 047 1212 344 025 052 088 1208 0000 0124 0127 1201 0123 1259 066 066 1300 095 0062 10084 10084 1300 10069 1208 0121 0124 1201 0121 1254 0111 0115 1201 0111 1300 0115 0118 0119 0117 0111 0108 0100 0118 //// 10187 ///// ///// ////
000000000000000000000000000000000000000000000000000000000000000000000000000000000000000000000000000000000000000000000000=
57292 325800 1143800 00444 00453 4
20100322130000 338 008 349 013 003 028 1229 355 006 344 043 1230 0000 0116 0119 1205 0116 1300 075 073 1238 102 0073 10130 10130 1300 10116 1210 0103 0108 1203 0103 1300 0104 0106 1205 0104 1300 0111 0115 0117 0119 0114 0104 0102 0133 //// 10185 ///// ///// ////
000000000000000000000000000000000000000000000000000000000000000000000000000000000000000000000000000000000000000000000000=
57281 324200 1131800 01422 01431 4
20100322130000 018 030 026 031 009 034 1206 032 038 009 064 1220 0001 0121 0126 1203 0119 1250 062 056 1203 087 0050 10020 10020 1256 10007 1201 0091 0117 1205 0091 1256 0101 0115 1207 0098 1235 0122 0127 0130 0128 0113 0104 0104 0131 //// 10193 ///// ///// ////
000000000000000000000000000000000000000000000000000000000000000000000000010000000000000000000000000000000000000000000000=
57195 333700 1143700 00466 00476 4
20100322130000 055 014 057 013 067 021 1210 074 010 077 054 1220 0001 0108 0113 1201 0108 1300 069 063 1224 089 0053 10136 10137 1254 10118 1204 0081 0098 1230 0081 1257 0089 0095 1201 0089 1259 0107 0116 0120 0120 0106 0097 0100 0142 //// 10194 ///// ///// ////
000000000000000000000000000000000000000000000000000000000000000000000000000000000000000000000000000000000000000001000000=
57193 334700 1143100 00526 00541 4
20100322130000 169 006 161 004 072 028 1201 164 006 060 043 1201 0002 0107 0109 1203 0107 1300 069 063 1201 089 0053 10129 10129 1300 10115 1201 0087 0087 1300 0079 1203 0096 0096 1300 0092 1203 0109 0115 0118 0118 0107 0099 0103 0131 //// 10195 ///// ///// ////
000000000000010000000000000000000000000000000000000000000000000001000000000000000000000000000000000000000000000000000000=
57196 332800 1145200 00420 00428 4
20100322130000 011 028 000 029 356 032 1256 026 024 359 057 1256 0000 0109 0117 1201 0109 1300 070 064 1219 091 0057 10134 10134 1300 10119 1201 0098 0112 1203 0098 1300 0092 0098 1203 0092 1259 0105 0110 0110 0108 0106 0098 0103 0132 //// 10186 ///// ///// ////
000000000000000000000000000000000000000000000000000000000000000000000000000000000000000000000000000000000000000000000000=
57099 340400 1145100 00526 00536 4
20100322130000 313 008 301 009 297 010 1258 324 005 273 015 1257 0001 0098 0102 1224 0098 1300 088 083 1222 107 0079 10130 10130 1300 10115 1201 0083 0085 1212 0083 1300 0094 0098 1201 0094 1300 0105 0109 0107 0106 0101 0092 0096 0132 //// 10196 ///// ///// ////
000000000000010000000000000000000000000000000000000000000000000000000000000000000000000000000000000000000000000000000000=
58104 332400 1150400 00412 00425 4
20100322130000 017 013 012 012 034 024 1238 071 012 023 034 1237 0000 0116 0120 1201 0116 1300 067 067 1300 091 0057 10131 10131 1300 10120 1205 0108 0113 1236 0106 1203 0096 0099 1201 0096 1300 0104 0109 0110 0111 0106 0096 0097 0136 //// 10183 ///// ///// ////
000000000000000000000000000000000000000000000000000000000000000000000000000000000000000000000000000000000000000000000000=
57198 333300 1143700 00463 00473 4
20100322130000 029 023 024 027 026 030 1257 051 032 015 058 1255 0001 0109 0117 1201 0109 1300 062 057 1242 081 0039 10137 10137 1300 10118 1201 0078 0100 1214 0078 1258 0091 0101 1201 0091 1257 0112 0118 0119 0118 0107 0103 0105 0137 //// 10195 ///// ///// ////
000000000000000000000000000000000000000000000000000000000000000000000000000000000000000000000000000000000000000001000000=
58101 335200 1152900 00413 00428 4
20100322130000 332 021 324 021 324 021 1300 344 031 327 038 1257 0001 0100 0103 1238 0100 1208 076 067 1215 093 0060 10136 10137 1258 10121 1201 0079 0079 1300 0077 1233 0086 0089 1213 0086 1300 0104 0106 0107 0107 0103 0096 0097 0131 //// 10188 ///// ///// ////
000000000000000000000000000000000000000000000000000000000000000000000000000000000000000000000000000000000000000000010000=
57192 334400 1145100 00455 00466 4
20100322130000 283 009 313 010 314 015 1247 276 009 015 030 1247 0004 0103 0111 1201 0103 1300 076 066 1201 095 0063 10137 10138 1257 10121 1202 0085 0085 1221 0083 1253 0094 0096 1232 0093 1252 0111 0121 0123 0120 0112 0104 0105 0141 //// 10194 ///// ///// ////
000100000000000000000000000000000001000000000000000000000000000000000001000000000000000000000000000000010000000000000000=
57098 340500 1142400 00583 00593 4
20100322130000 304 021 277 018 277 018 1300 305 022 294 027 1258 0000 0098 0101 1201 0098 1300 087 086 1226 105 0077 10127 10127 1300 10108 1201 0088 0091 1201 0087 1256 0096 0100 1201 0096 1300 0102 0107 0108 0109 0102 0094 0095 0129 //// 10200 ///// ///// ////
000000000000000000000000000000000000000000000000000000000000000000000000000000000000000000000000000000000000000000000000=
57190 334500 1142400 00505 00516 4
20100322130000 239 005 243 005 052 023 1214 248 006 054 030 1212 0003 0100 0102 1201 0100 1300 077 072 1222 094 0062 10131 10131 1300 10116 1201 0084 0084 1300 0081 1227 0092 0093 1202 0091 1243 0107 0113 0115 0113 0104 0095 0099 0130 //// 10194 ///// ///// ////
000000000000000100000000000000000000000000000000000001000000000000000000000000000001000000000000000000000000000000000000=
58100 333900 1151000 00414 00424 4
20100322130000 320 013 340 012 031 019 1224 324 015 037 034 1221 0002 0102 0113 1201 0102 1300 072 067 1201 090 0054 10135 10135 1300 10118 1201 0079 0105 1235 0079 1300 0087 0095 1206 0087 1300 0108 0115 0119 0120 0112 0105 0107 0136 //// 10187 ///// ///// ////
000000000000000000000000000000000000000000000000000000000000000000000000000000000000000000000100000000000000000001000000=
57088 340900 1133000 01161 01177 4
20100322130000 145 006 155 010 188 018 1207 130 000 197 025 1205 0000 0102 0104 1201 0102 1300 091 088 1205 113 0088 10056 10056 1300 10043 1201 0093 0094 1209 0091 1233 0093 0095 1201 0093 1300 0104 0112 0115 0115 0104 0098 0100 0126 //// 10199 ///// ///// ////
000000000000000000000000000000000000000000000000000000000000000000000000000000000000000000000000000000000000000000000000=
57095 340700 1140900 00611 00622 4
20100322130000 257 008 259 009 265 014 1232 265 008 256 018 1239 0000 0099 0100 1202 0099 1300 090 089 1204 110 0083 10121 10122 1252 10105 1201 0085 0090 1201 0084 1255 0094 0097 1201 0094 1300 0103 0109 0113 0115 0101 0093 0093 0125 //// 10197 ///// ///// ////
000000000000000000000000000000000000000000000000000000000000000000000000000000000000000000000000000000000000000000000000=
57089 340200 1135200 00668 00681 4
20100322130000 198 005 204 010 255 018 1216 203 008 206 032 1208 0000 0107 0108 1257 0105 1219 085 084 1252 109 0083 10111 10112 1242 10099 1201 0093 0093 1212 0091 1237 0099 0102 1201 0099 1259 0109 0114 0117 0115 0101 0094 0098 0129 //// 10194 ///// ///// ////
000000000000000000000000000000000000000000000000000000000000000000000000000000000000000000000000000000000000000000000000=
57182 335100 1133000 00805 00814 4
20100322130000 204 022 200 019 159 028 1217 203 026 166 044 1216 0004 0104 0107 1201 0103 1238 087 084 1201 110 0083 10100 10100 1300 10087 1201 0093 0096 1211 0092 1230 0100 0103 1201 0100 1300 0117 0123 0125 0121 0109 0102 0106 0140 //// 10199 ///// ///// ////
000000000000000000000000000001000000000000000000000000000000000000000100000000000000000000000000000000010000000000000001=
57087 341200 1134800 00877 00885 4
20100322130000 240 014 238 013 254 023 1227 254 014 265 035 1223 0000 0107 0108 1202 0107 1300 084 084 1300 108 0081 10087 10087 1300 10076 1201 0094 0097 1245 0094 1201 0094 0096 1201 0094 1300 0101 0108 0110 0109 0098 0093 0096 0124 //// 10195 ///// ///// ////
000000000000000000000000000000000000000000000000000000000000000000000000000000000000000000000000000000000000000000000000=
57297 320800 1140300 01145 01154 4
20100322130000 034 032 023 019 031 029 1241 023 050 023 050 1300 0000 0124 0125 1204 0123 1224 066 065 1201 095 0062 10043 10047 1255 10030 1221 0114 0118 1203 0113 1256 0111 0112 1203 0110 1257 0118 0124 0129 0131 0124 0118 0113 //// //// 10182 ///// ///// ////
000000000000000000000000000000000000000000000000000000000000000000000000000000000000000000000000000000000000000000000000=
57296 322100 1144400 00489 00501 4
20100322130000 089 023 082 022 049 022 1246 094 022 037 035 1245 0003 0115 0116 1254 0113 1201 074 071 1252 100 0070 10114 10121 1234 10103 1201 0092 0110 1252 0092 1259 0099 0103 1214 0099 1259 0116 0124 0128 0129 0121 0110 0108 0131 //// 10175 ///// ///// ////
000000000000000000000000000000000000000000000000000000000000000000000000000000000000000000000000000000000001000100010000=
57396 313800 1145100 01287 01297 4
20100322130000 344 071 346 060 342 082 1228 353 065 330 115 1226 0014 0092 0100 1205 0092 1300 084 077 1205 098 0066 10021 10021 1300 09996 1209 0081 0089 1204 0081 1300 0086 0091 1201 0086 1254 0100 0114 0124 0129 0131 0115 //// //// //// 10178 ///// ///// ////
000000000000000001020101010000010000010000000000000100000000000001000000000000000000000000000000000000010001000100000001=
58301 314900 1152300 00916 00929 4
20100322130000 028 031 033 032 060 044 1227 034 033 048 074 1249 0018 0090 0095 1201 0090 1300 084 082 1245 096 0064 10066 10077 1243 10052 1219 0081 0088 1201 0080 1254 0093 0099 1201 0092 1254 0110 0120 0128 0131 0134 0119 0106 0128 //// 10179 ///// ///// ////
000000000000010000000000000000010000000001000000010000000100000001000000000000000000000001000000000001010302010001010001=
57298 321300 1143300 00554 00562 4
20100322130000 058 018 063 020 072 025 1244 054 014 065 037 1242 0005 0106 0115 1201 0106 1300 084 073 1201 107 0080 10109 10114 1216 10101 1224 0091 0109 1201 0090 1253 0063 0066 1212 0062 1258 0115 0096 0122 0126 0117 0107 0099 0134 //// 10177 ///// ///// ////
000000000000000000000000000000000000000000000000000000000000000000000000010001000001000000000000000000010000000001000000=
57390 314800 1140400 07335 07347 4
20100322130000 032 072 032 073 031 080 1258 043 074 054 221 1246 0015 0055 0060 1201 0055 1300 093 088 1201 084 0045 09302 09315 1229 09294 1216 0051 0055 1234 0051 1225 0057 0061 1233 0057 1256 0074 0085 0095 0101 0108 0093 //// //// //// 10162 ///// ///// ////
000000000100000000000000000002000000010000000000000000000000000000000000000001000100000200010001000100000200000100000100=
58207 321000 1150300 00428 00440 4
20100322130000 082 022 087 026 088 028 1259 073 015 079 038 1255 0006 0105 0108 1246 0105 1300 085 081 1244 108 0081 10120 10132 1241 10112 1201 0094 0100 1246 0093 1252 0118 0121 1201 0118 1300 0098 0126 0128 0129 0121 0112 0110 0138 //// 10173 ///// ///// ////
000000000000000000000000000000000000000000000000000000000000000000000000000000000000000000000000010001010100010000010000=
58205 322800 1152600 00349 00360 4
20100322130000 127 008 106 008 044 018 1219 130 009 043 025 1219 0000 0114 0116 1201 0113 1244 076 072 1212 102 0073 10134 10134 1300 10122 1206 0109 0112 1210 0106 1242 0102 0103 1201 0102 1223 0105 0107 0110 0111 0119 0108 0108 0123 //// 10178 ///// ///// ////
000000000000000000000000000000000000000000000000000000000000000000000000000000000000000000000000000000000000000000000000=
58208 321000 1153700 00429 00439 4
20100322130000 143 013 133 013 128 020 1250 126 011 126 029 1248 0000 0100 0101 1201 0100 1300 081 081 1300 099 0069 10128 10128 1300 10115 1203 0093 0095 1201 0093 1259 0104 0105 1201 0103 1250 0114 0124 0127 0131 0119 0112 0110 0140 //// 10181 ///// ///// ////
000000000000000000000000000000000000000000000000000000000000000000000000000000000000000000000000000000000000000000000000=
57299 320100 1145400 00494 00506 4
20100322130000 067 021 067 022 081 027 1210 071 021 040 048 1239 0011 0105 0109 1201 0105 1300 083 078 1234 105 0077 10108 10121 1227 10099 1205 0092 0102 1208 0091 1244 0099 0102 1202 0098 1241 0104 0110 0115 0118 0125 0110 0105 0126 //// 10169 ///// ///// ////
000000000000000000000000000000000000000000000000000000000000000000000000000100010101010201000100000100000000000100000000=
53989 350300 1135700 00766 00777 4
20100322130000 134 000 163 001 202 013 1221 125 000 201 023 1218 0000 0099 0102 1201 0099 1300 090 088 1201 110 0083 10102 10103 1250 10087 1201 0078 0086 1219 0076 1235 0083 0085 1201 0083 1242 0095 0102 0105 0104 0094 0089 0093 0123 //// 10197 ///// ///// ////
000000000000000000000000000000000000000000000000000000000000000000000000000000000000000000000000000000000000000000000000=
53997 350900 1141100 00711 00723 4
20100322130000 245 000 279 001 293 007 1239 225 000 262 012 1245 0000 0095 0099 1201 0095 1300 089 088 1201 106 0078 10110 10110 1300 10093 1201 0067 0069 1208 0064 1240 0084 0087 1201 0084 1258 0096 0103 0104 0105 0093 0091 0095 0124 //// 10198 ///// ///// ////
000000000000000000000000000000000000000000000000000000000000000000000000000000000000000000000000000000000000000000000000=
53986 351900 1135300 00732 00740 4
20100322130000 000 000 000 000 065 005 1201 173 000 310 006 1214 0000 0103 0106 1216 0103 1255 096 094 1201 120 0097 10108 10108 1300 10091 1201 0073 0077 1221 0071 1214 0080 0083 1201 0080 1219 0097 0103 0105 0105 0096 0092 0096 0128 //// 10198 ///// ///// ////
000000000000000000000000000000000000000000000000000000000000000000000000000000000000000000000000000000000000000000000000=
53994 352300 1140400 00700 00712 4
20100322130000 095 009 080 009 032 010 1203 104 009 029 014 1201 0000 0102 0104 1201 0102 1300 088 088 1300 109 0083 10109 10109 1300 10093 1201 0072 0074 1205 0065 1226 0077 0079 1201 0075 1234 0096 0105 0107 0104 0092 0087 0092 0127 //// 10196 ///// ///// ////
000000000000000000000000000000000000000000000000000000000000000000000000000000000000000000000000000000000000000000000000=
53988 351600 1134000 00776 00784 4
20100322130000 089 007 076 007 010 010 1203 079 008 007 013 1208 0000 0095 0097 1201 0095 1300 085 083 1201 101 0071 10099 10099 1300 10084 1201 0061 0062 1241 0053 1206 0069 0069 1201 0068 1216 0092 0102 0104 0105 0091 0090 0097 0126 //// 10195 ///// ///// ////
000000000000000000000000000000000000000000000000000000000000000000000000000000000000000000000000000000000000000000000000=
53985 352700 1134900 00964 00979 4
20100322130000 094 005 103 004 334 008 1205 116 005 024 013 1205 0000 0112 0115 1212 0112 1300 072 070 1236 096 0063 10078 10078 1300 10065 1201 0098 0109 1237 0094 1252 0082 0084 1216 0081 1252 0090 0095 0093 0090 0079 0075 0082 0118 //// 10197 ///// ///// ////
000000000000000000000000000000000000000000000000000000000000000000000000000000000000000000000000000000000000000000000000=
53983 350200 1142500 00696 00708 4
20100322130000 271 005 274 004 289 007 1212 276 005 299 010 1207 0000 0091 0095 1201 0090 1256 095 093 1201 110 0083 10112 10112 1300 10096 1201 0083 0084 1221 0082 1254 0087 0089 1201 0087 1300 0094 0101 0103 0103 0087 0083 0086 0123 //// 10199 ///// ///// ////
000000000000000000000000000000000000000000000000000000000000000000000000000000000000000000000000000000000000000000000000=
53998 351200 1143900 00616 00625 4
20100322130000 291 014 287 015 287 015 1300 305 013 293 022 1214 0000 0104 0104 1300 0102 1227 080 080 1300 101 0071 10121 10121 1300 10103 1202 0089 0089 1259 0082 1201 0082 0084 1205 0082 1300 0093 0098 0099 0100 0099 0093 0094 0129 //// 10197 ///// ///// ////
000000000000000000000000000000000000000000000000000000000000000000000000000000000000000000000000000000000000000000000000=
57051 344800 1111200 04099 04117 4
20100322130000 343 008 325 012 321 013 1258 313 001 313 026 1249 0000 0125 0128 1201 0124 1246 015 015 1214 022 -134 09707 09707 1259 09698 1201 0097 0100 1223 0089 1240 0096 0099 1205 0096 1248 0106 0111 0111 0108 0091 0086 0084 0114 //// 10197 ///// ///// ////
000000000000000000000000000000000000000000000000000000000000000000000000000000000000000000000000000000000000000000000000=
57063 344600 1114600 05236 05236 4
20100322130000 302 027 310 022 294 028 1247 299 019 299 037 1259 0000 0096 0098 1249 0093 1223 026 025 1246 031 -090 09574 09574 1300 09565 1201 0076 0079 1250 0066 1221 0063 0064 1201 0062 1259 0079 0085 0086 0086 0075 0076 0082 0110 //// 10196 ///// ///// ////
000000000000000000000000000000000000000000000000000000000000000000000000000000000000000000000000000000000000000000000000=
57067 340300 1110200 05688 05699 4
20100322130000 231 004 214 009 213 011 1255 260 003 220 015 1253 0000 0053 0056 1209 0053 1300 085 081 1207 076 0030 09537 09538 1254 09527 1202 0050 0057 1218 0050 1300 0062 0063 1201 0061 1254 0079 0088 0097 0094 0101 0100 0092 0122 //// 10222 ///// ///// ////
000000000000000000000000000000000000000000000000000000000000000000000000000000000000000000000000000000000000000000000000=
57056 343200 1105300 03904 03909 4
20100322130000 101 012 104 009 273 010 1201 099 016 099 016 1300 0000 0102 0114 1202 0102 1300 041 022 1203 051 -025 09735 09735 1300 09724 1201 0072 0080 1201 0072 1259 0086 0091 1201 0086 1300 0099 0105 0105 0104 0091 0089 0091 0118 //// 10202 ///// ///// ////
000000000000000000000000000000000000000000000000000000000000000000000000000000000000000000000000000000000000000000000000=
58007 340400 1151800 00472 00532 4
20100322130000 293 019 289 009 292 013 1237 293 030 293 030 1300 0003 0104 0106 1207 0103 1243 078 071 1201 098 0067 10124 10124 1300 10111 1202 0088 0090 1212 0085 1228 0094 0095 1201 0094 1240 0106 0111 0113 0112 0105 0098 0100 0131 //// 10189 ///// ///// ////
000000000000000000000000000000000001000000000000000000000000000000000100000000000000000000000000000000000000000100000000=
58006 342300 1155300 00463 00506 4
20100322130000 321 021 325 020 325 021 1258 316 030 322 035 1258 0000 0104 0105 1201 0104 1300 076 074 1201 096 0064 10128 10128 1258 10114 1201 0095 0096 1222 0095 1214 0092 0094 1201 0092 1258 0099 0106 0107 0106 0095 0090 0096 0127 //// 10190 ///// ///// ////
000000000000000000000000000000000000000000000000000000000000000000000000000000000000000000000000000000000000000000000000=
58111 335800 1162700 00325 00325 4
20100322130000 351 024 002 017 002 021 1253 310 018 004 046 1259 0001 0110 0114 1201 0110 1256 067 065 1201 088 0051 10141 10141 1300 10132 1218 0084 0086 1201 0083 1237 0087 0087 1203 0087 1230 0092 0095 0097 0099 0099 0096 0102 0138 //// 10181 ///// ///// ////
000000000000000000000000000000000000000000000000000000000100000000000000000000000000000000000000000000000000000000000000=
58017 341500 1160800 00410 00420 4
20100322130000 330 011 317 011 317 011 1300 327 018 327 018 1300 0000 0099 0108 1205 0099 1258 084 072 1203 102 0073 10129 10130 1255 10115 1201 0079 0084 1205 0079 1255 0093 0093 1218 0092 1204 0102 0107 0109 0109 0099 0095 0101 0128 //// 10180 ///// ///// ////
000000000000000000000000000000000000000000000000000000000000000000000000000000000000000000000000000000000000000000000000=
58001 342600 1150600 00563 00569 4
20100322130000 306 012 307 012 307 012 1300 305 011 330 018 1258 0000 0099 0099 1238 0098 1210 091 090 1201 111 0085 10122 10122 1300 10108 1201 0089 0090 1250 0088 1210 0090 0092 1201 0090 1258 0095 0097 0098 0097 0089 0085 0092 0127 //// 10192 ///// ///// ////
000000000000000000000000000000000000000000000000000000000000000000000000000000000000000000000000000000000000000000000000=
58005 342700 1154000 00501 00511 4
20100322130000 315 017 321 017 308 019 1217 301 015 331 031 1249 0000 0105 0107 1207 0105 1300 082 080 1201 104 0076 10123 10124 1253 10111 1201 0088 0089 1217 0087 1243 0094 0096 1211 0094 1258 0104 0110 0109 0108 0098 0094 0101 0132 0000 10185 ///// ///// ////
000000000000000000000000000000000000000000000000000000000000000000000000000000000000000000000000000000000000000000000000
120 010 000 /// //// /////////////////////ASP /// //// 6///1 0//// 7//// 1//// 2//// 3//// /// /// /// // 911// 915// 919// 934// 939//=
58008 342800 1152000 00544 00592 4
20100322130000 307 015 306 012 306 012 1300 293 026 293 026 1300 0000 0100 0100 1239 0099 1201 082 081 1246 101 0071 10116 10116 1300 10104 1204 0085 0086 1249 0084 1212 0091 0092 1201 0090 1246 0094 0097 0098 0098 0094 0091 0096 0129 //// 10188 ///// ///// ////
000000000000000000000000000000000000000000000000000000000000000000000000000000000000000000000000000000000000000000000000=
58004 343900 1150900 00606 00616 4
20100322130000 285 011 282 008 263 008 1224 282 011 299 018 1202 0000 0098 0099 1201 0098 1228 087 086 1211 105 0077 10116 10116 1300 10100 1201 0090 0093 1207 0088 1236 0093 0095 1201 0093 1259 0102 0111 0109 0109 0101 0096 0100 0127 //// 10191 ///// ///// ////
000000000000000000000000000000000000000000000000000000000000000000000000000000000000000000000000000000000000000000000000=
54817 355900 1155200 00421 00434 4
20100322130000 036 019 029 020 028 020 1256 063 013 029 032 1253 0000 0102 0102 1259 0092 1218 062 062 1300 077 0033 10139 10139 1300 10124 1202 0088 0089 1258 0065 1213 0069 0074 1201 0069 1300 0080 0084 0085 0081 0078 0074 0086 0116 //// 10192 ///// ///// ////
000000000000000000000000000000000000000000000000000000000000000000000000000000000000000000000000000000000000000000000000=
54902 355400 1150700 00495 00499 4
20100322130000 328 005 328 007 290 013 1231 319 002 285 014 1230 0000 0097 0100 1201 0095 1239 075 074 1212 090 0055 10128 10128 1300 10117 1201 0067 0071 1250 0063 1242 0071 0074 1201 0071 1259 0086 0090 0089 0088 0077 0069 0078 0111 //// 10189 ///// ///// ////
000000000000000000000000000000000000000000000000000000000000000000000000000000000000000000000000000000000000000000000000=
54900 354200 1150100 00537 00541 4
20100322130000 284 014 280 011 303 017 1222 285 014 302 022 1218 0000 0102 0107 1236 0102 1206 075 073 1235 093 0060 10125 10125 1300 10114 1203 0056 0067 1220 0056 1253 0069 0074 1201 0069 1300 0087 0092 0092 0091 0085 0077 0081 0110 //// 10191 ///// ///// ////
000000000000000000000000000000000000000000000000000000000000000000000000000000000000000000000000000000000000000000000000=
54901 360500 1151000 00475 00478 4
20100322130000 302 008 297 006 343 014 1205 299 009 001 018 1203 0000 0093 0103 1208 0093 1300 076 069 1205 089 0053 10133 10133 1300 10121 1201 0076 0083 1215 0074 1258 0076 0081 1201 0076 1300 0086 0090 0090 0087 0081 0075 0074 0105 //// 10192 ///// ///// ////
000000000000000000000000000000000000000000000000000000000000000000000000000000000000000000000000000000000000000000000000=
54903 355100 1152900 00457 00506 4
20100322130000 295 008 298 010 286 012 1217 310 008 285 016 1213 0000 0086 0095 1201 0086 1252 083 081 1201 093 0059 10128 10128 1300 10113 1201 0071 0078 1205 0068 1253 0065 0073 1201 0065 1300 0082 0088 0088 0086 0079 0076 0088 0114 //// 10190 ///// ///// ////
000000000000000000000000000000000000000000000000000000000000000000000000000000000000000000000000000000000000000000000000=
57184 333800 1132200 00834 00847 4
20100322130000 339 017 115 016 259 025 1201 323 029 175 039 1245 0004 0101 0108 1201 0101 1300 088 078 1203 109 0082 10098 10098 1300 10085 1201 0097 0100 1230 0095 1201 0097 0100 1218 0097 1257 0117 0125 0126 0125 0101 0099 0101 0129 //// 10201 ///// ///// ////
000000000000000000010000000000000000000000010000000000000000000000000000000001000000000000000000000000000000000100000000=
57177 332000 1133200 00898 00913 4
20100322130000 345 014 326 016 330 020 1231 021 008 316 032 1221 0012 0097 0106 1201 0097 1300 090 082 1201 108 0081 10091 10091 1300 10077 1201 0091 0092 1209 0091 1249 0102 0106 1201 0102 1257 0096 0120 0114 0123 0110 0103 0102 0121 //// 10202 ///// ///// ////
010000000100000000000001000000000001000000000000000002000000000000000000000000010000000000000001000000010001000000020000=
57075 341000 1125200 02031 02043 4
20100322130000 149 000 126 002 318 017 1207 163 000 301 027 1201 0000 0098 0106 1205 0096 1245 078 072 1202 094 0062 09951 09951 1300 09939 1201 0087 0100 1203 0087 1300 0087 0088 1201 0087 1300 0098 0105 0109 0109 0111 0102 0093 0118 //// 10198 ///// ///// ////
000000000000000000000000000000000000000000000000000000000000000000000000000000000000000000000000000000000000000000000000=
57173 334500 1125300 01457 01468 4
20100322130000 248 012 258 015 318 027 1241 234 012 271 048 1236 0005 0108 0113 1234 0106 1242 067 061 1231 087 0049 10022 10022 1300 10006 1201 0082 0095 1202 0081 1248 0089 0091 1222 0088 1244 0110 0117 0120 0117 0108 0101 0102 0134 //// 10200 ///// ///// ////
000000000000000000000000000000000000000000000001000000000100000000000001000000000000000100000000000000000000010000000000=
57180 335900 1131200 01175 01186 4
20100322130000 286 024 277 020 182 021 1201 287 020 276 032 1257 0001 0102 0106 1203 0102 1300 084 079 1201 104 0076 10054 10054 1300 10040 1201 0086 0090 1241 0085 1252 0090 0092 1201 0090 1300 0104 0112 0114 0114 0101 0097 0099 0131 //// 10198 ///// ///// ////
000000000000000000000000000000000000000000000000000000000000000000000000000000000000000000000000000000000000000001000000=
57181 335300 1130300 01364 01380 4
20100322130000 085 015 079 013 120 024 1249 108 013 147 044 1225 0002 0101 0105 1227 0097 1201 081 078 1225 100 0070 10036 10036 1258 10021 1215 0086 0088 1237 0086 1255 0091 0092 1207 0090 1247 0105 0112 0115 0116 0105 0099 0099 0129 //// 10204 ///// ///// ////
000000000000000000000000000000000000000000000000000000000000000000000000000000000100000000000000000000000000000001000000=
57171 334600 1130700 01420 01430 4
20100322130000 161 041 155 041 146 043 1212 169 046 144 055 1208 0003 0103 0105 1201 0101 1221 079 078 1259 099 0068 10024 10024 1300 10011 1207 0085 0101 1201 0085 1250 0093 0096 1201 0092 1252 0111 0118 0122 0122 0120 0115 0111 0124 //// 10198 ///// ///// ////
000000000000000000000000000000000000000000000000000000000000000000000000000001000000000100000000000000000000000100000000=
57175 330300 1121400 01914 01922 4
20100322130000 034 050 035 048 031 060 1223 001 039 043 107 1215 0000 0113 0121 1207 0113 1300 069 061 1202 092 0058 09965 09965 1257 09952 1202 0099 0109 1201 0099 1300 0115 0126 1201 0115 1256 0144 0151 0151 0145 0115 0106 0108 0138 //// 10196 ///// ///// ////
000000000000000000000000000000000000000000000000000000000000000000000000000000000000000000000000000000000000000000000000=
57156 331800 1113000 02503 02523 4
20100322130000 290 042 292 040 288 050 1202 316 034 299 083 1228 0033 0077 0079 1236 0077 1300 088 086 1201 092 0058 09906 09906 1300 09890 1203 0072 0074 1208 0072 1258 0077 0078 1217 0076 1229 0109 0122 0130 0131 0114 0112 0115 0143 //// 10211 ///// ///// ////
000101000101000101000001000001000001000000010001010001010100010001000001000100000100010000010101000101010101010001010001=
57271 323300 1122300 00879 00897 4
20100322130000 039 031 038 035 051 052 1213 032 022 054 089 1206 0000 0128 0134 1201 0128 1300 060 054 1202 089 0052 10088 10088 1300 10071 1206 0096 0126 1201 0096 1300 0109 0131 1201 0109 1300 0141 0147 0148 0144 0113 0105 0111 0139 //// 10197 ///// ///// ////
000000000000000000000000000000000000000000000000000000000000000000000000000000000000000000000000000000000000000000000000=
57261 330700 1113100 02330 02345 4
20100322130000 111 037 116 037 138 070 1205 124 041 138 106 1205 0009 0079 0087 1201 0079 1300 091 083 1201 097 0065 09917 09917 1300 09903 1201 0077 0078 1240 0076 1256 0087 0089 1201 0087 1251 0115 0128 0133 0133 0131 0123 0125 //// //// 10201 ///// ///// ////
010001000000010000000000000000000000010000010000000000000000000000010000000001000000000001000000000000010000000000000000=
57285 322300 1132500 01530 01492 4
20100322130000 048 033 048 035 048 035 1300 046 033 046 058 1256 0000 0135 0138 1201 0135 1251 052 051 1257 080 0038 10007 10008 1253 09995 1201 0120 0120 1300 0116 1250 0115 0118 1201 0115 1252 0125 0130 0132 0132 0116 0108 0107 0135 //// ///// ///// ///// ////
////////////////////////////////////////////////////////////////////////////////////////////////////////////////////////=
57273 324100 1125100 01095 01105 4
20100322130000 027 031 032 032 021 035 1247 350 018 009 068 1217 0004 0115 0126 1201 0115 1255 061 052 1201 083 0042 10063 10063 1300 10047 1205 0087 0120 1204 0087 1259 0101 0124 1201 0101 1259 0135 0142 0141 0138 0119 0110 0109 0136 //// 10197 ///// ///// ////
000000000000000000000000000000000000000100000000000000000000010000000000000000000000000100010000000000000000000000000000=
57187 330400 1125600 01180 01193 4
20100322130000 358 024 000 025 004 031 1239 029 019 043 051 1212 0000 0100 0117 1201 0100 1300 083 064 1201 102 0072 10050 10050 1300 10032 1201 0088 0111 1208 0087 1251 0104 0120 1201 0104 1255 0133 0133 0138 0136 0123 0110 0106 0132 //// 10195 ///// ///// ////
000000000000000000000000000000000000000000000000000000000000000000000000000000000000000000000000000000000000000000000000=
57178 330200 1123500 01292 01305 4
20100322130000 330 047 340 046 342 047 1257 349 041 332 071 1209 0000 0101 0116 1201 0101 1300 079 066 1201 098 0066 10045 10045 1300 10029 1201 0085 0110 1201 0085 1257 0103 0119 1201 0103 1300 0131 0140 0139 0135 0119 0108 0107 0133 0000 10203 ///// ///// ////
000000000000000000000000000000000000000000000000000000000000000000000000000000000000000000000000000000000000000000000000
200 010 000 /// //// /////////////////////ACP /// //// 6///1 0//// 7//// 1//// 2//// 3//// /// /// /// // 911// 915// 919// 934// 939//=
57169 330300 1115200 01591 01600 4
20100322130000 307 051 316 040 311 056 1215 319 056 313 090 1226 0000 0103 0123 1203 0103 1300 084 063 1201 105 0077 10007 10007 1300 09990 1204 0100 0116 1201 0100 1300 0100 0117 1201 0098 1250 0127 0135 0136 0133 0114 0105 0106 0133 //// 10201 ///// ///// ////
000000000000000000000000000000000000000000000000000000000000000000000000000000000000000000000000000000000000000000000000=
57176 332900 1122500 02311 02304 4
20100322130000 301 025 305 030 297 049 1231 293 027 305 076 1224 0014 0084 0088 1201 0084 1255 081 078 1201 089 0053 09932 09932 1300 09916 1202 0077 0079 1203 0077 1257 0089 0092 1201 0089 1257 0118 0130 0135 0137 0121 0113 0110 0130 //// 10211 ///// ///// ////
000000020000000001000000000001000000000100000000010000000000000001000001000000010000000001000000010000000100000101000000=
57179 331700 1130000 01604 01616 4
20100322130000 021 011 014 013 066 021 1233 043 009 071 028 1231 0009 0096 0100 1201 0096 1300 090 084 1201 108 0080 10010 10010 1300 09990 1202 0085 0085 1214 0084 1246 0098 0100 1209 0098 1247 0117 0123 0124 0123 0110 0102 0103 0133 //// 10206 ///// ///// ////
000000000000000200000000000000000100000000000000000000000000000200000000000000000000000100000000000000000200000000000001=
57274 324200 1120700 01076 01088 4
20100322130000 039 043 039 039 038 045 1202 046 060 052 084 1238 0000 0124 0132 1201 0124 1300 056 052 1201 081 0039 10066 10066 1255 10050 1201 0108 0124 1201 0108 1300 0122 0132 1201 0122 1300 0147 0152 0154 0151 0126 0117 0112 0140 //// 10197 ///// ///// ////
000000000000000000000000000000000000000000000000000000000000000000000000000000000000000000000000000000000000000000000000=
57065 343000 1121100 01949 01964 4
20100322130000 266 033 267 033 273 044 1211 274 026 265 076 1203 0000 0112 0113 1206 0112 1300 058 058 1205 077 0033 09956 09956 1300 09945 1201 0084 0084 1202 0084 1240 0086 0087 1203 0086 1300 0096 0102 0106 0108 0102 0102 0108 0138 //// 10193 ///// ///// ////
000000000000000000000000000000000000000000000000000000000000000000000000000000000000000000000000000000000000000000000000=
57074 342500 1122500 01973 01989 4
20100322130000 203 005 197 007 249 018 1201 130 001 243 030 1216 0000 0108 0109 1247 0107 1203 066 065 1244 085 0047 09955 09955 1300 09945 1201 0094 0098 1209 0092 1251 0085 0085 1203 0085 1255 0095 0102 0106 0109 0107 0103 0100 0125 //// 10196 ///// ///// ////
000000000000000000000000000000000000000000000000000000000000000000000000000000000000000000000000000000000000000000000000=
57076 344400 1124700 01895 01901 4
20100322130000 280 011 290 014 278 023 1229 273 008 274 030 1228 0000 0107 0109 1201 0107 1300 068 066 1229 087 0050 09961 09961 1300 09949 1201 0087 0095 1230 0085 1248 0083 0084 1212 0082 1248 0090 0096 0098 0098 0094 0088 0087 0120 //// 10192 ///// ///// ////
000000000000000000000000000000000000000000000000000000000000000000000000000000000000000000000000000000000000000000000000=
57070 344400 1120700 03640 03595 4
20100322130000 242 015 252 016 254 016 1258 257 014 234 022 1258 0000 0110 0112 1224 0110 1258 049 048 1223 064 0007 09759 09759 1300 09750 1201 0095 0097 1253 0091 1217 0079 0081 1202 0079 1300 0091 0096 0097 0096 0093 0090 0093 0122 //// 10189 ///// ///// ////
000000000000000000000000000000000000000000000000000000000000000000000000000000000000000000000000000000000000000000000000=
57162 340900 1120500 03258 03275 4
20100322130000 238 015 248 013 257 015 1244 192 011 299 024 1205 0000 0099 0101 1201 0099 1300 062 061 1243 076 0030 09807 09807 1300 09797 1201 0086 0088 1243 0076 1207 0076 0076 1206 0075 1245 0090 0098 0104 0108 0100 0096 0099 0132 //// 10201 ///// ///// ////
000000000000000000000000000000000000000000000000000000000000000000000000000000000000000000000000000000000000000000000000=
57078 340900 1122800 03365 03340 4
20100322130000 275 024 273 024 292 027 1223 327 018 302 056 1223 0000 0101 0102 1201 0100 1231 060 060 1300 074 0027 09797 09797 1300 09785 1201 0072 0073 1201 0072 1229 0075 0077 1201 0075 1300 0086 0094 0099 0102 0102 0097 0095 0118 //// 10198 ///// ///// ////
000000000000000000000000000000000000000000000000000000000000000000000000000000000000000000000000000000000000000000000000=
57071 344900 1122600 03333 03332 4
20100322130000 279 022 272 017 198 018 1231 277 021 293 030 1259 0000 0102 0105 1234 0102 1300 066 062 1245 082 0041 09790 09790 1249 09782 1201 0084 0087 1239 0076 1217 0082 0082 1231 0081 1252 0094 0098 0099 0098 0093 0088 0089 0119 //// 10190 ///// ///// ////
000000000000000000000000000000000000000000000000000000000000000000000000000000000000000000000000000000000000000000000000=
57066 342300 1114000 03283 03298 4
20100322130000 266 015 272 015 275 015 1259 330 005 263 040 1239 0000 0100 0100 1201 0100 1255 058 058 1300 071 0021 09806 09806 1300 09794 1201 0081 0083 1201 0081 1252 0073 0076 1201 0073 1259 0087 0092 0096 0097 0096 0091 0088 0116 //// 10200 ///// ///// ////
000000000000000000000000000000000000000000000000000000000000000000000000000000000000000000000000000000000000000000000000=
57077 334700 1113900 07424 07388 4
20100322130000 243 030 238 025 220 029 1250 237 032 274 038 1207 0005 0038 0038 1211 0036 1201 086 085 1215 069 0017 09348 09348 1259 09342 1201 0033 0035 1229 0032 1252 0044 0046 1234 0044 1208 0064 0078 0087 0093 0095 0088 0089 0116 //// 10226 ///// ///// ////
010000000000010000000000000001000000000100000001000000000000000000000000000000000000000000000000000000000000000000000000=
57185 332700 1133500 00911 00921 4
20100322130000 332 008 342 008 328 015 1202 321 008 335 023 1227 0017 0096 0102 1201 0096 1300 090 084 1201 108 0080 10088 10088 1300 10077 1201 0086 0090 1201 0086 1300 0099 0100 1212 0099 1254 0112 0115 0117 0110 0113 0102 0098 0123 //// 10200 ///// ///// ////
000101000001000000010000000000010001000001000100000100010001010000010001000001000000010000000000000100000000000000000000=
57183 334800 1135500 00600 00615 4
20100322130000 137 003 162 009 209 026 1215 234 005 198 031 1213 0007 0098 0100 1241 0098 1300 090 089 1201 109 0082 10119 10121 1244 10107 1201 0090 0090 1208 0089 1237 0100 0103 1201 0100 1257 0111 0117 0119 0118 0106 0097 0095 0123 //// 10194 ///// ///// ////
000001000000000000000000000100000000000000000100000000000000000000010000000001000000000100000000000000010000000000000000=
57186 333600 1140300 00587 00598 4
20100322130000 118 018 112 021 107 024 1257 127 019 111 036 1255 0004 0101 0109 1211 0101 1300 082 077 1201 101 0072 10124 10124 1300 10110 1201 0087 0092 1205 0087 1300 0100 0104 1203 0100 1300 0117 0122 0122 0121 0109 0100 0100 0134 //// 10197 ///// ///// ////
000000000000000000000000000000000000000000000100000000000000000001000000000000000000010000000000000001000000000000000000=
57094 342400 1141300 00674 00685 4
20100322130000 318 008 313 010 311 012 1254 288 007 316 016 1252 0000 0101 0101 1300 0099 1213 088 088 1300 109 0082 10115 10115 1300 10095 1201 0087 0090 1208 0087 1253 0090 0092 1201 0090 1300 0098 0102 0105 0104 0103 0095 0087 0116 //// 10199 ///// ///// ////
000000000000000000000000000000000000000000000000000000000000000000000000000000000000000000000000000000000000000000000000=
57191 342900 1142900 00634 00642 4
20100322130000 276 014 276 014 275 015 1259 280 013 268 022 1253 0000 0105 0105 1300 0104 1227 084 082 1201 107 0079 10124 10124 1300 10105 1201 0098 0098 1300 0091 1229 0092 0093 1201 0092 1237 0099 0101 0102 0101 0096 0091 0093 0125 //// 10202 ///// ///// ////
000000000000000000000000000000000000000000000000000000000000000000000000000000000000000000000000000000000000000000000000=
57096 343200 1144700 00597 00607 4
20100322130000 290 023 289 023 290 026 1250 293 029 293 038 1248 0000 0101 0102 1203 0101 1300 088 087 1201 109 0082 10118 10118 1300 10100 1201 0092 0093 1210 0091 1243 0093 0095 1201 0093 1300 0104 0111 0112 0110 0102 0096 0099 0128 //// 10192 ///// ///// ////
000000000000000000000000000000000000000000000000000000000000000000000000000000000000000000000000000000000000000000000000=
57093 345100 1144900 00733 00740 4
20100322130000 285 019 284 019 286 019 1257 341 019 279 027 1253 0000 0099 0099 1300 0098 1212 087 086 1201 106 0078 10107 10107 1300 10087 1201 0094 0094 1227 0092 1201 0088 0089 1201 0088 1300 0096 0101 0103 0102 0094 0087 0091 0122 //// 10197 ///// ///// ////
000000000000000000000000000000000000000000000000000000000000000000000000000000000000000000000000000000000000000000000000=
57091 344700 1141800 00737 00748 4
20100322130000 249 012 247 012 254 015 1237 265 011 248 018 1234 0000 0109 0109 1300 0108 1210 083 081 1201 108 0081 10110 10110 1300 10091 1201 0092 0092 1239 0086 1219 0092 0092 1201 0091 1218 0101 0106 0107 0100 0104 0099 0099 0123 //// 10201 ///// ///// ////
000000000000000000000000000000000000000000000000000000000000000000000000000000000000000000000000000000000000000000000000=
53978 350500 1123800 01401 01409 4
20100322130000 095 021 087 019 108 022 1226 097 015 105 032 1221 0000 0111 0124 1201 0110 1249 077 062 1201 102 0072 10020 10020 1259 10007 1201 0097 0103 1201 0090 1244 0089 0091 1219 0089 1243 0098 0104 0103 0105 0091 0090 0094 0125 //// 10191 ///// ///// ////
000000000000000000000000000000000000000000000000000000000000000000000000000000000000000000000000000000000000000000000000=
53984 351400 1132800 00827 00837 4
20100322130000 110 015 111 015 092 016 1240 116 015 085 021 1237 0000 0095 0095 1300 0088 1212 090 090 1300 107 0079 10096 10096 1300 10082 1201 0072 0074 1254 0059 1203 0076 0076 1259 0074 1212 0093 0100 0099 0101 0097 0093 0093 0120 //// 10199 ///// ///// ////
000000000000000000000000000000000000000000000000000000000000000000000000000000000000000000000000000000000000000000000000=
53987 350600 1132500 00910 00918 4
20100322130000 111 008 085 009 098 013 1230 122 008 119 018 1227 0000 0099 0105 1201 0099 1248 086 081 1201 105 0077 10088 10088 1300 10072 1201 0083 0085 1215 0079 1224 0087 0090 1201 0087 1259 0097 0103 0105 0107 0100 0097 0098 0127 //// 10200 ///// ///// ////
000000000000000000000000000000000000000000000000000000000000000000000000000000000000000000000000000000000000000000000000=
57079 345700 1130200 01064 01069 4
20100322130000 066 018 063 018 063 018 1259 077 019 052 027 1256 0000 0101 0105 1210 0098 1234 082 079 1205 101 0072 10061 10061 1300 10047 1201 0090 0090 1300 0082 1211 0083 0084 1201 0083 1227 0093 0096 0099 0099 0099 0094 0092 0120 //// 10191 ///// ///// ////
000000000000000000000000000000000000000000000000000000000000000000000000000000000000000000000000000000000000000000000000=
53972 350700 1125500 01196 01210 4
20100322130000 097 023 093 019 101 028 1235 094 033 110 045 1220 0001 0111 0117 1201 0111 1300 083 077 1201 110 0083 10047 10047 1300 10034 1201 0095 0101 1201 0094 1246 0091 0094 1201 0091 1254 0102 0109 0112 0112 0097 0096 0107 0136 //// 10194 ///// ///// ////
000000000000000000000000000000000000000000000000000000000000000000000000000000000000000000010000000000000000000000000000=
57072 345500 1124500 01275 01285 4
20100322130000 004 009 005 010 251 036 1201 344 010 027 046 1203 0000 0106 0114 1215 0106 1300 073 066 1213 093 0060 10035 10035 1300 10022 1201 0089 0106 1201 0089 1257 0086 0087 1203 0086 1300 0094 0100 0101 0099 0089 0085 0084 0113 //// 10191 ///// ///// ////
000000000000000000000000000000000000000000000000000000000000000000000000000000000000000000000000000000000000000000000000=
53982 351400 1131600 01120 01135 4
20100322130000 052 018 057 018 059 020 1239 051 012 090 029 1235 0000 0108 0110 1201 0108 1300 082 082 1300 106 0079 10058 10058 1300 10045 1201 0089 0091 1241 0089 1227 0086 0087 1201 0085 1225 0099 0105 0108 0108 0099 0096 0098 0131 //// 10196 ///// ///// ////
000000000000000000000000000000000000000000000000000000000000000000000000000000000000000000000000000000000000000000000000=
53979 350900 1130500 01200 01211 4
20100322130000 077 023 078 022 079 024 1249 064 020 087 034 1248 0000 0108 0111 1201 0108 1300 083 083 1300 107 0080 10049 10051 1256 10037 1201 0101 0103 1215 0099 1233 0079 0083 1202 0079 1300 0099 0103 0107 0106 0098 0097 0102 0132 //// 10196 ///// ///// ////
000000000000000000000000000000000000000000000000000000000000000000000000000000000000000000000000000000000000000000000000=
53992 353900 1143100 00582 00592 4
20100322130000 281 006 312 008 322 019 1243 283 008 317 024 1240 0000 0096 0096 1300 0095 1216 076 074 1253 091 0056 10123 10123 1300 10109 1201 0078 0080 1201 0073 1214 0076 0080 1201 0076 1257 0087 0088 0092 0090 0081 0078 0086 0122 //// 10196 ///// ///// ////
000000000000000000000000000000000000000000000000000000000000000000000000000000000000000000000000000000000000000000000000=
53974 353700 1141100 00723 00739 4
20100322130000 041 008 054 007 008 009 1205 038 008 344 016 1204 0000 0108 0112 1201 0108 1300 059 057 1211 076 0031 10107 10107 1300 10093 1201 0068 0070 1209 0065 1247 0082 0084 1201 0081 1246 0095 0101 0103 0102 0090 0088 0095 0124 //// 10197 ///// ///// ////
000000000000000000000000000000000000000000000000000000000000000000000000000000000000000000000000000000000000000000000000=
53990 354300 1141900 00795 00805 4
20100322130000 039 014 035 013 001 015 1221 040 015 040 018 1251 0000 0088 0095 1201 0088 1300 079 079 1300 089 0054 10101 10101 1300 10086 1201 0081 0084 1214 0079 1251 0079 0081 1218 0079 1251 0096 0101 0097 0097 0089 0081 0081 0111 //// 10200 ///// ///// ////
000000000000000000000000000000000000000000000000000000000000000000000000000000000000000000000000000000000000000000000000=
53991 355600 1142100 00743 00753 4
20100322130000 317 006 329 006 305 010 1214 302 007 305 016 1212 0000 0111 0118 1201 0111 1300 050 047 1203 066 0011 10106 10106 1300 10095 1201 0085 0105 1201 0085 1300 0082 0082 1208 0081 1245 0092 0097 0093 0095 0084 0080 0085 0118 //// 10198 ///// ///// ////
000000000000000000000000000000000000000000000000000000000000000000000000000000000000000000000000000000000000000000000000=
53993 355600 1145500 00516 00524 4
20100322130000 347 009 355 009 336 010 1220 352 009 004 015 1220 0000 0102 0105 1201 0102 1300 068 067 1244 085 0046 10126 10126 1300 10117 1201 0084 0089 1229 0084 1300 0080 0084 1201 0080 1300 0089 0093 0091 0086 0081 0071 0072 0108 //// 10190 ///// ///// ////
000000000000000000000000000000000000000000000000000000000000000000000000000000000000000000000000000000000000000000000000=
53889 360400 1134900 03068 03086 4
20100322130000 323 015 337 012 337 012 1300 314 017 314 017 1300 0000 0098 0103 1201 0093 1242 045 039 1204 054 -016 09831 09831 1300 09818 1201 0077 0077 1259 0059 1206 0072 0072 1300 0069 1232 0081 0088 0091 0093 0076 0072 0085 0098 //// 10204 ///// ///// ////
000000000000000000000000000000000000000000000000000000000000000000000000000000000000000000000000000000000000000000000000=
53995 353300 1143000 00625 00645 4
20100322130000 293 006 294 007 342 009 1201 293 006 316 012 1205 0000 0097 0102 1203 0097 1300 075 075 1257 090 0055 10117 10117 1300 10102 1201 0072 0087 1201 0070 1252 0077 0083 1201 0077 1252 0094 0101 0100 0098 0089 0084 0084 0116 //// 10196 ///// ///// ////
000000000000000000000000000000000000000000000000000000000000000000000000000000000000000000000000000000000000000000000000=
53898 360300 1142400 00629 00638 4
20100322130000 329 014 326 014 342 018 1236 274 019 353 022 1256 0000 0115 0115 1225 0112 1201 049 049 1256 066 0012 10118 10118 1259 10108 1208 0072 0076 1247 0066 1225 0084 0087 1201 0084 1300 0097 0100 0099 0094 0073 0072 0083 0117 //// 10196 ///// ///// ////
000000000000000000000000000000000000000000000000000000000000000000000000000000000000000000000000000000000000000000000000=
NNNN
