57090 344300 1135800 00781 00802 4
20100323040000 028 030 034 030 028 034 0340 012 014 023 062 0349 0000 0112 0112 0400 0103 0301 043 041 0349 057 -009 10118 10123 0331 10118 0359 0149 0149 0400 0117 0301 0136 0136 0400 0113 0301 0104 0096 0093 0095 0096 0092 0084 0119 //// 10216 ///// ///// ////
000000000000000000000000000000000000000000000000000000000000000000000000000000000000000000000000000000000000000000000000=
57083 344300 1133900 01104 01116 4
20100323040000 066 021 061 025 042 033 0319 084 015 073 052 0307 0000 0114 0114 0400 0106 0318 034 033 0312 046 -039 10080 10087 0314 10080 0400 0194 0200 0351 0165 0318 0135 0135 0400 0119 0318 0103 0096 0094 0097 0097 0097 0102 0126 0002 10216 ///// ///// ////
000000000000000000000000000000000000000000000000000000000000000000000000000000000000000000000000000000000000000000000000
120 010 000 /// //// /////////////////////ACP /// //// 6///1 0//// 7//// 1//// 2//// 3//// /// /// /// // 911// 915// 919// 934// 939//=
57086 342300 1134300 01166 01168 4
20100323040000 034 020 036 021 078 032 0302 038 018 063 042 0302 0000 0094 0094 0349 0092 0306 052 044 0311 061 0000 10078 10080 0314 10075 0343 0115 0116 0358 0105 0315 0114 0114 0400 0104 0305 0098 0094 0095 0097 0099 0094 0092 0116 //// 10221 ///// ///// ////
000000000000000000000000000000000000000000000000000000000000000000000000000000000000000000000000000000000000000000000000=
57085 343200 1132000 02599 02648 4
20100323040000 059 025 077 022 074 031 0314 054 026 038 052 0337 0000 0103 0103 0359 0099 0308 030 030 0400 038 -065 09898 09902 0309 09898 0344 0123 0124 0358 0107 0308 0133 0133 0359 0107 0310 0099 0093 0095 0096 0101 0098 0091 0121 //// 10219 ///// ///// ////
000000000000000000000000000000000000000000000000000000000000000000000000000000000000000000000000000000000000000000000000=
57081 344800 1132600 01409 01419 4
20100323040000 084 018 077 015 081 021 0345 057 024 077 037 0347 0000 0105 0105 0333 0101 0305 035 033 0343 044 -043 10046 10053 0314 10046 0358 0149 0153 0351 0131 0316 0147 0148 0358 0130 0301 0111 0102 0100 0096 0089 0092 0094 0117 //// 10219 ///// ///// ////
000000000000000000000000000000000000000000000000000000000000000000000000000000000000000000000000000000000000000000000000=
57084 343000 1130300 11784 11790 4
20100323040000 069 062 070 063 079 094 0301 074 060 087 103 0307 0000 0030 0030 0400 0017 0301 048 044 0349 036 -069 08845 08847 0325 08842 0301 0052 0054 0354 0027 0301 0059 0059 0400 0044 0301 0048 0047 0051 0055 0061 //// //// //// //// 10216 ///// ///// ////
000000000000000000000000000000000000000000000000000000000000000000000000000000000000000000000000000000000000000000000000=
57080 344400 1125800 01652 01661 4
20100323040000 055 026 073 032 064 036 0330 066 020 054 071 0306 0000 0105 0105 0352 0102 0308 029 027 0308 037 -068 10018 10024 0304 10018 0353 0133 0133 0400 0116 0308 0121 0121 0400 0105 0310 0098 0094 0094 0095 0090 0087 0087 0119 //// 10220 ///// ///// ////
000000000000000000000000000000000000000000000000000000000000000000000000000000000000000000000000000000000000000000000000=
57082 342800 1130100 04271 04284 4
20100323040000 207 013 192 021 173 032 0339 206 011 181 056 0331 0000 0083 0086 0309 0081 0341 040 027 0306 044 -045 09706 09709 0336 09705 0303 0110 0113 0355 0097 0322 0108 0108 0359 0087 0301 0087 0089 0093 0096 0099 0099 0098 //// //// 10222 ///// ///// ////
000000000000000000000000000000000000000000000000000000000000000000000000000000000000000000000000000000000000000000000000=
57295 323700 1142100 00785 00802 4
20100323040000 069 013 074 015 125 033 0306 102 019 102 066 0306 0004 0069 0069 0400 0059 0301 084 084 0359 084 0044 10108 10113 0336 10108 0400 0110 0110 0400 0068 0301 0096 0096 0400 0072 0301 0091 0088 0093 0101 0106 0103 0101 0128 //// 10207 ///// ///// ////
010000000000000100000000000000000001000000000000000000000000000001000000000000000000000000000000000000000000000000000000=
57188 332200 1140200 00559 00568 4
20100323040000 106 002 114 003 226 014 0312 125 002 220 022 0303 0000 0079 0079 0400 0074 0301 074 074 0400 079 0036 10146 10157 0301 10146 0400 0127 0127 0400 0082 0301 0118 0118 0400 0094 0301 0098 0094 0100 0102 0099 0095 0100 0132 //// 10216 ///// ///// ////
000000000000000000000000000000000000000000000000000000000000000000000000000000000000000000000000000000000000000000000000=
57293 324400 1145900 00380 00391 4
20100323040000 073 026 074 027 118 047 0301 074 024 130 080 0332 0000 0069 0070 0359 0063 0301 083 083 0400 083 0042 10160 10167 0301 10159 0349 0075 0076 0351 0061 0301 0091 0091 0359 0075 0301 0087 0091 0097 0102 0114 0106 0104 0132 //// 10208 ///// ///// ////
000000000000000000000000000000000000000000000000000000000000000000000000000000000000000000000000000000000000000000000000=
57189 330800 1135700 00646 00655 4
20100323040000 000 000 191 003 137 019 0333 203 000 156 027 0328 0000 0074 0076 0324 0073 0301 086 086 0400 088 0052 10137 10145 0305 10135 0345 0090 0093 0354 0089 0341 0099 0101 0356 0094 0301 0097 0096 0099 0102 0100 0097 0096 0122 //// 10218 ///// ///// ////
000000000000000000000000000000000000000000000000000000000000000000000000000000000000000000000000000000000000000000000000=
57194 331700 1141600 00598 00609 4
20100323040000 022 006 023 006 113 014 0332 057 006 119 020 0323 0000 0077 0077 0400 0072 0309 081 080 0341 085 0047 10138 10149 0302 10138 0400 0099 0101 0354 0083 0301 0105 0106 0358 0089 0301 0094 0096 0098 0101 0098 0094 0096 0126 //// 10213 ///// ///// ////
000000000000000000000000000000000000000000000000000000000000000000000000000000000000000000000000000000000000000000000000=
57197 330000 1142000 00489 00545 4
20100323040000 095 013 075 014 118 031 0326 066 011 122 046 0318 0000 0075 0075 0400 0071 0302 085 085 0359 088 0051 10143 10155 0301 10143 0359 0096 0100 0347 0080 0309 0096 0097 0349 0083 0309 0090 0090 0092 0094 0106 0102 0099 0125 //// 10210 ///// ///// ////
000000000000000000000000000000000000000000000000000000000000000000000000000000000000000000000000000000000000000000000000=
57294 325000 1140100 00836 00846 4
20100323040000 055 021 073 019 116 031 0348 071 015 111 045 0319 0000 0068 0069 0359 0062 0301 091 091 0349 090 0054 10107 10116 0304 10105 0352 0090 0091 0359 0071 0301 0099 0099 0400 0080 0301 0087 0089 0095 0101 0106 0109 0101 0118 //// 10212 ///// ///// ////
000000000000000000000000000000000000000000000000000000000000000000000000000000000000000000000000000000000000000000000000=
57292 325800 1143800 00444 00453 4
20100323040000 124 019 093 020 093 020 0400 142 016 074 030 0353 0000 0073 0073 0400 0067 0304 083 083 0359 085 0046 10154 10166 0304 10154 0400 0115 0117 0352 0078 0304 0106 0107 0358 0082 0301 0090 0090 0095 0103 0107 0105 0103 0133 //// 10210 ///// ///// ////
000000000000000000000000000000000000000000000000000000000000000000000000000000000000000000000000000000000000000000000000=
57195 333700 1143700 00466 00476 4
20100323040000 257 014 261 014 241 017 0313 242 015 273 027 0336 0000 0084 0084 0400 0081 0301 080 080 0400 088 0052 10156 10166 0301 10156 0400 0110 0111 0359 0084 0306 0123 0123 0400 0096 0308 0101 0097 0100 0103 0104 0098 0100 0142 //// 10214 ///// ///// ////
000000000000000000000000000000000000000000000000000000000000000000000000000000000000000000000000000000000000000000000000=
57193 334700 1143100 00526 00541 4
20100323040000 253 018 255 019 257 019 0357 246 015 254 032 0357 0000 0088 0089 0324 0086 0301 078 077 0340 088 0052 10152 10158 0301 10152 0400 0120 0123 0347 0103 0301 0125 0125 0400 0111 0301 0108 0102 0102 0104 0106 0100 0103 0131 //// 10219 ///// ///// ////
000000000000000000000000000000000000000000000000000000000000000000000000000000000000000000000000000000000000000000000000=
57196 332800 1145200 00420 00428 4
20100323040000 325 011 322 013 267 015 0328 333 011 327 018 0353 0000 0078 0078 0400 0076 0301 077 077 0400 081 0040 10161 10172 0309 10161 0400 0109 0109 0400 0082 0304 0117 0117 0400 0093 0314 0092 0093 0095 0097 0105 0099 0103 0132 //// 10214 ///// ///// ////
000000000000000000000000000000000000000000000000000000000000000000000000000000000000000000000000000000000000000000000000=
57099 340400 1145100 00526 00536 4
20100323040000 240 030 244 028 244 028 0400 242 033 245 037 0344 0000 0098 0099 0354 0094 0301 075 073 0357 091 0056 10152 10155 0301 10151 0347 0114 0124 0352 0100 0301 0133 0138 0353 0112 0301 0107 0098 0094 0096 0101 0093 0097 0132 //// 10218 ///// ///// ////
000000000000000000000000000000000000000000000000000000000000000000000000000000000000000000000000000000000000000000000000=
57198 333300 1143700 00463 00473 4
20100323040000 276 009 276 011 237 015 0316 322 009 220 026 0316 0000 0084 0084 0400 0079 0301 079 078 0352 087 0050 10156 10167 0301 10156 0400 0131 0131 0400 0092 0303 0126 0126 0400 0097 0301 0099 0099 0101 0105 0106 0104 0106 0137 //// 10214 ///// ///// ////
000000000000000000000000000000000000000000000000000000000000000000000000000000000000000000000000000000000000000000000000=
58101 335200 1152900 00413 00428 4
20100323040000 261 023 267 025 269 030 0349 274 029 277 048 0340 0000 0084 0084 0400 0083 0330 083 083 0355 091 0057 10163 10166 0346 10163 0313 0101 0102 0327 0097 0310 0102 0103 0333 0100 0310 0102 0095 0095 0097 0101 0097 0098 0131 //// 10216 ///// ///// ////
000000000000000000000000000000000000000000000000000000000000000000000000000000000000000000000000000000000000000000000000=
57192 334400 1145100 00455 00466 4
20100323040000 290 012 275 013 269 018 0344 299 014 223 028 0311 0000 0087 0087 0400 0085 0301 079 078 0321 089 0053 10158 10166 0316 10158 0400 0117 0119 0358 0096 0312 0119 0120 0359 0103 0312 0100 0100 0104 0107 0111 0105 0106 0141 //// 10215 ///// ///// ////
000000000000000000000000000000000000000000000000000000000000000000000000000000000000000000000000000000000000000000000000=
57098 340500 1142400 00583 00593 4
20100323040000 261 032 256 034 255 035 0359 262 028 254 048 0348 0000 0091 0091 0400 0089 0323 076 075 0351 088 0051 10143 10149 0323 10143 0400 0111 0111 0400 0102 0315 0111 0111 0400 0104 0315 0104 0098 0096 0098 0101 0095 0096 0129 //// 10216 ///// ///// ////
000000000000000000000000000000000000000000000000000000000000000000000000000000000000000000000000000000000000000000000000=
57190 334500 1142400 00505 00516 4
20100323040000 269 031 256 026 240 030 0330 278 034 242 039 0344 0000 0085 0085 0400 0081 0301 081 080 0333 090 0054 10155 10160 0301 10154 0355 0104 0106 0358 0091 0301 0118 0118 0359 0099 0301 0101 0095 0096 0098 0101 0097 0100 0130 //// 10219 ///// ///// ////
000000000000000000000000000000000000000000000000000000000000000000000000000000000000000000000000000000000000000000000000=
58100 333900 1151000 00414 00424 4
20100323040000 269 013 292 013 265 016 0329 266 015 302 023 0353 0000 0082 0082 0400 0079 0301 080 078 0336 087 0050 10162 10170 0327 10162 0400 0103 0106 0358 0087 0312 0119 0119 0400 0100 0317 0101 0098 0102 0106 0110 0106 0108 0136 //// 10214 ///// ///// ////
000000000000000000000000000000000000000000000000000000000000000000000000000000000000000000000000000000000000000000000000=
57088 340900 1133000 01161 01177 4
20100323040000 069 020 081 019 077 029 0302 054 019 062 038 0301 0000 0100 0100 0400 0098 0301 057 056 0345 070 0019 10077 10079 0302 10075 0327 0123 0124 0358 0106 0302 0120 0120 0400 0103 0303 0102 0099 0100 0102 0102 0099 0101 0126 //// 10221 ///// ///// ////
000000000000000000000000000000000000000000000000000000000000000000000000000000000000000000000000000000000000000000000000=
57095 340700 1140900 00611 00622 4
20100323040000 251 014 258 018 239 023 0332 243 010 234 034 0330 0000 0094 0094 0400 0092 0301 076 074 0305 090 0054 10139 10145 0312 10139 0400 0115 0115 0400 0103 0323 0120 0120 0400 0110 0323 0111 0105 0102 0101 0100 0095 0094 0125 //// 10216 ///// ///// ////
000000000000000000000000000000000000000000000000000000000000000000000000000000000000000000000000000000000000000000000000=
57182 335100 1133000 00805 00814 4
20100323040000 218 019 243 018 237 026 0349 206 019 217 039 0340 0000 0084 0086 0308 0083 0348 081 080 0322 089 0053 10121 10126 0302 10121 0400 0099 0099 0400 0094 0302 0110 0110 0359 0105 0302 0103 0102 0107 0108 0109 0104 0106 0139 //// 10221 ///// ///// ////
000000000000000000000000000000000000000000000000000000000000000000000000000000000000000000000000000000000000000000000000=
57087 341200 1134800 00877 00885 4
20100323040000 030 013 050 014 076 018 0325 026 014 116 028 0306 0000 0101 0101 0400 0099 0322 052 049 0306 064 0007 10109 10113 0301 10108 0339 0120 0120 0400 0108 0324 0109 0109 0400 0102 0325 0099 0098 0098 0098 0098 0094 0096 0124 //// 10217 ///// ///// ////
000000000000000000000000000000000000000000000000000000000000000000000000000000000000000000000000000000000000000000000000=
57297 320800 1140300 01145 01154 4
20100323040000 077 052 075 050 068 053 0327 063 038 074 091 0334 0007 0055 0055 0357 0049 0309 089 089 0400 080 0038 10064 10071 0302 10063 0359 0060 0062 0358 0052 0301 0075 0076 0358 0063 0301 0079 0087 0099 0108 0118 0118 0113 //// //// 10206 ///// ///// ////
010101000001000000000001000000000000000000010000000000000000000000000000000000000001000000000000000000000000000000000000=
57296 322100 1144400 00489 00501 4
20100323040000 104 041 098 041 086 049 0311 110 048 094 079 0348 0026 0061 0061 0400 0058 0309 088 087 0301 083 0043 10145 10154 0301 10145 0400 0061 0063 0351 0055 0309 0079 0079 0400 0067 0302 0081 0092 0104 0112 0118 0111 0109 0131 //// 10207 ///// ///// ////
010002010100010002000100010000010000000200000001000000000100000001000000020000010000010000010000000200000100000001000001=
58301 314900 1152300 00916 00929 4
20100323040000 069 055 072 048 056 059 0301 062 060 074 087 0357 0045 0061 0062 0318 0061 0400 090 089 0301 085 0046 10084 10093 0317 10084 0400 0060 0061 0358 0058 0336 0071 0071 0400 0068 0336 0081 0092 0102 0109 0121 0119 0107 0128 //// 10199 ///// ///// ////
020100010001000100010000000100000100000002000101010001010100010101010101010001000100010000010001020201010201010103000101=
57298 321300 1143300 00554 00562 4
20100323040000 067 048 067 054 070 063 0338 074 051 062 093 0314 0029 0058 0058 0400 0052 0301 091 091 0400 084 0044 10138 10146 0301 10137 0356 0059 0059 0400 0049 0301 0040 0040 0400 0022 0301 0078 0071 0089 0107 0114 0108 0100 0135 //// 10208 ///// ///// ////
010001000101000101000001000100020101010101010001010100010001000100010001000100000100000000010000000001000000000000000001=
57390 314800 1140400 07335 07347 4
20100323040000 039 085 038 079 038 079 0400 052 128 023 213 0356 0026 0012 0012 0400 0009 0313 100 100 0400 067 0012 09307 09317 0310 09307 0400 0025 0029 0358 0014 0313 0042 0043 0359 0026 0307 0041 0050 0065 0078 0099 0094 //// //// //// 10186 ///// ///// ////
010001000101000200010001010002010001010001000200010001000001000000010000020000000100000000000100000001000000000000000000=
58207 321000 1150300 00428 00440 4
20100323040000 064 061 062 062 038 071 0301 073 049 037 101 0324 0082 0048 0053 0301 0046 0341 090 089 0340 077 0033 10149 10157 0313 10149 0400 0046 0051 0305 0042 0340 0071 0078 0301 0071 0400 0055 0089 0099 0107 0117 0113 0111 0138 //// 10204 ///// ///// ////
010202020102020102010201020202010201020202020203020202010201010001010101010103020101010102010001010002010101010100010001=
58205 322800 1152600 00349 00360 4
20100323040000 077 039 080 042 084 054 0322 071 037 080 075 0353 0034 0063 0063 0400 0060 0301 089 087 0301 085 0046 10163 10175 0301 10161 0334 0060 0060 0400 0055 0301 0070 0070 0359 0065 0301 0073 0076 0083 0086 0118 0110 0109 0123 //// 10208 ///// ///// ////
000100000100010001010001010001000101000100000000010000010000010101010201010101010001010000010001000001010001010001000001=
58208 321000 1153700 00429 00439 4
20100323040000 056 038 065 037 051 060 0331 034 043 039 102 0301 0053 0054 0064 0301 0054 0400 082 079 0302 074 0026 10153 10161 0301 10153 0400 0051 0061 0301 0051 0358 0064 0072 0301 0063 0355 0080 0096 0105 0113 0116 0112 0111 0139 //// 10207 ///// ///// ////
010001010001010001010101010101010100010100010100010001010100020101010201000101010102010101000101010001010102010101010101=
53989 350300 1135700 00766 00777 4
20100323040000 035 043 038 041 018 046 0307 015 033 026 066 0320 0000 0111 0113 0333 0109 0301 036 032 0328 048 -034 10125 10132 0318 10125 0400 0152 0169 0330 0140 0352 0149 0158 0330 0141 0301 0112 0098 0093 0092 0093 0090 0094 0123 //// 10220 ///// ///// ////
000000000000000000000000000000000000000000000000000000000000000000000000000000000000000000000000000000000000000000000000=
53997 350900 1141100 00711 00723 4
20100323040000 047 033 045 034 021 038 0320 059 042 020 058 0315 0000 0109 0109 0400 0105 0330 039 033 0328 051 -025 10132 10139 0319 10132 0400 0157 0157 0400 0120 0329 0156 0156 0400 0126 0334 0110 0099 0092 0094 0093 0092 0096 0124 //// 10221 ///// ///// ////
000000000000000000000000000000000000000000000000000000000000000000000000000000000000000000000000000000000000000000000000=
53986 351900 1135300 00732 00740 4
20100323040000 049 043 048 044 063 051 0346 049 056 054 077 0350 0000 0126 0126 0400 0116 0301 027 025 0307 039 -059 10133 10138 0302 10130 0356 0184 0184 0357 0151 0302 0202 0202 0400 0155 0301 0121 0101 0094 0094 0093 0093 0097 0128 //// 10223 ///// ///// ////
000000000000000000000000000000000000000000000000000000000000000000000000000000000000000000000000000000000000000000000000=
53994 352300 1140400 00700 00712 4
20100323040000 059 034 050 039 045 044 0335 042 019 035 070 0327 0000 0130 0131 0358 0115 0301 027 026 0332 040 -056 10134 10142 0309 10133 0351 0210 0220 0344 0164 0301 0251 0256 0358 0173 0301 0130 0097 0092 0092 0091 0088 0093 0127 //// 10221 ///// ///// ////
000000000000000000000000000000000000000000000000000000000000000000000000000000000000000000000000000000000000000000000000=
53988 351600 1134000 00776 00784 4
20100323040000 070 053 067 045 058 047 0344 071 058 074 070 0341 0000 0130 0131 0358 0118 0301 022 022 0400 033 -082 10121 10127 0301 10121 0400 0200 0204 0358 0141 0301 0227 0228 0358 0160 0301 0127 0102 0095 0095 0091 0090 0098 0126 //// 10217 ///// ///// ////
000000000000000000000000000000000000000000000000000000000000000000000000000000000000000000000000000000000000000000000000=
53983 350200 1142500 00696 00708 4
20100323040000 357 045 007 037 017 041 0351 002 040 321 061 0303 0000 0107 0107 0400 0103 0305 049 047 0304 063 0004 10133 10139 0327 10133 0400 0140 0149 0312 0133 0338 0134 0140 0313 0129 0336 0112 0097 0092 0091 0087 0084 0087 0123 //// 10220 ///// ///// ////
000000000000000000000000000000000000000000000000000000000000000000000000000000000000000000000000000000000000000000000000=
53998 351200 1143900 00616 00625 4
20100323040000 358 033 356 032 345 043 0343 347 053 001 069 0339 0000 0100 0107 0301 0099 0344 046 044 0305 056 -011 10143 10148 0338 10142 0353 0143 0173 0301 0128 0342 0143 0165 0306 0132 0342 0110 0095 0090 0091 0095 0094 0094 0129 //// 10220 ///// ///// ////
000000000000000000000000000000000000000000000000000000000000000000000000000000000000000000000000000000000000000000000000=
57051 344800 1111200 04099 04117 4
20100323040000 099 033 097 034 097 037 0327 085 071 085 071 0400 0000 0105 0105 0400 0097 0303 047 046 0358 060 -003 09716 09720 0341 09716 0359 0156 0157 0359 0132 0305 0172 0172 0400 0144 0303 0111 0099 0098 0098 0088 0086 0085 0114 //// 10207 ///// ///// ////
000000000000000000000000000000000000000000000000000000000000000000000000000000000000000000000000000000000000000000000000=
57063 344600 1114600 05236 05236 4
20100323040000 112 045 115 043 115 049 0347 085 064 097 080 0337 0000 0082 0085 0319 0081 0344 046 045 0350 050 -027 09595 09595 0345 09593 0315 0121 0139 0310 0120 0343 0144 0158 0324 0144 0343 0093 0080 0077 0079 0075 0076 0082 0110 //// 10221 ///// ///// ////
000000000000000000000000000000000000000000000000000000000000000000000000000000000000000000000000000000000000000000000000=
57067 340300 1110200 05688 05699 4
20100323040000 195 013 186 012 205 019 0332 184 014 195 030 0349 0000 0042 0042 0400 0031 0302 081 081 0356 067 0012 09539 09549 0310 09539 0400 0112 0112 0359 0059 0301 0125 0125 0400 0080 0305 0080 0074 0083 0078 0094 0099 0093 0122 //// 10227 ///// ///// ////
000000000000000000000000000000000000000000000000000000000000000000000000000000000000000000000000000000000000000000000000=
57056 343200 1105300 03904 03909 4
20100323040000 133 017 210 009 327 013 0342 133 036 133 036 0400 0000 0105 0105 0400 0094 0301 047 046 0349 060 -003 09737 09742 0301 09737 0400 0160 0172 0333 0144 0301 0176 0178 0334 0145 0301 0115 0097 0093 0095 0090 0089 0091 0118 //// 10206 ///// ///// ////
000000000000000000000000000000000000000000000000000000000000000000000000000000000000000000000000000000000000000000000000=
58007 340400 1151800 00472 00532 4
20100323040000 231 017 220 020 216 024 0330 246 016 229 043 0344 0000 0091 0091 0349 0089 0303 078 077 0356 090 0055 10148 10152 0307 10148 0400 0102 0106 0337 0099 0358 0113 0118 0336 0112 0357 0104 0100 0099 0101 0102 0099 0101 0131 //// 10213 ///// ///// ////
000000000000000000000000000000000000000000000000000000000000000000000000000000000000000000000000000000000000000000000000=
58006 342300 1155300 00463 00506 4
20100323040000 024 022 030 022 026 033 0310 322 015 035 055 0307 0000 0113 0114 0301 0112 0318 041 039 0338 055 -015 10152 10154 0345 10152 0325 0130 0136 0301 0129 0318 0130 0137 0301 0129 0358 0113 0103 0096 0095 0094 0091 0096 0127 //// 10214 ///// ///// ////
000000000000000000000000000000000000000000000000000000000000000000000000000000000000000000000000000000000000000000000000=
58111 335800 1162700 00325 00325 4
20100323040000 238 024 234 022 234 022 0400 226 022 251 038 0357 0000 0090 0095 0301 0090 0400 074 073 0315 085 0046 10173 10173 0400 10169 0314 0095 0112 0301 0095 0400 0099 0111 0302 0099 0400 0098 0095 0092 0093 0097 0097 0103 0138 //// 10213 ///// ///// ////
000000000000000000000000000000000000000000000000000000000000000000000000000000000000000000000000000000000000000000000000=
58017 341500 1160800 00410 00420 4
20100323040000 055 016 040 016 028 026 0316 046 010 032 050 0314 0000 0114 0114 0359 0111 0301 044 043 0327 059 -004 10155 10157 0311 10155 0319 0133 0138 0325 0126 0314 0108 0109 0336 0105 0316 0099 0099 0098 0099 0099 0096 0101 0128 //// 10207 ///// ///// ////
000000000000000000000000000000000000000000000000000000000000000000000000000000000000000000000000000000000000000000000000=
58001 342600 1150600 00563 00569 4
20100323040000 032 024 037 022 048 027 0339 029 021 057 041 0334 0000 0108 0108 0400 0104 0301 049 049 0400 063 0005 10142 10144 0303 10141 0354 0119 0128 0331 0119 0400 0118 0125 0331 0118 0400 0102 0093 0090 0089 0089 0086 0092 0126 //// 10212 ///// ///// ////
000000000000000000000000000000000000000000000000000000000000000000000000000000000000000000000000000000000000000000000000=
58005 342700 1154000 00501 00511 4
20100323040000 053 028 051 030 038 031 0339 054 018 054 048 0337 0000 0112 0112 0400 0111 0301 043 041 0339 057 -009 10147 10150 0353 10147 0400 0148 0149 0315 0135 0347 0122 0125 0314 0115 0347 0106 0102 0096 0096 0097 0095 0101 0132 0002 10210 ///// ///// ////
000000000000000000000000000000000000000000000000000000000000000000000000000000000000000000000000000000000000000000000000
140 010 000 /// //// //////////////////ASPACR /// //// 6///1 0//// 7//// 1//// 2//// 3//// /// /// /// // 911// 915// 919// 934// 939//=
58008 342800 1152000 00544 00592 4
20100323040000 038 033 037 031 037 031 0400 032 028 035 047 0336 0000 0111 0111 0337 0108 0301 046 044 0315 061 -001 10137 10140 0336 10137 0352 0139 0152 0333 0137 0314 0121 0126 0352 0121 0400 0103 0094 0090 0089 0094 0092 0097 0129 //// 10210 ///// ///// ////
000000000000000000000000000000000000000000000000000000000000000000000000000000000000000000000000000000000000000000000000=
58004 343900 1150900 00606 00616 4
20100323040000 030 018 020 020 360 022 0330 052 021 358 043 0327 0000 0115 0115 0353 0112 0301 043 042 0357 058 -006 10135 10139 0304 10135 0400 0136 0149 0321 0134 0357 0121 0127 0321 0120 0356 0107 0103 0096 0096 0100 0097 0100 0127 //// 10210 ///// ///// ////
000000000000000000000000000000000000000000000000000000000000000000000000000000000000000000000000000000000000000000000000=
54817 355900 1155200 00421 00434 4
20100323040000 030 023 034 021 044 030 0301 038 026 040 040 0305 0000 0122 0122 0400 0107 0301 046 044 0350 065 0009 10169 10173 0336 10169 0359 0185 0208 0348 0155 0302 0204 0208 0353 0170 0301 0125 0087 0075 0071 0078 0074 0086 0116 //// 10222 ///// ///// ////
000000000000000000000000000000000000000000000000000000000000000000000000000000000000000000000000000000000000000000000000=
54902 355400 1150700 00495 00499 4
20100323040000 047 020 051 028 041 040 0340 049 016 040 059 0334 0000 0127 0127 0400 0106 0301 043 042 0356 063 0005 10157 10165 0309 10157 0359 0203 0204 0358 0154 0301 0240 0240 0400 0174 0301 0124 0091 0079 0077 0077 0071 0078 0111 //// 10218 ///// ///// ////
000000000000000000000000000000000000000000000000000000000000000000000000000000000000000000000000000000000000000000000000=
54900 354200 1150100 00537 00541 4
20100323040000 041 025 027 027 011 032 0338 077 033 029 057 0306 0000 0117 0117 0400 0103 0301 047 046 0352 065 0008 10153 10160 0311 10153 0359 0254 0254 0400 0172 0304 0226 0226 0400 0157 0303 0122 0090 0080 0080 0082 0078 0081 0110 //// 10219 ///// ///// ////
000000000000000000000000000000000000000000000000000000000000000000000000000000000000000000000000000000000000000000000000=
54901 360500 1151000 00475 00478 4
20100323040000 055 038 053 043 039 052 0315 071 039 038 076 0308 0000 0128 0128 0400 0110 0301 032 031 0349 047 -035 10159 10171 0302 10159 0400 0190 0208 0356 0164 0312 0219 0219 0400 0170 0301 0120 0086 0074 0072 0078 0077 0074 0105 //// 10218 ///// ///// ////
000000000000000000000000000000000000000000000000000000000000000000000000000000000000000000000000000000000000000000000000=
54903 355100 1152900 00457 00506 4
20100323040000 030 014 058 017 045 022 0312 046 019 004 052 0308 0000 0118 0118 0357 0107 0314 043 042 0357 059 -004 10158 10164 0322 10158 0400 0181 0181 0400 0147 0320 0198 0198 0400 0159 0320 0112 0087 0078 0076 0077 0077 0089 0114 //// 10220 ///// ///// ////
000000000000000000000000000000000000000000000000000000000000000000000000000000000000000000000000000000000000000000000000=
57184 333800 1132200 00834 00847 4
20100323040000 283 023 283 018 283 018 0400 240 030 240 030 0400 0000 0084 0084 0400 0081 0301 079 077 0313 087 0050 10119 10120 0301 10116 0350 0088 0096 0318 0087 0350 0110 0113 0355 0105 0301 0104 0103 0104 0108 0101 0100 0102 0129 //// 10223 ///// ///// ////
000000000000000000000000000000000000000000000000000000000000000000000000000000000000000000000000000000000000000000000000=
57177 332000 1133200 00898 00913 4
20100323040000 056 004 044 007 046 009 0301 010 003 071 018 0357 0000 0077 0078 0340 0072 0301 078 077 0345 082 0041 10109 10114 0308 10108 0337 0105 0115 0323 0089 0301 0109 0111 0340 0092 0301 0081 0094 0089 0104 0109 0104 0103 0121 //// 10222 ///// ///// ////
000000000000000000000000000000000000000000000000000000000000000000000000000000000000000000000000000000000000000000000000=
57075 341000 1125200 02031 02043 4
20100323040000 289 027 283 029 279 042 0344 298 021 273 056 0344 0000 0085 0085 0400 0082 0318 080 079 0306 089 0053 09973 09978 0323 09973 0400 0099 0099 0400 0089 0341 0106 0106 0400 0096 0342 0095 0095 0097 0098 0105 0103 0094 0118 //// 10223 ///// ///// ////
000000000000000000000000000000000000000000000000000000000000000000000000000000000000000000000000000000000000000000000000=
57173 334500 1125300 01457 01468 4
20100323040000 231 009 217 008 205 014 0317 237 009 187 021 0315 0000 0079 0079 0400 0076 0301 082 081 0324 087 0050 10043 10046 0324 10042 0316 0096 0097 0359 0082 0329 0108 0108 0400 0098 0332 0098 0098 0102 0103 0106 0102 0103 0134 //// 10223 ///// ///// ////
000000000000000000000000000000000000000000000000000000000000000000000000000000000000000000000000000000000000000000000000=
57180 335900 1131200 01175 01186 4
20100323040000 250 025 250 022 248 025 0344 253 029 245 035 0342 0000 0090 0090 0400 0085 0312 080 079 0311 092 0057 10076 10078 0304 10074 0320 0118 0120 0359 0096 0312 0129 0129 0400 0107 0309 0103 0099 0099 0101 0100 0098 0100 0131 //// 10221 ///// ///// ////
000000000000000000000000000000000000000000000000000000000000000000000000000000000000000000000000000000000000000000000000=
57181 335300 1130300 01364 01380 4
20100323040000 198 017 199 021 200 021 0358 203 015 218 027 0350 0000 0080 0082 0328 0079 0349 086 085 0315 092 0058 10057 10060 0331 10057 0320 0092 0092 0324 0086 0351 0108 0108 0400 0103 0301 0100 0099 0099 0103 0102 0100 0100 0129 //// 10227 ///// ///// ////
000000000000000000000000000000000000000000000000000000000000000000000000000000000000000000000000000000000000000000000000=
57171 334600 1130700 01420 01430 4
20100323040000 225 026 228 027 227 029 0340 234 022 239 035 0339 0000 0075 0076 0335 0074 0301 084 081 0324 087 0050 10046 10048 0308 10045 0346 0082 0083 0330 0079 0301 0094 0094 0400 0087 0301 0094 0097 0102 0107 0114 0115 0112 0124 //// 10222 ///// ///// ////
000000000000000000000000000000000000000000000000000000000000000000000000000000000000000000000000000000000000000000000000=
57175 330300 1121400 01914 01922 4
20100323040000 314 027 307 032 304 034 0358 313 031 313 045 0352 0000 0068 0069 0322 0067 0301 090 087 0321 089 0053 09993 09996 0336 09993 0310 0074 0089 0312 0074 0357 0092 0097 0322 0091 0301 0096 0101 0109 0116 0113 0107 0109 0138 //// 10229 ///// ///// ////
000000000000000000000000000000000000000000000000000000000000000000000000000000000000000000000000000000000000000000000000=
57156 331800 1113000 02503 02523 4
20100323040000 301 025 302 028 277 033 0318 308 021 274 057 0310 0000 0055 0055 0400 0050 0301 083 082 0349 075 0028 09927 09928 0314 09926 0302 0056 0057 0347 0050 0301 0073 0075 0348 0064 0314 0077 0083 0094 0103 0108 0113 0115 0142 //// 10238 ///// ///// ////
000000000000000000000000000000000000000000000000000000000000000000000000000000000000000000000000000000000000000000000000=
57271 323300 1122300 00879 00897 4
20100323040000 023 022 018 021 022 026 0353 018 023 023 044 0352 0000 0075 0075 0358 0070 0302 084 083 0349 087 0050 10113 10118 0303 10112 0350 0087 0087 0400 0072 0314 0094 0094 0400 0084 0313 0094 0103 0111 0119 0110 0107 0112 0139 //// 10224 ///// ///// ////
000000000000000000000000000000000000000000000000000000000000000000000000000000000000000000000000000000000000000000000000=
57261 330700 1113100 02330 02345 4
20100323040000 127 028 120 022 120 022 0400 132 027 124 035 0359 0000 0060 0060 0400 0053 0301 090 089 0354 084 0045 09941 09942 0305 09938 0327 0079 0094 0343 0069 0302 0090 0096 0344 0076 0301 0086 0092 0099 0106 0124 0124 0126 //// //// 10229 ///// ///// ////
000000000000000000000000000000000000000000000000000000000000000000000000000000000000000000000000000000000000000000000000=
57285 322300 1132500 01530 01492 4
20100323040000 043 027 046 027 055 028 0344 052 029 057 056 0338 0000 0063 0063 0400 0055 0301 082 082 0358 078 0035 10033 10038 0301 10033 0345 0079 0093 0351 0066 0301 0093 0099 0353 0081 0301 0088 0092 0099 0107 0112 0109 0108 0135 //// ///// ///// ///// ////
////////////////////////////////////////////////////////////////////////////////////////////////////////////////////////=
57273 324100 1125100 01095 01105 4
20100323040000 041 015 039 015 048 024 0306 091 010 066 048 0319 0000 0073 0073 0354 0067 0301 079 079 0339 081 0039 10083 10089 0302 10083 0400 0083 0085 0347 0069 0301 0103 0108 0347 0086 0301 0098 0103 0110 0117 0117 0111 0110 0136 //// 10219 ///// ///// ////
000000000000000000000000000000000000000000000000000000000000000000000000000000000000000000000000000000000000000000000000=
57187 330400 1125600 01180 01193 4
20100323040000 025 020 021 020 015 023 0342 037 017 355 034 0341 0000 0076 0076 0400 0073 0301 079 079 0400 082 0042 10068 10074 0302 10067 0344 0089 0098 0322 0087 0303 0104 0107 0322 0098 0301 0101 0097 0106 0113 0120 0111 0107 0132 //// 10215 ///// ///// ////
000000000000000000000000000000000000000000000000000000000000000000000000000000000000000000000000000000000000000000000000=
57178 330200 1123500 01292 01305 4
20100323040000 018 017 018 019 017 022 0358 009 024 007 034 0356 0000 0080 0080 0400 0078 0301 076 075 0325 081 0040 10065 10071 0301 10065 0400 0090 0107 0330 0090 0359 0098 0106 0332 0097 0301 0100 0102 0105 0107 0116 0109 0108 0133 0000 10226 ///// ///// ////
000000000000000000000000000000000000000000000000000000000000000000000000000000000000000000000000000000000000000000000000
150 010 000 /// //// /////////////////////ACP /// //// 6///1 0//// 7//// 1//// 2//// 3//// /// /// /// // 911// 915// 919// 934// 939//=
57169 330300 1115200 01591 01600 4
20100323040000 285 019 293 019 326 024 0341 277 025 333 040 0336 0000 0069 0069 0400 0066 0301 090 089 0313 089 0054 10036 10039 0320 10035 0356 0070 0072 0307 0067 0351 0084 0085 0359 0079 0321 0089 0095 0102 0108 0109 0106 0106 0133 //// 10233 ///// ///// ////
000000000000000000000000000000000000000000000000000000000000000000000000000000000000000000000000000000000000000000000000=
57176 332900 1122500 02311 02304 4
20100323040000 211 009 191 010 154 012 0326 201 011 158 018 0310 0000 0067 0067 0358 0065 0325 081 080 0314 079 0037 09947 09949 0314 09945 0323 0079 0079 0400 0069 0329 0092 0092 0400 0087 0301 0091 0095 0100 0105 0114 0114 0110 0130 //// 10230 ///// ///// ////
000000000000000000000000000000000000000000000000000000000000000000000000000000000000000000000000000000000000000000000000=
57179 331700 1130000 01604 01616 4
20100323040000 012 014 011 015 028 021 0303 012 013 319 032 0324 0000 0080 0080 0400 0074 0301 080 079 0347 086 0048 10025 10028 0306 10025 0351 0101 0102 0327 0087 0301 0103 0103 0400 0093 0301 0095 0096 0099 0104 0107 0103 0103 0132 //// 10223 ///// ///// ////
000000000000000000000000000000000000000000000000000000000000000000000000000000000000000000000000000000000000000000000000=
57274 324200 1120700 01076 01088 4
20100323040000 329 023 328 023 330 029 0352 322 019 336 046 0343 0000 0077 0077 0358 0075 0323 080 079 0347 084 0045 10094 10096 0301 10091 0320 0095 0098 0318 0088 0346 0107 0109 0319 0103 0345 0107 0108 0114 0121 0125 0118 0113 0141 //// 10228 ///// ///// ////
000000000000000000000000000000000000000000000000000000000000000000000000000000000000000000000000000000000000000000000000=
57065 343000 1121100 01949 01964 4
20100323040000 133 013 117 011 117 011 0353 139 014 122 019 0354 0000 0102 0102 0400 0092 0303 058 058 0359 072 0023 09983 09991 0321 09983 0400 0145 0145 0400 0110 0301 0163 0163 0400 0115 0301 0109 0100 0098 0100 0101 0103 0109 0138 //// 10222 ///// ///// ////
000000000000000000000000000000000000000000000000000000000000000000000000000000000000000000000000000000000000000000000000=
57074 342500 1122500 01973 01989 4
20100323040000 219 006 192 009 192 009 0400 248 007 181 018 0356 0000 0090 0090 0400 0085 0301 075 073 0316 086 0048 09981 09989 0320 09981 0400 0117 0117 0400 0105 0302 0130 0130 0400 0116 0302 0102 0096 0097 0100 0103 0103 0101 0125 //// 10223 ///// ///// ////
000000000000000000000000000000000000000000000000000000000000000000000000000000000000000000000000000000000000000000000000=
57076 344400 1124700 01895 01901 4
20100323040000 068 039 076 033 078 042 0311 063 037 069 056 0309 0000 0102 0104 0350 0100 0302 033 033 0400 041 -053 09988 09993 0301 09987 0340 0116 0128 0347 0114 0334 0118 0127 0348 0110 0301 0098 0090 0088 0090 0092 0089 0088 0121 //// 10219 ///// ///// ////
000000000000000000000000000000000000000000000000000000000000000000000000000000000000000000000000000000000000000000000000=
57070 344400 1120700 03640 03595 4
20100323040000 105 033 102 035 102 037 0358 088 032 102 055 0350 0000 0090 0092 0348 0085 0305 053 052 0352 061 -001 09787 09793 0303 09786 0354 0114 0124 0346 0103 0305 0131 0139 0347 0116 0306 0101 0090 0087 0088 0091 0091 0093 0122 //// 10220 ///// ///// ////
000000000000000000000000000000000000000000000000000000000000000000000000000000000000000000000000000000000000000000000000=
57162 340900 1120500 03258 03275 4
20100323040000 355 006 339 006 240 010 0307 002 008 243 016 0303 0000 0080 0080 0400 0075 0301 072 072 0400 077 0033 09827 09833 0309 09827 0400 0104 0107 0359 0083 0339 0113 0113 0400 0102 0322 0094 0089 0091 0096 0098 0097 0100 0132 //// 10223 ///// ///// ////
000000000000000000000000000000000000000000000000000000000000000000000000000000000000000000000000000000000000000000000000=
57078 340900 1122800 03365 03340 4
20100323040000 280 009 265 010 213 014 0317 248 009 291 031 0325 0000 0081 0081 0400 0073 0313 068 068 0400 073 0026 09819 09824 0328 09819 0352 0118 0119 0358 0077 0319 0108 0108 0400 0090 0319 0086 0084 0086 0090 0099 0097 0095 0118 //// 10224 ///// ///// ////
000000000000000000000000000000000000000000000000000000000000000000000000000000000000000000000000000000000000000000000000=
57071 344900 1122600 03333 03332 4
20100323040000 009 035 023 035 027 035 0359 004 030 358 057 0303 0000 0090 0090 0303 0089 0338 042 042 0305 048 -032 09820 09825 0309 09820 0400 0114 0117 0330 0106 0309 0119 0119 0400 0108 0311 0098 0090 0088 0089 0091 0088 0090 0119 //// 10223 ///// ///// ////
000000000000000000000000000000000000000000000000000000000000000000000000000000000000000000000000000000000000000000000000=
57066 342300 1114000 03283 03298 4
20100323040000 184 007 189 008 184 013 0343 175 006 147 026 0344 0000 0077 0077 0400 0074 0301 070 069 0301 074 0026 09821 09830 0306 09821 0400 0131 0131 0400 0083 0309 0129 0129 0400 0096 0311 0091 0085 0085 0088 0093 0092 0089 0116 //// 10221 ///// ///// ////
000000000000000000000000000000000000000000000000000000000000000000000000000000000000000000000000000000000000000000000000=
57077 334700 1113900 07424 07388 4
20100323040000 083 011 083 011 083 011 0359 077 012 085 015 0350 0000 0026 0027 0338 0021 0301 090 090 0400 066 0011 09353 09356 0321 09353 0351 0034 0044 0317 0030 0354 0001 0002 0301 0001 0400 0022 0040 0054 0066 0090 0088 0090 0116 //// 10240 ///// ///// ////
000000000000000000000000000000000000000000000000000000000000000000000000000000000000000000000000000000000000000000000000=
57185 332700 1133500 00911 00921 4
20100323040000 243 017 242 013 258 014 0323 242 017 231 020 0359 0000 0077 0078 0349 0074 0301 080 079 0354 084 0045 10107 10111 0301 10107 0400 0084 0095 0327 0084 0400 0100 0104 0340 0097 0301 0097 0095 0098 0094 0110 0104 0099 0124 //// 10221 ///// ///// ////
000000000000000000000000000000000000000000000000000000000000000000000000000000000000000000000000000000000000000000000000=
57183 334800 1135500 00600 00615 4
20100323040000 245 022 243 025 244 030 0309 257 024 229 039 0307 0000 0084 0084 0332 0083 0350 080 077 0355 088 0052 10140 10146 0309 10140 0359 0099 0100 0324 0092 0304 0111 0111 0349 0105 0303 0103 0101 0102 0104 0104 0098 0095 0123 //// 10216 ///// ///// ////
000000000000000000000000000000000000000000000000000000000000000000000000000000000000000000000000000000000000000000000000=
57186 333600 1140300 00587 00598 4
20100323040000 191 008 216 012 189 021 0328 176 010 198 028 0310 0000 0086 0086 0400 0083 0308 076 074 0344 085 0046 10144 10151 0301 10144 0400 0110 0112 0350 0091 0301 0124 0125 0350 0102 0301 0105 0101 0101 0106 0107 0102 0101 0134 //// 10218 ///// ///// ////
000000000000000000000000000000000000000000000000000000000000000000000000000000000000000000000000000000000000000000000000=
57191 342900 1142900 00634 00642 4
20100323040000 020 017 023 016 035 019 0305 051 024 023 034 0358 0000 0103 0103 0400 0102 0301 053 050 0301 066 0011 10138 10142 0331 10138 0400 0115 0119 0301 0109 0331 0113 0118 0302 0107 0344 0098 0094 0093 0093 0096 0091 0093 0125 //// 10217 ///// ///// ////
000000000000000000000000000000000000000000000000000000000000000000000000000000000000000000000000000000000000000000000000=
57096 343200 1144700 00597 00607 4
20100323040000 028 018 028 017 054 025 0319 031 018 043 044 0319 0000 0112 0112 0400 0108 0301 046 045 0345 061 0000 10135 10140 0301 10135 0400 0137 0145 0308 0130 0346 0133 0138 0308 0128 0346 0111 0102 0099 0100 0102 0098 0100 0128 //// 10209 ///// ///// ////
000000000000000000000000000000000000000000000000000000000000000000000000000000000000000000000000000000000000000000000000=
57091 344700 1141800 00737 00748 4
20100323040000 039 048 044 039 049 042 0303 046 062 046 062 0400 0000 0112 0113 0358 0105 0301 040 040 0400 053 -019 10126 10132 0306 10126 0400 0162 0165 0359 0132 0305 0175 0177 0358 0148 0306 0115 0099 0097 0091 0103 0100 0100 0123 //// 10217 ///// ///// ////
000000000000000000000000000000000000000000000000000000000000000000000000000000000000000000000000000000000000000000000000=
53978 350500 1123800 01401 01409 4
20100323040000 127 035 137 033 142 035 0350 128 019 144 050 0301 0000 0109 0110 0346 0106 0325 043 039 0303 056 -012 10049 10052 0301 10048 0348 0143 0157 0339 0133 0314 0156 0162 0342 0140 0318 0120 0106 0098 0098 0091 0090 0095 0125 //// 10221 ///// ///// ////
000000000000000000000000000000000000000000000000000000000000000000000000000000000000000000000000000000000000000000000000=
53984 351400 1132800 00827 00837 4
20100323040000 047 052 057 046 051 050 0340 043 057 040 065 0359 0000 0120 0120 0400 0107 0301 031 030 0353 043 -046 10119 10124 0301 10118 0356 0177 0180 0359 0128 0302 0189 0189 0359 0132 0302 0105 0093 0089 0092 0095 0094 0094 0121 //// 10222 ///// ///// ////
000000000000000000000000000000000000000000000000000000000000000000000000000000000000000000000000000000000000000000000000=
53987 350600 1132500 00910 00918 4
20100323040000 047 042 055 046 043 047 0309 057 057 046 076 0355 0000 0121 0121 0400 0116 0319 032 030 0358 045 -041 10107 10114 0304 10107 0400 0160 0160 0400 0138 0318 0150 0150 0400 0129 0318 0112 0101 0097 0097 0098 0097 0098 0127 //// 10219 ///// ///// ////
000000000000000000000000000000000000000000000000000000000000000000000000000000000000000000000000000000000000000000000000=
57079 345700 1130200 01064 01069 4
20100323040000 089 037 089 040 089 050 0312 083 034 094 068 0305 0000 0111 0111 0400 0107 0336 039 036 0350 052 -023 10086 10092 0301 10086 0400 0130 0130 0400 0115 0336 0125 0131 0302 0109 0336 0100 0094 0092 0092 0097 0095 0093 0120 //// 10217 ///// ///// ////
000000000000000000000000000000000000000000000000000000000000000000000000000000000000000000000000000000000000000000000000=
53972 350700 1125500 01196 01210 4
20100323040000 112 019 114 029 104 039 0316 206 009 105 082 0315 0000 0118 0118 0400 0112 0306 028 027 0333 039 -061 10074 10076 0301 10072 0349 0173 0173 0400 0134 0316 0163 0163 0400 0125 0314 0116 0105 0103 0103 0097 0097 0108 0137 //// 10221 ///// ///// ////
000000000000000000000000000000000000000000000000000000000000000000000000000000000000000000000000000000000000000000000000=
53982 351400 1131600 01120 01135 4
20100323040000 065 032 072 034 071 039 0314 085 042 062 073 0338 0000 0128 0129 0351 0115 0301 024 022 0339 035 -073 10081 10086 0301 10081 0400 0147 0156 0352 0115 0301 0185 0192 0350 0137 0301 0119 0102 0098 0099 0098 0096 0099 0131 //// 10219 ///// ///// ////
000000000000000000000000000000000000000000000000000000000000000000000000000000000000000000000000000000000000000000000000=
53979 350900 1130500 01200 01211 4
20100323040000 064 057 074 055 079 056 0357 073 064 096 090 0328 0000 0120 0120 0400 0112 0301 025 025 0400 035 -074 10072 10077 0301 10072 0400 0146 0153 0340 0125 0301 0178 0187 0348 0137 0301 0116 0099 0097 0099 0098 0098 0103 0132 //// 10220 ///// ///// ////
000000000000000000000000000000000000000000000000000000000000000000000000000000000000000000000000000000000000000000000000=
53974 353700 1141100 00723 00739 4
20100323040000 023 039 021 039 023 044 0335 038 048 026 078 0311 0000 0129 0130 0346 0117 0301 025 024 0348 037 -066 10134 10141 0307 10134 0359 0182 0194 0346 0158 0301 0219 0227 0356 0170 0301 0127 0099 0090 0089 0089 0089 0096 0124 //// 10224 ///// ///// ////
000000000000000000000000000000000000000000000000000000000000000000000000000000000000000000000000000000000000000000000000=
53990 354300 1141900 00795 00805 4
20100323040000 345 058 003 057 016 061 0325 345 054 010 084 0354 0000 0124 0124 0400 0111 0301 032 030 0351 046 -038 10126 10134 0304 10126 0400 0175 0186 0337 0151 0301 0251 0261 0337 0197 0301 0123 0096 0085 0086 0088 0082 0081 0111 //// 10225 ///// ///// ////
000000000000000000000000000000000000000000000000000000000000000000000000000000000000000000000000000000000000000000000000=
53991 355600 1142100 00743 00753 4
20100323040000 033 029 029 026 024 029 0344 035 035 009 050 0354 0000 0121 0121 0400 0108 0301 031 029 0355 044 -045 10136 10145 0314 10135 0357 0183 0198 0339 0151 0302 0218 0225 0349 0161 0302 0126 0092 0079 0082 0084 0081 0086 0118 //// 10228 ///// ///// ////
000000000000000000000000000000000000000000000000000000000000000000000000000000000000000000000000000000000000000000000000=
53993 355600 1145500 00516 00524 4
20100323040000 037 031 049 035 052 040 0355 346 034 065 058 0336 0000 0124 0124 0400 0108 0301 038 037 0344 055 -015 10157 10164 0301 10156 0353 0202 0202 0400 0150 0305 0211 0211 0400 0153 0301 0119 0087 0077 0075 0079 0073 0073 0108 //// 10221 ///// ///// ////
000000000000000000000000000000000000000000000000000000000000000000000000000000000000000000000000000000000000000000000000=
53889 360400 1134900 03068 03086 4
20100323040000 080 025 074 022 061 031 0349 080 021 035 052 0311 0000 0115 0115 0400 0106 0301 021 018 0315 028 -101 09852 09864 0301 09852 0400 0193 0196 0355 0163 0321 0258 0259 0359 0209 0301 0159 0124 0102 0088 0073 0072 0086 0098 //// 10225 ///// ///// ////
000000000000000000000000000000000000000000000000000000000000000000000000000000000000000000000000000000000000000000000000=
53995 353300 1143000 00625 00645 4
20100323040000 018 038 011 029 350 042 0325 057 031 347 075 0319 0000 0121 0121 0400 0101 0301 033 033 0400 047 -037 10142 10149 0322 10142 0359 0191 0209 0351 0148 0310 0230 0230 0359 0159 0301 0135 0102 0087 0084 0086 0084 0085 0116 //// 10221 ///// ///// ////
000000000000000000000000000000000000000000000000000000000000000000000000000000000000000000000000000000000000000000000000=
53898 360300 1142400 00629 00638 4
20100323040000 068 021 050 026 018 036 0328 068 030 341 061 0315 0000 0125 0126 0358 0110 0306 027 027 0400 039 -060 10147 10158 0310 10147 0359 0253 0262 0344 0193 0307 0258 0258 0354 0196 0307 0130 0098 0086 0084 0073 0073 0084 0117 //// 10225 ///// ///// ////
000000000000000000000000000000000000000000000000000000000000000000000000000000000000000000000000000000000000000000000000=
NNNN
