57090 344300 1135800 00781 00802 4
20100502030000 167 033 169 029 179 030 0201 175 032 181 055 0213 0000 0281 0281 0300 0261 0201 059 059 0255 224 0193 09973 09978 0202 09973 0259 0390 0407 0251 0356 0201 0462 0462 0300 0390 0201 0275 0225 0203 0195 0180 0155 0129 0131 //// 10065 ///// ///// ////
000000000000000000000000000000000000000000000000000000000000000000000000000000000000000000000000000000000000000000000000=
57083 344300 1133900 01104 01116 4
20100502030000 167 021 178 025 174 032 0254 158 024 183 049 0251 0000 0300 0300 0300 0283 0201 048 046 0245 204 0178 09933 09937 0201 09933 0300 0553 0553 0300 0500 0206 0446 0446 0300 0385 0201 0269 0222 0196 0185 0156 0138 0128 0130 0000 10060 ///// ///// ////
000000000000000000000000000000000000000000000000000000000000000000000000000000000000000000000000000000000000000000000000
110 000 000 000 //// //////////////////////// /// 0000 6///1 0//// 7//// 1//// 2//// 3//// /// /// /// // 911// 915// 919// 934// 939//=
57086 342300 1134300 01166 01168 4
20100502030000 191 037 193 044 207 051 0229 198 065 218 084 0220 0000 0264 0264 0300 0249 0201 063 063 0255 217 0188 09939 09942 0202 09938 0259 0369 0372 0241 0356 0203 0414 0414 0300 0358 0201 0269 0218 0195 0185 0167 0139 0122 0124 //// 10074 ///// ///// ////
000000000000000000000000000000000000000000000000000000000000000000000000000000000000000000000000000000000000000000000000=
57085 343200 1132000 02599 02648 4
20100502030000 223 026 222 028 225 040 0210 232 025 229 062 0207 0000 0292 0292 0300 0269 0205 044 044 0300 178 0157 09766 09770 0202 09766 0253 0376 0377 0256 0332 0209 0393 0393 0300 0337 0203 0263 0208 0187 0176 0171 0144 0126 0128 //// 10066 ///// ///// ////
000000000000000000000000000000000000000000000000000000000000000000000000000000000000000000000000000000000000000000000000=
57081 344800 1132600 01409 01419 4
20100502030000 338 010 331 008 344 011 0241 347 011 336 022 0210 0000 0287 0287 0300 0263 0201 042 042 0252 165 0145 09901 09905 0205 09901 0257 0446 0447 0256 0412 0201 0418 0418 0300 0356 0201 0267 0217 0197 0183 0154 0140 0126 0122 //// 10062 ///// ///// ////
000000000000000000000000000000000000000000000000000000000000000000000000000000000000000000000000000000000000000000000000=
57084 343000 1130300 11784 11790 4
20100502030000 274 030 265 032 259 038 0254 285 031 268 057 0253 0000 0250 0250 0300 0242 0209 040 036 0201 127 0105 08798 08799 0204 08798 0300 0328 0328 0300 0299 0203 0475 0475 0300 0416 0201 0269 0204 0170 0155 0125 //// //// //// //// 10075 ///// ///// ////
000000000000000000000000000000000000000000000000000000000000000000000000000000000000000000000000000000000000000000000000=
57080 344400 1125800 01652 01661 4
20100502030000 220 024 225 032 231 036 0250 226 023 203 065 0241 0000 0279 0279 0300 0253 0201 043 041 0243 162 0142 09876 09882 0201 09876 0257 0376 0376 0300 0351 0219 0469 0469 0300 0405 0201 0276 0219 0193 0185 0153 0132 0119 0123 //// 10066 ///// ///// ////
000000000000000000000000000000000000000000000000000000000000000000000000000000000000000000000000000000000000000000000000=
57082 342800 1130100 04271 04284 4
20100502030000 220 038 236 034 227 040 0245 178 038 229 083 0238 0000 0307 0307 0300 0289 0201 026 025 0246 115 0090 09589 09591 0211 09588 0256 0350 0350 0300 0312 0201 0459 0460 0258 0406 0201 0276 0231 0207 0196 0165 0143 0126 //// //// 10068 ///// ///// ////
000000000000000000000000000000000000000000000000000000000000000000000000000000000000000000000000000000000000000000000000=
57290 330000 1140100 00827 00838 4
20100502030000 235 029 229 029 238 032 0258 285 035 288 063 0250 0000 0298 0299 0258 0277 0201 047 047 0300 197 0173 09991 09994 0204 09990 0259 0404 0404 0300 0337 0201 0447 0447 0300 0389 0201 0281 0230 0205 0199 0170 0146 0131 0135 //// 10087 ///// ///// ////
000000000000000000000000000000000000000000000000000000000000000000000000000000000000000000000000000000000000000000000000
120 000 000 000 //// //////////////////////// /// 0000 6///1 0//// 7//// 1//// 2//// 3//// /// /// /// // 911// 915// 919// 934// 939//=
57295 323700 1142100 00785 00802 4
20100502030000 193 034 194 038 212 038 0248 203 029 189 081 0256 0000 0291 0291 0300 0268 0201 054 054 0258 218 0188 10000 10005 0203 10000 0300 0481 0482 0254 0416 0204 0449 0449 0300 0393 0201 0284 0225 0205 0197 0161 0144 0130 0132 //// 10092 ///// ///// ////
000000000000000000000000000000000000000000000000000000000000000000000000000000000000000000000000000000000000000000000000=
57189 330800 1135700 00646 00655 4
20100502030000 224 023 221 031 213 036 0246 257 033 257 063 0234 0000 0281 0281 0300 0266 0206 066 065 0256 251 0212 10010 10014 0208 10010 0258 0297 0297 0300 0274 0201 0427 0427 0300 0379 0201 0265 0221 0201 0191 0150 0136 0125 0127 //// 10086 ///// ///// ////
000000000000000000000000000000000000000000000000000000000000000000000000000000000000000000000000000000000000000000000000=
57194 331700 1141600 00598 00609 4
20100502030000 196 037 200 036 185 045 0220 201 052 198 078 0227 0000 0277 0277 0300 0264 0207 065 064 0245 241 0205 10014 10016 0229 10014 0259 0387 0387 0255 0349 0204 0456 0456 0300 0401 0204 0259 0220 0200 0189 0153 0135 0123 0128 //// 10084 ///// ///// ////
000000000000000000000000000000000000000000000000000000000000000000000000000000000000000000000000000000000000000000000000=
57197 330000 1142000 00489 00545 4
20100502030000 192 030 191 037 193 041 0254 192 031 237 080 0245 0000 0278 0278 0300 0265 0201 071 069 0245 265 0221 10026 10030 0208 10025 0250 0406 0410 0254 0390 0201 0452 0452 0300 0398 0201 0250 0218 0198 0188 0163 0145 0128 0129 //// 10089 ///// ///// ////
000000000000000000000000000000000000000000000000000000000000000000000000000000000000000000000000000000000000000000000000=
57294 325000 1140100 00836 00846 4
20100502030000 198 021 225 017 223 025 0230 209 014 198 045 0226 0000 0296 0296 0300 0275 0201 058 058 0300 240 0205 09988 09992 0202 09988 0300 0404 0406 0259 0347 0201 0465 0466 0259 0405 0201 0269 0218 0195 0185 0155 0143 0128 0126 //// 10085 ///// ///// ////
000000000000000000000000000000000000000000000000000000000000000000000000000000000000000000000000000000000000000000000000=
57292 325800 1143800 00444 00453 4
20100502030000 199 043 200 045 208 049 0225 232 038 187 092 0241 0000 0275 0275 0300 0261 0207 066 066 0253 242 0206 10040 10045 0201 10040 0300 0360 0364 0258 0321 0204 0428 0428 0258 0387 0207 0274 0227 0206 0199 0177 0150 0132 0135 //// 10092 ///// ///// ////
000000000000000000000000000000000000000000000000000000000000000000000000000000000000000000000000000000000000000000000000=
57195 333700 1143700 00466 00476 4
20100502030000 230 025 230 024 235 029 0201 134 020 274 061 0228 0000 0283 0284 0255 0267 0201 056 055 0237 215 0187 10030 10033 0201 10029 0237 0378 0402 0252 0343 0201 0464 0469 0252 0400 0201 0302 0240 0211 0200 0167 0143 0129 0141 //// 10085 ///// ///// ////
000000000000000000000000000000000000000000000000000000000000000000000000000000000000000000000000000000000000000000000000=
57193 334700 1143100 00526 00541 4
20100502030000 218 011 203 015 197 021 0248 195 013 147 056 0248 0000 0277 0277 0300 0264 0201 062 061 0245 230 0198 10022 10025 0206 10022 0300 0346 0351 0256 0317 0201 0405 0406 0257 0363 0201 0280 0226 0201 0189 0169 0145 0131 0132 //// 10084 ///// ///// ////
000000000000000000000000000000000000000000000000000000000000000000000000000000000000000000000000000000000000000000000000
120 000 000 000 //// //////////////////////// /// 0000 6///1 0//// 7//// 1//// 2//// 3//// /// /// /// // 911// 915// 919// 934// 939//=
58104 332400 1150400 00412 00425 4
20100502030000 214 037 212 042 208 047 0257 198 031 200 071 0254 0000 0277 0277 0300 0262 0201 069 066 0235 256 0215 10041 10045 0201 10041 0300 0377 0386 0247 0351 0202 0440 0440 0300 0387 0201 0295 0233 0203 0192 0178 0146 0127 0135 //// 10090 ///// ///// ////
000000000000000000000000000000000000000000000000000000000000000000000000000000000000000000000000000000000000000000000000=
58101 335200 1152900 00413 00428 4
20100502030000 192 036 219 025 202 030 0209 218 031 203 069 0237 0000 0279 0279 0259 0261 0201 059 059 0300 222 0191 10039 10044 0204 10039 0238 0411 0414 0257 0365 0206 0468 0468 0300 0410 0206 0266 0206 0182 0175 0154 0139 0125 0131 //// 10089 ///// ///// ////
000000000000000000000000000000000000000000000000000000000000000000000000000000000000000000000000000000000000000000000000=
57098 340500 1142400 00583 00593 4
20100502030000 197 052 199 046 203 055 0233 206 052 178 087 0219 0000 0271 0271 0300 0258 0201 063 063 0300 226 0195 10009 10013 0201 10009 0300 0352 0368 0253 0330 0201 0328 0329 0253 0300 0201 0268 0219 0187 0176 0163 0141 0125 0130 //// 10078 ///// ///// ////
000000000000000000000000000000000000000000000000000000000000000000000000000000000000000000000000000000000000000000000000=
57190 334500 1142400 00505 00516 4
20100502030000 193 051 200 050 211 051 0250 197 059 214 073 0249 0000 0276 0276 0300 0260 0201 064 063 0253 236 0202 10022 10025 0201 10021 0256 0345 0345 0300 0321 0201 0452 0452 0300 0395 0201 0269 0217 0189 0178 0172 0145 0128 0132 //// 10082 ///// ///// ////
000000000000000000000000000000000000000000000000000000000000000000000000000000000000000000000000000000000000000000000000=
57088 340900 1133000 01161 01177 4
20100502030000 200 031 220 031 231 039 0206 204 041 226 056 0201 0000 0275 0276 0253 0257 0206 061 060 0253 224 0193 09938 09941 0201 09938 0300 0367 0370 0252 0337 0206 0487 0487 0300 0417 0201 0297 0230 0199 0189 0147 0133 0127 0131 //// 10074 ///// ///// ////
000000000000000000000000000000000000000000000000000000000000000000000000000000000000000000000000000000000000000000000000=
57182 335100 1133000 00805 00814 4
20100502030000 200 029 207 028 224 037 0246 217 044 192 058 0256 0000 0286 0286 0300 0269 0201 059 057 0226 231 0198 09982 09985 0201 09982 0300 0404 0410 0254 0376 0201 0530 0530 0300 0462 0201 0294 0229 0208 0197 0176 0149 0133 0139 //// 10076 ///// ///// ////
000000000000000000000000000000000000000000000000000000000000000000000000000000000000000000000000000000000000000000000000=
57087 341200 1134800 00877 00885 4
20100502030000 179 036 191 037 205 040 0201 167 035 164 062 0214 0000 0272 0272 0300 0253 0201 063 063 0300 227 0195 09973 09976 0201 09973 0300 0376 0382 0259 0336 0201 0473 0477 0258 0412 0201 0276 0224 0197 0185 0155 0136 0124 0128 //// 10075 ///// ///// ////
000000000000000000000000000000000000000000000000000000000000000000000000000000000000000000000000000000000000000000000000=
57297 320800 1140300 01145 01154 4
20100502030000 210 046 210 054 205 067 0207 218 045 209 119 0219 0000 0290 0290 0300 0276 0201 052 051 0253 208 0182 09965 09969 0214 09963 0248 0403 0403 0300 0362 0201 0470 0470 0300 0408 0201 0306 0251 0226 0212 0183 0160 0141 //// //// 10097 ///// ///// ////
000000000000000000000000000000000000000000000000000000000000000000000000000000000000000000000000000000000000000000000000
100 000 000 000 //// //////////////////////// /// 0000 6///1 0//// 7//// 1//// 2//// 3//// /// /// /// // 911// 915// 919// 934// 939//=
58301 314900 1152300 00916 00929 4
20100502030000 214 049 209 053 190 076 0216 182 047 184 105 0214 0000 0301 0301 0300 0288 0202 045 043 0251 192 0169 10000 10002 0201 09999 0246 0332 0337 0254 0307 0202 0439 0439 0300 0391 0201 0279 0239 0218 0207 0189 0164 0139 0134 //// 10107 ///// ///// ////
000000000000000000000000000000000000000000000000000000000000000000000000000000000000000000000000000000000000000000000000=
57298 321300 1143300 00554 00562 4
20100502030000 212 056 205 061 203 064 0259 239 060 197 104 0234 0000 0287 0287 0300 0273 0201 052 051 0259 205 0179 10033 10037 0201 10033 0300 0280 0280 0300 0262 0201 0420 0420 0300 0384 0201 0262 0222 0205 0196 0163 0145 0127 0138 //// 10098 ///// ///// ////
000000000000000000000000000000000000000000000000000000000000000000000000000000000000000000000000000000000000000000000000=
57390 314800 1140400 07335 07347 4
20100502030000 210 068 210 068 208 081 0220 206 064 211 159 0249 0000 0234 0234 0300 0218 0201 067 067 0300 193 0169 09294 09295 0201 09294 0300 0309 0315 0254 0282 0201 0409 0409 0300 0351 0201 0255 0205 0182 0172 0155 0129 //// //// //// 10116 ///// ///// ////
000000000000000000000000000000000000000000000000000000000000000000000000000000000000000000000000000000000000000000000000=
58208 321000 1153700 00429 00439 4
20100502030000 212 054 217 052 223 060 0225 228 072 222 080 0219 0000 0295 0295 0300 0283 0201 048 047 0242 198 0173 10052 10056 0202 10052 0300 0364 0366 0241 0337 0214 0432 0432 0300 0392 0202 0295 0248 0225 0216 0180 0159 0141 0142 //// 10103 ///// ///// ////
0000000000000000000000000000000000000000000000//000000000000000000000000000000000000000000000000000000000000000000000000
200 000 000 000 //// //////////////////////// /// 0000 6///1 0//// 7//// 1//// 2//// 3//// /// /// /// // 911// 915// 919// 934// 939//=
53989 350300 1135700 00766 00777 4
20100502030000 185 031 189 024 191 027 0245 170 029 167 044 0239 0000 0279 0279 0300 0257 0201 057 056 0205 214 0186 09973 09977 0201 09973 0300 0398 0404 0258 0363 0210 0469 0469 0258 0413 0202 0284 0226 0199 0188 0162 0138 0123 0126 //// 10062 ///// ///// ////
000000000000000000000000000000000000000000000000000000000000000000000000000000000000000000000000000000000000000000000000=
53986 351900 1135300 00732 00740 4
20100502030000 212 061 216 042 218 056 0223 232 054 226 092 0232 0000 0280 0281 0259 0260 0204 047 047 0253 178 0156 09974 09977 0204 09974 0259 0370 0385 0248 0337 0225 0439 0442 0258 0386 0204 0254 0212 0192 0184 0162 0141 0125 0130 //// 10059 ///// ///// ////
000000000000000000000000000000000000000000000000000000000000000000000000000000000000000000000000000000000000000000000000
120 000 000 000 //// //////////////////////// /// 0000 6///1 0//// 7//// 1//// 2//// 3//// /// /// /// // 911// 915// 919// 934// 939//=
53988 351600 1134000 00776 00784 4
20100502030000 207 035 215 037 206 048 0212 167 036 228 080 0210 0000 0278 0278 0300 0258 0211 048 048 0300 179 0158 09963 09968 0201 09963 0300 0432 0433 0250 0380 0212 0508 0508 0300 0443 0201 0269 0216 0191 0183 0148 0133 0122 0128 //// 10053 ///// ///// ////
000000000000000000000000000000000000000000000000000000000000000000000000000000000000000000000000000000000000000000000000=
53998 351200 1143900 00616 00625 4
20100502030000 190 045 192 047 199 053 0222 203 054 209 088 0213 0000 0276 0276 0300 0256 0201 058 057 0252 214 0186 09989 09994 0202 09989 0256 0405 0405 0300 0344 0201 0423 0423 0300 0368 0201 0262 0212 0190 0181 0171 0143 0123 0130 //// 10061 ///// ///// ////
000000000000000000000000000000000000000000000000000000000000000000000000000000000000000000000000000000000000000000000000=
57051 344800 1111200 04099 04117 4
20100502030000 295 013 272 009 276 011 0245 313 010 291 026 0250 0000 0284 0284 0300 0259 0201 036 036 0244 139 0119 09606 09611 0202 09606 0300 0397 0397 0300 0350 0214 0512 0512 0300 0433 0201 0263 0210 0191 0183 0160 0133 0118 0120 //// 10068 ///// ///// ////
000000000000000000000000000000000000000000000000000000000000000000000000000000000000000000000000000000000000000000000000
150 000 000 000 //// //////////////////////// /// 0000 6///1 0//// 7//// 1//// 2//// 3//// /// /// /// // 911// 915// 919// 934// 939//=
57063 344600 1114600 05236 05236 4
20100502030000 253 032 259 026 246 032 0219 251 030 243 055 0219 0000 0284 0284 0300 0268 0201 035 034 0254 135 0115 09484 09488 0202 09484 0258 0446 0447 0259 0411 0201 0495 0495 0300 0429 0201 0239 0186 0165 0159 0121 0112 0104 0111 //// 10074 ///// ///// ////
000000000000000000000000000000000000000000000000000000000000000000000000000000000000000000000000000000000000000000000000=
57067 340300 1110200 05688 05699 4
20100502030000 286 005 306 007 198 018 0223 322 010 195 030 0217 0000 0266 0266 0300 0232 0201 044 043 0253 153 0134 09442 09449 0203 09440 0259 0440 0446 0258 0384 0201 0443 0443 0300 0370 0201 0257 0203 0181 0187 0166 0147 0123 0125 //// 10084 ///// ///// ////
000000000000000000000000000000000000000000000000000000000000000000000000000000000000000000000000000000000000000000000000
120 000 000 000 //// //////////////////////// /// 0000 6///1 0//// 7//// 1//// 2//// 3//// /// /// /// // 911// 915// 919// 934// 939//=
57056 343200 1105300 03904 03909 4
20100502030000 175 009 218 014 248 022 0231 181 012 234 038 0227 0000 0296 0296 0300 0277 0204 028 027 0257 116 0092 09627 09633 0201 09627 0300 0438 0438 0300 0388 0201 0507 0507 0300 0435 0201 0307 0234 0198 0187 0146 0130 0118 0121 //// 10063 ///// ///// ////
000000000000000000000000000000000000000000000000000000000000000000000000000000000000000000000000000000000000000000000000=
58007 340400 1151800 00472 00532 4
20100502030000 184 033 200 035 204 035 0259 206 027 232 077 0255 0000 0272 0273 0255 0257 0201 062 061 0256 224 0193 10024 10027 0203 10023 0258 0346 0353 0254 0329 0237 0358 0358 0300 0328 0220 0241 0201 0184 0178 0150 0137 0127 0132 //// 10086 ///// ///// ////
000000000000000000000000000000000000000000000000000000000000000000000000000000000000000000000000000000000000000000000000=
58006 342300 1155300 00463 00506 4
20100502030000 190 043 185 051 184 052 0257 184 035 170 084 0255 0000 0273 0273 0300 0259 0231 060 060 0258 218 0189 10030 10035 0205 10030 0300 0364 0376 0230 0350 0216 0412 0412 0255 0367 0201 0280 0218 0186 0172 0160 0139 0123 0127 //// 10089 ///// ///// ////
000000000000000000000000000000000000000000000000000000000000000000000000000000000000000000000000000000000000000000000000=
58111 335800 1162700 00325 00325 4
20100502030000 195 032 188 035 188 037 0242 218 029 198 075 0209 0000 0272 0272 0300 0255 0201 060 060 0255 216 0188 10060 10063 0212 10059 0259 0248 0248 0300 0229 0201 0370 0370 0259 0326 0201 0254 0208 0183 0172 0153 0139 0129 0138 //// 10098 ///// ///// ////
000000000000000000000000000000000000000000000000000000000000000000000000000000000000000000000000000000000000000000000000
140 000 000 000 //// //////////////////////// /// 0000 6///1 0//// 7//// 1//// 2//// 3//// /// /// /// // 911// 915// 919// 934// 939//=
58017 341500 1160800 00410 00420 4
20100502030000 184 033 185 029 176 035 0238 147 022 147 064 0229 0000 0273 0274 0259 0254 0201 061 061 0300 221 0191 10039 10043 0205 10039 0259 0339 0346 0251 0297 0201 0390 0390 0300 0330 0201 0245 0202 0182 0174 0151 0138 0126 0129 //// 10088 ///// ///// ////
000000000000000000000000000000000000000000000000000000000000000000000000000000000000000000000000000000000000000000000000=
58001 342600 1150600 00563 00569 4
20100502030000 203 049 208 040 197 047 0246 198 042 209 086 0204 0000 0268 0268 0300 0252 0201 063 062 0253 222 0192 10012 10016 0213 10012 0257 0339 0344 0244 0309 0215 0362 0362 0300 0322 0201 0246 0201 0180 0168 0149 0129 0118 0126 //// 10078 ///// ///// ////
000000000000000000000000000000000000000000000000000000000000000000000000000000000000000000000000000000000000000000000000=
58005 342700 1154000 00501 00511 4
20100502030000 213 046 203 043 210 049 0229 189 053 200 077 0226 0000 0276 0277 0253 0261 0201 057 056 0217 210 0183 10023 10028 0201 10022 0256 0391 0395 0256 0355 0201 0460 0466 0252 0408 0201 0259 0213 0186 0174 0150 0133 0126 0133 0000 10082 ///// ///// ////
000000000000000000000000000000000000000000000000000000000000000000000000000000000000000000000000000000000000000000000000
150 000 000 000 //// //////////////////////// /// 0000 6///1 0//// 7//// 1//// 2//// 3//// /// /// /// // 911// 915// 919// 934// 939//=
58008 342800 1152000 00544 00592 4
20100502030000 197 028 191 037 196 041 0239 192 038 189 079 0247 0000 0272 0272 0300 0257 0201 057 057 0253 206 0179 10010 10013 0201 10009 0258 0406 0406 0300 0374 0219 0401 0401 0300 0351 0201 0261 0208 0183 0170 0147 0135 0122 0130 //// 10079 ///// ///// ////
000000000000000000000000000000000000000000000000000000000000000000000000000000000000000000000000000000000000000000000000=
58004 343900 1150900 00606 00616 4
20100502030000 200 041 206 039 207 041 0258 173 045 198 082 0248 0000 0271 0271 0258 0254 0201 059 059 0259 212 0184 10003 10008 0202 10003 0256 0353 0372 0241 0339 0204 0403 0404 0258 0354 0202 0272 0224 0193 0182 0159 0138 0126 0129 //// 10074 ///// ///// ////
000000000000000000000000000000000000000000000000000000000000000000000000000000000000000000000000000000000000000000000000=
54817 355900 1155200 00421 00434 4
20100502030000 191 035 188 039 184 051 0218 220 049 195 086 0224 0000 0273 0273 0300 0252 0203 065 064 0259 236 0201 10007 10012 0201 10007 0259 0331 0331 0258 0301 0203 0452 0452 0300 0393 0203 0258 0205 0183 0171 0139 0120 0111 0114 //// 10057 ///// ///// ////
000000000000000000000000000000000000000000000000000000000000000000000000000000000000000000000000000000000000000000000000=
54902 355400 1150700 00495 00499 4
20100502030000 194 061 199 061 196 070 0246 189 082 189 100 0246 0000 0276 0276 0300 0259 0201 054 054 0253 199 0175 09993 09997 0215 09992 0244 0345 0350 0256 0323 0202 0439 0442 0259 0392 0201 0255 0207 0183 0174 0144 0119 0110 0115 //// 10051 ///// ///// ////
000000000000000000000000000000000000000000000000000000000000000000000000000000000000000000000000000000000000000000000000=
54900 354200 1150100 00537 00541 4
20100502030000 201 042 190 046 188 051 0241 212 043 203 088 0231 0000 0277 0277 0300 0260 0231 059 059 0258 219 0190 09993 09996 0232 09993 0250 0378 0380 0251 0346 0204 0433 0433 0300 0389 0201 0261 0210 0183 0173 0159 0131 0114 0115 //// 10055 ///// ///// ////
000000000000000000000000000000000000000000000000000000000000000000000000000000000000000000000000000000000000000000000000=
54901 360500 1151000 00475 00478 4
20100502030000 188 056 194 064 192 067 0230 187 077 187 096 0243 0000 0273 0273 0300 0254 0201 058 057 0243 210 0183 09992 09996 0221 09992 0300 0321 0321 0300 0300 0204 0413 0413 0300 0369 0201 0258 0207 0181 0170 0157 0135 0115 0115 //// 10047 ///// ///// ////
000000000000000000000000000000000000000000000000000000000000000000000000000000000000000000000000000000000000000000000000=
54903 355100 1152900 00457 00506 4
20100502030000 205 047 208 039 206 052 0222 229 026 198 081 0211 0000 0279 0279 0300 0253 0201 056 056 0300 210 0183 09996 10001 0214 09996 0300 0380 0382 0259 0332 0201 0435 0435 0300 0370 0201 0255 0206 0183 0173 0154 0130 0117 0116 //// 10054 ///// ///// ////
000000000000000000000000000000000000000000000000000000000000000000000000000000000000000000000000000000000000000000000000=
57184 333800 1132200 00834 00847 4
20100502030000 199 027 198 026 184 032 0223 198 020 173 057 0207 0000 0272 0273 0256 0261 0201 062 062 0300 224 0193 09978 09982 0201 09978 0300 0287 0287 0254 0265 0201 0456 0466 0246 0413 0217 0288 0232 0211 0200 0141 0132 0126 0132 //// 10076 ///// ///// ////
000000000000000000000000000000000000000000000000000000000000000000000000000000000000000000000000000000000000000000000000=
57177 332000 1133200 00898 00913 4
20100502030000 233 037 240 037 240 037 0300 231 031 279 079 0214 0000 0290 0291 0257 0271 0201 049 048 0258 196 0172 09973 09978 0202 09973 0300 0392 0418 0238 0374 0216 0428 0431 0256 0379 0201 0264 0231 0195 0195 0166 0145 0130 0125 //// 10078 ///// ///// ////
000000000000000000000000000000000000000000000000000000000000000000000000000000000000000000000000000000000000000000000000=
57075 341000 1125200 02031 02043 4
20100502030000 140 022 133 022 129 023 0239 137 021 102 034 0251 0000 0262 0263 0259 0244 0207 065 064 0230 221 0191 09843 09848 0201 09842 0251 0370 0373 0254 0346 0201 0481 0484 0258 0415 0201 0307 0238 0206 0192 0193 0161 0132 0126 //// 10077 ///// ///// ////
000000000000000000000000000000000000000000000000000000000000000000000000000000000000000000000000000000000000000000000000=
57173 334500 1125300 01457 01468 4
20100502030000 179 030 189 025 191 032 0249 170 034 178 055 0216 0000 0283 0283 0300 0263 0201 050 050 0300 192 0169 09902 09906 0204 09902 0300 0393 0397 0233 0367 0204 0512 0518 0255 0445 0201 0278 0230 0210 0199 0167 0145 0130 0135 //// 10071 ///// ///// ////
000000000000000000000000000000000000000000000000000000000000000000000000000000000000000000000000000000000000000000000000=
57180 335900 1131200 01175 01186 4
20100502030000 228 028 220 031 219 033 0258 248 022 215 050 0253 0000 0270 0270 0300 0250 0201 062 061 0259 221 0191 09939 09943 0201 09939 0300 0371 0383 0247 0343 0204 0500 0500 0300 0426 0201 0288 0228 0201 0190 0160 0142 0129 0133 //// 10076 ///// ///// ////
000000000000000000000000000000000000000000000000000000000000000000000000000000000000000000000000000000000000000000000000=
57181 335300 1130300 01364 01380 4
20100502030000 180 025 186 029 177 033 0209 164 018 173 049 0236 0000 0275 0276 0255 0260 0201 065 064 0257 239 0203 09920 09924 0203 09920 0300 0388 0388 0300 0356 0228 0512 0512 0300 0449 0205 0302 0234 0209 0198 0169 0145 0129 0132 //// 10079 ///// ///// ////
000000000000000000000000000000000000000000000000000000000000000000000000000000000000000000000000000000000000000000000000
120 10- 000 000 6500 /////////////////////CIE 002 0000 6///1 0//// 7//// 1//// 2//// 3//// /// /// /// // 911// 915// 919// 934// 939//=
57175 330300 1121400 01914 01922 4
20100502030000 259 034 257 036 262 037 0257 226 031 268 066 0255 0000 0264 0264 0257 0247 0202 068 068 0258 234 0200 09877 09880 0204 09876 0259 0459 0461 0256 0392 0201 0460 0460 0300 0400 0201 0273 0225 0204 0198 0160 0145 0133 0139 //// 10099 ///// ///// ////
000000000000000000000000000000000000000000000000000000000000000000000000000000000000000000000000000000000000000000000000=
57156 331800 1113000 02503 02523 4
20100502030000 060 011 005 007 218 011 0231 052 009 240 021 0231 0000 0271 0271 0300 0245 0201 050 050 0300 179 0158 09807 09813 0202 09807 0259 0375 0375 0300 0313 0201 0423 0423 0300 0366 0201 0279 0226 0207 0199 0179 0157 0138 0143 //// 10095 ///// ///// ////
000000000000000000000000000000000000000000000000000000000000000000000000000000000000000000000000000000000000000000000000
200 000 000 000 //// //////////////////////// /// 0000 6///1 0//// 7//// 1//// 2//// 3//// /// /// /// // 911// 915// 919// 934// 939//=
57271 323300 1122300 00879 00897 4
20100502030000 219 035 232 035 227 037 0256 218 048 195 054 0223 0000 0265 0265 0300 0248 0204 071 071 0256 246 0208 10000 10003 0201 10000 0300 0390 0391 0258 0365 0202 0432 0433 0259 0385 0201 0278 0231 0211 0204 0163 0143 0135 0139 //// 10104 ///// ///// ////
000000000000000000000000000000000000000000000000000000000000000000000000000000000000000000000000000000000000000000000000=
57261 330700 1113100 02330 02345 4
20100502030000 124 010 205 008 093 011 0234 121 009 085 020 0222 0000 0284 0284 0300 0256 0201 054 054 0300 209 0182 09820 09824 0201 09820 0300 0421 0433 0248 0357 0201 0482 0482 0300 0401 0201 0282 0239 0219 0211 0195 0167 0148 //// //// 10087 ///// ///// ////
000000000000000000000000000000000000000000000000000000000000000000000000000000000000000000000000000000000000000000000000=
57285 322300 1132500 01530 01492 4
20100502030000 204 023 186 025 202 038 0204 108 016 156 060 0237 0000 0293 0293 0300 0277 0205 052 051 0229 212 0184 09927 09930 0208 09926 0237 0354 0354 0300 0302 0201 0448 0449 0258 0387 0201 0297 0245 0219 0207 0158 0141 0130 0135 //// 10097 ///// ///// ////
000000000000000000000000000000000000000000000000000000000000000000000000000000000000000000000000000000000000000000000000
120 000 000 000 //// //////////////////////// /// 0000 6///1 0//// 7//// 1//// 2//// 3//// /// /// /// // 911// 915// 919// 934// 939//=
57273 324100 1125100 01095 01105 4
20100502030000 218 044 236 047 213 052 0243 234 039 226 089 0211 0000 0268 0268 0300 0255 0201 062 061 0256 218 0189 09969 09973 0201 09968 0238 0360 0360 0300 0332 0203 0449 0449 0300 0395 0201 0268 0231 0212 0205 0171 0151 0135 0138 //// 10096 ///// ///// ////
000000000000000000000000000000000000000000000000000000000000000000000000000000000000000000000000000000000000000000000000=
57187 330400 1125600 01180 01193 4
20100502030000 207 049 213 051 228 064 0216 232 051 223 090 0220 0000 0263 0263 0300 0246 0202 069 068 0248 236 0202 09947 09951 0201 09946 0245 0359 0362 0259 0329 0215 0429 0429 0300 0372 0201 0270 0216 0205 0199 0183 0156 0138 0137 //// 10085 ///// ///// ////
000000000000000000000000000000000000000000000000000000000000000000000000000000000000000000000000000000000000000000000000=
57178 330200 1123500 01292 01305 4
20100502030000 186 036 202 036 221 038 0243 197 039 214 062 0222 0000 0263 0263 0300 0246 0201 065 064 0251 222 0192 09944 09950 0206 09944 0300 0394 0394 0300 0361 0201 0484 0484 0300 0421 0201 0263 0226 0206 0196 0167 0146 0133 0134 0000 10094 ///// ///// ////
000000000000000000000000000000000000000000000000000000000000000000000000000000000000000000000000000000000000000000000000
110 000 000 000 //// //////////////////////// /// 0000 6///1 0//// 7//// 1//// 2//// 3//// /// /// /// // 911// 915// 919// 934// 939//=
57169 330300 1115200 01591 01600 4
20100502030000 133 015 133 013 151 014 0243 119 013 128 029 0258 0000 0277 0279 0257 0259 0201 068 066 0238 253 0213 09913 09918 0201 09913 0254 0279 0279 0300 0241 0201 0474 0477 0256 0424 0201 0284 0229 0208 0198 0179 0151 0133 0135 //// 10098 ///// ///// ////
000000000000000000000000000000000000000000000000000000000000000000000000000000000000000000000000000000000000000000000000=
57176 332900 1122500 02311 02304 4
20100502030000 298 003 087 011 182 020 0216 336 001 192 033 0207 0000 0260 0261 0256 0240 0218 058 058 0300 195 0171 09826 09831 0210 09826 0259 0390 0390 0300 0357 0237 0450 0450 0300 0386 0201 0282 0235 0213 0202 0183 0160 0139 0137 //// 10090 ///// ///// ////
000000000000000000000000000000000000000000000000000000000000000000000000000000000000000000000000000000000000000000000000=
57179 331700 1130000 01604 01616 4
20100502030000 209 043 209 050 216 058 0204 206 063 198 083 0227 0000 0262 0262 0300 0244 0201 072 071 0253 245 0208 09904 09909 0213 09904 0257 0403 0406 0252 0358 0206 0431 0431 0300 0371 0201 0259 0219 0202 0196 0171 0146 0129 0134 //// 10091 ///// ///// ////
000000000000000000000000000000000000000000000000000000000000000000000000000000000000000000000000000000000000000000000000=
57274 324200 1120700 01076 01088 4
20100502030000 219 025 208 025 223 029 0246 226 014 226 050 0258 0000 0268 0268 0258 0248 0204 062 062 0259 218 0189 09973 09978 0208 09973 0300 0409 0415 0254 0383 0202 0449 0450 0255 0389 0201 0286 0238 0217 0207 0201 0178 0148 0145 //// 10099 ///// ///// ////
000000000000000000000000000000000000000000000000000000000000000000000000000000000000000000000000000000000000000000000000=
57065 343000 1121100 01949 01964 4
20100502030000 337 005 037 008 279 019 0203 333 004 296 029 0205 0000 0284 0284 0300 0247 0201 038 038 0254 147 0127 09845 09852 0201 09845 0300 0276 0276 0300 0236 0201 0510 0510 0300 0420 0201 0285 0228 0205 0197 0164 0144 0133 0138 //// 10069 ///// ///// ////
000000000000000000000000000000000000000000000000000000000000000000000000000000000000000000000000000000000000000000000000=
57074 342500 1122500 01973 01989 4
20100502030000 142 010 157 009 200 019 0202 116 006 198 036 0202 0000 0285 0286 0255 0262 0201 050 048 0239 195 0171 09845 09850 0201 09845 0259 0393 0393 0300 0347 0201 0488 0488 0300 0413 0201 0276 0223 0200 0192 0160 0142 0128 0130 //// 10071 ///// ///// ////
000000000000000000000000000000000000000000000000000000000000000000000000000000000000000000000000000000000000000000000000=
57076 344400 1124700 01895 01901 4
20100502030000 230 032 242 038 248 043 0258 238 038 234 067 0243 0000 0273 0273 0300 0241 0201 048 046 0256 174 0153 09847 09853 0201 09847 0300 0357 0357 0300 0306 0201 0450 0450 0300 0387 0201 0262 0210 0183 0176 0155 0135 0121 0125 //// 10063 ///// ///// ////
000000000000000000000000000000000000000000000000000000000000000000000000000000000000000000000000000000000000000000000000=
57070 344400 1120700 03640 03595 4
20100502030000 262 034 256 027 248 045 0239 279 035 257 072 0234 0000 0299 0299 0300 0271 0201 035 035 0256 148 0128 09659 09663 0201 09659 0300 0406 0411 0258 0351 0202 0495 0495 0300 0418 0201 0251 0197 0180 0175 0167 0139 0122 0125 //// 10063 ///// ///// ////
000000000000000000000000000000000000000000000000000000000000000000000000000000000000000000000000000000000000000000000000=
57162 340900 1120500 03258 03275 4
20100502030000 097 007 056 009 118 015 0211 097 006 127 024 0207 0000 0261 0261 0300 0254 0229 047 045 0225 159 0139 09695 09700 0201 09695 0300 0330 0330 0300 0289 0201 0526 0526 0300 0454 0201 0282 0223 0204 0197 0159 0142 0128 0135 //// 10067 ///// ///// ////
000000000000000000000000000000000000000000000000000000000000000000000000000000000000000000000000000000000000000000000000=
57078 340900 1122800 03365 03340 4
20100502030000 080 012 073 013 066 013 0257 099 013 102 025 0255 0000 0279 0279 0300 0253 0201 049 039 0233 184 0162 09692 09696 0201 09692 0258 0553 0553 0300 0465 0201 0492 0492 0300 0420 0201 0289 0224 0195 0185 0147 0133 0123 0124 //// 10070 ///// ///// ////
000000000000000000000000000000000000000000000000000000000000000000000000000000000000000000000000000000000000000000000000=
57071 344900 1122600 03333 03332 4
20100502030000 166 027 153 026 150 032 0252 161 025 158 050 0244 0000 0279 0279 0300 0251 0201 040 039 0257 150 0131 09691 09695 0205 09690 0259 0411 0411 0300 0369 0202 0469 0469 0300 0402 0201 0261 0209 0188 0181 0172 0140 0121 0123 //// 10067 ///// ///// ////
000000000000000000000000000000000000000000000000000000000000000000000000000000000000000000000000000000000000000000000000
150 000 000 000 //// //////////////////////// /// 0000 6///1 0//// 7//// 1//// 2//// 3//// /// /// /// // 911// 915// 919// 934// 939//=
57066 342300 1114000 03283 03298 4
20100502030000 256 017 290 015 263 017 0220 139 009 240 044 0257 0000 0297 0297 0300 0262 0201 034 034 0256 142 0122 09692 09698 0203 09692 0256 0285 0362 0216 0285 0259 0394 0394 0300 0277 0201 0204 0175 0168 0165 0152 0135 0120 0120 //// 10065 ///// ///// ////
000000000000000000000000000000000000000000000000000000000000000000000000000000000000000000000000000000000000000000000000=
57077 334700 1113900 07424 07388 4
20100502030000 355 014 012 011 294 019 0249 308 015 282 037 0245 0000 0301 0301 0300 0267 0201 027 025 0250 115 0091 09259 09264 0206 09259 0259 0447 0450 0256 0399 0201 0527 0527 0300 0447 0201 0271 0208 0180 0171 0156 0128 0113 0117 //// 10075 ///// ///// ////
000000000000000000000000000000000000000000000000000000000000000000000000000000000000000000000000000000000000000000000000
280 000 000 000 //// //////////////////////// /// 0000 6///1 0//// 7//// 1//// 2//// 3//// /// /// /// // 911// 915// 919// 934// 939//=
57183 334800 1135500 00600 00615 4
20100502030000 222 038 219 037 220 037 0257 237 020 218 059 0255 0000 0271 0271 0300 0250 0201 069 068 0256 247 0209 10007 10010 0204 10007 0259 0368 0373 0255 0340 0201 0465 0465 0300 0406 0201 0253 0212 0194 0186 0176 0147 0127 0125 //// 10078 ///// ///// ////
000000000000000000000000000000000000000000000000000000000000000000000000000000000000000000000000000000000000000000000000=
57186 333600 1140300 00587 00598 4
20100502030000 203 038 200 037 201 038 0213 204 029 201 057 0255 0000 0284 0284 0300 0265 0201 060 060 0300 232 0199 10010 10014 0202 10010 0300 0418 0418 0247 0367 0201 0517 0518 0259 0455 0201 0281 0224 0199 0192 0176 0151 0133 0137 //// 10079 ///// ///// ////
000000000000000000000000000000000000000000000000000000000000000000000000000000000000000000000000000000000000000000000000=
57094 342400 1141300 00674 00685 4
20100502030000 196 028 203 028 211 034 0203 200 030 237 067 0207 0000 0267 0267 0300 0249 0201 069 067 0253 242 0205 09991 09995 0201 09991 0300 0377 0379 0259 0317 0201 0429 0430 0259 0365 0201 0278 0229 0204 0190 0174 0153 0129 0130 //// 10070 ///// ///// ////
000000000000000000000000000000000000000000000000000000000000000000000000000000000000000000000000000000000000000000000000=
57191 342900 1142900 00634 00642 4
20100502030000 230 011 247 013 259 019 0234 218 011 254 042 0233 0000 0285 0285 0300 0268 0201 057 057 0300 222 0192 09999 10003 0201 09999 0300 0387 0387 0300 0356 0221 0466 0466 0300 0392 0201 0288 0235 0208 0194 0166 0141 0124 0127 //// 10073 ///// ///// ////
000000000000000000000000000000000000000000000000000000000000000000000000000000000000000000000000000000000000000000000000=
57096 343200 1144700 00597 00607 4
20100502030000 225 031 221 032 211 037 0233 243 016 243 083 0235 0000 0282 0282 0300 0266 0201 057 056 0233 218 0189 10001 10005 0201 10001 0300 0348 0349 0240 0329 0201 0448 0448 0300 0393 0201 0278 0221 0190 0181 0159 0138 0125 0130 //// 10071 ///// ///// ////
000000000000000000000000000000000000000000000000000000000000000000000000000000000000000000000000000000000000000000000000=
57093 345100 1144900 00733 00740 4
20100502030000 224 048 223 048 216 057 0211 217 054 226 091 0207 0000 0275 0275 0300 0260 0201 058 057 0258 213 0185 09984 09988 0202 09984 0300 0354 0356 0254 0321 0207 0442 0444 0257 0386 0201 0270 0214 0190 0178 0165 0138 0123 0125 //// 10069 ///// ///// ////
000000000000000000000000000000000000000000000000000000000000000000000000000000000000000000000000000000000000000000000000=
57091 344700 1141800 00737 00748 4
20100502030000 220 048 223 048 224 062 0215 217 054 209 078 0211 0000 0271 0271 0300 0252 0201 055 055 0300 197 0173 09978 09983 0201 09977 0255 0369 0369 0300 0327 0204 0431 0431 0300 0378 0201 0269 0216 0193 0174 0164 0141 0124 0120 //// 10064 ///// ///// ////
000000000000000000000000000000000000000000000000000000000000000000000000000000000000000000000000000000000000000000000000
100 003 000 000 //// //////////////////CIECII 002 0000 6///1 0//// 7//// 1//// 2//// 3//// /// /// /// // 911// 915// 919// 934// 939//=
53978 350500 1123800 01401 01409 4
20100502030000 169 016 159 016 122 018 0251 150 011 128 029 0251 0000 0275 0276 0244 0260 0201 044 044 0300 162 0142 09900 09905 0201 09899 0259 0357 0357 0259 0339 0201 0442 0442 0300 0382 0201 0264 0213 0187 0180 0139 0129 0124 0130 //// 10062 ///// ///// ////
000000000000000000000000000000000000000000000000000000000000000000000000000000000000000000000000000000000000000000000000=
53987 350600 1132500 00910 00918 4
20100502030000 225 026 229 030 237 040 0237 218 033 254 078 0237 0000 0272 0272 0300 0256 0201 050 047 0227 180 0159 09957 09961 0205 09957 0255 0398 0402 0257 0350 0205 0374 0374 0300 0324 0201 0267 0218 0195 0185 0167 0147 0133 0132 //// 10063 ///// ///// ////
000000000000000000000000000000000000000000000000000000000000000000000000000000000000000000000000000000000000000000000000=
57079 345700 1130200 01064 01069 4
20100502030000 273 043 270 042 269 048 0208 272 055 277 066 0239 0000 0275 0275 0300 0248 0201 050 049 0248 184 0162 09937 09941 0201 09937 0300 0373 0373 0300 0327 0201 0459 0459 0300 0389 0201 0233 0198 0183 0177 0173 0147 0128 0126 //// 10060 ///// ///// ////
000000000000000000000000000000000000000000000000000000000000000000000000000000000000000000000000000000000000000000000000=
57072 345500 1124500 01275 01285 4
20100502030000 219 038 217 034 222 036 0225 256 036 228 051 0223 0000 0271 0271 0300 0253 0201 048 047 0238 172 0152 09915 09921 0201 09915 0300 0368 0373 0258 0336 0201 0472 0473 0258 0406 0201 0254 0201 0180 0173 0142 0129 0117 0119 //// 10064 ///// ///// ////
000000000000000000000000000000000000000000000000000000000000000000000000000000000000000000000000000000000000000000000000=
53982 351400 1131600 01120 01135 4
20100502030000 263 039 246 031 241 040 0231 279 039 218 066 0220 0000 0289 0289 0300 0274 0201 036 034 0215 143 0123 09924 09928 0201 09924 0300 0393 0393 0300 0339 0201 0486 0486 0300 0422 0201 0266 0220 0197 0190 0167 0145 0131 0135 //// 10054 ///// ///// ////
000000000000000000000000000000000000000000000000000000000000000000000000000000000000000000000000000000000000000000000000=
53979 350900 1130500 01200 01211 4
20100502030000 243 043 242 040 236 041 0243 228 046 235 058 0251 0000 0272 0272 0300 0254 0201 046 045 0219 166 0146 09924 09929 0201 09923 0258 0365 0368 0259 0333 0203 0490 0493 0259 0423 0201 0274 0219 0198 0190 0152 0140 0128 0133 //// 10063 ///// ///// ////
000000000000000000000000000000000000000000000000000000000000000000000000000000000000000000000000000000000000000000000000=
53992 353900 1143100 00582 00592 4
20100502030000 209 061 210 059 214 069 0205 193 064 197 097 0256 0000 0266 0266 0300 0250 0201 054 053 0257 188 0165 09982 09984 0201 09981 0235 0324 0329 0255 0299 0202 0407 0409 0255 0361 0202 0256 0212 0192 0181 0148 0129 0116 0122 //// 10050 ///// ///// ////
000000000000000000000000000000000000000000000000000000000000000000000000000000000000000000000000000000000000000000000000=
53974 353700 1141100 00723 00739 4
20100502030000 210 059 210 052 216 053 0219 218 074 218 102 0206 0000 0282 0282 0300 0263 0201 043 043 0300 164 0144 09966 09970 0204 09966 0256 0344 0344 0300 0307 0201 0445 0447 0256 0397 0201 0279 0228 0205 0195 0164 0139 0124 0129 //// 10051 ///// ///// ////
000000000000000000000000000000000000000000000000000000000000000000000000000000000000000000000000000000000000000000000000=
53990 354300 1141900 00795 00805 4
20100502030000 192 078 193 079 195 085 0201 191 080 212 114 0238 0000 0268 0268 0300 0247 0201 058 055 0257 204 0178 09953 09957 0201 09953 0300 0352 0352 0300 0310 0201 0462 0462 0300 0386 0201 0268 0223 0199 0193 0178 0142 0118 0116 //// 10046 ///// ///// ////
000000000000000000000000000000000000000000000000000000000000000000000000000000000000000000000000000000000000000000000000=
53991 355600 1142100 00743 00753 4
20100502030000 150 024 183 024 190 028 0216 187 014 215 057 0243 0000 0281 0281 0300 0269 0201 048 046 0227 182 0161 09957 09960 0203 09957 0300 0378 0396 0257 0362 0204 0474 0478 0258 0419 0201 0275 0219 0189 0183 0159 0136 0120 0123 //// 10044 ///// ///// ////
000000000000000000000000000000000000000000000000000000000000000000000000000000000000000000000000000000000000000000000000=
53889 360400 1134900 03068 03086 4
20100502030000 104 020 110 020 109 029 0222 088 025 094 038 0237 0000 0343 0343 0300 0313 0201 017 016 0252 092 0058 09686 09692 0201 09686 0300 0446 0456 0249 0402 0204 0534 0534 0300 0460 0201 0336 0276 0238 0213 0145 0124 0121 0107 //// 10030 ///// ///// ////
000000000000000000000000000000000000000000000000000000000000000000000000000000000000000000000000000000000000000000000000=
53995 353300 1143000 00625 00645 4
20100502030000 199 041 198 051 207 062 0239 184 040 203 096 0235 0000 0269 0269 0300 0254 0201 057 055 0256 202 0177 09980 09981 0202 09979 0257 0350 0351 0245 0326 0205 0441 0441 0300 0386 0201 0288 0238 0206 0192 0169 0143 0123 0123 //// 10054 ///// ///// ////
000000000000000000000000000000000000000000000000000000000000000000000000000000000000000000000000000000000000000000000000=
53898 360300 1142400 00629 00638 4
20100502030000 173 035 173 033 176 039 0249 173 043 175 072 0246 0000 0291 0291 0300 0270 0201 048 048 0300 193 0170 09967 09970 0213 09967 0250 0509 0512 0232 0474 0208 0495 0495 0259 0437 0201 0254 0209 0187 0177 0139 0121 0112 0119 //// 10040 ///// ///// ////
000000000000000000000000000000000000000000000000000000000000000000000000000000000000000000000000000000000000000000000000
200 000 000 000 //// //////////////////////// /// 0000 6///1 0//// 7//// 1//// 2//// 3//// /// /// /// // 911// 915// 919// 934// 939//=
NNNN
