57090 344300 1135800 00781 00802 4
20100323090000 052 041 059 039 051 043 0829 029 041 066 068 0825 0000 0133 0136 0825 0133 0900 024 021 0843 037 -068 10090 10091 0816 10086 0834 0153 0206 0810 0151 0854 0168 0211 0810 0168 0900 0150 0129 0114 0106 0097 0092 0084 0119 //// 10188 ///// ///// ////
000000000000000000000000000000000000000000000000000000000000000000000000000000000000000000000000000000000000000000000000=
57083 344300 1133900 01104 01116 4
20100323090000 065 027 065 033 061 042 0817 068 021 064 063 0834 0000 0130 0136 0829 0130 0900 023 022 0801 034 -076 10053 10053 0900 10047 0830 0171 0242 0822 0171 0900 0166 0205 0822 0166 0900 0147 0131 0117 0108 0096 0097 0102 0126 0000 10188 ///// ///// ////
000000000000000000000000000000000000000000000000000000000000000000000000000000000000000000000000000000000000000000000000
150 10- 000 10- 3200 /////////////////////ACR 03/ 0000 6///1 0//// 7//// 1//// 2//// 3//// /// /// /// // 911// 915// 919// 934// 939//=
57086 342300 1134300 01166 01168 4
20100323090000 068 027 061 039 065 047 0841 068 027 063 067 0836 0000 0119 0120 0820 0116 0801 035 030 0830 049 -031 10046 10051 0805 10043 0838 0138 0148 0818 0136 0838 0169 0176 0818 0163 0801 0139 0123 0110 0103 0098 0094 0092 0116 //// 10188 ///// ///// ////
000000000000000000000000000000000000000000000000000000000000000000000000000000000000000000000000000000000000000000000000=
57085 343200 1132000 02599 02648 4
20100323090000 062 033 076 031 105 042 0815 091 033 091 070 0823 0000 0120 0124 0822 0120 0810 020 020 0900 028 -103 09870 09870 0859 09864 0819 0137 0170 0819 0137 0900 0165 0210 0819 0165 0900 0151 0128 0114 0104 0101 0098 0092 0121 //// 10190 ///// ///// ////
000000000000000000000000000000000000000000000000000000000000000000000000000000000000000000000000000000000000000000000000=
57081 344800 1132600 01409 01419 4
20100323090000 076 018 062 019 044 028 0839 057 026 066 075 0815 0000 0125 0135 0813 0125 0900 025 021 0841 036 -070 10019 10019 0900 10012 0815 0137 0202 0805 0136 0851 0154 0219 0805 0154 0900 0148 0134 0121 0106 0089 0092 0095 0117 //// 10191 ///// ///// ////
000000000000000000000000000000000000000000000000000000000000000000000000000000000000000000000000000000000000000000000000=
57084 343000 1130300 11784 11790 4
20100323090000 063 049 072 052 079 061 0852 070 048 071 085 0839 0000 0041 0063 0804 0041 0900 037 033 0829 030 -093 08823 08824 0844 08819 0810 0053 0135 0801 0053 0900 0079 0136 0801 0079 0900 0097 0087 0073 0064 0059 //// //// //// //// 10199 ///// ///// ////
000000000000000000000000000000000000000000000000000000000000000000000000000000000000000000000000000000000000000000000000=
57080 344400 1125800 01652 01661 4
20100323090000 114 016 098 021 079 032 0801 150 017 071 065 0806 0000 0130 0135 0813 0129 0857 019 016 0820 028 -101 09988 09988 0859 09981 0803 0142 0199 0820 0141 0859 0162 0226 0801 0162 0900 0158 0137 0115 0104 0091 0087 0087 0119 //// 10189 ///// ///// ////
000000000000000000000000000000000000000000000000000000000000000000000000000000000000000000000000000000000000000000000000=
57082 342800 1130100 04271 04284 4
20100323090000 078 030 089 031 081 041 0838 068 029 088 067 0830 0000 0103 0108 0805 0103 0856 021 020 0842 026 -111 09676 09678 0846 09672 0807 0119 0175 0801 0117 0856 0121 0167 0801 0121 0900 0124 0117 0108 0103 0098 0099 0099 //// //// 10191 ///// ///// ////
000000000000000000000000000000000000000000000000000000000000000000000000000000000000000000000000000000000000000000000000=
57295 323700 1142100 00785 00802 4
20100323090000 072 016 083 015 088 023 0817 066 018 113 049 0813 0000 0074 0078 0813 0074 0900 076 075 0801 078 0035 10101 10102 0836 10089 0816 0076 0100 0810 0076 0900 0090 0108 0801 0090 0900 0109 0104 0101 0102 0104 0103 0101 0128 //// 10200 ///// ///// ////
000000000000000000000000000000000000000000000000000000000000000000000000000000000000000000000000000000000000000000000000=
57189 330800 1135700 00646 00655 4
20100323090000 080 004 043 010 038 014 0842 111 001 043 022 0856 0000 0086 0086 0855 0083 0808 079 079 0852 088 0052 10113 10119 0804 10113 0900 0108 0114 0847 0091 0805 0117 0120 0853 0103 0805 0111 0107 0105 0105 0099 0097 0097 0122 //// 10194 ///// ///// ////
000000000000000000000000000000000000000000000000000000000000000000000000000000000000000000000000000000000000000000000000=
57194 331700 1141600 00598 00609 4
20100323090000 032 006 018 006 327 014 0806 040 001 327 024 0806 0000 0088 0088 0900 0085 0814 078 078 0900 088 0052 10117 10123 0829 10117 0900 0105 0105 0900 0094 0812 0112 0113 0803 0108 0833 0108 0105 0103 0102 0097 0091 0097 0126 //// 10192 ///// ///// ////
000000000000000000000000000000000000000000000000000000000000000000000000000000000000000000000000000000000000000000000000=
57197 330000 1142000 00489 00545 4
20100323090000 032 014 031 012 092 020 0801 040 013 353 026 0813 0000 0087 0087 0900 0084 0801 081 080 0841 091 0056 10126 10133 0817 10126 0801 0110 0110 0900 0089 0821 0107 0108 0812 0101 0831 0106 0105 0101 0097 0104 0102 0099 0125 //// 10193 ///// ///// ////
000000000000000000000000000000000000000000000000000000000000000000000000000000000000000000000000000000000000000000000000=
57294 325000 1140100 00836 00846 4
20100323090000 085 021 084 022 078 023 0857 080 019 077 035 0821 0000 0080 0080 0847 0079 0828 085 082 0804 091 0056 10089 10093 0816 10087 0844 0088 0092 0842 0082 0811 0099 0104 0801 0097 0821 0101 0102 0101 0101 0104 0108 0101 0118 //// 10193 ///// ///// ////
000000000000000000000000000000000000000000000000000000000000000000000000000000000000000000000000000000000000000000000000=
57292 325800 1143800 00444 00453 4
20100323090000 000 000 000 000 356 025 0834 046 000 344 041 0831 0000 0082 0083 0804 0081 0843 081 080 0812 088 0051 10142 10147 0837 10137 0801 0089 0105 0801 0083 0839 0096 0113 0801 0096 0839 0104 0104 0102 0105 0105 0105 0103 0133 //// 10198 ///// ///// ////
000000000000000000000000000000000000000000000000000000000000000000000000000000000000000000000000000000000000000000000000=
57195 333700 1143700 00466 00476 4
20100323090000 254 012 264 012 271 020 0809 260 010 237 035 0808 0000 0101 0102 0836 0099 0806 072 071 0804 089 0053 10137 10139 0803 10136 0819 0119 0134 0801 0118 0859 0129 0144 0801 0129 0900 0126 0117 0110 0107 0103 0098 0101 0142 //// 10196 ///// ///// ////
000000000000000000000000000000000000000000000000000000000000000000000000000000000000000000000000000000000000000000000000=
57193 334700 1143100 00526 00541 4
20100323090000 PPC 002 285 004 289 021 0801 PPC 002 285 031 0830 0000 0105 0106 0845 0102 0801 071 071 0858 090 0055 10124 10135 0842 10124 0858 0132 0135 0841 0124 0851 0134 0138 0801 0133 0853 0127 0119 0114 0109 0105 0100 0103 0131 //// 10190 ///// ///// ////
000000000000000000000000000000000000000000000000000000000000000000000000000000000000000000000000000000000000000000000000
120 010 000 010 4200 /////////////////////ACP 07/ 0000 6///1 0//// 7//// 1//// 2//// 3//// /// /// /// // 911// 915// 919// 934// 939//=
57099 340400 1145100 00526 00536 4
20100323090000 231 009 245 010 276 014 0801 228 009 307 018 0808 0000 0112 0112 0900 0111 0801 065 063 0843 086 0049 10126 10129 0827 10126 0900 0117 0131 0801 0115 0857 0129 0145 0801 0128 0857 0125 0116 0105 0100 0100 0093 0097 0131 //// 10192 ///// ///// ////
000000000000000000000000000000000000000000000000000000000000000000000000000000000000000000000000000000000000000000000000=
58101 335200 1152900 00413 00428 4
20100323090000 247 008 281 010 285 018 0840 209 009 285 027 0832 0000 0100 0101 0808 0098 0824 078 077 0817 096 0063 10142 10145 0836 10137 0802 0115 0144 0807 0115 0900 0122 0140 0807 0122 0900 0121 0107 0101 0099 0100 0097 0098 0131 //// 10194 ///// ///// ////
000000000000000000000000000000000000000000000000000000000000000000000000000000000000000000000000000000000000000000000000=
57192 334400 1145100 00455 00466 4
20100323090000 295 018 295 016 297 021 0809 287 017 290 038 0801 0000 0105 0107 0801 0105 0900 071 070 0806 090 0055 10140 10140 0900 10137 0822 0133 0161 0801 0129 0849 0131 0155 0801 0130 0849 0126 0117 0111 0108 0109 0105 0106 0141 //// 10197 ///// ///// ////
000000000000000000000000000000000000000000000000000000000000000000000000000000000000000000000000000000000000000000000000=
57098 340500 1142400 00583 00593 4
20100323090000 054 020 056 021 060 024 0851 048 027 057 032 0848 0000 0117 0121 0816 0116 0843 051 049 0819 070 0019 10112 10121 0812 10112 0900 0140 0154 0816 0134 0851 0132 0146 0801 0130 0852 0130 0122 0111 0106 0100 0095 0096 0129 //// 10184 ///// ///// ////
000000000000000000000000000000000000000000000000000000000000000000000000000000000000000000000000000000000000000000000000=
58100 333900 1151000 00414 00424 4
20100323090000 296 013 303 014 300 017 0834 288 010 282 028 0813 0000 0096 0098 0801 0095 0842 075 072 0801 090 0054 10146 10146 0900 10137 0801 0105 0125 0801 0105 0900 0126 0152 0801 0126 0900 0125 0116 0111 0109 0108 0106 0108 0136 //// 10198 ///// ///// ////
000000000000000000000000000000000000000000000000000000000000000000000000000000000000000000000000000000000000000000000000=
57088 340900 1133000 01161 01177 4
20100323090000 124 017 124 023 102 033 0828 136 015 099 045 0825 0000 0118 0123 0803 0118 0900 047 041 0803 065 0009 10046 10046 0900 10042 0832 0134 0163 0801 0134 0858 0137 0169 0808 0136 0858 0139 0127 0113 0107 0102 0099 0101 0126 //// 10189 ///// ///// ////
000000000000000000000000000000000000000000000000000000000000000000000000000000000000000000000000000000000000000000000000=
57182 335100 1133000 00805 00814 4
20100323090000 060 023 059 022 059 022 0900 054 023 055 032 0857 0000 0116 0118 0834 0113 0801 052 051 0859 071 0021 10090 10093 0801 10087 0844 0126 0152 0819 0126 0859 0142 0171 0821 0142 0900 0139 0123 0115 0110 0109 0104 0106 0139 //// 10190 ///// ///// ////
000000000000000000000000000000000000000000000000000000000000000000000000000000000000000000000000000000000000000000000000=
57297 320800 1140300 01145 01154 4
20100323090000 096 028 080 026 082 054 0817 085 038 083 099 0809 0003 0064 0065 0826 0064 0900 085 081 0829 082 0041 10057 10065 0842 10038 0803 0058 0071 0817 0057 0858 0071 0084 0826 0071 0858 0086 0094 0101 0105 0115 0118 0114 //// //// 10200 ///// ///// ////
000000000000000000000000000000000000000000000000000000000000000000000000000000000000000000000000000001000000010000010000
080 010 010 010 0300 //////////////////FNBSCP 7// 6060 6///1 0//// 7//// 1//// 2//// 3//// /// /// /// // 911// 915// 919// 934// 939//=
57296 322100 1144400 00489 00501 4
20100323090000 086 033 092 034 105 052 0822 117 037 094 082 0819 0000 0066 0070 0813 0066 0900 082 081 0819 080 0038 10132 10132 0900 10118 0808 0068 0080 0809 0065 0850 0082 0111 0809 0081 0852 0097 0101 0103 0108 0115 0111 0109 0131 //// 10194 ///// ///// ////
000000000000000000000000000000000000000000000000000000000000000000000000000000000000000000000000000000000000000000000000=
57390 314800 1140400 07335 07347 4
20100323090000 023 029 017 032 043 064 0801 054 059 043 147 0802 0002 0011 0011 0900 0009 0832 100 100 0900 066 0011 09314 09317 0853 09285 0802 0017 0018 0804 0013 0832 0028 0030 0813 0026 0834 0039 0049 0062 0073 0093 0095 //// //// //// 10198 ///// ///// ////
010000000000000000000000000000010000000000000000000000000000000000000000000000000000000000000000000000000000000000000000=
58207 321000 1150300 00428 00440 4
20100323090000 073 056 072 060 075 070 0839 088 052 071 107 0812 0000 0062 0062 0900 0058 0802 082 081 0859 078 0034 10130 10131 0849 10125 0801 0058 0061 0810 0056 0839 0078 0080 0830 0078 0900 0066 0087 0092 0099 0114 0114 0111 0138 //// 10185 ///// ///// ////
000000000000000000000000000000000000000000000000000000000000000000000000000000000000000000000000000000000000000000000000=
58205 322800 1152600 00349 00360 4
20100323090000 077 042 078 041 095 048 0832 080 038 105 066 0816 0001 0063 0063 0900 0060 0801 085 083 0831 081 0040 10146 10148 0848 10138 0804 0059 0065 0810 0057 0840 0071 0081 0810 0071 0853 0079 0082 0087 0087 0117 0111 0109 0123 //// 10191 ///// ///// ////
000000000000000000000000000000000000000000000000000000000000000000000000000000000000000000000000000001000000000000000000=
58208 321000 1153700 00429 00439 4
20100323090000 077 051 078 043 092 059 0826 095 047 091 097 0823 0000 0059 0060 0836 0056 0801 079 077 0825 073 0025 10134 10134 0900 10128 0812 0057 0061 0829 0055 0806 0071 0074 0821 0070 0852 0079 0089 0095 0104 0113 0113 0111 0140 //// 10188 ///// ///// ////
000000000000000000000000000000000000000000000000000000000000000000000000000000000000000000000000000000000000000000000000
100 010 010 10- 0300 //////////////////FNBNSB 72/ 6166 6///1 0//// 7//// 1//// 2//// 3//// /// /// /// // 911// 915// 919// 934// 939//=
53989 350300 1135700 00766 00777 4
20100323090000 044 036 051 031 060 039 0803 040 034 060 069 0833 0000 0130 0139 0811 0130 0900 029 024 0801 043 -046 10095 10097 0815 10093 0833 0146 0226 0810 0146 0900 0161 0229 0801 0161 0900 0161 0142 0122 0109 0092 0090 0094 0123 //// 10190 ///// ///// ////
000000000000000000000000000000000000000000000000000000000000000000000000000000000000000000000000000000000000000000000000=
53997 350900 1141100 00711 00723 4
20100323090000 056 040 061 036 055 041 0805 048 040 029 065 0803 0000 0132 0139 0801 0132 0900 026 026 0900 039 -059 10102 10106 0826 10100 0845 0141 0222 0801 0141 0900 0173 0242 0801 0173 0900 0164 0142 0119 0107 0092 0092 0096 0124 //// 10190 ///// ///// ////
000000000000000000000000000000000000000000000000000000000000000000000000000000000000000000000000000000000000000000000000=
53986 351900 1135300 00732 00740 4
20100323090000 077 038 078 038 058 049 0806 074 028 063 076 0816 0000 0131 0140 0823 0131 0900 029 024 0801 044 -045 10102 10105 0821 10099 0848 0144 0204 0813 0141 0855 0162 0236 0806 0162 0858 0155 0136 0119 0109 0094 0093 0097 0128 //// 10192 ///// ///// ////
000000000000000000000000000000000000000000000000000000000000000000000000000000000000000000000000000000000000000000000000=
53994 352300 1140400 00700 00712 4
20100323090000 069 030 070 032 072 042 0807 071 029 078 064 0807 0000 0134 0144 0826 0134 0900 026 023 0832 040 -057 10103 10106 0816 10101 0850 0150 0224 0801 0149 0855 0172 0264 0801 0172 0900 0170 0142 0121 0105 0091 0088 0093 0127 //// 10190 ///// ///// ////
000000000000000000000000000000000000000000000000000000000000000000000000000000000000000000000000000000000000000000000000=
53988 351600 1134000 00776 00784 4
20100323090000 094 035 093 037 077 054 0821 102 041 088 077 0820 0000 0132 0143 0801 0132 0900 025 020 0808 038 -064 10092 10093 0810 10088 0820 0139 0203 0801 0139 0900 0178 0259 0801 0178 0900 0178 0150 0125 0110 0091 0091 0098 0126 //// 10187 ///// ///// ////
000000000000000000000000000000000000000000000000000000000000000000000000000000000000000000000000000000000000000000000000=
53985 352700 1134900 00964 00979 4
20100323090000 322 013 328 012 331 013 0845 024 011 071 028 0819 0000 0138 0153 0801 0138 0900 026 021 0801 041 -054 10070 10070 0900 10065 0840 0143 0186 0801 0141 0845 0154 0221 0801 0151 0847 0126 0117 0101 0093 0080 0077 0082 0118 //// 10189 ///// ///// ////
000000000000000000000000000000000000000000000000000000000000000000000000000000000000000000000000000000000000000000000000=
53998 351200 1143900 00616 00625 4
20100323090000 047 023 041 027 050 033 0817 023 014 060 064 0808 0000 0132 0135 0806 0131 0831 027 026 0859 041 -054 10114 10118 0845 10112 0824 0162 0192 0826 0162 0900 0173 0210 0805 0173 0900 0152 0131 0112 0101 0096 0094 0094 0128 //// 10190 ///// ///// ////
000000000000000000000000000000000000000000000000000000000000000000000000000000000000000000000000000000000000000000000000=
57051 344800 1111200 04099 04117 4
20100323090000 100 044 104 041 100 047 0823 094 043 097 088 0822 0000 0109 0117 0801 0109 0859 033 032 0842 043 -047 09689 09689 0858 09679 0810 0114 0136 0801 0114 0855 0132 0168 0801 0132 0900 0136 0128 0118 0108 0090 0086 0085 0114 //// 10182 ///// ///// ////
000000000000000000000000000000000000000000000000000000000000000000000000000000000000000000000000000000000000000000000000
100 010 000 010 3900 /////////////////////ACP 07/ 0000 6///1 0//// 7//// 1//// 2//// 3//// /// /// /// // 911// 915// 919// 934// 939//=
57063 344600 1114600 05236 05236 4
20100323090000 085 044 098 038 103 048 0810 085 038 119 078 0802 0000 0092 0101 0801 0092 0859 032 028 0802 037 -066 09565 09566 0822 09562 0828 0097 0143 0801 0097 0900 0117 0179 0801 0117 0900 0120 0107 0093 0084 0075 0076 0082 0110 //// 10193 ///// ///// ////
000000000000000000000000000000000000000000000000000000000000000000000000000000000000000000000000000000000000000000000000=
57067 340300 1110200 05688 05699 4
20100323090000 286 008 287 006 218 020 0836 268 009 203 029 0811 0000 0076 0076 0829 0074 0807 058 058 0900 061 -001 09500 09504 0803 09495 0824 0108 0123 0828 0108 0804 0118 0129 0832 0118 0900 0114 0103 0090 0095 0092 0098 0093 0122 //// 10188 ///// ///// ////
000000000000000000000000000000000000000000000000000000000000000000000000000000000000000000000000000000000000000000000000
120 10- 000 10- 3700 /////////////////////ACR 03/ 0000 6///1 0//// 7//// 1//// 2//// 3//// /// /// /// // 911// 915// 919// 934// 939//=
57056 343200 1105300 03904 03909 4
20100323090000 121 030 122 030 123 054 0807 122 028 113 089 0811 0000 0112 0116 0801 0112 0858 039 036 0831 052 -022 09707 09708 0838 09696 0811 0120 0137 0801 0120 0858 0142 0167 0801 0142 0900 0139 0128 0113 0104 0090 0089 0091 0118 //// 10176 ///// ///// ////
000000000000000000000000000000000000000000000000000000000000000000000000000000000000000000000000000000000000000000000000=
58007 340400 1151800 00472 00532 4
20100323090000 200 010 198 009 188 010 0828 189 008 237 018 0801 0000 0108 0110 0824 0108 0900 070 067 0805 091 0056 10128 10129 0823 10126 0803 0113 0131 0808 0113 0900 0129 0149 0801 0129 0900 0125 0116 0108 0105 0102 0099 0101 0131 //// 10193 ///// ///// ////
000000000000000000000000000000000000000000000000000000000000000000000000000000000000000000000000000000000000000000000000=
58006 342300 1155300 00463 00506 4
20100323090000 099 033 099 035 086 041 0839 099 040 097 064 0836 0000 0108 0115 0827 0108 0900 048 042 0834 062 0002 10137 10141 0837 10134 0801 0115 0139 0802 0115 0859 0130 0150 0802 0130 0900 0127 0119 0109 0103 0094 0092 0096 0127 //// 10199 ///// ///// ////
000000000000000000000000000000000000000000000000000000000000000000000000000000000000000000000000000000000000000000000000=
58111 335800 1162700 00325 00325 4
20100323090000 042 016 037 015 037 015 0900 046 021 046 026 0853 0000 0094 0094 0830 0092 0801 071 068 0818 084 0044 10160 10161 0851 10150 0802 0101 0114 0802 0097 0847 0105 0114 0804 0104 0850 0104 0102 0098 0097 0097 0097 0103 0138 //// 10200 ///// ///// ////
000000000000000000000000000000000000000000000000000000000000000000000000000000000000000000000000000000000000000000000000
100 010 000 010 3000 /////////////////////ASP 02/ 0000 6///1 0//// 7//// 1//// 2//// 3//// /// /// /// // 911// 915// 919// 934// 939//=
58017 341500 1160800 00410 00420 4
20100323090000 082 038 086 032 088 034 0854 102 046 097 059 0813 0000 0105 0107 0843 0105 0900 057 055 0802 072 0023 10142 10148 0843 10139 0802 0117 0133 0840 0116 0858 0108 0119 0841 0108 0900 0107 0106 0103 0102 0098 0096 0101 0128 //// 10194 ///// ///// ////
000000000000000000000000000000000000000000000000000000000000000000000000000000000000000000000000000000000000000000000000=
58001 342600 1150600 00563 00569 4
20100323090000 081 021 083 022 079 031 0827 083 024 063 048 0829 0000 0117 0123 0801 0116 0839 052 048 0826 071 0022 10120 10123 0842 10118 0821 0124 0144 0802 0123 0834 0124 0148 0802 0123 0858 0119 0111 0103 0096 0089 0086 0092 0126 //// 10190 ///// ///// ////
000000000000000000000000000000000000000000000000000000000000000000000000000000000000000000000000000000000000000000000000=
58005 342700 1154000 00501 00511 4
20100323090000 124 027 120 031 104 043 0837 158 030 113 061 0833 0000 0113 0122 0801 0113 0900 045 039 0802 060 -002 10131 10133 0823 10128 0837 0118 0162 0809 0118 0900 0116 0146 0807 0116 0900 0124 0118 0108 0102 0097 0095 0102 0132 0003 10194 ///// ///// ////
000000000000000000000000000000000000000000000000000000000000000000000000000000000000000000000000000000000000000000000000
140 010 000 010 2900 /////////////////////ASR 01/ 0000 6///1 0//// 7//// 1//// 2//// 3//// /// /// /// // 911// 915// 919// 934// 939//=
58008 342800 1152000 00544 00592 4
20100323090000 079 021 073 024 089 037 0835 054 013 099 055 0828 0000 0115 0122 0816 0113 0852 047 045 0857 064 0006 10118 10120 0812 10115 0829 0141 0191 0804 0119 0848 0125 0156 0804 0117 0848 0118 0111 0103 0096 0093 0092 0096 0129 //// 10190 ///// ///// ////
000000000000000000000000000000000000000000000000000000000000000000000000000000000000000000000000000000000000000000000000=
58004 343900 1150900 00606 00616 4
20100323090000 095 020 090 021 086 030 0816 094 014 074 053 0807 0000 0122 0127 0801 0122 0839 045 043 0809 064 0006 10113 10116 0801 10112 0810 0135 0154 0802 0133 0858 0139 0160 0801 0139 0859 0132 0126 0112 0106 0100 0097 0100 0127 //// 10188 ///// ///// ////
000000000000000000000000000000000000000000000000000000000000000000000000000000000000000000000000000000000000000000000000=
54817 355900 1155200 00421 00434 4
20100323090000 122 019 131 016 131 016 0900 119 016 049 029 0806 0000 0130 0137 0830 0130 0900 030 029 0830 045 -042 10143 10144 0851 10139 0820 0147 0189 0805 0145 0851 0149 0188 0806 0149 0900 0145 0125 0106 0089 0078 0075 0086 0116 //// 10196 ///// ///// ////
000000000000000000000000000000000000000000000000000000000000000000000000000000000000000000000000000000000000000000000000=
54902 355400 1150700 00495 00499 4
20100323090000 055 013 052 022 053 032 0837 049 014 052 050 0812 0000 0133 0139 0810 0133 0859 028 027 0820 043 -048 10133 10134 0853 10128 0806 0161 0193 0801 0157 0821 0177 0229 0801 0177 0900 0164 0140 0115 0096 0078 0071 0078 0111 //// 10194 ///// ///// ////
000000000000000000000000000000000000000000000000000000000000000000000000000000000000000000000000000000000000000000000000=
54900 354200 1150100 00537 00541 4
20100323090000 054 008 052 014 042 026 0801 040 010 040 048 0831 0000 0134 0137 0806 0133 0833 031 029 0844 048 -034 10129 10129 0859 10124 0805 0203 0249 0801 0185 0831 0180 0223 0801 0180 0900 0164 0138 0113 0097 0085 0079 0082 0110 //// 10195 ///// ///// ////
000000000000000000000000000000000000000000000000000000000000000000000000000000000000000000000000000000000000000000000000=
54901 360500 1151000 00475 00478 4
20100323090000 103 032 069 024 069 041 0801 111 036 066 067 0820 0000 0133 0138 0801 0132 0853 020 017 0845 031 -092 10137 10137 0826 10133 0810 0162 0191 0804 0161 0847 0167 0224 0801 0167 0900 0157 0133 0110 0094 0081 0077 0075 0105 //// 10196 ///// ///// ////
000000000000000000000000000000000000000000000000000000000000000000000000000000000000000000000000000000000000000000000000=
54903 355100 1152900 00457 00506 4
20100323090000 033 013 013 015 066 018 0808 007 018 080 030 0808 0000 0134 0138 0832 0134 0859 029 026 0811 045 -043 10133 10134 0857 10128 0811 0167 0185 0805 0154 0838 0169 0201 0805 0169 0841 0148 0127 0106 0093 0079 0077 0089 0114 //// 10195 ///// ///// ////
000000000000000000000000000000000000000000000000000000000000000000000000000000000000000000000000000000000000000000000000=
57184 333800 1132200 00834 00847 4
20100323090000 096 006 086 009 095 013 0848 088 000 074 021 0840 0000 0112 0113 0839 0109 0801 072 069 0809 096 0063 10085 10088 0801 10082 0827 0122 0142 0835 0122 0859 0149 0171 0811 0149 0900 0144 0127 0117 0113 0101 0101 0102 0129 //// 10189 ///// ///// ////
000000000000000000000000000000000000000000000000000000000000000000000000000000000000000000000000000000000000000000000000=
57177 332000 1133200 00898 00913 4
20100323090000 107 015 089 016 088 021 0851 113 014 091 029 0851 0000 0097 0097 0900 0094 0801 073 069 0802 088 0051 10081 10085 0801 10077 0841 0147 0164 0857 0126 0843 0149 0154 0856 0138 0843 0112 0115 0099 0107 0107 0104 0103 0121 //// 10193 ///// ///// ////
000000000000000000000000000000000000000000000000000000000000000000000000000000000000000000000000000000000000000000000000=
57075 341000 1125200 02031 02043 4
20100323090000 244 020 245 019 243 022 0843 251 025 226 028 0830 0000 0108 0115 0808 0108 0900 056 044 0818 072 0024 09945 09945 0900 09939 0805 0122 0149 0806 0121 0848 0137 0165 0805 0137 0900 0137 0125 0115 0106 0104 0102 0094 0117 //// 10194 ///// ///// ////
000000000000000000000000000000000000000000000000000000000000000000000000000000000000000000000000000000000000000000000000=
57173 334500 1125300 01457 01468 4
20100323090000 048 019 047 024 034 038 0810 046 020 029 050 0801 0000 0110 0118 0801 0110 0900 057 051 0853 075 0028 10012 10012 0900 10008 0801 0122 0155 0801 0121 0856 0130 0172 0801 0130 0900 0136 0126 0116 0108 0104 0102 0103 0133 //// 10192 ///// ///// ////
000000000000000000000000000000000000000000000000000000000000000000000000000000000000000000000000000000000000000000000000=
57180 335900 1131200 01175 01186 4
20100323090000 094 022 092 023 067 032 0809 102 020 065 045 0807 0000 0113 0115 0834 0112 0811 049 046 0845 066 0010 10045 10045 0900 10041 0818 0129 0155 0831 0129 0900 0129 0144 0834 0129 0900 0131 0124 0114 0107 0100 0098 0100 0131 //// 10190 ///// ///// ////
000000000000000000000000000000000000000000000000000000000000000000000000000000000000000000000000000000000000000000000000=
57181 335300 1130300 01364 01380 4
20100323090000 069 023 060 024 050 035 0816 060 020 046 050 0807 0000 0110 0112 0801 0110 0900 053 053 0900 070 0018 10027 10027 0859 10022 0830 0120 0139 0819 0120 0900 0138 0157 0801 0138 0900 0140 0133 0118 0111 0102 0100 0100 0129 //// 10196 ///// ///// ////
000000000000000000000000000000000000000000000000000000000000000000000000000000000000000000000000000000000000000000000000
110 10- 000 10- 3600 /////////////////////ACR 03/ 0000 6///1 0//// 7//// 1//// 2//// 3//// /// /// /// // 911// 915// 919// 934// 939//=
57171 334600 1130700 01420 01430 4
20100323090000 025 023 022 027 027 035 0826 026 024 020 049 0825 0000 0112 0116 0816 0112 0900 056 055 0858 074 0028 10013 10014 0847 10009 0834 0118 0154 0807 0118 0900 0130 0188 0813 0130 0900 0139 0129 0118 0112 0111 0114 0112 0124 //// 10188 ///// ///// ////
000000000000000000000000000000000000000000000000000000000000000000000000000000000000000000000000000000000000000000000000=
57175 330300 1121400 01914 01922 4
20100323090000 310 003 296 008 270 017 0820 268 001 268 030 0816 0000 0096 0096 0900 0093 0822 076 073 0802 091 0056 09959 09967 0818 09959 0842 0130 0140 0801 0117 0822 0145 0156 0802 0142 0822 0135 0125 0118 0116 0111 0108 0109 0138 //// 10194 ///// ///// ////
000000000000000000000000000000000000000000000000000000000000000000000000000000000000000000000000000000000000000000000000=
57156 331800 1113000 02503 02523 4
20100323090000 335 004 298 011 296 016 0854 232 003 327 025 0851 0000 0094 0096 0843 0094 0900 060 055 0835 071 0020 09881 09888 0823 09881 0900 0080 0082 0804 0077 0819 0106 0119 0801 0106 0854 0112 0109 0106 0106 0106 0112 0115 0142 //// 10190 ///// ///// ////
000000000000000000000000000000000000000000000000000000000000000000000000000000000000000000000000000000000000000000000000
150 010 000 010 3000 /////////////////////ACP 07/ 0000 6///1 0//// 7//// 1//// 2//// 3//// /// /// /// // 911// 915// 919// 934// 939//=
57271 323300 1122300 00879 00897 4
20100323090000 347 023 345 024 314 035 0819 338 021 336 052 0801 0000 0086 0087 0843 0085 0817 079 078 0834 088 0052 10082 10095 0813 10081 0852 0102 0111 0842 0094 0817 0110 0116 0801 0107 0822 0111 0111 0113 0116 0108 0107 0112 0139 //// 10192 ///// ///// ////
000000000000000000000000000000000000000000000000000000000000000000000000000000000000000000000000000000000000000000000000=
57261 330700 1113100 02330 02345 4
20100323090000 021 007 014 013 037 037 0804 057 007 020 046 0805 0000 0089 0091 0839 0088 0806 074 070 0830 084 0045 09896 09902 0806 09896 0900 0108 0116 0827 0105 0856 0115 0122 0826 0114 0856 0116 0115 0112 0110 0121 0124 0126 //// //// 10183 ///// ///// ////
000000000000000000000000000000000000000000000000000000000000000000000000000000000000000000000000000000000000000000000000=
57285 322300 1132500 01530 01492 4
20100323090000 099 015 084 014 051 027 0814 060 021 088 063 0825 0000 0079 0080 0829 0079 0807 073 071 0834 078 0034 10019 10019 0859 10010 0836 0078 0080 0825 0074 0814 0089 0095 0801 0089 0859 0100 0104 0106 0109 0110 0109 0108 0135 //// 10203 ///// ///// ////
000000000000000000000000000000000000000000000000000000000000000000000000000000000000000000000000000000000000000000000000
130 010 004 004 0400 //////////////////ACPFNB 77/ 6066 6///1 0//// 7//// 1//// 2//// 3//// /// /// /// // 911// 915// 919// 934// 939//=
57273 324100 1125100 01095 01105 4
20100323090000 062 023 057 018 028 020 0813 066 023 035 037 0821 0000 0089 0090 0854 0085 0801 071 068 0837 081 0039 10055 10067 0839 10055 0900 0100 0104 0851 0097 0801 0117 0121 0851 0112 0837 0111 0112 0113 0115 0115 0112 0110 0136 //// 10191 ///// ///// ////
000000000000000000000000000000000000000000000000000000000000000000000000000000000000000000000000000000000000000000000000=
57187 330400 1125600 01180 01193 4
20100323090000 101 013 132 009 052 019 0808 102 015 074 028 0807 0000 0094 0095 0836 0091 0801 071 068 0846 084 0044 10038 10045 0844 10037 0823 0110 0131 0803 0110 0858 0131 0140 0806 0131 0900 0123 0111 0112 0113 0118 0112 0108 0132 //// 10184 ///// ///// ////
000000000000000000000000000000000000000000000000000000000000000000000000000000000000000000000000000000000000000000000000=
57178 330200 1123500 01292 01305 4
20100323090000 124 016 123 017 123 017 0859 116 014 152 023 0838 0000 0092 0097 0810 0092 0900 072 069 0820 084 0044 10032 10042 0826 10031 0853 0123 0158 0807 0113 0851 0126 0146 0809 0125 0857 0121 0115 0110 0108 0114 0109 0108 0133 0000 10192 ///// ///// ////
000000000000000000000000000000000000000000000000000000000000000000000000000000000000000000000000000000000000000000000000
110 010 000 010 3500 /////////////////////ACR 03/ 0000 6///1 0//// 7//// 1//// 2//// 3//// /// /// /// // 911// 915// 919// 934// 939//=
57169 330300 1115200 01591 01600 4
20100323090000 258 010 245 009 233 025 0806 279 013 243 033 0804 0000 0106 0108 0852 0102 0813 071 069 0850 091 0056 09996 10002 0807 09995 0818 0104 0108 0841 0097 0814 0136 0145 0841 0128 0813 0131 0122 0116 0112 0108 0106 0107 0133 //// 10192 ///// ///// ////
000000000000000000000000000000000000000000000000000000000000000000000000000000000000000000000000000000000000000000000000=
57176 332900 1122500 02311 02304 4
20100323090000 189 018 190 020 172 021 0847 167 021 170 033 0854 0000 0110 0113 0808 0110 0859 063 056 0819 083 0042 09909 09914 0836 09909 0805 0128 0177 0802 0128 0900 0140 0183 0801 0140 0900 0142 0132 0121 0115 0113 0114 0111 0130 //// 10190 ///// ///// ////
000000000000000000000000000000000000000000000000000000000000000000000000000000000000000000000000000000000000000000000000=
57179 331700 1130000 01604 01616 4
20100323090000 124 017 151 014 094 023 0820 122 020 091 035 0813 0000 0097 0101 0801 0096 0839 075 071 0806 090 0055 09996 10000 0852 09992 0824 0122 0184 0806 0122 0900 0128 0159 0811 0128 0900 0123 0112 0106 0105 0105 0103 0104 0132 //// 10194 ///// ///// ////
000000000000000000000000000000000000000000000000000000000000000000000000000000000000000000000000000000000000000000000000=
57274 324200 1120700 01076 01088 4
20100323090000 307 013 317 010 316 022 0806 299 019 313 036 0802 0000 0090 0090 0855 0088 0818 070 068 0840 080 0038 10060 10071 0806 10058 0838 0118 0126 0842 0108 0814 0125 0132 0801 0120 0814 0124 0120 0120 0121 0123 0118 0113 0141 //// 10194 ///// ///// ////
000000000000000000000000000000000000000000000000000000000000000000000000000000000000000000000000000000000000000000000000=
57065 343000 1121100 01949 01964 4
20100323090000 058 027 060 026 053 032 0801 049 034 077 044 0804 0000 0118 0123 0809 0118 0900 036 034 0839 050 -028 09950 09953 0839 09949 0816 0114 0147 0804 0114 0900 0145 0193 0803 0145 0900 0147 0133 0119 0109 0100 0103 0109 0138 //// 10188 ///// ///// ////
000000000000000000000000000000000000000000000000000000000000000000000000000000000000000000000000000000000000000000000000=
57074 342500 1122500 01973 01989 4
20100323090000 057 009 047 006 132 010 0829 085 003 077 019 0808 0000 0120 0124 0801 0118 0837 046 045 0818 064 0007 09952 09952 0848 09946 0806 0134 0165 0802 0134 0900 0144 0180 0801 0144 0900 0141 0129 0116 0108 0104 0103 0101 0125 //// 10194 ///// ///// ////
000000000000000000000000000000000000000000000000000000000000000000000000000000000000000000000000000000000000000000000000=
57076 344400 1124700 01895 01901 4
20100323090000 076 051 075 042 081 058 0806 085 060 077 081 0810 0000 0124 0129 0811 0123 0857 023 021 0828 033 -081 09956 09956 0900 09950 0801 0129 0163 0809 0129 0900 0140 0206 0809 0140 0900 0137 0123 0105 0096 0092 0088 0088 0120 //// 10186 ///// ///// ////
000000000000000000000000000000000000000000000000000000000000000000000000000000000000000000000000000000000000000000000000=
57070 344400 1120700 03640 03595 4
20100323090000 096 031 086 032 071 039 0854 088 029 054 070 0846 0000 0104 0109 0807 0104 0854 033 032 0801 042 -052 09758 09758 0840 09754 0804 0111 0141 0812 0111 0900 0130 0177 0803 0130 0900 0133 0118 0103 0094 0092 0091 0094 0123 //// 10191 ///// ///// ////
000000000000000000000000000000000000000000000000000000000000000000000000000000000000000000000000000000000000000000000000=
57162 340900 1120500 03258 03275 4
20100323090000 030 009 070 010 082 012 0854 026 009 082 025 0846 0000 0103 0103 0900 0097 0810 037 034 0856 046 -037 09794 09797 0850 09793 0821 0109 0112 0845 0106 0805 0108 0120 0801 0107 0857 0113 0108 0104 0101 0097 0097 0100 0132 //// 10191 ///// ///// ////
000000000000000000000000000000000000000000000000000000000000000000000000000000000000000000000000000000000000000000000000=
57078 340900 1122800 03365 03340 4
20100323090000 154 010 153 010 141 018 0814 167 013 170 036 0836 0000 0102 0105 0809 0102 0839 036 034 0803 045 -042 09789 09791 0857 09784 0811 0123 0162 0801 0123 0900 0115 0144 0801 0115 0900 0117 0109 0101 0096 0098 0098 0096 0118 //// 10193 ///// ///// ////
000000000000000000000000000000000000000000000000000000000000000000000000000000000000000000000000000000000000000000000000=
57071 344900 1122600 03333 03332 4
20100323090000 001 025 016 027 034 037 0814 344 026 035 067 0807 0000 0107 0114 0801 0107 0900 029 024 0801 037 -066 09791 09793 0855 09788 0802 0116 0160 0801 0116 0900 0136 0193 0801 0136 0900 0137 0120 0106 0097 0091 0088 0090 0119 //// 10193 ///// ///// ////
000000000000000000000000000000000000000000000000000000000000000000000000000000000000000000000000000000000000000000000000
150 010 000 010 3400 /////////////////////ACP 07/ 0000 6///1 0//// 7//// 1//// 2//// 3//// /// /// /// // 911// 915// 919// 934// 939//=
57066 342300 1114000 03283 03298 4
20100323090000 098 017 090 022 091 023 0859 099 008 049 046 0814 0000 0113 0120 0812 0113 0900 025 025 0900 033 -080 09784 09784 0900 09779 0845 0116 0142 0806 0115 0856 0128 0166 0801 0128 0900 0133 0120 0105 0096 0093 0092 0089 0116 //// 10182 ///// ///// ////
000000000000000000000000000000000000000000000000000000000000000000000000000000000000000000000000000000000000000000000000=
57077 334700 1113900 07424 07388 4
20100323090000 106 023 092 016 092 016 0900 077 027 077 027 0900 0000 0064 0064 0856 0062 0820 062 060 0837 060 -003 09311 09320 0825 09311 0859 0077 0088 0840 0077 0818 0084 0091 0801 0084 0900 0076 0068 0063 0065 0087 0088 0090 0116 //// 10195 ///// ///// ////
000000000000000000000000000000000000000000000000000000000000000000000000000000000000000000000000000000000000000000000000
120 010 000 010 3000 /////////////////////ASR 01/ 0000 6///1 0//// 7//// 1//// 2//// 3//// /// /// /// // 911// 915// 919// 934// 939//=
57185 332700 1133500 00911 00921 4
20100323090000 050 007 056 010 294 016 0817 015 008 321 027 0802 0000 0098 0100 0844 0096 0801 072 071 0822 087 0050 10078 10084 0809 10075 0842 0125 0153 0822 0125 0857 0132 0155 0819 0132 0900 0125 0112 0106 0097 0108 0104 0099 0124 //// 10191 ///// ///// ////
000000000000000000000000000000000000000000000000000000000000000000000000000000000000000000000000000000000000000000000000=
57183 334800 1135500 00600 00615 4
20100323090000 175 015 175 015 319 017 0824 158 014 355 031 0817 0000 0113 0115 0853 0108 0807 072 067 0847 096 0064 10108 10118 0815 10108 0858 0152 0164 0853 0136 0820 0150 0157 0852 0145 0831 0133 0121 0113 0109 0104 0099 0096 0123 //// 10183 ///// ///// ////
000000000000000000000000000000000000000000000000000000000000000000000000000000000000000000000000000000000000000000000000=
57186 333600 1140300 00587 00598 4
20100323090000 344 013 331 010 293 022 0824 339 013 302 032 0821 0000 0108 0108 0900 0101 0801 069 069 0900 089 0053 10114 10125 0826 10114 0900 0146 0151 0840 0133 0829 0151 0159 0811 0146 0830 0136 0122 0112 0109 0106 0102 0101 0134 //// 10187 ///// ///// ////
000000000000000000000000000000000000000000000000000000000000000000000000000000000000000000000000000000000000000000000000=
57191 342900 1142900 00634 00642 4
20100323090000 089 022 065 019 035 020 0802 105 021 037 038 0840 0000 0124 0127 0806 0123 0842 045 043 0815 065 0008 10109 10114 0809 10109 0900 0134 0145 0801 0132 0850 0127 0145 0801 0127 0900 0116 0107 0101 0097 0095 0091 0093 0124 //// 10187 ///// ///// ////
000000000000000000000000000000000000000000000000000000000000000000000000000000000000000000000000000000000000000000000000=
57096 343200 1144700 00597 00607 4
20100323090000 101 035 098 035 099 042 0834 127 034 082 059 0816 0000 0123 0129 0801 0123 0900 045 039 0805 064 0007 10109 10112 0816 10109 0900 0135 0150 0813 0134 0859 0146 0170 0801 0146 0900 0137 0123 0110 0104 0101 0098 0100 0128 //// 10183 ///// ///// ////
000000000000000000000000000000000000000000000000000000000000000000000000000000000000000000000000000000000000000000000000=
57091 344700 1141800 00737 00748 4
20100323090000 054 047 060 048 060 048 0900 076 045 068 071 0856 0000 0133 0138 0846 0132 0801 024 023 0826 037 -068 10095 10101 0801 10094 0854 0141 0175 0843 0141 0900 0183 0219 0843 0183 0900 0151 0127 0112 0099 0102 0100 0100 0123 //// 10186 ///// ///// ////
000000000000000000000000000000000000000000000000000000000000000000000000000000000000000000000000000000000000000000000000
160 008 000 008 3600 /////////////////////ACR 030 0000 6///1 0//// 7//// 1//// 2//// 3//// /// /// /// // 911// 915// 919// 934// 939//=
53978 350500 1123800 01401 01409 4
20100323090000 136 024 138 026 132 027 0850 125 026 144 038 0855 0000 0122 0124 0805 0121 0853 034 027 0804 048 -032 10020 10020 0900 10018 0850 0135 0143 0804 0135 0900 0158 0171 0804 0158 0900 0160 0145 0124 0111 0092 0091 0095 0125 //// 10191 ///// ///// ////
//////////////////////////////////////////////////////////////////////////////////////0000000000000000000000000000000000=
53987 350600 1132500 00910 00918 4
20100323090000 084 036 091 038 089 052 0801 074 031 080 073 0810 0000 0130 0139 0825 0130 0900 027 024 0836 040 -056 10080 10080 0900 10076 0815 0142 0185 0802 0142 0900 0161 0213 0802 0161 0900 0159 0143 0126 0113 0098 0097 0099 0127 //// 10192 ///// ///// ////
000000000000000000000000000000000000000000000000000000000000000000000000000000000000000000000000000000000000000000000000=
57079 345700 1130200 01064 01069 4
20100323090000 091 056 088 054 100 063 0801 099 058 102 077 0801 0000 0125 0131 0818 0124 0853 029 027 0801 042 -050 10057 10057 0900 10051 0801 0137 0169 0817 0137 0900 0150 0194 0817 0150 0900 0142 0127 0112 0102 0097 0095 0093 0120 //// 10187 ///// ///// ////
000000000000000000000000000000000000000000000000000000000000000000000000000000000000000000000000000000000000000000000000=
53972 350700 1125500 01196 01210 4
20100323090000 096 037 099 032 097 040 0824 090 035 083 067 0822 0000 0130 0139 0801 0129 0859 024 019 0822 036 -071 10043 10045 0854 10038 0832 0130 0194 0801 0130 0900 0157 0223 0801 0157 0900 0160 0146 0130 0115 0097 0097 0108 0137 //// 10190 ///// ///// ////
000000000000000000000000000000000000000000000000000000000000000000000000000000000000000000000000000000000000000000000000=
57072 345500 1124500 01275 01285 4
20100323090000 094 026 104 027 096 040 0823 082 022 107 063 0818 0000 0128 0135 0814 0128 0900 025 021 0819 037 -067 10034 10034 0900 10029 0801 0142 0184 0815 0140 0859 0141 0192 0815 0141 0859 0141 0127 0110 0100 0088 0086 0085 0113 //// 10190 ///// ///// ////
000000000000000000000000000000000000000000000000000000000000000000000000000000000000000000000000000000000000000000000000=
53982 351400 1131600 01120 01135 4
20100323090000 102 029 109 028 111 034 0811 088 034 124 062 0810 0000 0133 0146 0801 0133 0900 024 019 0804 037 -068 10052 10052 0900 10046 0807 0138 0168 0801 0138 0900 0168 0238 0801 0168 0900 0165 0147 0126 0113 0097 0096 0099 0131 //// 10190 ///// ///// ////
000000000000000000000000000000000000000000000000000000000000000000000000000000000000000000000000000000000000000000000000=
53979 350900 1130500 01200 01211 4
20100323090000 110 027 110 030 108 051 0801 093 029 096 072 0806 0000 0128 0136 0805 0128 0900 027 019 0807 040 -057 10046 10046 0900 10040 0805 0137 0178 0804 0137 0859 0156 0233 0804 0156 0900 0161 0139 0120 0108 0097 0098 0103 0132 //// 10193 ///// ///// ////
000000000000000000000000000000000000000000000000000000000000000000000000000000000000000000000000000000000000000000000000=
53992 353900 1143100 00582 00592 4
20100323090000 039 029 035 029 046 036 0808 043 024 051 057 0807 0000 0133 0143 0801 0133 0900 026 023 0801 040 -058 10118 10122 0851 10115 0806 0141 0217 0818 0141 0900 0138 0200 0801 0138 0900 0148 0127 0111 0096 0081 0079 0086 0121 //// 10190 ///// ///// ////
000000000000000000000000000000000000000000000000000000000000000000000000000000000000000000000000000000000000000000000000=
53974 353700 1141100 00723 00739 4
20100323090000 075 031 064 028 049 032 0832 060 035 063 059 0825 0000 0139 0149 0819 0139 0900 019 017 0852 030 -093 10101 10105 0842 10100 0858 0143 0204 0802 0143 0859 0167 0236 0807 0167 0900 0170 0147 0124 0109 0089 0089 0096 0124 //// 10191 ///// ///// ////
000000000000000000000000000000000000000000000000000000000000000000000000000000000000000000000000000000000000000000000000=
53990 354300 1141900 00795 00805 4
20100323090000 061 035 065 033 040 040 0802 060 039 091 055 0828 0000 0127 0142 0818 0127 0900 028 021 0814 041 -053 10092 10097 0837 10092 0900 0141 0202 0812 0140 0859 0167 0257 0813 0167 0900 0159 0137 0111 0100 0088 0082 0081 0110 //// 10191 ///// ///// ////
000000000000000000000000000000000000000000000000000000000000000000000000000000000000000000000000000000000000000000000000=
53991 355600 1142100 00743 00753 4
20100323090000 069 015 086 016 043 025 0803 052 030 057 039 0830 0000 0134 0143 0801 0134 0900 021 017 0805 032 -085 10103 10104 0804 10101 0855 0146 0211 0802 0146 0900 0168 0255 0801 0168 0900 0171 0146 0115 0102 0084 0081 0086 0118 //// 10195 ///// ///// ////
000000000000000000000000000000000000000000000000000000000000000000000000000000000000000000000000000000000000000000000000=
53993 355600 1145500 00516 00524 4
20100323090000 098 036 092 031 055 037 0801 127 032 074 055 0838 0000 0131 0139 0803 0131 0900 025 023 0838 038 -065 10129 10129 0900 10125 0801 0138 0194 0833 0138 0900 0154 0224 0804 0154 0900 0157 0131 0106 0091 0079 0073 0073 0108 //// 10193 ///// ///// ////
000000000000000000000000000000000000000000000000000000000000000000000000000000000000000000000000000000000000000000000000=
53889 360400 1134900 03068 03086 4
20100323090000 082 020 085 024 087 028 0843 092 019 092 043 0812 0000 0116 0124 0801 0116 0900 023 018 0801 031 -088 09825 09825 0900 09821 0830 0122 0162 0809 0122 0900 0159 0228 0801 0159 0900 0170 0166 0153 0137 0077 0072 0086 0098 //// 10197 ///// ///// ////
000000000000000000000000000000000000000000000000000000000000000000000000000000000000000000000000000000000000000000000000=
53995 353300 1143000 00625 00645 4
20100323090000 079 029 048 024 081 035 0801 077 035 088 056 0801 0000 0134 0142 0810 0134 0900 024 020 0826 037 -068 10112 10115 0847 10110 0805 0149 0207 0811 0149 0900 0180 0250 0807 0180 0900 0179 0155 0128 0110 0088 0084 0085 0116 //// 10191 ///// ///// ////
000000000000000000000000000000000000000000000000000000000000000000000000000000000000000000000000000000000000000000000000=
NNNN
