57090 344300 1135800 00781 00802 4
20100324070000 284 028 282 023 282 033 0627 293 029 279 059 0621 0000 0142 0146 0607 0142 0700 032 027 0613 052 -022 10116 10116 0700 10110 0601 0139 0163 0607 0139 0700 0161 0199 0607 0161 0700 0161 0144 0125 0113 0098 0093 0086 0119 //// 10214 ///// ///// ////
000000000000000000000000000000000000000000000000000000000000000000000000000000000000000000000000000000000000000000000000=
57083 344300 1133900 01104 01116 4
20100324070000 294 025 298 026 301 046 0624 280 028 307 070 0614 0000 0145 0146 0601 0144 0623 029 027 0609 048 -033 10075 10077 0624 10073 0601 0152 0210 0601 0150 0636 0152 0189 0601 0152 0700 0148 0138 0124 0113 0096 0098 0103 0126 0000 10211 ///// ///// ////
000000000000000000000000000000000000000000000000000000000000000000000000000000000000000000000000000000000000000000000000
110 010 000 /// //// /////////////////////ACP /// //// 6///1 0//// 7//// 1//// 2//// 3//// /// /// /// // 911// 915// 919// 934// 939//=
57086 342300 1134300 01166 01168 4
20100324070000 213 022 217 021 205 022 0615 206 021 218 036 0656 0000 0133 0136 0648 0133 0618 049 042 0644 075 0028 10075 10076 0649 10069 0601 0136 0173 0601 0136 0700 0156 0190 0601 0156 0700 0155 0138 0120 0107 0097 0095 0093 0116 //// 10218 ///// ///// ////
000000000000000000000000000000000000000000000000000000000000000000000000000000000000000000000000000000000000000000000000=
57085 343200 1132000 02599 02648 4
20100324070000 304 024 309 029 330 049 0602 285 017 344 085 0607 0000 0137 0140 0602 0137 0700 027 026 0610 042 -050 09895 09896 0654 09893 0611 0140 0150 0602 0140 0700 0148 0172 0601 0148 0700 0147 0133 0119 0108 0101 0097 0093 0121 //// 10215 ///// ///// ////
000000000000000000000000000000000000000000000000000000000000000000000000000000000000000000000000000000000000000000000000=
57081 344800 1132600 01409 01419 4
20100324070000 334 007 273 012 270 018 0605 271 005 313 047 0604 0000 0140 0143 0601 0140 0654 028 026 0605 045 -042 10039 10041 0610 10038 0650 0137 0153 0601 0133 0649 0142 0171 0601 0142 0657 0136 0127 0117 0103 0089 0093 0095 0117 //// 10211 ///// ///// ////
000000000000000000000000000000000000000000000000000000000000000000000000000000000000000000000000000000000000000000000000=
57084 343000 1130300 11784 11790 4
20100324070000 264 028 275 037 270 056 0608 251 021 268 124 0607 0000 0048 0049 0624 0047 0605 045 042 0644 039 -061 08860 08861 0647 08854 0607 0055 0063 0625 0053 0651 0065 0078 0605 0065 0651 0073 0071 0063 0057 0058 //// //// //// //// 10236 ///// ///// ////
000000000000000000000000000000000000000000000000000000000000000000000000000000000000000000000000000000000000000000000000=
57080 344400 1125800 01652 01661 4
20100324070000 181 029 197 028 203 031 0652 192 019 189 052 0606 0000 0134 0134 0659 0131 0625 030 029 0656 046 -038 10017 10019 0601 10015 0635 0139 0143 0643 0137 0611 0141 0157 0601 0141 0700 0130 0118 0107 0100 0091 0088 0088 0119 //// 10219 ///// ///// ////
000000000000000000000000000000000000000000000000000000000000000000000000000000000000000000000000000000000000000000000000=
57082 342800 1130100 04271 04284 4
20100324070000 342 031 351 030 335 037 0603 341 013 338 068 0603 0000 0110 0111 0642 0109 0606 032 030 0604 042 -051 09711 09711 0659 09708 0617 0117 0126 0625 0117 0655 0123 0136 0601 0123 0700 0120 0115 0106 0100 0094 0098 0100 //// //// 10226 ///// ///// ////
000000000000000000000000000000000000000000000000000000000000000000000000000000000000000000000000000000000000000000000000=
57290 330000 1140100 00827 00838 4
20100324070000 293 013 287 014 283 018 0647 293 014 293 030 0644 0000 0097 0101 0613 0097 0658 075 069 0618 090 0055 10125 10125 0700 10116 0601 0109 0146 0610 0107 0655 0119 0144 0611 0119 0658 0118 0110 0102 0102 0103 0101 0102 0132 //// 10229 ///// ///// ////
000000000000000000000000000000000000000000000000000000000000000000000000000000000000000000000000000000000000000000000000=
57295 323700 1142100 00785 00802 4
20100324070000 314 020 314 021 314 021 0700 313 018 302 038 0657 0000 0090 0094 0601 0090 0700 077 072 0605 088 0052 10125 10125 0700 10116 0608 0106 0137 0601 0101 0647 0110 0126 0601 0110 0700 0118 0105 0099 0097 0099 0101 0102 0128 //// 10224 ///// ///// ////
000000000000000000000000000000000000000000000000000000000000000000000000000000000000000000000000000000000000000000000000=
57188 332200 1140200 00559 00568 4
20100324070000 239 026 238 024 238 024 0700 232 038 232 038 0700 0000 0111 0116 0618 0110 0658 064 060 0605 085 0046 10155 10156 0655 10146 0609 0122 0194 0602 0122 0659 0137 0178 0602 0137 0700 0137 0118 0107 0101 0096 0096 0101 0132 //// 10225 ///// ///// ////
000000000000000000000000000000000000000000000000000000000000000000000000000000000000000000000000000000000000000000000000=
57293 324400 1145900 00380 00391 4
20100324070000 317 030 328 024 328 024 0700 324 021 327 040 0659 0000 0097 0099 0629 0097 0700 075 072 0606 090 0055 10171 10171 0700 10164 0623 0107 0138 0628 0107 0700 0116 0134 0602 0116 0700 0114 0105 0099 0094 0104 0105 0105 0132 //// 10219 ///// ///// ////
000000000000000000000000000000000000000000000000000000000000000000000000000000000000000000000000000000000000000000000000=
57189 330800 1135700 00646 00655 4
20100324070000 268 022 264 022 268 023 0649 282 019 282 032 0640 0000 0099 0105 0615 0099 0700 081 075 0603 099 0068 10146 10147 0655 10137 0601 0109 0152 0603 0108 0654 0118 0157 0604 0116 0658 0122 0112 0105 0101 0096 0097 0098 0122 //// 10227 ///// ///// ////
000000000000000000000000000000000000000000000000000000000000000000000000000000000000000000000000000000000000000000000000=
57194 331700 1141600 00598 00609 4
20100324070000 286 021 284 020 284 020 0700 293 025 285 030 0654 0000 0106 0110 0605 0106 0700 075 071 0607 096 0064 10149 10149 0700 10137 0612 0116 0155 0623 0116 0659 0132 0156 0624 0132 0700 0120 0109 0102 0098 0095 0093 0097 0126 //// 10224 ///// ///// ////
000000000000000000000000000000000000000000000000000000000000000000000000000000000000000000000000000000000000000000000000=
57197 330000 1142000 00489 00545 4
20100324070000 295 023 292 024 293 024 0658 299 032 285 041 0651 0000 0098 0104 0634 0098 0700 083 078 0621 100 0071 10156 10156 0700 10147 0608 0111 0148 0612 0111 0700 0115 0137 0620 0115 0700 0117 0108 0099 0093 0100 0101 0100 0125 //// 10223 ///// ///// ////
000000000000000000000000000000000000000000000000000000000000000000000000000000000000000000000000000000000000000000000000=
57294 325000 1140100 00836 00846 4
20100324070000 300 011 304 012 269 016 0622 308 008 274 023 0613 0000 0092 0095 0601 0092 0628 083 080 0617 097 0065 10119 10119 0659 10111 0605 0100 0123 0601 0099 0650 0108 0133 0601 0108 0700 0109 0103 0097 0095 0098 0107 0103 0118 //// 10224 ///// ///// ////
000000000000000000000000000000000000000000000000000000000000000000000000000000000000000000000000000000000000000000000000=
57292 325800 1143800 00444 00453 4
20100324070000 295 017 294 019 294 019 0700 285 017 302 027 0651 0000 0095 0096 0601 0095 0648 081 077 0601 096 0064 10167 10167 0700 10160 0618 0109 0128 0601 0109 0700 0115 0129 0601 0115 0700 0113 0106 0099 0099 0100 0104 0104 0133 //// 10223 ///// ///// ////
000000000000000000000000000000000000000000000000000000000000000000000000000000000000000000000000000000000000000000000000=
57195 333700 1143700 00466 00476 4
20100324070000 249 009 242 009 094 018 0610 198 005 102 030 0607 0000 0117 0120 0604 0117 0700 059 056 0615 081 0040 10163 10163 0700 10153 0606 0144 0171 0621 0144 0700 0155 0172 0620 0155 0700 0146 0127 0113 0106 0101 0099 0101 0142 //// 10222 ///// ///// ////
000000000000000000000000000000000000000000000000000000000000000000000000000000000000000000000000000000000000000000000000=
57193 334700 1143100 00526 00541 4
20100324070000 237 012 182 007 090 016 0604 234 009 122 031 0601 0000 0121 0124 0605 0121 0653 052 050 0602 073 0026 10156 10156 0700 10145 0608 0155 0189 0603 0153 0651 0159 0181 0612 0159 0700 0145 0129 0118 0109 0103 0101 0104 0131 //// 10223 ///// ///// ////
000000000000000000000000000000000000000000000000000000000000000000000000000000000000000000000000000000000000000000000000=
57196 332800 1145200 00420 00428 4
20100324070000 283 009 221 008 096 013 0638 310 009 107 023 0633 0000 0108 0108 0700 0102 0601 063 058 0634 082 0040 10164 10164 0700 10159 0627 0137 0141 0611 0130 0650 0162 0166 0642 0153 0601 0126 0110 0100 0095 0101 0100 0104 0132 //// 10217 ///// ///// ////
000000000000000000000000000000000000000000000000000000000000000000000000000000000000000000000000000000000000000000000000=
57099 340400 1145100 00526 00536 4
20100324070000 259 018 243 021 237 023 0659 265 013 253 036 0653 0000 0120 0128 0601 0120 0700 044 038 0610 062 0001 10154 10154 0700 10144 0617 0135 0162 0601 0134 0659 0172 0213 0601 0172 0700 0155 0133 0111 0100 0099 0095 0097 0131 //// 10220 ///// ///// ////
000000000000000000000000000000000000000000000000000000000000000000000000000000000000000000000000000000000000000000000000=
58104 332400 1150400 00412 00425 4
20100324070000 247 008 255 007 041 012 0612 265 010 062 022 0610 0000 0105 0107 0608 0105 0700 060 056 0613 076 0031 10165 10166 0601 10161 0632 0123 0145 0601 0123 0700 0142 0158 0601 0142 0700 0130 0114 0103 0098 0097 0097 0098 0136 //// 10218 ///// ///// ////
000000000000000000000000000000000000000000000000000000000000000000000000000000000000000000000000000000000000000000000000=
57198 333300 1143700 00463 00473 4
20100324070000 204 013 208 012 100 018 0611 217 015 107 031 0610 0000 0113 0115 0643 0110 0601 065 062 0650 087 0050 10164 10164 0700 10154 0605 0157 0193 0639 0157 0700 0151 0166 0639 0151 0700 0131 0117 0108 0105 0103 0104 0107 0137 //// 10222 ///// ///// ////
000000000000000000000000000000000000000000000000000000000000000000000000000000000000000000000000000000000000000000000000=
58101 335200 1152900 00413 00428 4
20100324070000 336 008 342 005 195 012 0601 358 009 150 024 0607 0000 0117 0117 0634 0115 0601 045 044 0645 062 0002 10157 10162 0613 10157 0656 0165 0178 0633 0159 0624 0170 0187 0606 0170 0700 0150 0122 0104 0097 0098 0098 0099 0130 //// 10210 ///// ///// ////
000000000000000000000000000000000000000000000000000000000000000000000000000000000000000000000000000000000000000000000000=
57192 334400 1145100 00455 00466 4
20100324070000 185 013 180 011 116 015 0609 192 013 110 027 0608 0000 0119 0121 0625 0118 0601 045 039 0603 063 0004 10161 10161 0700 10155 0606 0175 0210 0615 0174 0643 0182 0207 0623 0182 0700 0149 0126 0111 0105 0108 0106 0107 0141 //// 10218 ///// ///// ////
000000000000000000000000000000000000000000000000000000000000000000000000000000000000000000000000000000000000000000000000=
57098 340500 1142400 00583 00593 4
20100324070000 234 014 242 014 136 019 0612 229 013 121 028 0610 0000 0129 0131 0633 0128 0601 048 038 0628 071 0022 10149 10149 0700 10135 0605 0158 0175 0616 0158 0700 0161 0181 0601 0161 0700 0154 0139 0121 0111 0100 0096 0097 0129 //// 10222 ///// ///// ////
000000000000000000000000000000000000000000000000000000000000000000000000000000000000000000000000000000000000000000000000=
57190 334500 1142400 00505 00516 4
20100324070000 225 012 214 014 134 022 0609 231 011 149 035 0602 0000 0120 0124 0601 0119 0613 062 058 0643 087 0050 10158 10158 0700 10146 0604 0142 0160 0623 0139 0656 0155 0183 0601 0154 0658 0149 0133 0116 0105 0098 0097 0100 0130 //// 10222 ///// ///// ////
000000000000000000000000000000000000000000000000000000000000000000000000000000000000000000000000000000000000000000000000=
58100 333900 1151000 00414 00424 4
20100324070000 261 005 188 009 131 014 0655 243 011 105 022 0623 0000 0109 0112 0630 0106 0608 048 044 0635 063 0003 10161 10164 0601 10157 0641 0137 0155 0618 0133 0654 0162 0177 0630 0161 0659 0143 0121 0109 0103 0105 0106 0109 0136 //// 10213 ///// ///// ////
000000000000000000000000000000000000000000000000000000000000000000000000000000000000000000000000000000000000000000000000=
57088 340900 1133000 01161 01177 4
20100324070000 227 027 233 030 240 031 0657 248 028 248 043 0654 0000 0130 0137 0621 0130 0700 051 045 0616 076 0031 10077 10077 0700 10073 0601 0132 0169 0620 0132 0659 0146 0187 0619 0146 0700 0155 0139 0119 0108 0100 0100 0102 0126 //// 10221 ///// ///// ////
000000000000000000000000000000000000000000000000000000000000000000000000000000000000000000000000000000000000000000000000=
57095 340700 1140900 00611 00622 4
20100324070000 241 016 243 017 281 018 0643 268 014 239 030 0657 0000 0136 0144 0601 0136 0700 049 037 0601 076 0031 10142 10142 0700 10131 0601 0155 0192 0601 0155 0700 0185 0245 0601 0185 0700 0178 0166 0150 0135 0099 0095 0095 0125 //// 10218 ///// ///// ////
000000000000000000000000000000000000000000000000000000000000000000000000000000000000000000000000000000000000000000000000=
57182 335100 1133000 00805 00814 4
20100324070000 229 015 234 017 292 022 0638 237 012 285 032 0635 0000 0134 0134 0700 0130 0601 048 045 0632 074 0026 10121 10123 0630 10119 0601 0151 0155 0645 0146 0620 0164 0177 0601 0164 0700 0151 0132 0118 0108 0107 0105 0107 0139 //// 10221 ///// ///// ////
000000000000000000000000000000000000000000000000000000000000000000000000000000000000000000000000000000000000000000000000=
57087 341200 1134800 00877 00885 4
20100324070000 218 024 220 026 220 029 0656 201 021 237 043 0640 0000 0135 0140 0622 0135 0700 050 042 0604 077 0033 10108 10109 0649 10100 0601 0144 0172 0601 0144 0700 0150 0180 0601 0150 0700 0150 0137 0119 0107 0097 0094 0097 0123 //// 10216 ///// ///// ////
000000000000000000000000000000000000000000000000000000000000000000000000000000000000000000000000000000000000000000000000=
57297 320800 1140300 01145 01154 4
20100324070000 309 038 312 034 312 034 0700 299 032 310 055 0659 0000 0082 0082 0655 0080 0601 080 078 0616 087 0050 10084 10084 0654 10075 0610 0089 0106 0613 0088 0643 0093 0105 0613 0093 0658 0094 0093 0094 0095 0107 0115 0115 //// //// 10227 ///// ///// ////
000000000000000000000000000000000000000000000000000000000000000000000000000000000000000000000000000000000000000000000000=
57296 322100 1144400 00489 00501 4
20100324070000 333 018 328 015 328 015 0700 330 019 310 027 0658 0000 0091 0092 0601 0090 0609 078 075 0602 090 0055 10157 10157 0700 10150 0612 0095 0110 0625 0095 0700 0109 0127 0601 0109 0700 0112 0104 0099 0099 0107 0111 0110 0131 //// 10219 ///// ///// ////
000000000000000000000000000000000000000000000000000000000000000000000000000000000000000000000000000000000000000000000000=
57396 313800 1145100 01287 01297 4
20100324070000 346 045 350 046 347 055 0650 333 044 335 077 0640 0001 0064 0065 0601 0064 0700 091 090 0610 087 0050 10042 10044 0601 10039 0655 0062 0066 0601 0062 0659 0072 0077 0601 0072 0659 0076 0077 0081 0085 0094 0109 //// //// //// 10203 ///// ///// ////
000000000000000000000000000000000000000000000000000000000000000001000000000000000000000000000000000000000000000000000000=
58301 314900 1152300 00916 00929 4
20100324070000 009 021 019 021 053 030 0601 345 021 040 039 0643 0002 0068 0068 0700 0066 0601 090 089 0636 089 0053 10096 10096 0700 10090 0601 0071 0074 0656 0068 0625 0081 0084 0605 0079 0637 0081 0081 0084 0087 0099 0114 0109 0128 //// 10211 ///// ///// ////
000000000000010000000000000000000000000000000000000000000000000000000000000000000000000000000000000100000000000000000000=
57390 314800 1140400 07335 07347 4
20100324070000 347 026 344 028 005 050 0621 025 019 012 105 0607 0004 0026 0027 0658 0025 0601 100 100 0700 074 0026 09343 09343 0700 09333 0615 0031 0032 0607 0030 0656 0041 0047 0602 0040 0656 0048 0050 0056 0062 0078 0093 //// //// //// 10231 ///// ///// ////
000000000000000000000000000000000000000000000000000000000000010000000000000000000001000000000000000000000000010000000001=
58207 321000 1150300 00428 00440 4
20100324070000 354 013 006 013 071 022 0601 352 016 096 029 0601 0000 0079 0079 0700 0077 0601 086 084 0617 092 0057 10162 10162 0700 10155 0643 0089 0092 0611 0081 0638 0092 0094 0618 0092 0700 0093 0091 0089 0091 0104 0113 0112 0137 //// 10217 ///// ///// ////
000000000000000000000000000000000000000000000000000000000000000000000000000000000000000000000000000000000000000000000000=
58205 322800 1152600 00349 00360 4
20100324070000 285 010 293 010 088 011 0601 307 015 316 018 0654 0000 0093 0093 0700 0088 0603 078 077 0634 091 0057 10165 10166 0630 10161 0613 0105 0111 0631 0098 0602 0115 0118 0631 0110 0615 0112 0107 0103 0098 0110 0112 0110 0123 //// 10210 ///// ///// ////
000000000000000000000000000000000000000000000000000000000000000000000000000000000000000000000000000000000000000000000000=
58208 321000 1153700 00429 00439 4
20100324070000 027 000 028 009 099 019 0617 028 000 087 033 0614 0002 0072 0074 0603 0072 0700 081 081 0700 082 0042 10158 10160 0623 10153 0613 0074 0081 0603 0073 0628 0089 0096 0605 0089 0652 0090 0090 0089 0092 0103 0111 0112 0139 //// 10213 ///// ///// ////
000000000000000000010000000000000000000000000000000000000000000000000000000000000100000000000000000000000000000000000000=
57299 320100 1145400 00494 00506 4
20100324070000 002 015 010 016 032 027 0635 349 012 043 040 0631 0000 0076 0076 0700 0074 0601 086 085 0632 090 0054 10149 10149 0700 10143 0634 0077 0081 0613 0071 0633 0088 0094 0614 0087 0648 0089 0090 0090 0089 0100 0109 0107 0126 //// 10212 ///// ///// ////
000000000000000000000000000000000000000000000000000000000000000000000000000000000000000000000000000000000000000000000000=
53997 350900 1141100 00711 00723 4
20100324070000 279 017 257 017 297 031 0606 273 013 301 037 0605 0000 0129 0133 0601 0129 0700 045 042 0655 067 0013 10121 10121 0700 10119 0635 0122 0164 0602 0122 0659 0157 0206 0601 0157 0700 0157 0142 0122 0110 0093 0093 0096 0124 //// 10210 ///// ///// ////
000000000000000000000000000000000000000000000000000000000000000000000000000000000000000000000000000000000000000000000000=
53986 351900 1135300 00732 00740 4
20100324070000 259 016 249 017 233 020 0644 195 015 263 036 0637 0000 0133 0138 0604 0132 0651 048 044 0607 073 0025 10118 10119 0632 10115 0648 0151 0192 0601 0142 0647 0157 0201 0601 0155 0648 0142 0129 0116 0108 0096 0094 0098 0127 //// 10208 ///// ///// ////
000000000000000000000000000000000000000000000000000000000000000000000000000000000000000000000000000000000000000000000000=
53994 352300 1140400 00700 00712 4
20100324070000 232 019 231 017 244 017 0614 245 016 245 026 0614 0000 0136 0140 0601 0136 0700 043 040 0605 067 0013 10118 10120 0601 10117 0625 0157 0200 0601 0155 0653 0177 0234 0601 0177 0654 0155 0133 0116 0104 0092 0089 0094 0127 //// 10205 ///// ///// ////
000000000000000000000000000000000000000000000000000000000000000000000000000000000000000000000000000000000000000000000000=
53988 351600 1134000 00776 00784 4
20100324070000 210 015 214 017 218 021 0648 186 014 211 031 0647 0000 0134 0135 0653 0132 0620 043 038 0616 066 0011 10109 10111 0601 10107 0633 0143 0160 0601 0136 0638 0179 0215 0601 0177 0639 0157 0137 0119 0109 0092 0091 0098 0126 //// 10205 ///// ///// ////
000000000000000000000000000000000000000000000000000000000000000000000000000000000000000000000000000000000000000000000000=
53985 352700 1134900 00964 00979 4
20100324070000 282 009 277 009 277 014 0602 294 012 265 021 0612 0000 0128 0132 0601 0128 0700 047 045 0604 069 0018 10088 10090 0601 10085 0639 0132 0145 0604 0132 0700 0143 0176 0601 0143 0700 0122 0114 0099 0091 0082 0078 0083 0118 //// 10207 ///// ///// ////
000000000000000000000000000000000000000000000000000000000000000000000000000000000000000000000000000000000000000000000000=
53983 350200 1142500 00696 00708 4
20100324070000 264 018 265 018 292 027 0631 254 017 296 038 0631 0000 0135 0142 0602 0135 0700 048 042 0616 074 0027 10125 10125 0700 10119 0601 0145 0182 0602 0145 0700 0160 0204 0601 0160 0700 0162 0142 0124 0112 0087 0085 0088 0123 //// 10212 ///// ///// ////
000000000000000000000000000000000000000000000000000000000000000000000000000000000000000000000000000000000000000000000000=
53998 351200 1143900 00616 00625 4
20100324070000 276 023 298 022 304 032 0641 293 013 319 045 0641 0000 0136 0143 0609 0136 0700 046 039 0601 072 0022 10130 10130 0700 10129 0601 0151 0206 0601 0151 0700 0180 0233 0608 0180 0700 0166 0139 0116 0103 0097 0094 0095 0128 //// 10206 ///// ///// ////
000000000000000000000000000000000000000000000000000000000000000000000000000000000000000000000000000000000000000000000000=
57051 344800 1111200 04099 04117 4
20100324070000 297 037 299 032 292 043 0641 302 034 310 068 0635 0000 0119 0123 0601 0119 0700 027 026 0640 038 -065 09744 09754 0627 09744 0700 0128 0137 0601 0126 0639 0134 0149 0601 0132 0641 0118 0110 0105 0101 0088 0086 0086 0114 //// 10239 ///// ///// ////
000000000000000000000000000000000000000000000000000000000000000000000000000000000000000000000000000000000000000000000000=
57063 344600 1114600 05236 05236 4
20100324070000 305 056 302 061 300 067 0611 302 073 308 114 0618 0000 0108 0118 0602 0108 0700 030 028 0604 039 -061 09609 09613 0647 09609 0656 0111 0142 0601 0111 0659 0119 0158 0601 0119 0700 0102 0093 0086 0082 0075 0077 0083 0110 //// 10236 ///// ///// ////
000000000000000000000000000000000000000000000000000000000000000000000000000000000000000000000000000000000000000000000000=
57067 340300 1110200 05688 05699 4
20100324070000 218 011 180 007 325 022 0605 243 009 305 060 0601 0000 0071 0075 0601 0071 0700 054 049 0601 054 -016 09567 09581 0604 09567 0659 0100 0103 0657 0086 0619 0096 0097 0657 0086 0618 0094 0093 0089 0092 0090 0096 0095 0122 //// 10255 ///// ///// ////
000000000000000000000000000000000000000000000000000000000000000000000000000000000000000000000000000000000000000000000000=
57056 343200 1105300 03904 03909 4
20100324070000 275 024 263 024 256 042 0620 279 016 257 068 0612 0000 0113 0117 0610 0110 0646 035 027 0605 047 -036 09773 09787 0615 09773 0652 0131 0131 0700 0120 0647 0146 0146 0700 0137 0647 0119 0110 0103 0100 0090 0090 0092 0118 //// 10244 ///// ///// ////
000000000000000000000000000000000000000000000000000000000000000000000000000000000000000000000000000000000000000000000000=
58007 340400 1151800 00472 00532 4
20100324070000 158 010 191 010 164 016 0614 173 007 136 032 0605 0000 0120 0121 0655 0119 0604 039 039 0651 055 -015 10145 10147 0608 10143 0626 0150 0171 0606 0149 0659 0190 0212 0606 0190 0700 0154 0129 0112 0104 0100 0100 0102 0131 //// 10210 ///// ///// ////
000000000000000000000000000000000000000000000000000000000000000000000000000000000000000000000000000000000000000000000000=
58006 342300 1155300 00463 00506 4
20100324070000 014 002 181 002 167 012 0628 004 004 139 020 0625 0000 0130 0131 0646 0126 0612 035 034 0654 052 -021 10150 10151 0633 10148 0601 0170 0189 0606 0170 0700 0203 0226 0601 0203 0700 0175 0147 0122 0105 0093 0092 0097 0127 //// 10212 ///// ///// ////
000000000000000000000000000000000000000000000000000000000000000000000000000000000000000000000000000000000000000000000000=
58111 335800 1162700 00325 00325 4
20100324070000 120 004 047 006 310 013 0646 119 004 240 025 0618 0000 0113 0115 0605 0110 0622 041 039 0657 055 -015 10166 10171 0643 10166 0612 0165 0210 0614 0160 0647 0159 0185 0610 0155 0647 0129 0112 0099 0094 0093 0097 0104 0138 //// 10206 ///// ///// ////
000000000000000000000000000000000000000000000000000000000000000000000000000000000000000000000000000000000000000000000000=
58017 341500 1160800 00410 00420 4
20100324070000 218 015 198 014 136 017 0601 229 013 220 027 0659 0000 0123 0126 0621 0120 0601 040 038 0637 057 -009 10154 10155 0636 10152 0626 0166 0209 0611 0166 0700 0167 0190 0610 0167 0656 0138 0120 0107 0100 0096 0097 0102 0128 //// 10206 ///// ///// ////
000000000000000000000000000000000000000000000000000000000000000000000000000000000000000000000000000000000000000000000000=
58001 342600 1150600 00563 00569 4
20100324070000 257 008 254 008 173 015 0606 322 006 195 027 0605 0000 0127 0129 0649 0125 0629 039 035 0640 057 -009 10143 10143 0700 10137 0606 0156 0170 0602 0150 0656 0173 0196 0601 0172 0656 0153 0132 0114 0100 0089 0087 0093 0126 //// 10213 ///// ///// ////
000000000000000000000000000000000000000000000000000000000000000000000000000000000000000000000000000000000000000000000000=
58005 342700 1154000 00501 00511 4
20100324070000 101 010 115 011 152 020 0608 088 007 130 031 0608 0000 0127 0132 0623 0126 0654 035 033 0612 051 -024 10144 10146 0624 10144 0700 0177 0226 0612 0172 0652 0185 0231 0610 0184 0657 0164 0141 0118 0104 0096 0096 0102 0132 0000 10207 ///// ///// ////
000000000000000000000000000000000000000000000000000000000000000000000000000000000000000000000000000000000000000000000000
140 010 000 /// //// //////////////////ACRASR /// //// 6///1 0//// 7//// 1//// 2//// 3//// /// /// /// // 911// 915// 919// 934// 939//=
58008 342800 1152000 00544 00592 4
20100324070000 000 004 114 007 233 012 0625 260 010 248 024 0624 0000 0130 0132 0604 0127 0636 036 033 0639 054 -017 10138 10138 0700 10132 0612 0196 0250 0606 0189 0629 0181 0208 0605 0177 0656 0158 0135 0117 0100 0093 0093 0098 0129 //// 10211 ///// ///// ////
000000000000000000000000000000000000000000000000000000000000000000000000000000000000000000000000000000000000000000000000=
58004 343900 1150900 00606 00616 4
20100324070000 245 028 243 025 262 025 0602 237 042 237 042 0700 0000 0129 0134 0601 0129 0641 037 034 0607 055 -014 10135 10135 0700 10128 0612 0158 0188 0601 0155 0655 0182 0224 0601 0182 0659 0170 0155 0128 0113 0100 0098 0101 0127 //// 10210 ///// ///// ////
000000000000000000000000000000000000000000000000000000000000000000000000000000000000000000000000000000000000000000000000=
54817 355900 1155200 00421 00434 4
20100324070000 301 023 301 022 289 034 0613 322 021 285 047 0607 0000 0132 0138 0601 0131 0640 034 032 0618 052 -023 10148 10155 0602 10146 0641 0153 0192 0601 0142 0637 0163 0213 0602 0160 0638 0144 0120 0101 0086 0081 0076 0087 0116 //// 10201 ///// ///// ////
000000000000000000000000000000000000000000000000000000000000000000000000000000000000000000000000000000000000000000000000=
54902 355400 1150700 00495 00499 4
20100324070000 238 024 250 020 259 023 0605 240 021 293 037 0616 0000 0136 0138 0627 0135 0611 043 040 0638 067 0013 10137 10143 0601 10137 0618 0150 0165 0622 0146 0612 0159 0185 0601 0159 0700 0143 0124 0109 0099 0080 0072 0079 0111 //// 10198 ///// ///// ////
000000000000000000000000000000000000000000000000000000000000000000000000000000000000000000000000000000000000000000000000=
54900 354200 1150100 00537 00541 4
20100324070000 244 019 244 018 266 026 0635 187 023 279 039 0630 0000 0139 0140 0626 0138 0617 046 041 0644 073 0025 10135 10138 0602 10134 0651 0165 0199 0618 0165 0700 0179 0209 0601 0179 0700 0154 0127 0105 0094 0086 0080 0082 0110 //// 10201 ///// ///// ////
000000000000000000000000000000000000000000000000000000000000000000000000000000000000000000000000000000000000000000000000=
54901 360500 1151000 00475 00478 4
20100324070000 196 011 212 013 230 026 0604 167 014 220 035 0603 0000 0135 0137 0642 0133 0604 040 038 0658 062 0002 10139 10148 0601 10139 0700 0158 0168 0607 0154 0621 0166 0185 0608 0166 0700 0137 0114 0096 0087 0082 0079 0076 0105 //// 10198 ///// ///// ////
000000000000000000000000000000000000000000000000000000000000000000000000000000000000000000000000000000000000000000000000=
54903 355100 1152900 00457 00506 4
20100324070000 288 016 305 023 277 026 0607 293 019 277 047 0602 0000 0134 0136 0601 0132 0626 038 035 0605 058 -006 10140 10145 0604 10137 0638 0158 0175 0601 0152 0626 0174 0218 0601 0174 0700 0141 0119 0101 0091 0081 0078 0089 0114 //// 10202 ///// ///// ////
000000000000000000000000000000000000000000000000000000000000000000000000000000000000000000000000000000000000000000000000=
57184 333800 1132200 00834 00847 4
20100324070000 151 014 162 014 168 014 0659 141 014 141 024 0605 0000 0125 0126 0639 0122 0609 061 056 0640 088 0052 10116 10118 0628 10115 0602 0126 0132 0641 0125 0620 0143 0156 0601 0143 0700 0144 0132 0122 0114 0101 0101 0103 0129 //// 10220 ///// ///// ////
000000000000000000000000000000000000000000000000000000000000000000000000000000000000000000000000000000000000000000000000=
57177 332000 1133200 00898 00913 4
20100324070000 284 007 282 010 277 021 0629 316 006 271 031 0627 0000 0114 0114 0700 0111 0609 065 062 0648 088 0051 10115 10117 0655 10109 0601 0137 0141 0603 0126 0632 0137 0151 0603 0133 0649 0115 0123 0104 0108 0104 0104 0104 0121 //// 10227 ///// ///// ////
000000000000000000000000000000000000000000000000000000000000000000000000000000000000000000000000000000000000000000000000=
57075 341000 1125200 02031 02043 4
20100324070000 308 023 303 023 314 053 0612 298 027 318 076 0612 0000 0134 0136 0617 0134 0700 038 034 0614 058 -006 09974 09977 0618 09973 0601 0137 0140 0601 0136 0642 0107 0113 0601 0106 0649 0111 0111 0108 0103 0102 0102 0095 0117 //// 10222 ///// ///// ////
000000000000000000000000000000000000000000000000000000000000000000000000000000000000000000000000000000000000000000000000=
57173 334500 1125300 01457 01468 4
20100324070000 315 041 317 046 316 049 0659 302 048 329 087 0658 0000 0139 0141 0625 0136 0649 034 033 0634 054 -017 10039 10042 0630 10039 0700 0137 0153 0608 0135 0647 0111 0133 0601 0111 0700 0123 0120 0114 0107 0103 0103 0103 0134 //// 10218 ///// ///// ////
000000000000000000000000000000000000000000000000000000000000000000000000000000000000000000000000000000000000000000000000=
57180 335900 1131200 01175 01186 4
20100324070000 293 031 293 036 291 046 0634 310 023 313 072 0630 0000 0138 0138 0700 0137 0609 037 036 0651 058 -006 10071 10073 0640 10070 0607 0133 0156 0602 0133 0700 0123 0164 0602 0123 0700 0140 0133 0118 0107 0100 0098 0100 0130 //// 10216 ///// ///// ////
000000000000000000000000000000000000000000000000000000000000000000000000000000000000000000000000000000000000000000000000=
57181 335300 1130300 01364 01380 4
20100324070000 323 056 326 040 323 048 0601 322 105 322 105 0700 0000 0128 0131 0622 0128 0700 046 046 0700 068 0015 10052 10057 0646 10052 0700 0121 0139 0618 0121 0700 0116 0136 0614 0116 0700 0127 0121 0114 0108 0101 0100 0101 0129 //// 10221 ///// ///// ////
000000000000000000000000000000000000000000000000000000000000000000000000000000000000000000000000000000000000000000000000=
57171 334600 1130700 01420 01430 4
20100324070000 314 056 311 055 309 058 0649 309 055 314 082 0620 0000 0134 0134 0700 0132 0601 046 044 0612 071 0020 10041 10044 0637 10041 0700 0130 0139 0617 0130 0700 0112 0131 0601 0112 0700 0120 0118 0113 0109 0108 0112 0113 0124 //// 10215 ///// ///// ////
000000000000000000000000000000000000000000000000000000000000000000000000000000000000000000000000000000000000000000000000=
57175 330300 1121400 01914 01922 4
20100324070000 272 017 283 012 278 042 0603 268 017 271 057 0602 0000 0109 0109 0700 0107 0604 071 070 0641 093 0059 09996 10002 0601 09995 0655 0111 0112 0657 0106 0603 0116 0118 0623 0113 0642 0118 0117 0113 0111 0107 0108 0110 0138 //// 10231 ///// ///// ////
000000000000000000000000000000000000000000000000000000000000000000000000000000000000000000000000000000000000000000000000=
57156 331800 1113000 02503 02523 4
20100324070000 318 022 322 017 325 019 0654 288 050 288 050 0700 0000 0114 0114 0700 0107 0643 050 050 0700 067 0014 09926 09928 0601 09924 0646 0090 0102 0610 0090 0700 0109 0123 0601 0108 0652 0111 0107 0105 0104 0104 0111 0116 0142 //// 10233 ///// ///// ////
000000000000000000000000000000000000000000000000000000000000000000000000000000000000000000000000000000000000000000000000=
57271 323300 1122300 00879 00897 4
20100324070000 300 026 296 025 295 050 0615 285 030 299 077 0613 0000 0104 0104 0638 0104 0621 074 073 0649 093 0060 10122 10125 0603 10122 0658 0111 0112 0604 0107 0645 0111 0114 0604 0109 0646 0110 0111 0109 0109 0103 0107 0113 0139 //// 10232 ///// ///// ////
000000000000000000000000000000000000000000000000000000000000000000000000000000000000000000000000000000000000000000000000=
57261 330700 1113100 02330 02345 4
20100324070000 134 013 174 012 116 016 0602 132 020 132 020 0700 0000 0111 0111 0700 0110 0635 058 057 0657 077 0032 09940 09942 0601 09937 0648 0107 0118 0601 0107 0700 0106 0112 0601 0106 0700 0107 0109 0108 0107 0116 0123 0127 //// //// 10226 ///// ///// ////
000000000000000000000000000000000000000000000000000000000000000000000000000000000000000000000000000000000000000000000000=
57285 322300 1132500 01530 01492 4
20100324070000 000 000 354 005 042 008 0602 344 003 029 012 0654 0000 0097 0097 0643 0093 0605 071 069 0629 085 0047 10047 10049 0657 10044 0601 0116 0128 0629 0106 0603 0118 0123 0629 0115 0603 0111 0106 0103 0102 0105 0109 0109 0135 //// ///// ///// ///// ////
////////////////////////////////////////////////////////////////////////////////////////////////////////////////////////=
57273 324100 1125100 01095 01105 4
20100324070000 314 031 305 029 299 037 0632 302 022 291 058 0622 0000 0105 0106 0621 0105 0637 068 062 0614 086 0049 10094 10099 0613 10094 0659 0112 0113 0654 0108 0614 0113 0117 0601 0112 0636 0115 0115 0110 0108 0111 0111 0111 0136 //// 10230 ///// ///// ////
000000000000000000000000000000000000000000000000000000000000000000000000000000000000000000000000000000000000000000000000=
57187 330400 1125600 01180 01193 4
20100324070000 272 017 276 017 268 033 0621 282 021 251 049 0610 0000 0107 0107 0700 0106 0620 068 067 0647 087 0050 10074 10078 0620 10074 0700 0120 0127 0644 0116 0621 0126 0132 0601 0125 0623 0123 0112 0111 0109 0112 0111 0108 0132 //// 10221 ///// ///// ////
000000000000000000000000000000000000000000000000000000000000000000000000000000000000000000000000000000000000000000000000=
57178 330200 1123500 01292 01305 4
20100324070000 289 030 277 024 262 030 0606 290 030 256 058 0606 0000 0113 0113 0700 0110 0601 063 058 0606 084 0045 10067 10075 0604 10067 0700 0128 0130 0626 0116 0601 0116 0116 0658 0111 0609 0114 0113 0108 0104 0110 0109 0109 0132 0000 10227 ///// ///// ////
000000000000000000000000000000000000000000000000000000000000000000000000000000000000000000000000000000000000000000000000
160 010 000 /// //// //////////////////////// /// //// 6///1 0//// 7//// 1//// 2//// 3//// /// /// /// // 911// 915// 919// 934// 939//=
57169 330300 1115200 01591 01600 4
20100324070000 287 011 294 015 284 024 0610 257 013 299 037 0608 0000 0113 0113 0647 0111 0601 067 066 0645 090 0054 10035 10038 0602 10035 0659 0100 0103 0624 0099 0659 0111 0119 0623 0111 0700 0114 0113 0112 0109 0105 0106 0107 0133 //// 10231 ///// ///// ////
000000000000000000000000000000000000000000000000000000000000000000000000000000000000000000000000000000000000000000000000=
57176 332900 1122500 02311 02304 4
20100324070000 154 016 126 016 163 023 0612 156 015 125 036 0628 0000 0114 0121 0602 0114 0700 051 042 0601 069 0016 09945 09952 0620 09945 0652 0116 0133 0602 0116 0700 0110 0127 0601 0110 0659 0118 0118 0115 0112 0111 0113 0112 0130 //// 10225 ///// ///// ////
000000000000000000000000000000000000000000000000000000000000000000000000000000000000000000000000000000000000000000000000=
57179 331700 1130000 01604 01616 4
20100324070000 236 015 246 022 247 038 0634 246 020 246 060 0630 0000 0104 0107 0601 0104 0700 073 072 0601 092 0058 10032 10036 0635 10031 0604 0105 0116 0601 0105 0700 0111 0124 0601 0111 0700 0116 0112 0107 0104 0103 0104 0104 0132 //// 10230 ///// ///// ////
000000000000000000000000000000000000000000000000000000000000000000000000000000000000000000000000000000000000000000000000=
57274 324200 1120700 01076 01088 4
20100324070000 262 021 273 025 274 038 0603 254 018 285 073 0603 0000 0106 0106 0656 0102 0601 065 064 0616 083 0043 10096 10100 0605 10095 0633 0117 0121 0653 0114 0614 0114 0117 0653 0111 0614 0112 0110 0112 0113 0116 0117 0115 0140 //// 10230 ///// ///// ////
000000000000000000000000000000000000000000000000000000000000000000000000000000000000000000000000000000000000000000000000=
57065 343000 1121100 01949 01964 4
20100324070000 280 057 279 049 275 051 0650 271 052 279 102 0659 0000 0142 0145 0601 0141 0628 024 021 0645 039 -061 09985 09989 0639 09985 0655 0114 0118 0642 0113 0627 0147 0154 0641 0147 0700 0129 0121 0113 0108 0100 0103 0110 0138 //// 10223 ///// ///// ////
000000000000000000000000000000000000000000000000000000000000000000000000000000000000000000000000000000000000000000000000=
57074 342500 1122500 01973 01989 4
20100324070000 268 022 279 021 304 026 0631 293 015 299 054 0627 0000 0143 0147 0604 0143 0700 029 026 0629 047 -035 09981 09984 0645 09981 0700 0142 0152 0601 0142 0700 0140 0151 0601 0140 0700 0129 0121 0113 0107 0104 0103 0102 0125 //// 10222 ///// ///// ////
000000000000000000000000000000000000000000000000000000000000000000000000000000000000000000000000000000000000000000000000=
57076 344400 1124700 01895 01901 4
20100324070000 232 020 239 019 253 032 0601 228 022 245 037 0640 0000 0135 0135 0700 0133 0601 033 031 0613 051 -024 09987 09988 0655 09984 0609 0135 0135 0631 0131 0650 0146 0148 0630 0143 0613 0124 0114 0101 0094 0090 0089 0089 0120 //// 10218 ///// ///// ////
000000000000000000000000000000000000000000000000000000000000000000000000000000000000000000000000000000000000000000000000=
57070 344400 1120700 03640 03595 4
20100324070000 312 067 309 064 313 079 0601 316 078 302 108 0601 0000 0126 0129 0610 0126 0700 029 027 0601 042 -050 09791 09793 0639 09791 0647 0129 0138 0601 0129 0700 0128 0144 0601 0128 0700 0113 0105 0097 0092 0091 0091 0094 0122 //// 10223 ///// ///// ////
000000000000000000000000000000000000000000000000000000000000000000000000000000000000000000000000000000000000000000000000=
57162 340900 1120500 03258 03275 4
20100324070000 197 008 317 012 326 022 0616 094 009 359 048 0615 0000 0127 0129 0601 0127 0700 029 028 0601 043 -049 09832 09840 0605 09832 0700 0121 0129 0601 0118 0657 0109 0116 0601 0108 0645 0115 0112 0106 0100 0096 0097 0101 0132 //// 10227 ///// ///// ////
000000000000000000000000000000000000000000000000000000000000000000000000000000000000000000000000000000000000000000000000=
57078 340900 1122800 03365 03340 4
20100324070000 301 058 299 063 303 067 0601 302 040 302 107 0638 0000 0126 0129 0606 0126 0700 027 026 0613 039 -059 09824 09825 0629 09822 0642 0124 0133 0609 0124 0658 0086 0097 0610 0086 0700 0100 0104 0100 0095 0096 0098 0096 0118 //// 10227 ///// ///// ////
000000000000000000000000000000000000000000000000000000000000000000000000000000000000000000000000000000000000000000000000=
57071 344900 1122600 03333 03332 4
20100324070000 229 044 228 046 225 057 0649 226 059 243 093 0635 0000 0128 0133 0615 0128 0700 026 024 0643 038 -062 09821 09821 0651 09818 0611 0131 0146 0615 0131 0700 0133 0151 0615 0133 0700 0120 0109 0100 0094 0089 0089 0091 0119 //// 10222 ///// ///// ////
000000000000000000000000000000000000000000000000000000000000000000000000000000000000000000000000000000000000000000000000=
57066 342300 1114000 03283 03298 4
20100324070000 281 012 320 018 331 025 0642 305 011 330 053 0631 0000 0126 0128 0630 0126 0612 026 026 0656 038 -064 09835 09845 0615 09835 0700 0127 0134 0630 0124 0645 0132 0138 0630 0131 0645 0116 0107 0100 0094 0092 0091 0090 0116 //// 10233 ///// ///// ////
000000000000000000000000000000000000000000000000000000000000000000000000000000000000000000000000000000000000000000000000=
57077 334700 1113900 07424 07388 4
20100324070000 303 017 189 008 295 034 0601 324 025 293 050 0601 0000 0078 0082 0601 0078 0624 051 046 0601 054 -017 09367 09378 0601 09365 0643 0081 0084 0637 0075 0603 0083 0084 0637 0076 0601 0085 0084 0079 0075 0082 0087 0091 0116 //// 10248 ///// ///// ////
000000000000000000000000000000000000000000000000000000000000000000000000000000000000000000000000000000000000000000000000=
57185 332700 1133500 00911 00921 4
20100324070000 249 017 260 019 272 028 0645 245 017 268 038 0632 0000 0112 0116 0601 0112 0700 070 064 0603 093 0059 10114 10115 0653 10107 0601 0136 0154 0601 0135 0652 0139 0157 0601 0139 0659 0131 0119 0110 0097 0105 0104 0100 0123 //// 10227 ///// ///// ////
000000000000000000000000000000000000000000000000000000000000000000000000000000000000000000000000000000000000000000000000=
57186 333600 1140300 00587 00598 4
20100324070000 288 016 289 015 286 019 0644 299 017 274 026 0640 0000 0122 0126 0602 0121 0637 066 054 0604 094 0060 10150 10150 0700 10140 0602 0149 0183 0608 0148 0643 0157 0186 0609 0157 0700 0147 0130 0115 0109 0104 0102 0101 0133 //// 10223 ///// ///// ////
000000000000000000000000000000000000000000000000000000000000000000000000000000000000000000000000000000000000000000000000=
57094 342400 1141300 00674 00685 4
20100324070000 214 014 215 016 214 018 0655 192 014 223 026 0654 0000 0132 0138 0601 0132 0700 052 047 0604 079 0036 10131 10131 0700 10119 0606 0147 0190 0601 0147 0700 0156 0204 0601 0156 0700 0153 0139 0124 0110 0097 0095 0090 0116 //// 10215 ///// ///// ////
000000000000000000000000000000000000000000000000000000000000000000000000000000000000000000000000000000000000000000000000=
57191 342900 1142900 00634 00642 4
20100324070000 174 013 204 012 333 013 0623 147 011 184 024 0658 0000 0138 0142 0607 0138 0700 041 032 0610 065 0008 10141 10141 0700 10130 0612 0147 0176 0603 0147 0700 0152 0189 0601 0152 0700 0141 0127 0113 0102 0095 0092 0094 0124 //// 10220 ///// ///// ////
000000000000000000000000000000000000000000000000000000000000000000000000000000000000000000000000000000000000000000000000=
57096 343200 1144700 00597 00607 4
20100324070000 236 015 225 016 216 019 0652 256 026 170 038 0601 0000 0134 0137 0645 0133 0628 033 031 0602 051 -025 10137 10137 0700 10128 0601 0161 0188 0644 0156 0657 0192 0236 0601 0191 0659 0182 0152 0122 0108 0101 0098 0100 0128 //// 10211 ///// ///// ////
000000000000000000000000000000000000000000000000000000000000000000000000000000000000000000000000000000000000000000000000=
57093 345100 1144900 00733 00740 4
20100324070000 317 009 307 012 329 023 0619 333 008 341 042 0616 0000 0139 0146 0608 0139 0700 035 030 0611 056 -013 10119 10119 0700 10113 0601 0162 0192 0606 0162 0654 0195 0259 0601 0195 0700 0181 0151 0123 0104 0092 0089 0092 0121 //// 10209 ///// ///// ////
000000000000000000000000000000000000000000000000000000000000000000000000000000000000000000000000000000000000000000000000=
57091 344700 1141800 00737 00748 4
20100324070000 300 024 305 027 308 028 0658 284 024 026 041 0621 0000 0141 0147 0601 0141 0700 033 030 0631 053 -019 10120 10121 0650 10112 0602 0140 0181 0609 0140 0700 0170 0225 0601 0170 0700 0172 0145 0122 0103 0101 0100 0100 0123 //// 10211 ///// ///// ////
000000000000000000000000000000000000000000000000000000000000000000000000000000000000000000000000000000000000000000000000=
53978 350500 1123800 01401 01409 4
20100324070000 318 045 319 039 316 046 0634 355 026 310 084 0625 0000 0152 0158 0616 0152 0659 022 021 0659 038 -064 10042 10042 0700 10037 0606 0146 0171 0614 0146 0700 0149 0172 0614 0149 0700 0141 0128 0115 0107 0092 0092 0096 0125 //// 10213 ///// ///// ////
000000000000000000000000000000000000000000000000000000000000000000000000000000000000000000000000000000000000000000000000=
53984 351400 1132800 00827 00837 4
20100324070000 218 021 218 019 218 019 0700 220 022 226 028 0655 0000 0130 0134 0605 0129 0639 048 045 0618 072 0023 10107 10109 0601 10104 0634 0142 0176 0601 0142 0700 0157 0193 0601 0157 0700 0136 0122 0107 0103 0096 0094 0094 0120 //// 10209 ///// ///// ////
000000000000000000000000000000000000000000000000000000000000000000000000000000000000000000000000000000000000000000000000=
53987 350600 1132500 00910 00918 4
20100324070000 227 017 221 017 221 017 0659 302 014 293 030 0602 0000 0139 0139 0654 0137 0601 046 045 0622 073 0025 10098 10101 0605 10096 0635 0152 0162 0601 0149 0631 0155 0175 0601 0155 0700 0143 0131 0120 0111 0099 0098 0099 0127 //// 10210 ///// ///// ////
000000000000000000000000000000000000000000000000000000000000000000000000000000000000000000000000000000000000000000000000=
57079 345700 1130200 01064 01069 4
20100324070000 246 035 245 038 261 046 0601 240 035 241 051 0656 0000 0133 0135 0626 0133 0700 042 039 0633 064 0007 10078 10080 0601 10075 0624 0137 0146 0630 0137 0700 0137 0146 0632 0137 0700 0120 0111 0104 0099 0096 0095 0094 0120 //// 10208 ///// ///// ////
000000000000000000000000000000000000000000000000000000000000000000000000000000000000000000000000000000000000000000000000=
53972 350700 1125500 01196 01210 4
20100324070000 244 014 251 015 244 022 0604 268 009 243 035 0603 0000 0151 0151 0700 0147 0601 037 033 0628 063 0005 10063 10064 0601 10061 0612 0146 0165 0622 0146 0700 0161 0178 0623 0161 0700 0144 0131 0121 0112 0098 0098 0108 0136 //// 10210 ///// ///// ////
000000000000000000000000000000000000000000000000000000000000000000000000000000000000000000000000000000000000000000000000=
57072 345500 1124500 01275 01285 4
20100324070000 254 023 250 024 246 027 0601 268 024 262 040 0634 0000 0145 0146 0629 0141 0601 032 028 0623 053 -020 10059 10059 0700 10055 0616 0149 0160 0632 0148 0659 0140 0153 0625 0140 0700 0127 0114 0103 0096 0088 0086 0086 0113 //// 10216 ///// ///// ////
000000000000000000000000000000000000000000000000000000000000000000000000000000000000000000000000000000000000000000000000=
53982 351400 1131600 01120 01135 4
20100324070000 174 014 175 015 192 020 0618 171 014 192 029 0612 0000 0137 0137 0700 0135 0601 044 041 0601 069 0017 10068 10070 0607 10065 0626 0144 0157 0601 0144 0700 0163 0191 0601 0163 0700 0144 0131 0117 0110 0098 0097 0100 0131 //// 10206 ///// ///// ////
000000000000000000000000000000000000000000000000000000000000000000000000000000000000000000000000000000000000000000000000=
53979 350900 1130500 01200 01211 4
20100324070000 217 021 215 019 217 023 0630 216 023 222 041 0628 0000 0148 0149 0646 0146 0628 043 036 0641 072 0024 10063 10064 0601 10059 0624 0155 0170 0601 0155 0700 0168 0196 0601 0168 0700 0144 0125 0113 0106 0098 0098 0103 0131 //// 10210 ///// ///// ////
000000000000000000000000000000000000000000000000000000000000000000000000000000000000000000000000000000000000000000000000=
53992 353900 1143100 00582 00592 4
20100324070000 194 011 201 011 260 016 0614 209 011 269 024 0613 0000 0137 0139 0619 0136 0648 044 043 0648 069 0017 10127 10133 0601 10127 0700 0148 0186 0601 0147 0657 0148 0184 0601 0148 0700 0139 0118 0106 0095 0084 0081 0087 0121 //// 10199 ///// ///// ////
000000000000000000000000000000000000000000000000000000000000000000000000000000000000000000000000000000000000000000000000=
53974 353700 1141100 00723 00739 4
20100324070000 141 017 149 016 149 016 0700 142 012 164 026 0659 0000 0141 0145 0610 0141 0700 042 037 0604 068 0014 10114 10116 0602 10112 0652 0149 0204 0607 0148 0653 0163 0207 0607 0163 0700 0149 0131 0116 0106 0091 0090 0096 0124 //// 10204 ///// ///// ////
000000000000000000000000000000000000000000000000000000000000000000000000000000000000000000000000000000000000000000000000=
53990 354300 1141900 00795 00805 4
20100324070000 195 022 168 019 126 020 0652 198 023 125 027 0650 0000 0136 0142 0605 0136 0700 051 042 0601 079 0037 10103 10109 0601 10101 0646 0152 0179 0601 0150 0645 0175 0228 0607 0175 0700 0145 0125 0106 0099 0092 0083 0082 0110 //// 10201 ///// ///// ////
000000000000000000000000000000000000000000000000000000000000000000000000000000000000000000000000000000000000000000000000=
53991 355600 1142100 00743 00753 4
20100324070000 110 012 104 013 104 013 0700 085 009 043 021 0622 0000 0138 0145 0611 0138 0700 041 034 0614 065 0008 10108 10115 0601 10107 0644 0144 0176 0602 0144 0659 0154 0195 0602 0154 0700 0140 0122 0102 0098 0087 0083 0087 0118 //// 10200 ///// ///// ////
000000000000000000000000000000000000000000000000000000000000000000000000000000000000000000000000000000000000000000000000=
53993 355600 1145500 00516 00524 4
20100324070000 251 018 250 016 268 021 0607 239 019 250 033 0606 0000 0138 0139 0633 0136 0611 040 040 0700 063 0004 10133 10139 0601 10133 0700 0152 0172 0620 0152 0700 0161 0194 0601 0161 0700 0141 0117 0097 0087 0082 0074 0074 0108 //// 10197 ///// ///// ////
000000000000000000000000000000000000000000000000000000000000000000000000000000000000000000000000000000000000000000000000=
53889 360400 1134900 03068 03086 4
20100324070000 212 013 230 012 133 017 0616 210 018 244 022 0651 0000 0133 0138 0602 0133 0700 030 029 0601 046 -039 09831 09833 0605 09829 0616 0148 0162 0601 0143 0631 0157 0187 0601 0154 0643 0135 0126 0116 0107 0078 0074 0087 0098 //// 10203 ///// ///// ////
000000000000000000000000000000000000000000000000000000000000000000000000000000000000000000000000000000000000000000000000=
53995 353300 1143000 00625 00645 4
20100324070000 228 004 270 006 249 016 0614 170 003 243 026 0611 0000 0139 0142 0646 0139 0700 038 036 0630 060 -002 10123 10127 0609 10123 0657 0153 0199 0607 0153 0659 0184 0234 0601 0184 0700 0172 0146 0122 0107 0090 0086 0086 0116 //// 10202 ///// ///// ////
000000000000000000000000000000000000000000000000000000000000000000000000000000000000000000000000000000000000000000000000=
53898 360300 1142400 00629 00638 4
20100324070000 111 013 103 012 099 017 0649 094 018 088 027 0607 0000 0137 0144 0618 0137 0700 041 039 0612 064 0007 10119 10126 0602 10119 0649 0162 0200 0606 0161 0653 0157 0190 0605 0157 0700 0138 0121 0106 0097 0076 0074 0084 0116 //// 10197 ///// ///// ////
000000000000000000000000000000000000000000000000000000000000000000000000000000000000000000000000000000000000000000000000=
NNNN
