57090 344300 1135800 00781 00802 4
20100503060000 188 036 181 033 158 042 0522 246 044 161 094 0518 0000 0313 0316 0534 0308 0553 048 044 0520 219 0190 09948 09953 0503 09946 0545 0389 0431 0528 0356 0552 0498 0548 0533 0470 0553 0337 0285 0250 0229 0196 0162 0131 0132 //// 10039 ///// ///// ////
000000000000000000000000000000000000000000000000000000000000000000000000000000000000000000000000000000000000000000000000
220 10- 000 000 //// /////////////////////CIE 002 0000 6///1 0//// 7//// 1//// 2//// 3//// /// /// /// // 911// 915// 919// 934// 939//=
57083 344300 1133900 01104 01116 4
20100503060000 181 053 163 045 170 055 0531 192 056 169 077 0516 0000 0317 0318 0509 0314 0545 043 039 0503 201 0176 09905 09910 0501 09905 0600 0474 0520 0505 0426 0533 0455 0488 0502 0426 0533 0321 0281 0247 0223 0168 0144 0128 0130 0003 10031 ///// ///// ////
000000000000000000000000000000000000000000000000000000000000000000000000000000000000000000000000000000000000000000000000
160 010 000 000 //// /////////////////////CSI 007 0000 6///1 0//// 7//// 1//// 20235 3//// /// /// /// // 911// 915// 919// 934// 939//=
57086 342300 1134300 01166 01168 4
20100503060000 179 043 176 052 183 059 0502 192 071 178 096 0530 0000 0298 0301 0534 0297 0503 053 050 0501 222 0192 09908 09912 0501 09908 0534 0331 0360 0511 0331 0553 0431 0481 0506 0431 0600 0329 0277 0238 0214 0181 0145 0124 0124 //// 10041 ///// ///// ////
000000000000000000000000000000000000000000000000000000000000000000000000000000000000000000000000000000000000000000000000
180 010 000 000 //// /////////////////////CSI 007 0000 6///1 0//// 7//// 1//// 2//// 3//// /// /// /// // 911// 915// 919// 934// 939//=
57085 343200 1132000 02599 02648 4
20100503060000 143 042 158 043 158 043 0600 113 046 184 072 0509 0000 0300 0304 0522 0300 0537 047 046 0510 199 0175 09736 09743 0509 09736 0600 0357 0390 0502 0352 0537 0419 0459 0501 0417 0541 0332 0274 0238 0212 0187 0153 0127 0129 //// 10034 ///// ///// ////
000000000000000000000000000000000000000000000000000000000000000000000000000000000000000000000000000000000000000000000000
150 010 000 000 6000 /////////////////////CSE 007 0000 6///1 0//// 7//// 1//// 2//// 3//// /// /// /// // 911// 915// 919// 934// 939//=
57081 344800 1132600 01409 01419 4
20100503060000 143 039 147 035 117 038 0541 170 030 136 071 0555 0000 0317 0319 0508 0312 0518 037 036 0514 173 0152 09866 09874 0502 09866 0559 0405 0420 0544 0382 0514 0441 0463 0502 0431 0515 0333 0286 0251 0218 0165 0145 0127 0122 //// 10026 ///// ///// ////
000000000000000000000000000000000000000000000000000000000000000000000000000000000000000000000000000000000000000000000000
180 007 000 000 //// /////////////////////CIE 002 0000 6///1 0//// 7//// 1//// 2//// 3//// /// /// /// // 911// 915// 919// 934// 939//=
57084 343000 1130300 11784 11790 4
20100503060000 243 049 234 045 223 048 0552 260 052 221 078 0549 0000 0231 0240 0501 0228 0553 059 055 0501 167 0147 08769 08774 0501 08769 0600 0262 0299 0530 0258 0550 0396 0465 0501 0396 0600 0313 0265 0220 0190 0137 //// //// //// //// 10042 ///// ///// ////
000000000000000000000000000000000000000000000000000000000000000000000000000000000000000000000000000000000000000000000000
120 010 000 002 3200 //////////////////CSIACR 037 0000 6///1 0//// 7//// 1//// 2//// 3//// /// /// /// // 911// 915// 919// 934// 939//=
57080 344400 1125800 01652 01661 4
20100503060000 025 034 039 031 037 041 0541 040 014 063 070 0539 0000 0298 0300 0532 0296 0503 055 055 0515 231 0198 09838 09842 0506 09838 0600 0326 0360 0531 0325 0506 0433 0469 0532 0433 0600 0331 0282 0242 0219 0166 0137 0120 0124 //// 10027 ///// ///// ////
000000000000000000000000000000000000000000000000000000000000000000000000000000000000000000000000000000000000000000000000
100 010 000 000 6000 /////////////////////CSI 007 0000 6///1 0//// 7//// 1//// 2//// 3//// /// /// /// // 911// 915// 919// 934// 939//=
57082 342800 1130100 04271 04284 4
20100503060000 177 038 178 038 172 044 0555 178 056 175 082 0551 0000 0295 0299 0527 0292 0552 039 037 0527 161 0141 09560 09564 0502 09559 0541 0345 0386 0501 0340 0546 0431 0474 0501 0424 0552 0330 0293 0257 0232 0178 0149 0127 //// //// 10038 ///// ///// ////
000000000000000000000000000000000000000000000000000000000000000000000000000000000000000000000000000000000000000000000000
120 010 000 002 4000 //////////////////CSIACR 037 0000 6///1 0//// 7//// 1//// 2//// 3//// /// /// /// // 911// 915// 919// 934// 939//=
57290 330000 1140100 00827 00838 4
20100503060000 057 026 067 027 078 029 0556 085 024 111 101 0512 0000 0326 0328 0548 0322 0505 039 036 0523 192 0169 09952 09961 0502 09951 0556 0411 0432 0551 0390 0507 0507 0526 0552 0479 0513 0337 0284 0247 0227 0179 0151 0132 0135 //// 10047 ///// ///// ////
000000000000000000000000000000000000000000000000000000000000000000000000000000000000000000000000000000000000000000000000
150 002 000 000 6000 /////////////////////CIE 002 0000 6///1 0//// 7//// 1//// 20214 3//// /// /// /// // 911// 915// 919// 934// 939//=
57295 323700 1142100 00785 00802 4
20100503060000 188 037 187 038 183 039 0524 234 020 178 077 0536 0000 0331 0331 0558 0322 0513 037 036 0559 187 0165 09961 09972 0501 09961 0600 0522 0532 0558 0479 0532 0529 0529 0559 0483 0535 0345 0277 0245 0222 0173 0150 0131 0132 //// 10052 ///// ///// ////
000000000000000000000000000000000000000000000000000000000000000000000000000000000000000000000000000000000000000000000000
250 005 000 000 //// /////////////////////CII 001 0000 6///1 0//// 7//// 1//// 2//// 3//// /// /// /// // 911// 915// 919// 934// 939//=
57188 332200 1140200 00559 00568 4
20100503060000 153 051 157 049 153 059 0539 167 035 144 087 0534 0000 0306 0312 0501 0303 0534 048 047 0536 211 0183 09981 09985 0501 09979 0542 0338 0365 0501 0335 0535 0465 0506 0501 0447 0535 0329 0276 0241 0216 0156 0136 0125 0134 //// 10046 ///// ///// ////
000000000000000000000000000000000000000000000000000000000000000000000000000000000000000000000000000000000000000000000000
300 10- 000 000 7500 /////////////////////CIE 002 0000 6///1 0//// 7//// 1//// 2//// 3//// /// /// /// // 911// 915// 919// 934// 939//=
57293 324400 1145900 00380 00391 4
20100503060000 176 031 175 032 181 044 0501 179 041 192 074 0511 0000 0312 0315 0501 0310 0517 047 044 0517 214 0186 10012 10024 0505 10012 0600 0388 0422 0507 0387 0518 0463 0517 0501 0463 0600 0346 0292 0255 0224 0193 0163 0138 0136 //// 10057 ///// ///// ////
000000000000000000000000000000000000000000000000000000000000000000000000000000000000000000000000000000000000000000000000
300 008 000 000 6000 /////////////////////CIE 002 0000 6///1 0//// 7//// 1//// 2//// 3//// /// /// /// // 911// 915// 919// 934// 939//=
57189 330800 1135700 00646 00655 4
20100503060000 154 038 160 038 171 041 0529 167 053 167 078 0549 0000 0315 0317 0548 0312 0513 052 050 0501 240 0205 09971 09977 0503 09970 0555 0311 0315 0555 0303 0511 0451 0463 0541 0446 0511 0324 0280 0250 0227 0162 0141 0126 0128 //// 10046 ///// ///// ////
000000000000000000000000000000000000000000000000000000000000000000000000000000000000000000000000000000000000000000000000
160 010 000 000 6600 /////////////////////CSI 007 0000 6///1 0//// 7//// 1//// 2//// 3//// /// /// /// // 911// 915// 919// 934// 939//=
57194 331700 1141600 00598 00609 4
20100503060000 178 044 176 045 173 051 0528 128 015 187 091 0528 0000 0309 0311 0502 0304 0529 044 044 0558 197 0172 09978 09986 0502 09977 0542 0389 0413 0502 0349 0546 0451 0497 0501 0411 0546 0307 0271 0240 0218 0163 0140 0124 0128 //// 10047 ///// ///// ////
000000000000000000000000000000000000000000000000000000000000000000000000000000000000000000000000000000000000000000000000
200 10- 000 000 5000 /////////////////////CIE 002 0000 6///1 0//// 7//// 1//// 2//// 3//// /// /// /// // 911// 915// 919// 934// 939//=
57197 330000 1142000 00489 00545 4
20100503060000 173 035 180 036 196 048 0501 173 035 192 086 0521 0000 0314 0314 0600 0309 0534 054 049 0501 248 0210 09987 09996 0502 09987 0554 0422 0422 0600 0393 0523 0498 0498 0600 0474 0533 0301 0267 0235 0214 0174 0150 0129 0129 //// 10050 ///// ///// ////
000000000000000000000000000000000000000000000000000000000000000000000000000000000000000000000000000000000000000000000000
200 10- 000 000 5700 /////////////////////CIE 002 0000 6///1 0//// 7//// 1//// 2//// 3//// /// /// /// // 911// 915// 919// 934// 939//=
57294 325000 1140100 00836 00846 4
20100503060000 198 038 198 052 200 054 0559 218 032 175 104 0554 0000 0322 0322 0600 0313 0515 041 040 0538 197 0173 09950 09958 0501 09950 0559 0387 0413 0534 0373 0515 0463 0489 0550 0456 0515 0316 0266 0231 0209 0168 0149 0128 0126 //// 10046 ///// ///// ////
000000000000000000000000000000000000000000000000000000000000000000000000000000000000000000000000000000000000000000000000
200 006 000 000 5000 /////////////////////CIE 002 0000 6///1 0//// 7//// 1//// 2//// 3//// /// /// /// // 911// 915// 919// 934// 939//=
57292 325800 1143800 00444 00453 4
20100503060000 161 034 161 036 185 051 0518 156 037 187 082 0510 0000 0315 0316 0557 0312 0522 050 047 0518 231 0198 10002 10015 0504 10002 0558 0367 0384 0515 0354 0547 0449 0463 0517 0440 0544 0322 0277 0242 0223 0187 0155 0134 0135 //// 10054 ///// ///// ////
000000000000000000000000000000000000000000000000000000000000000000000000000000000000000000000000000000000000000000000000
300 008 000 000 5000 /////////////////////CIE 002 0000 6///1 0//// 7//// 1//// 2//// 3//// /// /// /// // 911// 915// 919// 934// 939//=
57281 324200 1131800 01422 01431 4
20100503060000 193 021 181 026 168 042 0513 158 017 170 078 0519 0000 0325 0328 0505 0323 0520 041 038 0512 201 0176 09884 09890 0501 09884 0556 0420 0449 0523 0414 0550 0473 0507 0528 0473 0600 0336 0284 0248 0223 0173 0145 0130 0135 //// 10046 ///// ///// ////
000000000000000000000000000000000000000000000000000000000000000000000000000000000000000000000000000000000000000000000000
200 006 006 006 0700 //////////////////CUUFCB 100 0000 6///1 0//// 7//// 1//// 2//// 3//// /// /// /// // 911// 915// 919// 934// 939//=
57195 333700 1143700 00466 00476 4
20100503060000 259 021 240 021 230 036 0529 238 015 252 064 0511 0000 0326 0326 0600 0316 0501 043 043 0600 211 0184 09994 10004 0501 09994 0600 0392 0402 0553 0377 0501 0534 0543 0510 0520 0536 0368 0308 0261 0233 0178 0148 0130 0141 //// 10048 ///// ///// ////
000000000000000000000000000000000000000000000000000000000000000000000000000000000000000000000000000000000000000000000000=
57193 334700 1143100 00526 00541 4
20100503060000 180 028 175 030 177 038 0549 130 057 184 083 0540 0000 0316 0318 0524 0311 0503 044 042 0557 205 0179 09987 09997 0501 09987 0559 0362 0403 0522 0331 0548 0447 0450 0554 0427 0547 0337 0288 0254 0227 0178 0148 0132 0132 //// 10049 ///// ///// ////
000000000000000000000000000000000000000000000000000000000000000000000000000000000000000000000000000000000000000000000000
150 003 000 000 //// /////////////////////CIE 002 0000 6///1 0//// 7//// 1//// 20198 3//// /// /// /// // 911// 915// 919// 934// 939//=
58104 332400 1150400 00412 00425 4
20100503060000 206 052 202 053 203 058 0541 178 036 187 091 0506 0000 0311 0312 0548 0307 0501 047 046 0540 212 0185 10010 10019 0501 10010 0600 0406 0419 0548 0398 0554 0514 0525 0523 0511 0556 0367 0301 0252 0223 0190 0151 0128 0135 //// 10059 ///// ///// ////
000000000000000000000000000000000000000000000000000000000000000000000000000000000000000000000000000000000000000000000000
280 003 000 000 //// /////////////////////CII 001 //// 6///1 0//// 7//// 1//// 2//// 3//// /// /// /// // 911// 915// 919// 934// 939//=
58101 335200 1152900 00413 00428 4
20100503060000 201 022 194 035 201 040 0507 195 052 226 090 0533 0000 0319 0321 0551 0313 0501 042 042 0558 199 0174 10013 10023 0502 10013 0600 0421 0448 0514 0419 0506 0518 0536 0514 0518 0600 0336 0270 0228 0205 0166 0143 0126 0131 //// 10062 ///// ///// ////
000000000000000000000000000000000000000000000000000000000000000000000000000000000000000000000000000000000000000000000000
180 002 000 000 //// /////////////////////CIE 002 0000 6///1 0//// 7//// 1//// 2//// 3//// /// /// /// // 911// 915// 919// 934// 939//=
57098 340500 1142400 00583 00593 4
20100503060000 159 035 168 039 197 056 0528 082 035 209 087 0522 0000 0310 0311 0550 0305 0501 054 051 0511 243 0206 09974 09985 0501 09974 0600 0385 0398 0535 0376 0556 0378 0383 0535 0377 0558 0327 0279 0237 0213 0175 0146 0126 0130 //// 10042 ///// ///// ////
000000000000000000000000000000000000000000000000000000000000000000000000000000000000000000000000000000000000000000000000=
57190 334500 1142400 00505 00516 4
20100503060000 /// /// /// /// /// /// //// /// /// /// /// //// 0000 //// //// //// //// //// /// /// //// /// //// ///// ///// //// ///// //// //// //// //// //// //// //// //// //// //// //// //// //// //// //// //// //// //// //// //// ///// ///// ///// ////
000000000000000000000000000000000000000000000000000000000000000000000000000000000000000000000000000000000000000000000000
250 000 000 /// //// //////////////////////// /// //// 6///1 0//// 7//// 1//// 2//// 3//// /// /// /// // 911// 915// 919// 934// 939//=
57088 340900 1133000 01161 01177 4
20100503060000 193 051 197 048 218 061 0516 231 065 211 101 0513 0000 0314 0319 0510 0314 0600 044 040 0512 202 0177 09901 09907 0501 09901 0600 0341 0377 0509 0341 0600 0450 0538 0510 0450 0600 0359 0300 0252 0224 0160 0138 0128 0131 //// 10034 ///// ///// ////
000000000000000000000000000000000000000000000000000000000000000000000000000000000000000000000000000000000000000000000000=
57089 340200 1135200 00668 00681 4
20100503060000 185 016 185 018 188 025 0517 PPC 000 195 059 0558 0000 0320 0321 0555 0312 0513 045 045 0502 214 0186 09963 09969 0501 09963 0538 0380 0457 0504 0380 0600 0447 0508 0504 0447 0600 0333 0282 0247 0222 0170 0143 0128 0132 //// 10041 ///// ///// ////
000000000000000000000000000000000000000000000000000000000000000000000000000000000000000000000000000000000000000000000000
150 006 000 000 //// /////////////////////CIE 002 0000 6///1 0//// 7//// 1//// 20191 3//// /// /// /// // 911// 915// 919// 934// 939//=
57182 335100 1133000 00805 00814 4
20100503060000 201 044 206 042 201 055 0535 229 044 203 094 0522 0000 0318 0327 0527 0318 0600 046 042 0528 216 0188 09943 09949 0501 09943 0600 0381 0438 0506 0373 0554 0494 0593 0506 0491 0554 0356 0293 0251 0222 0186 0153 0134 0139 //// 10035 ///// ///// ////
000000000000000000000000000000000000000000000000000000000000000000000000000000000000000000000000000000000000000000000000=
57087 341200 1134800 00877 00885 4
20100503060000 192 025 192 034 180 044 0517 178 013 200 079 0504 0000 0311 0311 0600 0304 0504 048 047 0502 217 0188 09941 09947 0501 09941 0600 0378 0415 0530 0364 0556 0471 0535 0501 0469 0556 0334 0286 0245 0219 0165 0140 0125 0128 //// ///// ///// ///// ////
000000000000000000000000000000000000000000000000000000000000000000000000000000000000000000000000000000000000000000000000
280 000 000 /// //// //////////////////////// /// //// 6///1 0//// 7//// 1//// 2//// 3//// /// /// /// // 911// 915// 919// 934// 939//=
57297 320800 1140300 01145 01154 4
20100503060000 217 069 222 060 225 064 0547 220 074 215 110 0559 0000 0318 0321 0555 0314 0504 039 037 0545 183 0161 09924 09934 0503 09924 0600 0411 0438 0552 0383 0504 0512 0533 0552 0488 0504 0371 0312 0273 0245 0193 0166 0142 //// //// 10054 ///// ///// ////
000000000000000000000000000000000000000000000000000000000000000000000000000000000000000000000000000000000000000000000000
150 006 000 000 //// /////////////////////CIE 002 0000 6///1 0//// 7//// 1//// 20252 3//// /// /// /// // 911// 915// 919// 934// 939//=
58301 314900 1152300 00916 00929 4
20100503060000 201 046 199 055 194 069 0516 215 039 187 095 0510 0000 0338 0340 0550 0334 0501 020 016 0508 105 0077 09960 09969 0501 09960 0600 0369 0378 0552 0347 0512 0491 0505 0553 0468 0511 0343 0299 0265 0240 0202 0172 0140 0134 //// 10065 ///// ///// ////
000000000000000000000000000000000000000000000000000000000000000000000000000000000000000000000000000000000000000000000000
300 10- 000 000 5600 //////////////////CIECII 002 0000 6///1 0//// 7//// 1//// 2//// 3//// /// /// /// // 911// 915// 919// 934// 939//=
57298 321300 1143300 00554 00562 4
20100503060000 172 054 177 053 182 058 0551 211 050 189 083 0548 0000 0325 0326 0521 0320 0501 035 034 0524 171 0151 09992 10003 0501 09992 0600 0306 0311 0518 0301 0540 0463 0489 0518 0461 0551 0317 0268 0235 0215 0172 0148 0128 0138 //// 10056 ///// ///// ////
000000000000000000000000000000000000000000000000000000000000000000000000000000000000000000000000000000000000000000000000=
57390 314800 1140400 07335 07347 4
20100503060000 203 075 206 078 209 086 0558 181 037 208 181 0552 0000 0264 0271 0511 0264 0600 051 047 0502 175 0155 09256 09263 0501 09255 0556 0323 0342 0507 0314 0547 0423 0447 0510 0418 0548 0319 0268 0226 0199 0165 0136 //// //// //// 10066 ///// ///// ////
000000000000000000000000000000000000000000000000000000000000000000000000000000000000000000000000000000000000000000000000
200 008 002 002 1600 ///////////////CIICUUFCB 101 0000 6///1 0//// 7//// 1//// 2//// 3//// /// /// /// // 91120 91522 919// 934// 939//=
58208 321000 1153700 00429 00439 4
20100503060000 218 037 221 042 229 063 0501 236 036 225 090 0511 0000 0337 0338 0505 0333 0544 022 017 0511 115 0090 10014 10023 0501 10014 0600 0398 0402 0505 0371 0542 0468 0495 0509 0447 0542 0354 0309 0271 0244 0187 0163 0142 0142 //// 10064 ///// ///// ////
000000000000000000000000000000000000000000000000000000000000000000000000000000000000000000000000000000000000000000000000
200 10- 000 000 //// /////////////////////CIE 002 0000 6///1 0//// 7//// 1//// 20173 3//// /// /// /// // 911// 915// 919// 934// 939//=
53989 350300 1135700 00766 00777 4
20100503060000 149 018 169 017 155 023 0501 128 026 201 042 0527 0000 0308 0312 0503 0308 0600 048 045 0504 213 0185 09948 09955 0501 09948 0600 0334 0373 0501 0330 0558 0441 0522 0501 0440 0559 0336 0289 0249 0223 0172 0143 0124 0126 //// 10036 ///// ///// ////
000000000000000000000000000000000000000000000000000000000000000000000000000000000000000000000000000000000000000000000000
150 10- 000 004 3000 //////////////////CIEACR 032 //// 6///1 0//// 7//// 1//// 2//// 3//// /// /// /// // 911// 915// 919// 934// 939//=
53997 350900 1141100 00711 00723 4
20100503060000 195 031 191 030 164 039 0519 197 032 144 057 0512 0000 0307 0309 0530 0305 0546 048 042 0517 212 0184 09956 09963 0501 09955 0555 0394 0438 0510 0379 0550 0463 0506 0509 0442 0545 0323 0278 0235 0214 0163 0140 0122 0126 //// 10038 ///// ///// ////
000000000000000000000000000000000000000000000000000000000000000000000000000000000000000000000000000000000000000000000000=
53986 351900 1135300 00732 00740 4
20100503060000 076 030 074 031 092 037 0524 052 033 091 059 0515 0000 0295 0296 0539 0292 0530 063 062 0504 260 0217 09956 09964 0504 09956 0600 0356 0388 0512 0349 0548 0416 0465 0513 0415 0549 0297 0257 0228 0211 0175 0147 0126 0130 //// 10040 ///// ///// ////
000000000000000000000000000000000000000000000000000000000000000000000000000000000000000000000000000000000000000000000000
110 10- 000 000 //// //////////////////CIECII 002 0000 6///1 0//// 7//// 1//// 20195 3//// /// /// /// // 911// 915// 919// 934// 939//=
53985 352700 1134900 00964 00979 4
20100503060000 137 009 197 008 229 011 0501 024 011 139 022 0531 0000 0295 0301 0514 0295 0600 054 050 0501 223 0192 09928 09935 0501 09927 0559 0320 0377 0506 0320 0600 0377 0475 0503 0377 0600 0282 0253 0220 0203 0175 0142 0120 0122 //// ///// ///// ///// ////
000000000000000000000000000000000000000000000000000000000000000000000000000000000000000000000000000000000000000000000000
140 010 000 000 7300 /////////////////////CSE 007 0000 6///1 0//// 7//// 1//// 2//// 3//// /// /// /// // 911// 915// 919// 934// 939//=
53998 351200 1143900 00616 00625 4
20100503060000 172 038 165 040 158 046 0530 161 035 164 077 0533 0000 0309 0310 0543 0306 0508 045 043 0551 201 0176 09971 09983 0505 09971 0557 0410 0432 0514 0408 0553 0483 0501 0514 0481 0555 0332 0274 0233 0209 0184 0150 0124 0130 //// 10042 ///// ///// ////
000000000000000000000000000000000000000000000000000000000000000000000000000000000000000000000000000000000000000000000000
150 000 000 000 5800 /////////////////////CIE 002 0000 6///1 0//// 7//// 1//// 2//// 3//// /// /// /// // 911// 915// 919// 934// 939//=
57051 344800 1111200 04099 04117 4
20100503060000 092 038 096 037 099 043 0508 083 037 083 081 0505 0000 0293 0301 0505 0293 0600 047 042 0508 192 0168 09550 09555 0505 09549 0556 0322 0366 0501 0321 0559 0371 0431 0501 0371 0559 0290 0257 0233 0214 0177 0138 0120 0121 //// 10009 ///// ///// ////
000000000000000000000000000000000000000000000000000000000000000000000000000000000000000000000000000000000000000000000000
120 010 000 010 3800 /////////////////////ASP 02/ 0000 6///1 0//// 7//// 1//// 20195 3//// /// /// /// // 911// 915// 919// 934// 939//=
57063 344600 1114600 05236 05236 4
20100503060000 100 056 098 054 106 062 0543 099 069 097 097 0507 0000 0277 0284 0534 0276 0553 051 048 0536 189 0167 09441 09446 0507 09439 0547 0343 0403 0535 0325 0550 0402 0459 0535 0389 0549 0281 0239 0205 0185 0128 0115 0104 0111 //// 10028 ///// ///// ////
000000000000000000000000000000000000000000000000000000000000000000000000000000000000000000000000000000000000000000000000
080 10- 000 10- 3800 /////////////////////ACR 03/ 0500 6///1 0//// 7//// 1//// 2//// 3//// /// /// /// // 911// 915// 919// 934// 939//=
57067 340300 1110200 05688 05699 4
20100503060000 202 036 205 040 197 046 0519 203 043 220 086 0519 0000 0273 0289 0513 0273 0600 042 035 0527 152 0133 09384 09389 0507 09384 0600 0308 0394 0510 0304 0556 0351 0440 0513 0350 0557 0296 0253 0205 0224 0178 0155 0124 0125 //// 10020 ///// ///// ////
000000000000000000000000000000000000000000000000000000000000000000000000000000000000000000000000000000000000000000000000
150 10- 000 10- 3800 /////////////////////ACR 03/ 0000 6///1 0//// 7//// 1//// 20148 3//// /// /// /// // 911// 915// 919// 934// 939//=
57056 343200 1105300 03904 03909 4
20100503060000 218 031 203 025 218 040 0513 203 038 203 071 0531 0000 0319 0324 0510 0319 0600 031 029 0513 147 0127 09564 09570 0504 09564 0559 0349 0406 0508 0349 0546 0402 0460 0509 0402 0600 0329 0289 0249 0224 0157 0133 0118 0121 //// 09995 ///// ///// ////
000000000000000000000000000000000000000000000000000000000000000000000000000000000000000000000000000000000000000000000000
150 10- 000 10- 3400 /////////////////////ACR 03/ 0000 6///1 0//// 7//// 1//// 2//// 3//// /// /// /// // 911// 915// 919// 934// 939//=
58007 340400 1151800 00472 00532 4
20100503060000 190 035 179 030 177 043 0506 201 019 161 079 0540 0000 0315 0315 0559 0307 0503 049 047 0547 226 0195 09997 10007 0501 09997 0558 0372 0379 0557 0356 0501 0491 0493 0558 0467 0504 0318 0262 0226 0206 0162 0141 0127 0132 //// 10058 ///// ///// ////
000000000000000000000000000000000000000000000000000000000000000000000000000000000000000000000000000000000000000000000000
160 000 000 000 //// //////////////////////// /// 0000 6///1 0//// 7//// 1//// 2//// 3//// /// /// /// // 911// 915// 919// 934// 939//=
58006 342300 1155300 00463 00506 4
20100503060000 164 047 177 043 181 049 0539 181 038 187 088 0539 0000 0310 0313 0546 0307 0501 051 049 0532 229 0197 10008 10017 0502 10008 0552 0391 0430 0522 0383 0558 0471 0499 0522 0469 0559 0357 0295 0248 0216 0171 0144 0124 0128 //// 10066 ///// ///// ////
000000000000000000000000000000000000000000000000000000000000000000000000000000000000000000000000000000000000000000000000
180 010 000 000 6000 /////////////////////CSI 007 0000 6///1 0//// 7//// 1//// 2//// 3//// /// /// /// // 911// 915// 919// 934// 939//=
58111 335800 1162700 00325 00325 4
20100503060000 179 031 196 031 212 040 0511 164 029 184 078 0534 0000 0322 0322 0600 0314 0506 041 040 0551 197 0173 10035 10043 0501 10035 0558 0285 0286 0545 0280 0507 0447 0459 0521 0437 0505 0329 0279 0240 0213 0167 0144 0130 0138 //// 10072 ///// ///// ////
000000000000000000000000000000000000000000000000000000000000000000000000000000000000000000000000000000000000000000000000
150 003 000 000 6000 /////////////////////CIE 002 0000 6///1 0//// 7//// 1//// 20189 3//// /// /// /// // 911// 915// 919// 934// 939//=
58017 341500 1160800 00410 00420 4
20100503060000 229 036 208 035 191 038 0548 237 049 158 088 0527 0000 0318 0319 0557 0310 0502 046 043 0547 216 0188 10016 10025 0502 10016 0600 0331 0340 0528 0323 0514 0466 0468 0558 0438 0511 0312 0262 0229 0209 0161 0143 0127 0129 //// 10064 ///// ///// ////
000000000000000000000000000000000000000000000000000000000000000000000000000000000000000000000000000000000000000000000000
200 000 000 000 //// //////////////////////// /// 0000 6///1 0//// 7//// 1//// 2//// 3//// /// /// /// // 911// 915// 919// 934// 939//=
58001 342600 1150600 00563 00569 4
20100503060000 194 045 192 046 189 053 0544 187 039 195 088 0548 0000 0307 0307 0600 0302 0501 053 052 0543 234 0200 09987 09995 0504 09986 0559 0357 0374 0528 0354 0545 0433 0443 0528 0428 0505 0323 0268 0231 0205 0161 0134 0119 0126 //// 10052 ///// ///// ////
000000000000000000000000000000000000000000000000000000000000000000000000000000000000000000000000000000000000000000000000
170 004 000 000 //// /////////////////////CII 001 0000 6///1 0//// 7//// 1//// 2//// 3//// /// /// /// // 911// 915// 919// 934// 939//=
58005 342700 1154000 00501 00511 4
20100503060000 212 070 198 062 198 062 0600 220 084 205 107 0558 0000 0319 0320 0553 0313 0501 035 035 0600 165 0145 10001 10009 0501 10001 0600 0412 0447 0509 0409 0534 0511 0533 0514 0493 0543 0322 //// 0237 0211 0166 0137 0127 0134 0006 10059 ///// ///// ////
000000000000000000000000000000000000000000000000000000000000000000000000000000000000000000000000000000000000000000000000
160 010 000 000 0800 //////////////////CSIFCB 107 0000 6///1 0//// 7//// 1//// 20198 3//// /// /// /// // 911// 915// 919// 934// 939//=
58008 342800 1152000 00544 00592 4
20100503060000 168 043 181 040 192 048 0518 147 055 203 088 0542 0000 0315 0317 0554 0312 0501 044 044 0532 203 0178 09985 09994 0503 09985 0600 0411 0448 0526 0408 0559 0449 0469 0526 0448 0559 0333 0276 0240 0210 0158 0140 0123 0130 //// 10053 ///// ///// ////
000000000000000000000000000000000000000000000000000000000000000000000000000000000000000000000000000000000000000000000000
200 002 000 000 7000 /////////////////////CII 001 0000 6///1 0//// 7//// 1//// 2//// 3//// /// /// /// // 911// 915// 919// 934// 939//=
58004 343900 1150900 00606 00616 4
20100503060000 201 026 198 031 198 041 0508 206 040 203 099 0502 0000 0315 0318 0538 0308 0501 049 046 0532 226 0195 09979 09989 0503 09979 0600 0396 0412 0538 0379 0508 0482 0492 0528 0465 0508 0346 0295 0249 0224 0172 0143 0127 0129 //// 10049 ///// ///// ////
000000000000000000000000000000000000000000000000000000000000000000000000000000000000000000000000000000000000000000000000
180 000 000 000 //// //////////////////////// /// 0000 6///1 0//// 7//// 1//// 2//// 3//// /// /// /// // 911// 915// 919// 934// 939//=
54817 355900 1155200 00421 00434 4
20100503060000 165 028 169 030 188 038 0510 108 030 173 078 0503 0000 0299 0302 0547 0299 0557 051 051 0556 215 0187 10001 10010 0505 10001 0558 0299 0345 0502 0297 0558 0444 0512 0501 0443 0558 0324 0272 0234 0205 0153 0124 0112 0112 //// 10051 ///// ///// ////
000000000000000000000000000000000000000000000000000000000000000000000000000000000000000000000000000000000000000000000000
180 009 000 000 5500 /////////////////////CIE 002 0000 6///1 0//// 7//// 1//// 2//// 3//// /// /// /// // 911// 915// 919// 934// 939//=
54902 355400 1150700 00495 00499 4
20100503060000 179 046 185 041 201 050 0515 195 046 218 080 0508 0000 0296 0296 0559 0287 0509 055 055 0522 228 0196 09986 09996 0502 09986 0600 0377 0378 0520 0344 0501 0487 0487 0600 0442 0501 0312 0264 0229 0205 0158 0124 0111 0115 //// 10043 ///// ///// ////
000000000000000000000000000000000000000000000000000000000000000000000000000000000000000000000000000000000000000000000000=
54900 354200 1150100 00537 00541 4
20100503060000 166 036 172 037 172 037 0600 147 039 184 056 0555 0000 0303 0303 0554 0294 0501 056 056 0558 242 0205 09981 09992 0502 09981 0559 0362 0407 0521 0362 0600 0469 0501 0538 0469 0501 0323 0270 0231 0206 0177 0137 0115 0115 //// 10043 ///// ///// ////
000000000000000000000000000000000000000000000000000000000000000000000000000000000000000000000000000000000000000000000000
150 010 000 000 6000 /////////////////////CSE 007 0000 6///1 0//// 7//// 1//// 2//// 3//// /// /// /// // 911// 915// 919// 934// 939//=
54901 360500 1151000 00475 00478 4
20100503060000 219 032 176 017 163 020 0548 232 027 218 044 0559 0000 0288 0288 0559 0277 0509 066 065 0557 261 0218 09989 10000 0501 09989 0557 0356 0369 0531 0352 0509 0427 0441 0531 0424 0558 0312 0262 0226 0202 0172 0142 0116 0115 //// 10044 ///// ///// ////
000000000000000000000000000000000000000000000000000000000000000000000000000000000000000000000000000000000000000000000000
130 010 000 000 5600 /////////////////////CSE 007 0000 6///1 0//// 7//// 1//// 2//// 3//// /// /// /// // 911// 915// 919// 934// 939//=
54903 355100 1152900 00457 00506 4
20100503060000 179 036 195 044 199 044 0559 181 029 229 075 0516 0000 0303 0303 0548 0293 0523 049 048 0555 212 0184 09989 09998 0501 09989 0600 0386 0408 0547 0345 0512 0460 0462 0548 0412 0524 0313 0266 0230 0207 0169 0136 0118 0116 //// 10047 ///// ///// ////
000000000000000000000000000000000000000000000000000000000000000000000000000000000000000000000000000000000000000000000000
180 10- 000 000 5200 //////////////////CIECII 002 0000 6///1 0//// 7//// 1//// 2//// 3//// /// /// /// // 911// 915// 919// 934// 939//=
57184 333800 1132200 00834 00847 4
20100503060000 157 026 161 028 165 032 0539 167 024 145 059 0536 0000 0313 0314 0513 0311 0502 049 047 0518 224 0193 09939 09945 0502 09939 0600 0308 0313 0515 0300 0549 0482 0533 0513 0457 0547 0239 0296 0261 0234 0150 0136 0126 0133 //// ///// ///// ///// ////
000000000000000000000000000000000000000000000000000000000000000000000000000000000000000000000000000000000000000000000000
190 10- 000 /// //// //////////////////CIECII /// //// 6///1 0//// 7//// 1//// 2//// 3//// /// /// /// // 911// 915// 919// 934// 939//=
57177 332000 1133200 00898 00913 4
20100503060000 194 026 193 039 209 046 0554 184 020 187 076 0527 0000 0332 0334 0538 0328 0501 036 034 0526 183 0161 09933 09937 0501 09933 0600 0403 0403 0600 0366 0553 0476 0476 0600 0440 0553 0318 0291 0242 0229 0177 0150 0131 0125 //// 10036 ///// ///// ////
000000000000000000000000000000000000000000000000000000000000000000000000000000000000000000000000000000000000000000000000=
57075 341000 1125200 02031 02043 4
20100503060000 154 060 155 057 150 070 0520 161 068 157 097 0525 0000 0292 0295 0505 0287 0516 052 051 0513 211 0183 09804 09809 0501 09804 0600 0355 0376 0501 0334 0516 0458 0491 0501 0421 0536 0346 0294 0255 0228 0205 0169 0134 0126 //// 10036 ///// ///// ////
000000000000000000000000000000000000000000000000000000000000000000000000000000000000000000000000000000000000000000000000=
57173 334500 1125300 01457 01468 4
20100503060000 199 036 206 034 205 049 0523 192 031 215 082 0506 0000 0308 0309 0543 0298 0509 048 045 0549 213 0185 09864 09873 0503 09864 0600 0387 0416 0540 0346 0509 0509 0534 0540 0458 0512 0327 0283 0253 0229 0178 0150 0131 0135 //// 10030 ///// ///// ////
000000000000000000000000000000000000000000000000000000000000000000000000000000000000000000000000000000000000000000000000=
57180 335900 1131200 01175 01186 4
20100503060000 184 038 186 038 189 045 0544 200 032 189 069 0538 0000 0303 0305 0507 0301 0544 051 048 0503 220 0190 09901 09907 0507 09901 0600 0370 0399 0502 0347 0544 0492 0529 0517 0459 0544 0349 0297 0252 0220 0169 0147 0130 0133 //// 10037 ///// ///// ////
000000000000000000000000000000000000000000000000000000000000000000000000000000000000000000000000000000000000000000000000=
57181 335300 1130300 01364 01380 4
20100503060000 194 051 185 054 195 063 0502 192 057 206 087 0501 0000 0296 0297 0517 0292 0545 059 057 0524 245 0207 09882 09891 0502 09882 0600 0329 0364 0511 0317 0540 0486 0508 0511 0457 0540 0338 0294 0255 0232 0181 0151 0130 0133 //// 10039 ///// ///// ////
000000000000000000000000000000000000000000000000000000000000000000000000000000000000000000000000000000000000000000000000
150 10- 000 10- 3700 /////////////////////ACR 03/ 0000 6///1 0//// 7//// 1//// 20208 3//// /// /// /// // 911// 915// 919// 934// 939//=
57175 330300 1121400 01914 01922 4
20100503060000 178 031 166 036 174 048 0521 181 019 136 087 0514 0000 0287 0297 0503 0287 0600 061 056 0533 240 0204 09825 09831 0504 09825 0600 0337 0432 0502 0337 0600 0425 0507 0501 0425 0600 0327 0283 0245 0223 0170 0149 0134 0139 //// 10044 ///// ///// ////
000000000000000000000000000000000000000000000000000000000000000000000000000000000000000000000000000000000000000000000000
150 10- 000 10- 3600 /////////////////////ACR 03/ 0000 6///1 0//// 7//// 1//// 2//// 3//// /// /// /// // 911// 915// 919// 934// 939//=
57156 331800 1113000 02503 02523 4
20100503060000 098 040 105 033 097 043 0506 083 046 105 063 0544 0000 0273 0274 0507 0269 0543 057 055 0501 207 0180 09755 09761 0505 09755 0600 0302 0331 0501 0292 0547 0356 0382 0501 0344 0546 0296 0265 0240 0222 0190 0163 0139 0143 //// 10041 ///// ///// ////
000000000000000000000000000000000000000000000000000000000000000000000000000000000000000000000000000000000000000000000000
180 10- 000 000 //// /////////////////////CIE 002 0000 6///1 0//// 7//// 1//// 20188 3//// /// /// /// // 911// 915// 919// 934// 939//=
57271 323300 1122300 00879 00897 4
20100503060000 170 037 177 053 180 056 0558 150 037 181 101 0552 0000 0297 0299 0514 0296 0555 058 055 0502 242 0206 09936 09943 0516 09936 0558 0336 0354 0514 0333 0537 0390 0413 0514 0387 0554 0309 0276 0249 0231 0175 0147 0136 0139 //// 10038 ///// ///// ////
000000000000000000000000000000000000000000000000000000000000000000000000000000000000000000000000000000000000000000000000
150 010 000 010 3400 /////////////////////ACR 03/ 0000 6///1 0//// 7//// 1//// 2//// 3//// /// /// /// // 911// 915// 919// 934// 939//=
57261 330700 1113100 02330 02345 4
20100503060000 340 029 327 029 327 037 0539 339 022 313 054 0535 0000 0273 0276 0545 0270 0501 058 057 0535 210 0183 09765 09774 0515 09765 0600 0371 0400 0543 0362 0502 0421 0435 0543 0392 0501 0303 0275 0253 0236 0206 0172 0149 //// //// 10030 ///// ///// ////
000000000000000000000000000000000000000000000000000000000000000000000000000000000000000000000000000000000000000000000000=
57285 322300 1132500 01530 01492 4
20100503060000 175 064 172 051 181 056 0501 173 108 173 108 0600 0000 0312 0319 0529 0312 0600 041 041 0540 186 0164 09882 09886 0502 09880 0555 0340 0380 0529 0340 0600 0438 0486 0528 0438 0600 0350 0305 0269 0243 0169 0145 0130 0135 //// 10050 ///// ///// ////
000000000000000000000000000000000000000000000000000000000000000000000000000000000000000000000000000000000000000000000000
180 10- 000 000 6000 /////////////////////CIE 002 0000 6///1 0//// 7//// 1//// 20252 3//// /// /// /// // 911// 915// 919// 934// 939//=
57273 324100 1125100 01095 01105 4
20100503060000 178 074 190 054 190 058 0503 192 079 192 117 0521 0000 0314 0321 0514 0314 0600 040 037 0533 184 0162 09915 09921 0506 09914 0557 0349 0377 0514 0349 0600 0440 0489 0514 0440 0600 0327 0287 0253 0231 0180 0155 0136 0138 //// 10040 ///// ///// ////
000000000000000000000000000000000000000000000000000000000000000000000000000000000000000000000000000000000000000000000000
200 10- 000 000 6500 /////////////////////CIE 002 0000 6///1 0//// 7//// 1//// 2//// 3//// /// /// /// // 911// 915// 919// 934// 939//=
57187 330400 1125600 01180 01193 4
20100503060000 188 061 191 061 187 067 0522 204 043 156 103 0519 0000 0313 0317 0531 0313 0600 046 045 0506 210 0183 09895 09903 0501 09895 0600 0352 0400 0501 0352 0600 0446 0497 0531 0446 0600 0331 0274 0248 0227 0191 0160 0140 0137 //// 10031 ///// ///// ////
000000000000000000000000000000000000000000000000000000000000000000000000000000000000000000000000000000000000000000000000
200 009 000 009 3500 /////////////////////ACR 030 0000 6///1 0//// 7//// 1//// 2//// 3//// /// /// /// // 911// 915// 919// 934// 939//=
57178 330200 1123500 01292 01305 4
20100503060000 168 040 174 045 180 049 0534 172 030 208 084 0555 0000 0307 0314 0510 0307 0600 045 044 0518 199 0174 09891 09899 0501 09891 0600 0363 0437 0513 0362 0559 0452 0551 0509 0452 0600 0319 0280 0248 0226 0176 0150 0134 0135 0002 10039 ///// ///// ////
000000000000000000000000000000000000000000000000000000000000000000000000000000000000000000000000000000000000000000000000
250 10- 000 000 6000 /////////////////////CIE 002 0000 6///1 0//// 7//// 1//// 20193 3//// /// /// /// // 911// 915// 919// 934// 939//=
57169 330300 1115200 01591 01600 4
20100503060000 356 008 320 009 128 020 0501 004 005 105 028 0501 0000 0286 0286 0600 0275 0501 067 066 0556 262 0219 09857 09865 0515 09857 0559 0296 0296 0559 0286 0513 0436 0437 0558 0405 0518 0306 0267 0243 0222 0191 0156 0134 0135 //// 10039 ///// ///// ////
000000000000000000000000000000000000000000000000000000000000000000000000000000000000000000000000000000000000000000000000=
57176 332900 1122500 02311 02304 4
20100503060000 182 039 178 037 204 053 0524 178 052 156 088 0533 0000 0299 0306 0512 0296 0553 048 045 0510 202 0177 09780 09790 0503 09779 0558 0357 0414 0509 0351 0553 0424 0490 0511 0420 0553 0336 0295 0261 0237 0193 0166 0141 0137 //// 10041 ///// ///// ////
000000000000000000000000000000000000000000000000000000000000000000000000000000000000000000000000000000000000000000000000=
57179 331700 1130000 01604 01616 4
20100503060000 190 056 193 059 193 066 0546 226 060 195 106 0557 0000 0311 0315 0537 0309 0509 048 047 0542 217 0188 09859 09867 0504 09858 0555 0406 0447 0513 0402 0554 0467 0506 0513 0467 0600 0324 0274 0242 0222 0180 0150 0130 0134 //// 10043 ///// ///// ////
000000000000000000000000000000000000000000000000000000000000000000000000000000000000000000000000000000000000000000000000
200 000 000 000 //// //////////////////////// /// 0000 6///1 0//// 7//// 1//// 2//// 3//// /// /// /// // 911// 915// 919// 934// 939//=
57274 324200 1120700 01076 01088 4
20100503060000 151 044 156 042 156 042 0600 153 037 150 068 0556 0000 0289 0292 0501 0288 0542 057 055 0510 227 0195 09912 09920 0502 09912 0600 0354 0362 0501 0338 0541 0406 0411 0501 0384 0542 0310 0280 0257 0237 0210 0185 0150 0145 //// 10036 ///// ///// ////
000000000000000000000000000000000000000000000000000000000000000000000000000000000000000000000000000000000000000000000000
140 10- 000 000 6300 /////////////////////CIE 002 0000 6///1 0//// 7//// 1//// 2//// 3//// /// /// /// // 911// 915// 919// 934// 939//=
57065 343000 1121100 01949 01964 4
20100503060000 064 032 054 043 051 047 0556 068 027 046 072 0555 0000 0296 0301 0524 0296 0600 052 048 0501 216 0187 09797 09805 0508 09797 0559 0279 0293 0535 0279 0600 0416 0472 0545 0416 0600 0336 0293 0257 0232 0176 0149 0134 0139 //// 10020 ///// ///// ////
000000000000000000000000000000000000000000000000000000000000000000000000000000000000000000000000000000000000000000000000
120 010 000 000 6500 /////////////////////CSI 007 0000 6///1 0//// 7//// 1//// 2//// 3//// /// /// /// // 911// 915// 919// 934// 939//=
57074 342500 1122500 01973 01989 4
20100503060000 053 011 100 014 087 023 0547 358 021 119 060 0557 0000 0328 0329 0557 0322 0515 040 039 0558 199 0174 09797 09804 0501 09797 0555 0381 0390 0556 0367 0515 0502 0514 0556 0484 0515 0343 0291 0249 0223 0171 0147 0129 0130 //// 10020 ///// ///// ////
000000000000000000000000000000000000000000000000000000000000000000000000000000000000000000000000000000000000000000000000=
57076 344400 1124700 01895 01901 4
20100503060000 037 053 044 047 044 047 0600 026 059 013 066 0516 0000 0298 0302 0529 0298 0600 054 050 0501 226 0195 09805 09812 0501 09805 0600 0316 0335 0509 0305 0554 0421 0456 0509 0401 0553 0313 0271 0229 0205 0166 0139 0122 0125 //// 10019 ///// ///// ////
000000000000000000000000000000000000000000000000000000000000000000000000000000000000000000000000000000000000000000000000=
57070 344400 1120700 03640 03595 4
20100503060000 091 029 079 035 072 042 0540 077 024 080 072 0538 0000 0288 0291 0536 0285 0515 054 051 0504 214 0186 09620 09627 0511 09620 0600 0358 0389 0530 0352 0542 0443 0476 0530 0439 0551 0299 0249 0219 0201 0179 0145 0123 0125 //// 10023 ///// ///// ////
000000000000000000000000000000000000000000000000000000000000000000000000000000000000000000000000000000000000000000000000
130 10- 000 000 5500 /////////////////////CIE 002 0000 6///1 0//// 7//// 1//// 2//// 3//// /// /// /// // 911// 915// 919// 934// 939//=
57162 340900 1120500 03258 03275 4
20100503060000 097 013 105 012 102 015 0548 066 007 139 024 0541 0000 0300 0300 0600 0291 0502 056 053 0516 238 0203 09647 09656 0501 09647 0600 0340 0351 0558 0304 0547 0492 0496 0558 0434 0547 0326 0278 0246 0224 0168 0146 0129 0134 //// 10014 ///// ///// ////
000000000000000000000000000000000000000000000000000000000000000000000000000000000000000000000000000000000000000000000000=
57078 340900 1122800 03365 03340 4
20100503060000 147 041 150 047 153 053 0525 113 055 147 111 0519 0000 0316 0318 0501 0314 0524 031 031 0559 144 0124 09642 09647 0502 09642 0600 0443 0469 0551 0420 0521 0446 0467 0552 0431 0521 0332 0285 0246 0218 0156 0136 0124 0124 //// 10017 ///// ///// ////
000000000000000000000000000000000000000000000000000000000000000000000000000000000000000000000000000000000000000000000000=
57071 344900 1122600 03333 03332 4
20100503060000 008 034 355 042 358 049 0540 026 039 355 080 0540 0000 0289 0289 0600 0276 0535 055 055 0558 219 0190 09654 09661 0506 09653 0559 0401 0407 0558 0337 0529 0480 0483 0558 0418 0535 0306 0262 0231 0211 0188 0147 0122 0123 //// 10028 ///// ///// ////
000000000000000000000000000000000000000000000000000000000000000000000000000000000000000000000000000000000000000000000000
100 004 000 000 5100 /////////////////////CIE 002 0000 6///1 0//// 7//// 1//// 20201 3//// /// /// /// // 911// 915// 919// 934// 939//=
57066 342300 1114000 03283 03298 4
20100503060000 081 004 047 007 036 019 0531 068 010 026 052 0529 0000 0291 0293 0550 0286 0501 056 051 0530 226 0194 09644 09652 0501 09644 0548 0305 0339 0502 0301 0534 0353 0392 0517 0353 0534 0258 0216 0193 0181 0159 0140 0121 0121 //// 10015 ///// ///// ////
000000000000000000000000000000000000000000000000000000000000000000000000000000000000000000000000000000000000000000000000
150 010 000 010 3300 /////////////////////ASR 01/ 0000 6///1 0//// 7//// 1//// 2//// 3//// /// /// /// // 911// 915// 919// 934// 939//=
57077 334700 1113900 07424 07388 4
20100503060000 196 052 144 039 189 054 0531 206 040 192 095 0537 0000 0279 0292 0502 0278 0559 028 026 0504 105 0077 09217 09219 0503 09216 0555 0311 0375 0501 0311 0600 0390 0459 0501 0389 0558 0301 0260 0223 0200 0166 0133 0114 0117 //// 10033 ///// ///// ////
000000000000000000000000000000000000000000000000000000000000000000000000000000000000000000000000000000000000000000000000
260 10- 000 000 6300 /////////////////////CIE 002 0000 6///1 0//// 7//// 1//// 20152 3//// /// /// /// // 911// 915// 919// 934// 939//=
57183 334800 1135500 00600 00615 4
20100503060000 186 054 188 051 179 057 0542 184 066 192 089 0534 0000 0302 0310 0538 0302 0600 055 054 0541 236 0202 09969 09976 0501 09969 0539 0361 0418 0515 0361 0600 0455 0557 0515 0455 0600 0327 0276 0239 0216 0187 0153 0128 0126 //// 10040 ///// ///// ////
000000000000000000000000000000000000000000000000000000000000000000000000000000000000000000000000000000000000000000000000
300 10- 000 000 6000 //////////////////CIECII 002 0000 6///1 0//// 7//// 1//// 2//// 3//// /// /// /// // 911// 915// 919// 934// 939//=
57186 333600 1140300 00587 00598 4
20100503060000 164 040 165 048 159 053 0556 182 025 164 085 0551 0000 0312 0322 0517 0312 0600 049 042 0505 223 0192 09974 09979 0501 09973 0522 0375 0458 0515 0374 0559 0483 0562 0501 0483 0600 0345 0287 0245 0223 0188 0157 0134 0137 //// 10042 ///// ///// ////
000000000000000000000000000000000000000000000000000000000000000000000000000000000000000000000000000000000000000000000000=
57191 342900 1142900 00634 00642 4
20100503060000 167 037 162 033 165 034 0556 170 033 156 061 0509 0000 0318 0318 0600 0312 0521 046 045 0559 216 0188 09970 09981 0501 09970 0600 0400 0422 0502 0378 0522 0487 0510 0506 0466 0544 0340 0290 0253 0227 0176 0146 0125 0127 //// 10043 ///// ///// ////
000000000000000000000000000000000000000000000000000000000000000000000000000000000000000000000000000000000000000000000000=
57096 343200 1144700 00597 00607 4
20100503060000 192 040 194 041 199 046 0535 182 037 210 087 0546 0000 0318 0319 0531 0313 0501 045 042 0546 212 0184 09973 09984 0501 09973 0600 0366 0381 0502 0364 0535 0507 0519 0502 0505 0554 0346 0283 0233 0208 0168 0142 0126 0130 //// 10042 ///// ///// ////
000000000000000000000000000000000000000000000000000000000000000000000000000000000000000000000000000000000000000000000000
300 002 000 000 //// /////////////////////CII 001 0000 6///1 0//// 7//// 1//// 2//// 3//// /// /// /// // 911// 915// 919// 934// 939//=
57093 345100 1144900 00733 00740 4
20100503060000 162 038 165 036 186 042 0502 161 061 195 074 0526 0000 0316 0316 0600 0306 0501 047 044 0544 218 0189 09959 09971 0501 09959 0600 0397 0418 0523 0383 0501 0516 0533 0523 0503 0550 0343 0280 0238 0209 0177 0143 0123 0125 //// 10043 ///// ///// ////
000000000000000000000000000000000000000000000000000000000000000000000000000000000000000000000000000000000000000000000000=
57091 344700 1141800 00737 00748 4
20100503060000 199 052 191 050 180 058 0543 209 054 184 083 0542 0000 0307 0307 0600 0303 0509 043 042 0501 190 0167 09954 09963 0501 09953 0555 0374 0413 0505 0374 0600 0467 0501 0513 0467 0600 0343 0280 0236 0202 0175 0147 0125 0120 //// 10039 ///// ///// ////
000000000000000000000000000000000000000000000000000000000000000000000000000000000000000000000000000000000000000000000000
150 002 000 000 //// //////////////////CIECII 002 0000 6///1 0//// 7//// 1//// 20220 3//// /// /// /// // 911// 915// 919// 934// 939//=
53978 350500 1123800 01401 01409 4
20100503060000 113 033 108 043 105 059 0514 097 023 105 090 0527 0000 0285 0288 0520 0284 0530 060 056 0523 233 0200 09868 09875 0502 09868 0555 0308 0327 0517 0308 0600 0381 0438 0517 0381 0600 0298 0258 0228 0209 0151 0133 0124 0130 //// 10028 ///// ///// ////
000000000000000000000000000000000000000000000000000000000000000000000000000000000000000000000000000000000000000000000000
050 000 000 000 //// //////////////////////// /// 1000 6///1 0//// 7//// 1//// 2//// 3//// /// /// /// // 911// 915// 919// 934// 939//=
53984 351400 1132800 00827 00837 4
20100503060000 076 030 075 030 085 039 0546 054 025 083 054 0541 0000 0290 0290 0600 0285 0503 056 054 0543 224 0193 09939 09947 0501 09939 0600 0326 0348 0517 0321 0550 0406 0428 0517 0398 0550 0290 0254 0222 0208 0174 0146 0125 0125 //// 10035 ///// ///// ////
000000000000000000000000000000000000000000000000000000000000000000000000000000000000000000000000000000000000000000000000
100 10- 000 10- 3600 /////////////////////ACR 03/ 0000 6///1 0//// 7//// 1//// 2//// 3//// /// /// /// // 911// 915// 919// 934// 939//=
53987 350600 1132500 00910 00918 4
20100503060000 034 043 040 032 060 045 0525 049 028 052 074 0516 0000 0293 0298 0514 0291 0534 059 057 0517 240 0205 09929 09938 0505 09929 0600 0370 0413 0501 0348 0535 0400 0451 0503 0386 0554 0324 0283 0248 0222 0179 0153 0134 0132 //// 10034 ///// ///// ////
000000000000000000000000000000000000000000000000000000000000000000000000000000000000000000000000000000000000000000000000
100 010 000 000 7000 /////////////////////CSI 007 0000 6///1 0//// 7//// 1//// 2//// 3//// /// /// /// // 911// 915// 919// 934// 939//=
57079 345700 1130200 01064 01069 4
20100503060000 057 056 060 057 071 071 0517 060 068 077 092 0513 0000 0290 0292 0538 0286 0508 059 057 0539 236 0202 09900 09908 0501 09900 0600 0335 0352 0534 0330 0548 0429 0467 0534 0418 0553 0284 0251 0223 0204 0184 0153 0129 0126 //// 10022 ///// ///// ////
000000000000000000000000000000000000000000000000000000000000000000000000000000000000000000000000000000000000000000000000=
57072 345500 1124500 01275 01285 4
20100503060000 054 036 066 033 082 041 0504 021 050 059 062 0535 0000 0292 0296 0517 0290 0501 057 054 0518 231 0198 09879 09886 0501 09879 0600 0322 0368 0516 0321 0559 0407 0479 0516 0406 0559 0304 0256 0221 0201 0154 0134 0118 0119 //// 10026 ///// ///// ////
000000000000000000000000000000000000000000000000000000000000000000000000000000000000000000000000000000000000000000000000=
53982 351400 1131600 01120 01135 4
20100503060000 055 031 066 036 061 042 0502 004 023 085 065 0527 0000 0302 0302 0600 0293 0532 049 049 0600 210 0183 09901 09910 0501 09901 0600 0321 0342 0501 0307 0543 0444 0457 0501 0408 0535 0306 0270 0238 0219 0180 0151 0132 0136 //// 10030 ///// ///// ////
000000000000000000000000000000000000000000000000000000000000000000000000000000000000000000000000000000000000000000000000
100 010 000 000 7000 /////////////////////CSI 007 0000 6///1 0//// 7//// 1//// 2//// 3//// /// /// /// // 911// 915// 919// 934// 939//=
53979 350900 1130500 01200 01211 4
20100503060000 068 040 067 040 074 046 0502 068 032 070 073 0532 0000 0291 0294 0532 0288 0501 054 053 0517 218 0188 09894 09899 0501 09893 0556 0325 0366 0530 0325 0600 0417 0479 0537 0413 0520 0318 0272 0240 0219 0162 0144 0129 0133 //// 10032 ///// ///// ////
000000000000000000000000000000000000000000000000000000000000000000000000000000000000000000000000000000000000000000000000=
53992 353900 1143100 00582 00592 4
20100503060000 220 016 191 016 150 017 0552 218 021 125 029 0551 0000 0294 0296 0548 0282 0501 063 059 0526 258 0216 09971 09982 0501 09971 0600 0365 0392 0526 0362 0558 0455 0486 0528 0450 0558 0318 0270 0237 0213 0160 0135 0117 0123 //// 10039 ///// ///// ////
000000000000000000000000000000000000000000000000000000000000000000000000000000000000000000000000000000000000000000000000
030 10- 000 000 7000 /////////////////////CIE 002 1000 6///1 0//// 7//// 1//// 2//// 3//// /// /// /// // 911// 915// 919// 934// 939//=
53974 353700 1141100 00723 00739 4
20100503060000 342 015 019 015 080 027 0512 350 015 085 041 0519 0000 0286 0289 0503 0285 0527 054 051 0501 211 0184 09961 09971 0501 09961 0600 0359 0382 0539 0353 0552 0457 0491 0537 0457 0600 0332 0280 0244 0223 0176 0145 0125 0129 //// 10045 ///// ///// ////
000000000000000000000000000000000000000000000000000000000000000000000000000000000000000000000000000000000000000000000000
150 010 000 000 5500 /////////////////////CSI 007 0000 6///1 0//// 7//// 1//// 2//// 3//// /// /// /// // 911// 915// 919// 934// 939//=
53990 354300 1141900 00795 00805 4
20100503060000 137 017 105 015 034 025 0505 139 019 071 032 0516 0000 0286 0288 0554 0273 0501 056 055 0527 219 0190 09952 09962 0501 09952 0600 0361 0373 0549 0347 0555 0495 0517 0541 0483 0555 0315 0266 0232 0217 0190 0149 0119 0116 //// 10044 ///// ///// ////
000000000000000000000000000000000000000000000000000000000000000000000000000000000000000000000000000000000000000000000000=
53991 355600 1142100 00743 00753 4
20100503060000 101 013 101 018 110 021 0553 100 013 128 035 0546 0000 0275 0275 0600 0269 0505 054 047 0501 198 0174 09959 09969 0501 09959 0600 0360 0375 0519 0343 0509 0468 0481 0528 0443 0501 0311 0262 0226 0211 0171 0142 0121 0123 //// 10045 ///// ///// ////
000000000000000000000000000000000000000000000000000000000000000000000000000000000000000000000000000000000000000000000000
180 10- 000 000 7000 /////////////////////CIE 002 0000 6///1 0//// 7//// 1//// 2//// 3//// /// /// /// // 911// 915// 919// 934// 939//=
53889 360400 1134900 03068 03086 4
20100503060000 088 041 089 036 105 041 0503 082 045 125 068 0501 0000 0285 0289 0540 0282 0511 049 046 0501 191 0168 09686 09698 0501 09686 0600 0333 0384 0526 0333 0600 0420 0491 0534 0420 0600 0349 0308 0279 0255 0159 0130 0122 0108 //// 10033 ///// ///// ////
000000000000000000000000000000000000000000000000000000000000000000000000000000000000000000000000000000000000000000000000=
53995 353300 1143000 00625 00645 4
20100503060000 171 023 162 025 160 028 0544 150 045 161 049 0536 0000 0298 0300 0530 0290 0501 055 054 0555 231 0198 09967 09978 0504 09967 0557 0396 0407 0521 0377 0554 0509 0520 0551 0505 0512 0355 0301 0258 0229 0183 0150 0124 0123 //// 10041 ///// ///// ////
000000000000000000000000000000000000000000000000000000000000000000000000000000000000000000000000000000000000000000000000
150 007 000 000 //// /////////////////////CIE 002 0000 6///1 0//// 7//// 1//// 2//// 3//// /// /// /// // 911// 915// 919// 934// 939//=
53898 360300 1142400 00629 00638 4
20100503060000 155 016 121 021 045 028 0508 164 022 077 043 0518 0000 0277 0279 0539 0268 0531 054 048 0530 201 0176 09972 09979 0502 09972 0552 0427 0450 0554 0385 0507 0464 0483 0537 0442 0504 0286 0247 0221 0202 0151 0126 0113 0120 //// 10045 ///// ///// ////
000000000000000000000000000000000000000000000000000000000000000000000000000000000000000000000000000000000000000000000000
130 000 000 000 //// //////////////////////// /// 0000 6///1 0//// 7//// 1//// 20192 3//// /// /// /// // 911// 915// 919// 934// 939//=
NNNN
