57090 344300 1135800 00781 00802 4
20100325120000 131 021 124 020 123 020 1110 122 013 119 038 1156 0000 0079 0092 1101 0079 1200 043 036 1101 046 -039 10174 10175 1118 10174 1141 0052 0065 1107 0048 1133 0061 0079 1101 0061 1200 0121 0135 0132 0125 0103 0093 0087 0119 //// 10274 ///// ///// ////
000000000000000000000000000000000000000000000000000000000000000000000000000000000000000000000000000000000000000000000000
130 000 000 000 //// //////////////////////// /// 0000 6///1 0//// 7//// 1//// 2//// 3//// /// /// /// // 911// 915// 919// 934// 939//=
57083 344300 1133900 01104 01116 4
20100325120000 116 038 119 038 134 040 1134 124 032 144 059 1115 0000 0090 0120 1101 0090 1200 040 013 1101 046 -039 10133 10134 1149 10131 1101 0036 0043 1140 -018 1105 0067 0075 1101 0067 1159 0126 0136 0134 0128 0098 0099 0104 0126 0000 10272 ///// ///// ////
000000000000000000000000000000000000000000000000000000000000000000000000000000000000000000000000000000000000000000000000
130 002 000 000 //// /////////////////////CIE 002 0000 6///1 0//// 7//// 1//// 2//// 3//// /// /// /// // 911// 915// 919// 934// 939//=
57086 342300 1134300 01166 01168 4
20100325120000 172 025 167 025 152 028 1101 181 026 161 047 1134 0000 0081 0086 1101 0079 1148 043 043 1102 046 -037 10133 10133 1200 10131 1121 0055 0070 1102 0055 1200 0073 0090 1101 0073 1200 0123 0137 0133 0122 0100 0095 0094 0116 //// 10278 ///// ///// ////
000000000000000000000000000000000000000000000000000000000000000000000000000000000000000000000000000000000000000000000000
200 000 000 000 //// //////////////////////// /// 0000 6///1 0//// 7//// 1//// 2//// 3//// /// /// /// // 911// 915// 919// 934// 939//=
57085 343200 1132000 02599 02648 4
20100325120000 332 013 327 013 294 018 1101 327 010 302 023 1101 0000 0088 0104 1101 0088 1200 015 014 1130 017 -164 09947 09947 1101 09946 1129 0055 0095 1101 0055 1200 0060 0086 1101 0060 1200 0120 0133 0131 0121 0104 0098 0094 0121 //// 10271 ///// ///// ////
000000000000000000000000000000000000000000000000000000000000000000000000000000000000000000000000000000000000000000000000
180 002 000 000 6000 /////////////////////CII 001 0000 6///1 0//// 7//// 1//// 2//// 3//// /// /// /// // 911// 915// 919// 934// 939//=
57081 344800 1132600 01409 01419 4
20100325120000 260 007 287 006 154 011 1148 305 006 271 026 1121 0000 0105 0116 1101 0105 1200 013 012 1106 016 -168 10092 10093 1145 10091 1118 0008 0043 1153 -006 1122 0059 0083 1101 0059 1200 0124 0138 0137 0122 0090 0094 0096 0117 //// 10267 ///// ///// ////
000000000000000000000000000000000000000000000000000000000000000000000000000000000000000000000000000000000000000000000000
180 000 000 000 //// //////////////////////// /// 0000 6///1 0//// 7//// 1//// 2//// 3//// /// /// /// // 911// 915// 919// 934// 939//=
57084 343000 1130300 11784 11790 4
20100325120000 276 039 273 042 268 045 1157 262 039 284 085 1113 0000 0017 0023 1101 0017 1200 019 019 1200 013 -195 08893 08894 1101 08893 1200 -003 0007 1101 -007 1155 0007 0027 1101 0007 1200 0059 0087 0091 0081 0056 //// //// //// //// 10289 ///// ///// ////
000000000000000000000000000000000000000000000000000000000000000000000000000000000000000000000000000000000000000000000000
300 002 000 000 //// /////////////////////CIE 002 0000 6///1 0//// 7//// 1//// 2//// 3//// /// /// /// // 911// 915// 919// 934// 939//=
57080 344400 1125800 01652 01661 4
20100325120000 213 017 231 017 244 023 1133 198 018 251 044 1128 0000 0103 0113 1101 0103 1200 013 013 1151 016 -169 10065 10065 1159 10063 1133 0051 0071 1124 0050 1110 0057 0082 1101 0057 1200 0127 0138 0130 0118 0092 0088 0089 0119 //// 10269 ///// ///// ////
000000000000000000000000000000000000000000000000000000000000000000000000000000000000000000000000000000000000000000000000
350 000 000 000 //// //////////////////////// /// 0000 6///1 0//// 7//// 1//// 2//// 3//// /// /// /// // 911// 915// 919// 934// 939//=
57082 342800 1130100 04271 04284 4
20100325120000 273 017 273 019 304 027 1130 293 019 268 048 1152 0000 0086 0095 1101 0084 1123 014 013 1155 016 -174 09756 09757 1156 09754 1103 0062 0077 1133 0048 1117 0061 0082 1101 0061 1200 0119 0134 0133 0123 0093 0097 0101 //// //// 10277 ///// ///// ////
000000000000000000000000000000000000000000000000000000000000000000000000000000000000000000000000000000000000000000000000
450 001 000 000 //// /////////////////////CII 001 0000 6///1 0//// 7//// 1//// 2//// 3//// /// /// /// // 911// 915// 919// 934// 939//=
57295 323700 1142100 00785 00802 4
20100325120000 122 015 131 014 113 019 1117 136 023 102 039 1131 0000 0081 0086 1101 0081 1158 050 049 1101 054 -017 10193 10194 1139 10192 1110 0035 0042 1101 0032 1125 0060 0070 1101 0060 1200 0097 0108 0110 0108 0097 0100 0103 0127 //// 10293 ///// ///// ////
000000000000000000000000000000000000000000000000000000000000000000000000000000000000000000000000000000000000000000000000
200 010 000 000 //// /////////////////////CSI 007 0000 6///1 0//// 7//// 1//// 2//// 3//// /// /// /// // 911// 915// 919// 934// 939//=
57189 330800 1135700 00646 00655 4
20100325120000 159 024 153 024 136 026 1125 158 026 136 033 1123 0000 0057 0070 1101 0057 1200 076 071 1114 070 0018 10206 10206 1151 10205 1101 0036 0051 1111 0036 1158 0055 0071 1101 0055 1200 0091 0106 0110 0108 0094 0096 0099 0122 //// 10288 ///// ///// ////
000000000000000000000000000000000000000000000000000000000000000000000000000000000000000000000000000000000000000000000000=
57194 331700 1141600 00598 00609 4
20100325120000 172 026 177 026 179 027 1159 175 019 173 041 1159 0000 0077 0083 1106 0077 1156 056 053 1123 059 -005 10211 10211 1154 10208 1101 0057 0064 1125 0052 1145 0048 0061 1101 0048 1200 0092 0106 0108 0105 0095 0092 0098 0126 //// 10287 ///// ///// ////
000000000000000000000000000000000000000000000000000000000000000000000000000000000000000000000000000000000000000000000000
200 000 000 000 //// //////////////////////// /// 0000 6///1 0//// 7//// 1//// 2//// 3//// /// /// /// // 911// 915// 919// 934// 939//=
57197 330000 1142000 00489 00545 4
20100325120000 155 026 159 025 159 025 1200 142 022 161 039 1156 0000 0064 0069 1101 0063 1128 068 066 1106 065 0009 10221 10222 1152 10219 1106 0006 0011 1102 0001 1155 0054 0068 1101 0054 1200 0092 0107 0111 0107 0101 0100 0101 0125 //// 10289 ///// ///// ////
000000000000000000000000000000000000000000000000000000000000000000000000000000000000000000000000000000000000000000000000
150 004 000 000 5800 //////////////////CIECII 002 0000 6///1 0//// 7//// 1//// 2//// 3//// /// /// /// // 911// 915// 919// 934// 939//=
57294 325000 1140100 00836 00846 4
20100325120000 168 023 162 024 162 024 1156 170 024 167 035 1120 0000 0072 0080 1101 0072 1200 064 063 1123 065 0009 10183 10184 1139 10181 1101 0065 0073 1118 0065 1157 0055 0070 1101 0055 1200 0089 0104 0106 0103 0097 0105 0102 0118 //// 10288 ///// ///// ////
000000000000000000000000000000000000000000000000000000000000000000000000000000000000000000000000000000000000000000000000
250 002 000 000 5000 /////////////////////CIE 002 0000 6///1 0//// 7//// 1//// 2//// 3//// /// /// /// // 911// 915// 919// 934// 939//=
57292 325800 1143800 00444 00453 4
20100325120000 178 015 175 017 159 017 1105 164 022 175 032 1157 0000 0076 0082 1111 0076 1158 057 055 1117 059 -004 10237 10238 1154 10235 1115 0045 0046 1159 0035 1146 0050 0061 1101 0050 1200 0083 0099 0103 0105 0099 0102 0106 0133 //// 10294 ///// ///// ////
000000000000000000000000000000000000000000000000000000000000000000000000000000000000000000000000000000000000000000000000
200 000 000 000 //// //////////////////////// /// 0000 6///1 0//// 7//// 1//// 2//// 3//// /// /// /// // 911// 915// 919// 934// 939//=
57195 333700 1143700 00466 00476 4
20100325120000 065 016 073 018 098 029 1152 040 009 108 051 1151 0000 0087 0095 1101 0087 1200 040 036 1101 045 -041 10224 10227 1101 10223 1134 0063 0076 1101 0063 1200 0057 0074 1101 0057 1200 0096 0120 0124 0118 0100 0099 0102 0141 //// 10283 ///// ///// ////
000000000000000000000000000000000000000000000000000000000000000000000000000000000000000000000000000000000000000000000000=
57193 334700 1143100 00526 00541 4
20100325120000 105 022 104 020 110 021 1147 125 019 102 040 1143 0000 0083 0090 1106 0083 1200 044 042 1101 048 -032 10217 10218 1101 10216 1136 0035 0039 1144 0022 1132 0053 0068 1101 0053 1200 0101 0115 0119 0115 0102 0102 0105 0131 //// 10285 ///// ///// ////
000000000000000000000000000000000000000000000000000000000000000000000000000000000000000000000000000000000000000000000000
120 000 000 000 //// //////////////////////// /// 0000 6///1 0//// 7//// 1//// 2//// 3//// /// /// /// // 911// 915// 919// 934// 939//=
57099 340400 1145100 00526 00536 4
20100325120000 118 015 115 016 113 019 1102 110 016 136 031 1105 0000 0074 0082 1101 0074 1200 049 045 1101 050 -026 10221 10222 1107 10220 1125 0046 0063 1101 0043 1151 0044 0062 1101 0044 1200 0100 0119 0117 0110 0099 0096 0099 0131 //// 10288 ///// ///// ////
000000000000000000000000000000000000000000000000000000000000000000000000000000000000000000000000000000000000000000000000
180 000 000 000 //// //////////////////////// /// //// 6///1 0//// 7//// 1//// 2//// 3//// /// /// /// // 911// 915// 919// 934// 939//=
58101 335200 1152900 00413 00428 4
20100325120000 173 009 170 009 089 011 1101 167 008 161 014 1155 0000 0052 0060 1133 0044 1101 065 057 1132 057 -008 10240 10240 1200 10235 1105 -024 -012 1101 -024 1200 0030 0050 1101 0030 1200 0094 0112 0113 0107 0098 0098 0100 0130 //// 10294 ///// ///// ////
000000000000000000000000000000000000000000000000000000000000000000000000000000000000000000000000000000000000000000000000
120 000 000 000 //// //////////////////////// /// 0000 6///1 0//// 7//// 1//// 2//// 3//// /// /// /// // 911// 915// 919// 934// 939//=
57098 340500 1142400 00583 00593 4
20100325120000 120 019 121 019 127 021 1120 116 020 132 032 1119 0000 0053 0072 1101 0053 1200 060 054 1118 053 -018 10208 10209 1150 10207 1102 0025 0042 1122 0022 1155 0049 0068 1101 0049 1200 0082 0107 0115 0115 0101 0097 0098 0128 //// 10283 ///// ///// ////
000000000000000000000000000000000000000000000000000000000000000000000000000000000000000000000000000000000000000000000000=
58100 333900 1151000 00414 00424 4
20100325120000 160 017 152 017 139 017 1156 175 016 133 026 1154 0000 0079 0083 1108 0079 1200 047 044 1103 050 -027 10240 10240 1200 10236 1106 0065 0076 1107 0063 1146 0054 0074 1101 0054 1200 0110 0129 0129 0120 0103 0106 0110 0135 //// 10293 ///// ///// ////
000000000000000000000000000000000000000000000000000000000000000000000000000000000000000000000000000000000000000000000000
150 000 000 000 //// //////////////////////// /// 0000 6///1 0//// 7//// 1//// 2//// 3//// /// /// /// // 911// 915// 919// 934// 939//=
57182 335100 1133000 00805 00814 4
20100325120000 189 026 187 025 182 036 1104 181 027 186 048 1103 0000 0082 0095 1101 0082 1200 053 048 1101 058 -008 10179 10180 1131 10177 1101 0067 0084 1101 0066 1159 0063 0085 1101 0063 1200 0129 0144 0138 0122 0106 0105 0108 0139 //// 10280 ///// ///// ////
000000000000000000000000000000000000000000000000000000000000000000000000000000000000000000000000000000000000000000000000=
58207 321000 1150300 00428 00440 4
20100325120000 115 021 100 026 088 037 1148 105 019 082 050 1140 0000 0073 0080 1108 0073 1200 060 053 1101 061 0001 10238 10242 1119 10238 1200 0056 0069 1110 0056 1200 0092 0106 1101 0092 1200 0050 0110 0112 0109 0102 0110 0113 0137 //// 10293 ///// ///// ////
000000000000000000000000000000000000000000000000000000000000000000000000000000000000000000000000000000000000000000000000=
58208 321000 1153700 00429 00439 4
20100325120000 072 013 063 012 033 016 1102 084 010 056 027 1101 0000 0082 0084 1101 0082 1200 045 044 1159 049 -030 10249 10249 1200 10247 1101 0056 0063 1134 0052 1158 0052 0060 1101 0052 1200 0077 0095 0100 0101 0099 0108 0113 0139 //// 10304 ///// ///// ////
000000000000000000000000000000000000000000000000000000000000000000000000000000000000000000000000000000000000000000000000
180 10- 000 000 //// /////////////////////CIE 002 0000 6///1 0//// 7//// 1//// 2//// 3//// /// /// /// // 911// 915// 919// 934// 939//=
53989 350300 1135700 00766 00777 4
20100325120000 140 021 133 020 129 021 1157 127 020 110 049 1124 0000 0076 0088 1101 0076 1200 048 040 1101 050 -027 10176 10177 1152 10174 1112 0058 0065 1105 0053 1140 0050 0066 1101 0050 1158 0114 0130 0130 0122 0093 0092 0096 0123 //// 10273 ///// ///// ////
000000000000000000000000000000000000000000000000000000000000000000000000000000000000000000000000000000000000000000000000
250 000 000 000 //// //////////////////////// /// //// 6///1 0//// 7//// 1//// 2//// 3//// /// /// /// // 911// 915// 919// 934// 939//=
53997 350900 1141100 00711 00723 4
20100325120000 116 023 115 024 120 028 1127 110 029 115 045 1119 0000 0068 0079 1101 0068 1200 050 046 1101 049 -029 10185 10185 1200 10184 1102 0010 0033 1128 0009 1149 0052 0070 1101 0052 1200 0118 0134 0132 0123 0093 0094 0097 0124 //// 10276 ///// ///// ////
000000000000000000000000000000000000000000000000000000000000000000000000000000000000000000000000000000000000000000000000=
53986 351900 1135300 00732 00740 4
20100325120000 092 014 100 010 120 019 1107 094 008 099 035 1123 0000 0073 0084 1101 0073 1200 054 049 1101 055 -014 10184 10184 1118 10182 1130 0030 0066 1101 0029 1159 0047 0068 1101 0047 1200 0110 0123 0122 0117 0095 0095 0099 0127 //// 10277 ///// ///// ////
000000000000000000000000000000000000000000000000000000000000000000000000000000000000000000000000000000000000000000000000
130 000 000 000 //// //////////////////////// /// 0000 6///1 0//// 7//// 1//// 2//// 3//// /// /// /// // 911// 915// 919// 934// 939//=
53994 352300 1140400 00700 00712 4
20100325120000 143 013 142 013 178 015 1135 138 016 155 023 1154 0000 0070 0079 1101 0070 1200 051 047 1101 051 -024 10187 10187 1200 10185 1101 0033 0056 1101 0009 1144 0032 0058 1101 0031 1143 0110 0130 0127 0114 0091 0090 0095 0127 //// 10276 ///// ///// ////
000000000000000000000000000000000000000000000000000000000000000000000000000000000000000000000000000000000000000000000000
150 000 000 /// //// //////////////////////// /// //// 6///1 0//// 7//// 1//// 2//// 3//// /// /// /// // 911// 915// 919// 934// 939//=
53983 350200 1142500 00696 00708 4
20100325120000 141 025 141 021 115 034 1130 141 024 119 046 1126 0000 0050 0069 1101 0050 1200 063 053 1101 055 -015 10191 10191 1200 10188 1124 0015 0050 1103 0015 1158 0044 0066 1101 0044 1200 0106 0127 0128 0122 0086 0086 0089 0123 //// 10280 ///// ///// ////
000000000000000000000000000000000000000000000000000000000000000000000000000000000000000000000000000000000000000000000000
150 000 000 000 //// //////////////////////// /// //// 6///1 0//// 7//// 1//// 2//// 3//// /// /// /// // 911// 915// 919// 934// 939//=
53998 351200 1143900 00616 00625 4
20100325120000 124 028 128 025 139 030 1132 153 023 139 048 1130 0000 0068 0076 1103 0068 1157 048 043 1101 047 -034 10200 10201 1120 10199 1104 0041 0052 1101 0039 1154 0051 0069 1101 0051 1200 0112 0128 0124 0114 0099 0096 0096 0128 //// 10279 ///// ///// ////
000000000000000000000000000000000000000000000000000000000000000000000000000000000000000000000000000000000000000000000000
200 000 000 000 //// //////////////////////// /// 0000 6///1 0//// 7//// 1//// 2//// 3//// /// /// /// // 911// 915// 919// 934// 939//=
57051 344800 1111200 04099 04117 4
20100325120000 228 003 243 009 251 013 1144 PPC 001 263 024 1144 0000 0091 0100 1101 0091 1200 015 014 1154 017 -162 09777 09778 1155 09775 1115 0005 0064 1107 0005 1200 0042 0075 1101 0042 1200 0113 0129 0127 0116 0088 0087 0087 0114 //// 10278 ///// ///// ////
000000000000000000000000000000000000000000000000000000000000000000000000000000000000000000000000000000000000000000000000
180 001 000 000 6900 /////////////////////CIE 002 0000 6///1 0//// 7//// 1//// 2//// 3//// /// /// /// // 911// 915// 919// 934// 939//=
57063 344600 1114600 05236 05236 4
20100325120000 345 024 335 025 295 033 1102 344 024 299 040 1102 0000 0034 0076 1101 0034 1200 022 015 1124 017 -163 09648 09648 1200 09645 1123 -014 0033 1101 -021 1151 0013 0048 1101 0013 1200 0094 0107 0100 0090 0073 0077 0084 0110 //// 10288 ///// ///// ////
000000000000000000000000000000000000000000000000000000000000000000000000000000000000000000000000000000000000000000000000
180 000 000 000 //// //////////////////////// /// 0000 6///1 0//// 7//// 1//// 2//// 3//// /// /// /// // 911// 915// 919// 934// 939//=
57067 340300 1110200 05688 05699 4
20100325120000 021 004 263 009 218 016 1155 038 006 035 027 1101 0000 0039 0073 1101 0039 1158 031 018 1119 025 -117 09595 09596 1156 09590 1109 0005 0042 1105 0003 1158 0043 0070 1101 0043 1200 0098 0110 0096 0105 0084 0094 0096 0122 //// 10292 ///// ///// ////
000000000000000000000000000000000000000000000000000000000000000000000000000000000000000000000000000000000000000000000000
150 003 000 000 7000 /////////////////////CIE 002 0000 6///1 0//// 7//// 1//// 2//// 3//// /// /// /// // 911// 915// 919// 934// 939//=
57056 343200 1105300 03904 03909 4
20100325120000 054 010 068 010 112 010 1121 035 010 077 018 1157 0000 0055 0082 1102 0053 1157 024 016 1102 022 -135 09803 09803 1155 09801 1139 -049 -016 1101 -049 1200 0029 0067 1101 0029 1200 0117 0137 0128 0115 0087 0090 0093 0118 //// 10283 ///// ///// ////
000000000000000000000000000000000000000000000000000000000000000000000000000000000000000000000000000000000000000000000000
200 000 000 000 //// //////////////////////// /// 0000 6///1 0//// 7//// 1//// 2//// 3//// /// /// /// // 911// 915// 919// 934// 939//=
58007 340400 1151800 00472 00532 4
20100325120000 000 000 193 002 075 010 1101 206 003 108 014 1133 0000 0057 0082 1101 0057 1200 054 040 1101 049 -029 10224 10224 1200 10220 1101 -002 0051 1101 -003 1159 0046 0068 1101 0046 1200 0106 0121 0120 0114 0100 0100 0103 0131 //// 10291 ///// ///// ////
000000000000000000000000000000000000000000000000000000000000000000000000000000000000000000000000000000000000000000000000=
58006 342300 1155300 00463 00506 4
20100325120000 111 010 094 011 084 015 1109 133 012 083 022 1101 0000 0044 0062 1101 0040 1138 051 046 1101 043 -048 10231 10232 1158 10229 1103 -024 0008 1104 -026 1155 0037 0061 1101 0037 1200 0094 0120 0124 0118 0095 0093 0098 0126 //// 10295 ///// ///// ////
000000000000000000000000000000000000000000000000000000000000000000000000000000000000000000000000000000000000000000000000
120 000 000 000 //// //////////////////////// /// 0000 6///1 0//// 7//// 1//// 2//// 3//// /// /// /// // 911// 915// 919// 934// 939//=
58111 335800 1162700 00325 00325 4
20100325120000 014 010 007 007 016 011 1119 063 008 012 020 1118 0000 0060 0073 1101 0059 1154 042 036 1101 039 -059 10256 10256 1200 10254 1103 -011 0012 1101 -012 1157 0030 0044 1101 0030 1200 0070 0089 0097 0099 0093 0097 0105 0138 //// 10297 ///// ///// ////
000000000000000000000000000000000000000000000000000000000000000000000000000000000000000000000000000000000000000000000000
150 000 000 000 //// //////////////////////// /// 0000 6///1 0//// 7//// 1//// 2//// 3//// /// /// /// // 911// 915// 919// 934// 939//=
58017 341500 1160800 00410 00420 4
20100325120000 111 012 103 009 092 015 1146 099 017 085 022 1145 0000 0061 0061 1152 0056 1131 046 045 1151 043 -046 10239 10239 1200 10237 1144 -025 0005 1149 -046 1132 0031 0046 1101 0031 1200 0089 0109 0112 0110 0098 0097 0103 0128 //// 10292 ///// ///// ////
000000000000000000000000000000000000000000000000000000000000000000000000000000000000000000000000000000000000000000000000
100 000 000 000 //// //////////////////////// /// 0000 6///1 0//// 7//// 1//// 2//// 3//// /// /// /// // 911// 915// 919// 934// 939//=
58001 342600 1150600 00563 00569 4
20100325120000 134 016 137 018 146 022 1142 128 016 153 031 1139 0000 0066 0070 1139 0066 1200 049 047 1144 048 -033 10215 10215 1149 10212 1101 0040 0045 1140 0037 1105 0041 0051 1101 0041 1200 0080 0098 0103 0100 0090 0089 0094 0126 //// 10287 ///// ///// ////
000000000000000000000000000000000000000000000000000000000000000000000000000000000000000000000000000000000000000000000000
150 000 000 000 //// //////////////////////// /// 0000 6///1 0//// 7//// 1//// 2//// 3//// /// /// /// // 911// 915// 919// 934// 939//=
58005 342700 1154000 00501 00511 4
20100325120000 147 010 127 011 093 017 1105 152 010 113 026 1101 0000 0053 0072 1101 0053 1200 049 043 1101 044 -045 10224 10224 1200 10221 1101 -036 -014 1105 -036 1157 0032 0052 1101 0032 1200 0097 0119 0120 0115 0098 0097 0103 0131 0001 10288 ///// ///// ////
000000000000000000000000000000000000000000000000000000000000000000000000000000000000000000000000000000000000000000000000
160 000 000 000 //// //////////////////////// /// 0000 6///1 0//// 7//// 1//// 2//// 3//// /// /// /// // 911// 915// 919// 934// 939//=
58008 342800 1152000 00544 00592 4
20100325120000 140 009 124 012 109 020 1141 125 013 111 030 1132 0000 0059 0059 1157 0056 1123 048 048 1159 045 -043 10213 10213 1159 10210 1111 -024 -011 1135 -030 1122 0033 0048 1101 0033 1200 0074 0096 0102 0101 0094 0094 0098 0129 //// 10288 ///// ///// ////
000000000000000000000000000000000000000000000000000000000000000000000000000000000000000000000000000000000000000000000000
150 000 000 000 //// //////////////////////// /// 0000 6///1 0//// 7//// 1//// 2//// 3//// /// /// /// // 911// 915// 919// 934// 939//=
58004 343900 1150900 00606 00616 4
20100325120000 142 012 144 010 097 012 1109 142 013 133 023 1139 0000 0062 0069 1101 0061 1152 047 045 1101 045 -043 10207 10207 1157 10204 1106 0013 0016 1114 -003 1136 0050 0069 1101 0050 1200 0102 0126 0125 0120 0100 0099 0102 0127 //// 10285 ///// ///// ////
000000000000000000000000000000000000000000000000000000000000000000000000000000000000000000000000000000000000000000000000
120 000 000 000 //// //////////////////////// /// 0000 6///1 0//// 7//// 1//// 2//// 3//// /// /// /// // 911// 915// 919// 934// 939//=
54817 355900 1155200 00421 00434 4
20100325120000 156 014 161 013 155 014 1153 150 021 150 021 1200 0000 0053 0063 1101 0051 1145 041 033 1102 036 -069 10229 10229 1200 10225 1121 -009 0007 1113 -009 1200 0023 0044 1101 0023 1200 0078 0099 0101 0093 0081 0078 0088 0116 //// 10284 ///// ///// ////
000000000000000000000000000000000000000000000000000000000000000000000000000000000000000000000000000000000000000000000000=
54900 354200 1150100 00537 00541 4
20100325120000 155 017 151 014 150 018 1119 153 017 153 026 1109 0000 0047 0064 1101 0047 1200 059 051 1101 050 -026 10209 10209 1137 10207 1145 -041 0001 1112 -042 1158 0030 0053 1101 0030 1200 0103 0122 0119 0109 0088 0082 0083 0110 //// 10277 ///// ///// ////
000000000000000000000000000000000000000000000000000000000000000000000000000000000000000000000000000000000000000000000000
150 000 000 000 //// //////////////////////// /// 0000 6///1 0//// 7//// 1//// 2//// 3//// /// /// /// // 911// 915// 919// 934// 939//=
54903 355100 1152900 00457 00506 4
20100325120000 158 008 154 008 173 013 1120 173 005 164 022 1140 0000 0061 0070 1101 0061 1200 041 036 1103 039 -062 10216 10216 1150 10213 1106 0030 0046 1110 0026 1157 0029 0049 1101 0029 1200 0090 0107 0106 0099 0082 0080 0090 0114 //// 10280 ///// ///// ////
000000000000000000000000000000000000000000000000000000000000000000000000000000000000000000000000000000000000000000000000
180 000 000 000 //// //////////////////////// /// 0000 6///1 0//// 7//// 1//// 2//// 3//// /// /// /// // 911// 915// 919// 934// 939//=
57184 333800 1132200 00834 00847 4
20100325120000 137 030 140 024 148 028 1103 141 024 166 043 1102 0000 0076 0090 1101 0076 1200 058 053 1102 061 -001 10173 10173 1200 10171 1102 0049 0066 1101 0049 1159 0050 0067 1101 0050 1157 0101 0123 0124 0119 0099 0102 0104 0129 //// 10278 ///// ///// ////
000000000000000000000000000000000000000000000000000000000000000000000000000000000000000000000000000000000000000000000000
150 000 000 /// //// //////////////////////// /// //// 6///1 0//// 7//// 1//// 2//// 3//// /// /// /// // 911// 915// 919// 934// 939//=
57177 332000 1133200 00898 00913 4
20100325120000 147 034 145 034 145 034 1200 141 034 158 045 1154 0000 0073 0079 1101 0065 1133 059 057 1101 060 -002 10169 10169 1200 10167 1119 0041 0055 1102 0032 1147 0046 0063 1101 0046 1200 0067 0106 0104 0113 0101 0103 0105 0121 //// 10282 ///// ///// ////
000000000000000000000000000000000000000000000000000000000000000000000000000000000000000000000000000000000000000000000000=
57075 341000 1125200 02031 02043 4
20100325120000 269 015 250 013 329 025 1101 273 014 338 028 1131 0000 0062 0101 1101 0059 1153 030 016 1121 028 -101 10025 10026 1144 10023 1107 0017 0079 1106 0017 1200 0035 0062 1101 0035 1200 0099 0119 0120 0112 0099 0100 0097 0117 //// 10277 ///// ///// ////
000000000000000000000000000000000000000000000000000000000000000000000000000000000000000000000000000000000000000000000000=
57173 334500 1125300 01457 01468 4
20100325120000 092 024 096 021 096 021 1200 079 018 105 036 1159 0000 0073 0110 1101 0072 1153 029 015 1101 030 -096 10095 10095 1200 10090 1101 0023 0067 1105 0007 1148 0042 0067 1101 0042 1200 0108 0126 0125 0115 0100 0102 0104 0133 //// 10276 ///// ///// ////
000000000000000000000000000000000000000000000000000000000000000000000000000000000000000000000000000000000000000000000000=
57180 335900 1131200 01175 01186 4
20100325120000 042 016 035 015 002 023 1147 037 016 012 034 1147 0000 0077 0105 1105 0077 1200 032 017 1103 034 -079 10125 10127 1101 10124 1139 0017 0045 1110 0014 1135 0044 0068 1101 0044 1200 0113 0137 0135 0122 0099 0099 0102 0130 //// 10272 ///// ///// ////
000000000000000000000000000000000000000000000000000000000000000000000000000000000000000000000000000000000000000000000000=
57181 335300 1130300 01364 01380 4
20100325120000 206 019 202 019 349 041 1101 209 019 341 061 1105 0000 0051 0097 1103 0051 1200 044 021 1102 039 -061 10109 10109 1200 10102 1101 0004 0067 1105 0004 1200 0035 0067 1101 0035 1200 0103 0129 0126 0117 0098 0100 0102 0129 //// 10281 ///// ///// ////
000000000000000000000000000000000000000000000000000000000000000000000000000000000000000000000000000000000000000000000000
250 000 000 000 //// //////////////////////// /// 0000 6///1 0//// 7//// 1//// 2//// 3//// /// /// /// // 911// 915// 919// 934// 939//=
57171 334600 1130700 01420 01430 4
20100325120000 112 023 115 033 123 057 1143 116 024 118 074 1135 0000 0085 0107 1128 0084 1155 057 018 1128 063 0005 10100 10100 1200 10094 1102 0079 0100 1129 0079 1200 0068 0079 1101 0068 1200 0110 0125 0126 0120 0108 0110 0114 0124 //// 10276 ///// ///// ////
000000000000000000000000000000000000000000000000000000000000000000000000000000000000000000000000000000000000000000000000=
57175 330300 1121400 01914 01922 4
20100325120000 065 007 062 009 123 024 1116 088 005 136 035 1110 0000 0083 0105 1101 0083 1200 048 039 1101 053 -021 10049 10049 1200 10044 1115 0024 0064 1101 0024 1200 0068 0098 1101 0068 1200 0129 0147 0144 0132 0104 0107 0111 0138 //// 10286 ///// ///// ////
000000000000000000000000000000000000000000000000000000000000000000000000000000000000000000000000000000000000000000000000
200 000 000 000 //// //////////////////////// /// 0000 6///1 0//// 7//// 1//// 2//// 3//// /// /// /// // 911// 915// 919// 934// 939//=
57156 331800 1113000 02503 02523 4
20100325120000 044 004 071 003 164 015 1101 054 003 063 019 1138 0000 0098 0129 1101 0098 1200 032 015 1103 039 -061 09968 09968 1159 09963 1108 0049 0074 1101 0049 1151 0043 0074 1101 0043 1200 0111 0122 0121 0115 0101 0109 0117 0142 //// 10278 ///// ///// ////
000000000000000000000000000000000000000000000000000000000000000000000000000000000000000000000000000000000000000000000000
150 003 000 000 //// /////////////////////CIE 002 0000 6///1 0//// 7//// 1//// 2//// 3//// /// /// /// // 911// 915// 919// 934// 939//=
57271 323300 1122300 00879 00897 4
20100325120000 094 019 097 020 105 021 1136 097 019 108 029 1157 0000 0088 0098 1101 0088 1200 051 051 1200 058 -008 10169 10171 1103 10168 1131 0038 0061 1101 0026 1141 0058 0081 1101 0058 1200 0107 0127 0129 0124 0101 0106 0114 0139 //// 10280 ///// ///// ////
000000000000000000000000000000000000000000000000000000000000000000000000000000000000000000000000000000000000000000000000
120 000 000 000 //// //////////////////////// /// 0000 6///1 0//// 7//// 1//// 2//// 3//// /// /// /// // 911// 915// 919// 934// 939//=
57261 330700 1113100 02330 02345 4
20100325120000 292 011 293 011 325 024 1119 293 011 350 037 1115 0000 0102 0118 1107 0102 1200 030 022 1107 037 -066 09982 09982 1200 09975 1101 0031 0056 1101 0031 1200 0066 0091 1101 0066 1200 0113 0126 0124 0117 0111 0121 0128 //// //// 10270 ///// ///// ////
000000000000000000000000000000000000000000000000000000000000000000000000000000000000000000000000000000000000000000000000=
57285 322300 1132500 01530 01492 4
20100325120000 104 018 102 020 100 037 1131 091 019 068 069 1110 0000 0088 0099 1101 0088 1200 049 048 1106 055 -013 10108 10109 1152 10106 1101 0055 0075 1101 0053 1158 0073 0092 1101 0073 1200 0113 0125 0126 0121 0102 0107 0110 0134 //// 10292 ///// ///// ////
000000000000000000000000000000000000000000000000000000000000000000000000000000000000000000000000000000000000000000000000
200 010 000 000 6500 /////////////////////CSI 007 0000 6///1 0//// 7//// 1//// 2//// 3//// /// /// /// // 911// 915// 919// 934// 939//=
57273 324100 1125100 01095 01105 4
20100325120000 119 021 124 023 125 028 1118 111 015 133 043 1118 0000 0091 0093 1128 0091 1200 037 033 1135 043 -048 10146 10146 1158 10145 1141 0065 0080 1116 0063 1153 0056 0074 1101 0056 1200 0103 0119 0121 0116 0108 0110 0112 0136 //// 10283 ///// ///// ////
000000000000000000000000000000000000000000000000000000000000000000000000000000000000000000000000000000000000000000000000
250 004 000 000 5800 /////////////////////CIE 002 0000 6///1 0//// 7//// 1//// 2//// 3//// /// /// /// // 911// 915// 919// 934// 939//=
57187 330400 1125600 01180 01193 4
20100325120000 121 025 122 025 120 032 1113 122 020 116 046 1110 0000 0082 0101 1101 0082 1200 057 034 1101 062 0002 10127 10127 1200 10123 1101 0065 0086 1106 0065 1151 0057 0078 1101 0057 1200 0101 0113 0118 0114 0108 0110 0110 0131 //// 10275 ///// ///// ////
000000000000000000000000000000000000000000000000000000000000000000000000000000000000000000000000000000000000000000000000
170 000 000 000 //// //////////////////////// /// 0000 6///1 0//// 7//// 1//// 2//// 3//// /// /// /// // 911// 915// 919// 934// 939//=
57178 330200 1123500 01292 01305 4
20100325120000 130 020 133 021 128 025 1116 110 025 138 037 1114 0000 0095 0106 1101 0095 1200 040 033 1106 047 -034 10121 10122 1152 10118 1103 0055 0074 1101 0051 1135 0061 0078 1101 0061 1200 0103 0120 0120 0115 0107 0108 0110 0132 0001 10281 ///// ///// ////
000000000000000000000000000000000000000000000000000000000000000000000000000000000000000000000000000000000000000000000000
200 000 000 000 //// //////////////////////// /// 0000 6///1 0//// 7//// 1//// 2//// 3//// /// /// /// // 911// 915// 919// 934// 939//=
57169 330300 1115200 01591 01600 4
20100325120000 107 028 111 036 104 045 1151 105 022 083 059 1143 0000 0091 0122 1101 0083 1143 050 027 1109 058 -008 10085 10085 1200 10074 1125 0069 0084 1101 0059 1142 0060 0083 1101 0055 1145 0107 0123 0125 0119 0103 0105 0109 0132 //// 10283 ///// ///// ////
000000000000000000000000000000000000000000000000000000000000000000000000000000000000000000000000000000000000000000000000
120 10- 000 000 //// /////////////////////CIE 002 0000 6///1 0//// 7//// 1//// 2//// 3//// /// /// /// // 911// 915// 919// 934// 939//=
57176 332900 1122500 02311 02304 4
20100325120000 143 007 149 008 158 027 1101 158 010 167 033 1111 0000 0096 0109 1101 0096 1200 035 030 1102 042 -051 10003 10003 1200 09999 1114 0044 0091 1101 0044 1200 0056 0074 1101 0056 1200 0102 0119 0123 0121 0110 0111 0113 0130 //// 10285 ///// ///// ////
000000000000000000000000000000000000000000000000000000000000000000000000000000000000000000000000000000000000000000000000=
57179 331700 1130000 01604 01616 4
20100325120000 141 023 165 017 101 017 1101 128 013 173 031 1155 0000 0087 0108 1101 0086 1156 049 032 1101 055 -014 10084 10084 1159 10079 1102 0022 0054 1101 0013 1155 0046 0061 1101 0046 1159 0088 0103 0106 0104 0101 0104 0105 0132 //// 10283 ///// ///// ////
000000000000000000000000000000000000000000000000000000000000000000000000000000000000000000000000000000000000000000000000
300 000 000 000 //// //////////////////////// /// 0000 6///1 0//// 7//// 1//// 2//// 3//// /// /// /// // 911// 915// 919// 934// 939//=
57274 324200 1120700 01076 01088 4
20100325120000 123 028 123 031 130 041 1116 116 030 139 061 1102 0000 0093 0109 1101 0093 1200 044 036 1111 052 -023 10145 10145 1159 10141 1124 0070 0087 1103 0070 1147 0076 0097 1101 0076 1200 0123 0137 0138 0132 0112 0114 0116 0140 //// 10280 ///// ///// ////
000000000000000000000000000000000000000000000000000000000000000000000000000000000000000000000000000000000000000000000000
150 000 000 000 //// //////////////////////// /// 0000 6///1 0//// 7//// 1//// 2//// 3//// /// /// /// // 911// 915// 919// 934// 939//=
57065 343000 1121100 01949 01964 4
20100325120000 256 024 257 021 259 022 1159 240 022 291 038 1127 0000 0109 0116 1101 0108 1120 014 013 1102 018 -156 10035 10035 1200 10031 1116 0033 0063 1101 0033 1200 0053 0076 1101 0051 1142 0118 0134 0132 0123 0098 0103 0110 0138 //// 10276 ///// ///// ////
000000000000000000000000000000000000000000000000000000000000000000000000000000000000000000000000000000000000000000000000
280 003 000 000 6500 /////////////////////CII 001 0000 6///1 0//// 7//// 1//// 2//// 3//// /// /// /// // 911// 915// 919// 934// 939//=
57074 342500 1122500 01973 01989 4
20100325120000 340 005 324 006 312 018 1103 322 008 353 044 1101 0000 0105 0117 1101 0105 1200 016 015 1102 020 -143 10030 10030 1200 10028 1119 0046 0093 1101 0046 1200 0061 0087 1101 0061 1200 0122 0133 0129 0119 0103 0102 0103 0125 //// 10274 ///// ///// ////
000000000000000000000000000000000000000000000000000000000000000000000000000000000000000000000000000000000000000000000000
150 003 000 000 5600 //////////////////CIICIE 001 0000 6///1 0//// 7//// 1//// 2//// 3//// /// /// /// // 911// 915// 919// 934// 939//=
57070 344400 1120700 03640 03595 4
20100325120000 278 034 272 034 279 049 1101 271 034 282 059 1101 0000 0076 0094 1101 0075 1147 018 015 1115 019 -152 09837 09837 1200 09833 1112 0049 0076 1101 0047 1151 0047 0075 1101 0047 1200 0109 0122 0116 0105 0090 0092 0095 0122 //// 10277 ///// ///// ////
000000000000000000000000000000000000000000000000000000000000000000000000000000000000000000000000000000000000000000000000
330 000 000 000 //// //////////////////////// /// 0000 6///1 0//// 7//// 1//// 2//// 3//// /// /// /// // 911// 915// 919// 934// 939//=
57162 340900 1120500 03258 03275 4
20100325120000 160 008 168 009 177 013 1154 159 011 187 020 1151 0000 0090 0112 1101 0090 1200 023 015 1101 026 -110 09878 09878 1200 09873 1101 0033 0064 1141 0018 1121 0056 0081 1101 0056 1200 0122 0135 0130 0116 0093 0097 0102 0132 //// 10277 ///// ///// ////
000000000000000000000000000000000000000000000000000000000000000000000000000000000000000000000000000000000000000000000000=
57078 340900 1122800 03365 03340 4
20100325120000 183 003 231 006 334 022 1129 PPC 001 336 038 1121 0000 0095 0105 1101 0095 1200 016 014 1102 019 -151 09868 09868 1200 09865 1120 0032 0068 1101 0027 1158 0048 0071 1101 0048 1200 0101 0119 0118 0108 0094 0098 0098 0118 //// 10275 ///// ///// ////
000000000000000000000000000000000000000000000000000000000000000000000000000000000000000000000000000000000000000000000000
250 002 000 000 6000 /////////////////////CIE 002 0000 6///1 0//// 7//// 1//// 2//// 3//// /// /// /// // 911// 915// 919// 934// 939//=
57071 344900 1122600 03333 03332 4
20100325120000 215 030 215 027 219 028 1101 209 045 209 045 1200 0000 0086 0098 1101 0086 1200 014 013 1102 016 -174 09867 09867 1200 09864 1118 0054 0069 1101 0039 1133 0047 0072 1101 0047 1200 0115 0128 0124 0113 0089 0088 0092 0119 //// 10274 ///// ///// ////
000000000000000000000000000000000000000000000000000000000000000000000000000000000000000000000000000000000000000000000000
220 000 000 000 //// //////////////////////// /// 0000 6///1 0//// 7//// 1//// 2//// 3//// /// /// /// // 911// 915// 919// 934// 939//=
57066 342300 1114000 03283 03298 4
20100325120000 342 009 330 003 035 013 1107 001 009 023 022 1112 0000 0095 0113 1101 0095 1200 016 015 1101 019 -151 09875 09875 1200 09870 1107 0020 0072 1111 0020 1200 0045 0079 1101 0045 1200 0114 0127 0120 0107 0090 0091 0091 0115 //// 10277 ///// ///// ////
000000000000000000000000000000000000000000000000000000000000000000000000000000000000000000000000000000000000000000000000
200 000 000 000 //// //////////////////////// /// 0000 6///1 0//// 7//// 1//// 2//// 3//// /// /// /// // 911// 915// 919// 934// 939//=
57077 334700 1113900 07424 07388 4
20100325120000 306 005 351 007 032 014 1101 319 003 091 016 1112 0000 0046 0066 1101 0046 1200 036 028 1108 031 -092 09403 09403 1149 09398 1104 -025 0012 1101 -025 1200 0009 0033 1101 0009 1200 0067 0088 0088 0083 0079 0086 0092 0115 //// 10292 ///// ///// ////
000000000000000000000000000000000000000000000000000000000000000000000000000000000000000000000000000000000000000000000000
250 003 000 000 6300 /////////////////////CIE 002 0000 6///1 0//// 7//// 1//// 2//// 3//// /// /// /// // 911// 915// 919// 934// 939//=
57183 334800 1135500 00600 00615 4
20100325120000 172 035 168 039 168 039 1200 187 040 187 052 1158 0000 0058 0075 1101 0054 1151 066 059 1108 061 -001 10202 10203 1132 10201 1101 0024 0030 1103 0010 1147 0064 0087 1101 0064 1200 0112 0124 0124 0118 0101 0099 0098 0122 //// 10279 ///// ///// ////
000000000000000000000000000000000000000000000000000000000000000000000000000000000000000000000000000000000000000000000000
130 000 000 000 //// //////////////////////// /// 0000 6///1 0//// 7//// 1//// 2//// 3//// /// /// /// // 911// 915// 919// 934// 939//=
57186 333600 1140300 00587 00598 4
20100325120000 166 031 165 029 148 031 1125 166 037 161 051 1124 0000 0084 0089 1126 0081 1101 049 047 1117 054 -017 10209 10210 1152 10207 1101 0035 0051 1123 0027 1110 0061 0080 1101 0061 1200 0114 0130 0128 0121 0103 0103 0103 0133 //// 10283 ///// ///// ////
000000000000000000000000000000000000000000000000000000000000000000000000000000000000000000000000000000000000000000000000
220 000 000 000 //// //////////////////////// /// 0000 6///1 0//// 7//// 1//// 2//// 3//// /// /// /// // 911// 915// 919// 934// 939//=
57191 342900 1142900 00634 00642 4
20100325120000 150 015 141 015 128 017 1143 124 013 099 034 1101 0000 0078 0087 1101 0078 1200 046 041 1101 049 -031 10202 10203 1144 10201 1105 0054 0066 1102 0052 1157 0048 0059 1101 0048 1200 0090 0103 0106 0104 0096 0093 0095 0124 //// 10283 ///// ///// ////
000000000000000000000000000000000000000000000000000000000000000000000000000000000000000000000000000000000000000000000000
130 000 000 000 //// //////////////////////// /// 0000 6///1 0//// 7//// 1//// 2//// 3//// /// /// /// // 911// 915// 919// 934// 939//=
57096 343200 1144700 00597 00607 4
20100325120000 154 023 152 022 151 023 1151 152 025 158 037 1147 0000 0067 0076 1101 0067 1200 049 045 1101 048 -033 10204 10204 1200 10201 1104 0041 0055 1102 0039 1130 0036 0055 1101 0036 1200 0109 0131 0128 0118 0102 0100 0102 0128 //// 10280 ///// ///// ////
000000000000000000000000000000000000000000000000000000000000000000000000000000000000000000000000000000000000000000000000
280 000 000 000 //// //////////////////////// /// 0000 6///1 0//// 7//// 1//// 2//// 3//// /// /// /// // 911// 915// 919// 934// 939//=
57091 344700 1141800 00737 00748 4
20100325120000 139 028 136 031 131 039 1101 121 026 127 062 1151 0000 0083 0089 1101 0083 1200 038 035 1101 042 -052 10185 10186 1124 10183 1110 0045 0060 1102 0043 1150 0062 0079 1101 0062 1200 0122 0135 0130 0115 0102 0101 0101 0122 //// 10279 ///// ///// ////
000000000000000000000000000000000000000000000000000000000000000000000000000000000000000000000000000000000000000000000000
160 000 000 000 //// //////////////////////// /// 0000 6///1 0//// 7//// 1//// 2//// 3//// /// /// /// // 911// 915// 919// 934// 939//=
53978 350500 1123800 01401 01409 4
20100325120000 302 019 315 017 290 038 1101 305 020 293 056 1111 0000 0106 0124 1104 0106 1200 016 013 1114 020 -142 10091 10091 1200 10088 1104 0012 0084 1101 0012 1200 0062 0095 1101 0062 1200 0127 0143 0139 0129 0093 0092 0097 0125 //// 10264 ///// ///// ////
000000000000000000000000000000000000000000000000000000000000000000000000000000000000000000000000000000000000000000000000=
53984 351400 1132800 00827 00837 4
20100325120000 024 031 026 029 035 031 1150 020 030 032 040 1150 0000 0041 0069 1101 0041 1200 067 054 1102 055 -015 10170 10170 1200 10166 1101 0001 0035 1101 0000 1158 0042 0064 1101 0042 1200 0119 0132 0125 0119 0097 0095 0096 0120 //// 10275 ///// ///// ////
000000000000000000000000000000000000000000000000000000000000000000000000000000000000000000000000000000000000000000000000
200 000 000 000 //// //////////////////////// /// 0000 6///1 0//// 7//// 1//// 2//// 3//// /// /// /// // 911// 915// 919// 934// 939//=
53987 350600 1132500 00910 00918 4
20100325120000 040 026 032 024 092 027 1104 029 021 038 039 1159 0000 0068 0079 1106 0068 1159 058 054 1116 057 -009 10156 10156 1200 10153 1101 0050 0060 1101 0045 1146 0067 0086 1101 0067 1200 0121 0136 0137 0130 0102 0098 0101 0127 //// 10270 ///// ///// ////
000000000000000000000000000000000000000000000000000000000000000000000000000000000000000000000000000000000000000000000000
110 000 000 000 6500 /////////////////////CIE 002 0000 6///1 0//// 7//// 1//// 2//// 3//// /// /// /// // 911// 915// 919// 934// 939//=
57079 345700 1130200 01064 01069 4
20100325120000 263 019 255 023 253 033 1101 271 017 249 041 1101 0000 0076 0105 1101 0076 1200 030 020 1101 031 -089 10131 10131 1200 10128 1101 0033 0087 1101 0033 1200 0042 0072 1101 0042 1200 0117 0127 0125 0116 0097 0096 0095 0119 //// 10264 ///// ///// ////
000000000000000000000000000000000000000000000000000000000000000000000000000000000000000000000000000000000000000000000000=
57072 345500 1124500 01275 01285 4
20100325120000 248 025 258 024 269 029 1147 245 019 293 039 1139 0000 0097 0106 1101 0090 1127 017 016 1146 020 -142 10109 10109 1200 10106 1101 0063 0074 1151 0016 1123 0044 0063 1101 0044 1128 0112 0128 0124 0113 0086 0086 0087 0113 //// 10267 ///// ///// ////
000000000000000000000000000000000000000000000000000000000000000000000000000000000000000000000000000000000000000000000000=
53982 351400 1131600 01120 01135 4
20100325120000 030 018 042 019 071 024 1108 040 012 091 042 1103 0000 0087 0096 1101 0087 1200 045 042 1101 051 -026 10131 10131 1200 10127 1101 0063 0077 1101 0061 1157 0066 0086 1101 0066 1158 0129 0142 0138 0128 0099 0098 0101 0131 //// 10271 ///// ///// ////
000000000000000000000000000000000000000000000000000000000000000000000000000000000000000000000000000000000000000000000000
200 000 000 000 //// //////////////////////// /// 0000 6///1 0//// 7//// 1//// 2//// 3//// /// /// /// // 911// 915// 919// 934// 939//=
53979 350900 1130500 01200 01211 4
20100325120000 050 030 050 030 069 038 1101 068 033 084 052 1135 0000 0085 0098 1101 0082 1155 049 044 1101 054 -016 10121 10122 1159 10117 1101 0072 0088 1101 0066 1153 0053 0073 1101 0050 1153 0130 0143 0139 0126 0098 0099 0104 0131 //// 10271 ///// ///// ////
000000000000000000000000000000000000000000000000000000000000000000000000000000000000000000000000000000000000000000000000=
53974 353700 1141100 00723 00739 4
20100325120000 184 009 190 009 159 025 1111 119 009 153 042 1106 0000 0073 0083 1101 0073 1200 051 044 1102 052 -022 10185 10185 1200 10182 1109 0023 0041 1113 0018 1151 0054 0071 1101 0054 1200 0109 0126 0126 0119 0091 0091 0097 0124 //// 10278 ///// ///// ////
000000000000000000000000000000000000000000000000000000000000000000000000000000000000000000000000000000000000000000000000=
53990 354300 1141900 00795 00805 4
20100325120000 176 031 177 031 177 033 1143 172 031 181 041 1140 0000 0050 0060 1101 0050 1200 061 057 1101 053 -019 10175 10175 1200 10173 1101 0037 0053 1101 0037 1200 0030 0048 1101 0030 1200 0105 0119 0113 0106 0091 0085 0083 0110 //// 10277 ///// ///// ////
000000000000000000000000000000000000000000000000000000000000000000000000000000000000000000000000000000000000000000000000=
53991 355600 1142100 00743 00753 4
20100325120000 150 019 151 023 152 024 1112 178 012 175 050 1141 0000 0065 0075 1101 0065 1200 050 045 1101 048 -032 10178 10179 1127 10177 1108 0055 0065 1101 0054 1159 0049 0065 1101 0049 1200 0104 0121 0115 0111 0087 0084 0087 0118 //// 10273 ///// ///// ////
000000000000000000000000000000000000000000000000000000000000000000000000000000000000000000000000000000000000000000000000
200 000 000 000 //// //////////////////////// /// 0000 6///1 0//// 7//// 1//// 2//// 3//// /// /// /// // 911// 915// 919// 934// 939//=
53993 355600 1145500 00516 00524 4
20100325120000 161 017 166 015 168 016 1132 158 021 152 028 1128 0000 0058 0069 1101 0058 1200 050 045 1101 046 -038 10208 10209 1117 10207 1101 0032 0052 1101 0032 1200 0034 0053 1101 0034 1200 0091 0110 0107 0098 0082 0076 0075 0108 //// 10274 ///// ///// ////
000000000000000000000000000000000000000000000000000000000000000000000000000000000000000000000000000000000000000000000000
150 000 000 000 //// //////////////////////// /// 0000 6///1 0//// 7//// 1//// 2//// 3//// /// /// /// // 911// 915// 919// 934// 939//=
53889 360400 1134900 03068 03086 4
20100325120000 079 011 083 012 095 023 1120 046 011 088 034 1109 0000 0060 0070 1101 0060 1200 048 043 1101 045 -042 09889 09889 1200 09885 1105 0037 0060 1101 0035 1158 0051 0071 1101 0051 1200 0098 0115 0122 0123 0081 0075 0088 0098 //// 10271 ///// ///// ////
000000000000000000000000000000000000000000000000000000000000000000000000000000000000000000000000000000000000000000000000=
53995 353300 1143000 00625 00645 4
20100325120000 140 025 141 026 141 026 1159 133 024 133 038 1156 0000 0053 0068 1101 0053 1200 057 050 1101 051 -025 10195 10195 1200 10193 1101 0032 0056 1104 0023 1152 0048 0069 1101 0048 1200 0114 0134 0132 0124 0092 0087 0087 0116 //// 10276 ///// ///// ////
000000000000000000000000000000000000000000000000000000000000000000000000000000000000000000000000000000000000000000000000
150 000 000 000 //// //////////////////////// /// 0000 6///1 0//// 7//// 1//// 2//// 3//// /// /// /// // 911// 915// 919// 934// 939//=
53898 360300 1142400 00629 00638 4
20100325120000 164 023 162 023 165 029 1101 175 018 173 042 1143 0000 0056 0070 1101 0056 1200 053 048 1102 048 -032 10191 10192 1139 10190 1101 0020 0035 1101 0018 1108 0054 0072 1101 0054 1200 0115 0127 0123 0110 0075 0076 0085 0116 //// 10271 ///// ///// ////
000000000000000000000000000000000000000000000000000000000000000000000000000000000000000000000000000000000000000000000000
170 000 000 000 //// //////////////////////// /// 0000 6///1 0//// 7//// 1//// 2//// 3//// /// /// /// // 911// 915// 919// 934// 939//=
NNNN
