57090 344300 1135800 00781 00802 4
20100501220000 198 004 183 002 126 007 2140 206 005 133 015 2137 0000 0168 0169 2115 0166 2127 094 092 2105 180 0158 09977 09977 2158 09974 2107 0121 0121 2200 0106 2110 0144 0144 2200 0138 2109 0170 0186 0192 0197 0183 0153 0129 0131 //// 10070 ///// ///// ////
000000000000000000000000000000000000000000000000000000000000000000000000000000000000000000000000000000000000000000000000=
57083 344300 1133900 01104 01116 4
20100501220000 119 009 134 008 217 010 2129 109 010 183 013 2112 0000 0182 0199 2101 0181 2153 081 072 2106 169 0149 09937 09938 2133 09935 2106 0117 0117 2200 0105 2129 0146 0146 2101 0142 2138 0166 0176 0182 0186 0157 0138 0128 0130 0000 10066 ///// ///// ////
000000000000000000000000000000000000000000000000000000000000000000000000000000000000000000000000000000000000000000000000
080 000 000 /// //// //////////////////////// /// //// 6///1 0//// 7//// 1//// 2//// 3//// /// /// /// // 911// 915// 919// 934// 939//=
57086 342300 1134300 01166 01168 4
20100501220000 180 025 189 019 189 019 2200 198 022 189 038 2159 0000 0198 0199 2114 0195 2128 077 077 2118 178 0157 09940 09940 2200 09936 2103 0170 0170 2152 0147 2104 0161 0161 2200 0153 2104 0171 0181 0186 0187 0169 0138 0122 0124 //// 10075 ///// ///// ////
000000000000000000000000000000000000000000000000000000000000000000000000000000000000000000000000000000000000000000000000=
57085 343200 1132000 02599 02648 4
20100501220000 337 005 319 007 316 014 2146 302 006 308 024 2137 0000 0186 0189 2148 0178 2113 076 075 2149 163 0143 09767 09767 2200 09766 2104 0160 0167 2147 0152 2110 0144 0144 2151 0142 2137 0160 0173 0178 0179 0173 0143 0125 0128 //// 10069 ///// ///// ////
000000000000000000000000000000000000000000000000000000000000000000000000000000000000000000000000000000000000000000000000=
57081 344800 1132600 01409 01419 4
20100501220000 271 005 272 005 267 006 2109 257 006 226 013 2105 0000 0177 0190 2103 0176 2156 061 056 2102 123 0101 09905 09905 2200 09902 2135 0110 0110 2200 0100 2129 0138 0138 2200 0136 2137 0162 0177 0187 0187 0155 0139 0125 0122 //// 10068 ///// ///// ////
000000000000000000000000000000000000000000000000000000000000000000000000000000000000000000000000000000000000000000000000=
57084 343000 1130300 11784 11790 4
20100501220000 256 071 256 074 266 094 2101 245 062 262 102 2101 0000 0183 0184 2151 0178 2115 052 051 2149 109 0083 08787 08787 2200 08784 2101 0147 0149 2153 0138 2113 0135 0136 2155 0128 2113 0140 0151 0157 0157 0126 //// //// //// //// 10069 ///// ///// ////
000000000000000000000000000000000000000000000000000000000000000000000000000000000000000000000000000000000000000000000000=
57080 344400 1125800 01652 01661 4
20100501220000 222 002 211 003 203 004 2156 223 000 277 008 2119 0000 0152 0159 2101 0151 2158 078 073 2101 135 0114 09879 09879 2158 09877 2101 0105 0105 2200 0099 2128 0129 0129 2200 0127 2139 0160 0177 0188 0191 0154 0132 0119 0123 //// 10070 ///// ///// ////
000000000000000000000000000000000000000000000000000000000000000000000000000000000000000000000000000000000000000000000000=
57082 342800 1130100 04271 04284 4
20100501220000 296 029 290 025 270 027 2150 296 025 277 042 2146 0000 0205 0220 2153 0187 2101 053 048 2153 128 0106 09588 09588 2200 09586 2130 0184 0198 2153 0147 2101 0159 0159 2155 0152 2101 0176 0189 0197 0200 0166 0141 0126 //// //// 10070 ///// ///// ////
000000000000000000000000000000000000000000000000000000000000000000000000000000000000000000000000000000000000000000000000=
57295 323700 1142100 00785 00802 4
20100501220000 190 017 192 021 196 024 2121 192 023 181 042 2152 0000 0188 0190 2102 0186 2131 084 084 2101 182 0160 09999 09999 2200 09996 2115 0155 0155 2200 0143 2135 0172 0172 2200 0168 2135 0198 0200 0200 0200 0161 0143 0129 0132 //// 10092 ///// ///// ////
000000000000000000000000000000000000000000000000000000000000000000000000000000000000000000000000000000000000000000000000=
57189 330800 1135700 00646 00655 4
20100501220000 180 009 187 010 193 012 2157 189 008 192 019 2148 0000 0156 0156 2200 0152 2146 098 097 2110 174 0153 10008 10008 2200 10006 2101 0114 0114 2200 0107 2101 0148 0148 2200 0144 2129 0170 0182 0188 0192 0151 0135 0124 0127 //// 10084 ///// ///// ////
000000000000000000000000000000000000000000000000000000000000000000000000000000000000000000000000000000000000000000000000=
57194 331700 1141600 00598 00609 4
20100501220000 220 019 213 018 202 027 2130 220 021 195 047 2142 0000 0185 0187 2155 0183 2118 088 086 2101 187 0165 10015 10015 2200 10010 2109 0159 0167 2150 0147 2102 0160 0162 2154 0150 2103 0177 0186 0191 0192 0153 0134 0123 0128 //// 10086 ///// ///// ////
000000000000000000000000000000000000000000000000000000000000000000000000000000000000000000000000000000000000000000000000=
57197 330000 1142000 00489 00545 4
20100501220000 182 016 182 015 172 023 2120 170 013 184 032 2111 0000 0172 0172 2200 0168 2102 098 098 2101 192 0169 10024 10024 2200 10021 2114 0121 0121 2137 0105 2101 0152 0152 2200 0140 2101 0181 0189 0193 0191 0164 0144 0128 0128 //// 10087 ///// ///// ////
000000000000000000000000000000000000000000000000000000000000000000000000000000000000000000000000000000000000000000000000=
57294 325000 1140100 00836 00846 4
20100501220000 193 012 205 014 217 016 2138 173 005 212 026 2132 0000 0183 0200 2105 0180 2150 089 082 2109 187 0165 09986 09986 2200 09984 2105 0151 0158 2106 0131 2128 0159 0159 2107 0151 2130 0177 0187 0192 0190 0155 0142 0128 0126 //// 10084 ///// ///// ////
000000000000000000000000000000000000000000000000000000000000000000000000000000000000000000000000000000000000000000000000=
57292 325800 1143800 00444 00453 4
20100501220000 177 026 186 028 191 029 2154 164 025 192 057 2141 0000 0191 0191 2158 0188 2115 087 087 2200 192 0169 10038 10038 2200 10036 2128 0169 0169 2159 0161 2137 0171 0171 2200 0165 2136 0187 0196 0200 0202 0177 0149 0132 0135 //// 10091 ///// ///// ////
000000000000000000000000000000000000000000000000000000000000000000000000000000000000000000000000000000000000000000000000=
57195 333700 1143700 00466 00476 4
20100501220000 229 013 230 014 233 015 2158 240 014 223 025 2120 0000 0187 0192 2101 0187 2200 084 082 2101 181 0159 10030 10030 2200 10026 2113 0166 0166 2200 0151 2101 0160 0160 2200 0154 2118 0177 0190 0200 0203 0166 0142 0128 0140 //// 10085 ///// ///// ////
000000000000000000000000000000000000000000000000000000000000000000000000000000000000000000000000000000000000000000000000=
57193 334700 1143100 00526 00541 4
20100501220000 215 005 186 009 175 010 2157 212 003 170 023 2152 0000 0173 0173 2200 0169 2105 092 092 2200 182 0160 10023 10023 2200 10019 2110 0155 0155 2200 0138 2104 0153 0153 2200 0143 2105 0166 0177 0186 0189 0169 0144 0130 0132 //// 10086 ///// ///// ////
000000000000000000000000000000000000000000000000000000000000000000000000000000000000000000000000000000000000000000000000=
57196 332800 1145200 00420 00428 4
20100501220000 191 014 189 016 186 018 2151 200 020 181 030 2147 0000 0172 0172 2200 0168 2101 091 089 2101 178 0157 10039 10039 2200 10035 2104 0150 0153 2158 0115 2101 0139 0140 2158 0130 2130 0159 0175 0182 0182 0149 0135 0127 0132 //// 10089 ///// ///// ////
000000000000000000000000000000000000000000000000000000000000000000000000000000000000000000000000000000000000000000000000=
57099 340400 1145100 00526 00536 4
20100501220000 212 011 206 012 204 013 2155 189 010 205 025 2123 0000 0175 0175 2200 0170 2114 090 089 2101 180 0158 10021 10021 2200 10018 2101 0140 0142 2158 0120 2102 0144 0144 2200 0137 2137 0159 0173 0180 0183 0167 0141 0123 0132 //// 10083 ///// ///// ////
000000000000000000000000000000000000000000000000000000000000000000000000000000000000000000000000000000000000000000000000=
58104 332400 1150400 00412 00425 4
20100501220000 208 019 204 020 203 021 2157 209 023 184 034 2127 0000 0175 0176 2103 0174 2125 091 090 2101 182 0160 10040 10040 2200 10037 2101 0149 0152 2152 0131 2118 0147 0147 2200 0141 2118 0167 0183 0192 0196 0180 0144 0126 0135 //// 10090 ///// ///// ////
000000000000000000000000000000000000000000000000000000000000000000000000000000000000000000000000000000000000000000000000=
57198 333300 1143700 00463 00473 4
20100501220000 227 012 217 011 186 012 2146 260 010 170 021 2127 0000 0168 0168 2200 0163 2103 093 091 2101 178 0157 10032 10032 2200 10028 2101 0117 0117 2200 0096 2118 0139 0139 2200 0132 2126 0162 0180 0189 0193 0158 0143 0131 0139 //// 10087 ///// ///// ////
000000000000000000000000000000000000000000000000000000000000000000000000000000000000000000000000000000000000000000000000=
58101 335200 1152900 00413 00428 4
20100501220000 180 008 178 007 162 012 2115 153 004 173 023 2114 0000 0154 0157 2101 0151 2147 095 090 2101 166 0146 10039 10039 2200 10035 2124 0106 0106 2200 0088 2133 0121 0121 2200 0113 2131 0157 0169 0177 0179 0154 0138 0125 0131 //// 10089 ///// ///// ////
000000000000000000000000000000000000000000000000000000000000000000000000000000000000000000000000000000000000000000000000=
57098 340500 1142400 00583 00593 4
20100501220000 186 018 186 021 189 022 2156 197 013 178 033 2128 0000 0174 0174 2200 0158 2123 092 091 2101 183 0161 10011 10011 2200 10008 2101 0160 0161 2159 0121 2107 0144 0144 2200 0134 2124 0149 0159 0167 0173 0165 0140 0125 0130 //// 10080 ///// ///// ////
000000000000000000000000000000000000000000000000000000000000000000000000000000000000000000000000000000000000000000000000=
57190 334500 1142400 00505 00516 4
20100501220000 196 012 188 014 180 017 2112 205 011 189 022 2148 0000 0139 0139 2200 0130 2114 096 094 2114 152 0133 10024 10024 2200 10020 2104 0120 0120 2200 0102 2107 0123 0123 2200 0112 2128 0145 0163 0177 0182 0175 0144 0128 0132 //// 10084 ///// ///// ////
000000000000000000000000000000000000000000000000000000000000000000000000000000000000000000000000000000000000000000000000=
57088 340900 1133000 01161 01177 4
20100501220000 113 009 085 006 313 010 2132 116 011 248 014 2124 0000 0154 0161 2121 0154 2200 094 093 2101 164 0144 09938 09938 2200 09936 2109 0128 0128 2200 0123 2135 0138 0138 2200 0133 2140 0162 0180 0190 0192 0148 0132 0126 0131 //// 10075 ///// ///// ////
000000000000000000000000000000000000000000000000000000000000000000000000000000000000000000000000000000000000000000000000=
57182 335100 1133000 00805 00814 4
20100501220000 204 029 205 026 205 026 2200 217 026 206 042 2158 0000 0207 0207 2200 0193 2105 080 080 2200 195 0171 09982 09982 2200 09980 2101 0189 0189 2200 0147 2106 0174 0174 2200 0156 2117 0186 0197 0204 0202 0175 0148 0133 0140 //// 10076 ///// ///// ////
000000000000000000000000000000000000000000000000000000000000000000000000000000000000000000000000000000000000000000000000=
57087 341200 1134800 00877 00885 4
20100501220000 174 008 157 007 203 008 2112 172 007 118 012 2140 0000 0163 0173 2101 0163 2200 092 089 2101 170 0150 09974 09974 2200 09971 2105 0115 0119 2101 0108 2139 0141 0143 2101 0136 2139 0166 0181 0188 0188 0155 0135 0124 0128 //// 10077 ///// ///// ////
000000000000000000000000000000000000000000000000000000000000000000000000000000000000000000000000000000000000000000000000=
58301 314900 1152300 00916 00929 4
20100501220000 202 035 203 034 201 041 2121 206 032 217 054 2101 0000 0204 0206 2117 0202 2141 070 070 2200 168 0147 09999 09999 2200 09995 2101 0176 0176 2200 0173 2101 0176 0176 2200 0172 2134 0190 0199 0206 0208 0193 0163 0138 0134 //// 10106 ///// ///// ////
000000000000000000000000000000000000000000000000000000000000000000000000000000000000000000000000000000000000000000000000=
57298 321300 1143300 00554 00562 4
20100501220000 184 019 182 021 176 025 2147 175 018 166 038 2144 0000 0198 0200 2101 0197 2119 084 083 2101 194 0170 10032 10032 2200 10029 2103 0175 0175 2200 0171 2122 0174 0174 2200 0169 2123 0191 0199 0203 0201 0162 0144 0127 0137 //// 10097 ///// ///// ////
000000000000000000000000000000000000000000000000000000000000000000000000000000000000000000000000000000000000000000000000=
58208 321000 1153700 00429 00439 4
20100501220000 220 039 220 039 220 039 2200 214 033 232 053 2152 0000 0220 0220 2200 0206 2101 066 066 2200 174 0154 10050 10050 2200 10046 2102 0210 0210 2200 0175 2101 0184 0184 2200 0172 2110 0193 0208 0215 0219 0180 0158 0141 0142 //// 10101 ///// ///// ////
000000000000000000000000000000000000000000000000000000000000000000000000000000000000000000000000000000000000000000000000=
53989 350300 1135700 00766 00777 4
20100501220000 200 021 198 024 193 027 2156 201 022 198 039 2155 0000 0175 0177 2137 0170 2113 088 086 2101 176 0155 09974 09975 2102 09972 2130 0153 0154 2157 0116 2112 0152 0152 2157 0134 2116 0166 0180 0188 0190 0162 0137 0123 0126 //// 10064 ///// ///// ////
000000000000000000000000000000000000000000000000000000000000000000000000000000000000000000000000000000000000000000000000=
53986 351900 1135300 00732 00740 4
20100501220000 000 000 000 000 208 029 2105 246 003 198 044 2103 0000 0189 0196 2125 0187 2139 086 084 2154 188 0165 09978 09978 2158 09973 2103 0153 0170 2112 0147 2131 0148 0153 2113 0145 2134 0172 0180 0184 0187 0163 0139 0125 0130 //// 10063 ///// ///// ////
000000000000000000000000000000000000000000000000000000000000000000000000000000000000000000000000000000000000000000000000=
53988 351600 1134000 00776 00784 4
20100501220000 221 011 226 011 242 015 2146 226 010 268 027 2143 0000 0172 0172 2200 0168 2108 080 080 2200 157 0137 09970 09970 2200 09967 2129 0126 0131 2146 0112 2102 0132 0132 2200 0125 2132 0162 0176 0183 0187 0149 0132 0122 0128 //// 10061 ///// ///// ////
000000000000000000000000000000000000000000000000000000000000000000000000000000000000000000000000000000000000000000000000=
53998 351200 1143900 00616 00625 4
20100501220000 190 022 195 021 177 026 2134 164 017 187 043 2135 0000 0184 0184 2159 0178 2103 085 085 2200 180 0158 09992 09993 2102 09988 2130 0162 0162 2200 0148 2107 0159 0159 2200 0152 2107 0173 0182 0186 0186 0172 0142 0123 0130 //// 10064 ///// ///// ////
000000000000000000000000000000000000000000000000000000000000000000000000000000000000000000000000000000000000000000000000=
57051 344800 1111200 04099 04117 4
20100501220000 096 010 093 012 093 023 2125 077 011 066 035 2126 0000 0162 0165 2101 0162 2200 052 050 2144 096 0063 09606 09606 2159 09604 2101 0107 0109 2157 0097 2102 0124 0125 2158 0120 2109 0161 0178 0186 0188 0162 0132 0118 0120 //// 10071 ///// ///// ////
000000000000000000000000000000000000000000000000000000000000000000000000000000000000000000000000000000000000000000000000=
57063 344600 1114600 05236 05236 4
20100501220000 312 011 314 011 303 013 2105 308 013 285 017 2124 0000 0115 0119 2135 0115 2156 082 079 2112 111 0085 09483 09483 2200 09481 2101 0061 0061 2200 0054 2134 0094 0094 2200 0092 2133 0137 0154 0164 0166 0121 0111 0103 0111 //// 10076 ///// ///// ////
000000000000000000000000000000000000000000000000000000000000000000000000000000000000000000000000000000000000000000000000=
57067 340300 1110200 05688 05699 4
20100501220000 240 017 236 019 204 024 2115 240 024 212 040 2134 0000 0133 0139 2105 0132 2154 083 081 2113 127 0105 09449 09449 2200 09447 2101 0114 0120 2101 0113 2157 0137 0141 2102 0137 2152 0168 0183 0189 0190 0167 0146 0123 0125 //// 10093 ///// ///// ////
000000000000000000000000000000000000000000000000000000000000000000000000000000000000000000000000000000000000000000000000=
57056 343200 1105300 03904 03909 4
20100501220000 019 014 012 013 012 013 2200 032 011 170 031 2111 0000 0149 0183 2101 0149 2200 065 046 2101 110 0084 09627 09627 2159 09625 2139 0099 0111 2101 0097 2153 0129 0139 2101 0129 2155 0165 0185 0192 0193 0146 0129 0118 0121 //// 10070 ///// ///// ////
000000000000000000000000000000000000000000000000000000000000000000000000000000000000000000000000000000000000000000000000=
58007 340400 1151800 00472 00532 4
20100501220000 169 009 161 007 162 011 2120 195 008 150 019 2115 0000 0152 0154 2125 0148 2147 093 092 2101 161 0141 10023 10023 2200 10019 2116 0108 0108 2200 0093 2116 0125 0125 2200 0120 2120 0156 0172 0181 0184 0150 0137 0126 0132 //// 10085 ///// ///// ////
000000000000000000000000000000000000000000000000000000000000000000000000000000000000000000000000000000000000000000000000=
58006 342300 1155300 00463 00506 4
20100501220000 179 012 178 011 143 016 2117 181 008 130 029 2112 0000 0141 0141 2158 0138 2108 085 084 2146 137 0116 10031 10031 2200 10028 2101 0102 0102 2200 0083 2127 0113 0113 2200 0107 2131 0134 0155 0166 0173 0161 0138 0122 0127 //// 10090 ///// ///// ////
000000000000000000000000000000000000000000000000000000000000000000000000000000000000000000000000000000000000000000000000=
58111 335800 1162700 00325 00325 4
20100501220000 151 020 154 014 132 022 2129 156 018 156 038 2124 0000 0171 0178 2105 0169 2133 074 070 2101 144 0124 10060 10060 2158 10055 2102 0137 0137 2200 0134 2101 0141 0141 2200 0137 2137 0151 0161 0167 0170 0153 0138 0129 0138 //// 10098 ///// ///// ////
000000000000000000000000000000000000000000000000000000000000000000000000000000000000000000000000000000000000000000000000=
58017 341500 1160800 00410 00420 4
20100501220000 157 015 150 014 149 017 2153 116 009 184 035 2134 0000 0178 0180 2101 0175 2144 081 075 2101 165 0145 10038 10038 2200 10036 2131 0139 0139 2200 0124 2119 0142 0142 2200 0136 2120 0158 0168 0173 0175 0150 0137 0126 0129 //// 10087 ///// ///// ////
000000000000000000000000000000000000000000000000000000000000000000000000000000000000000000000000000000000000000000000000=
58001 342600 1150600 00563 00569 4
20100501220000 198 020 198 019 199 021 2152 192 015 195 033 2145 0000 0170 0170 2158 0164 2102 092 092 2200 178 0157 10012 10012 2158 10009 2105 0147 0149 2156 0125 2101 0136 0136 2200 0128 2101 0148 0158 0166 0169 0149 0129 0118 0126 //// 10078 ///// ///// ////
000000000000000000000000000000000000000000000000000000000000000000000000000000000000000000000000000000000000000000000000=
58005 342700 1154000 00501 00511 4
20100501220000 186 013 177 014 168 018 2154 192 014 158 024 2152 0000 0159 0163 2101 0157 2138 088 084 2101 159 0139 10024 10024 2200 10020 2105 0109 0109 2159 0074 2117 0126 0126 2200 0111 2119 0154 0170 0175 0177 0151 0132 0126 0133 0000 10084 ///// ///// ////
000000000000000000000000000000000000000000000000000000000000000000000000000000000000000000000000000000000000000000000000
150 000 000 /// //// //////////////////////// /// //// 6///1 0//// 7//// 1//// 2//// 3//// /// /// /// // 911// 915// 919// 934// 939//=
58008 342800 1152000 00544 00592 4
20100501220000 187 011 179 013 170 014 2101 234 012 189 029 2157 0000 0164 0165 2107 0160 2131 092 088 2101 171 0151 10010 10010 2200 10008 2101 0137 0140 2156 0103 2131 0134 0134 2200 0123 2132 0145 0158 0166 0171 0147 0134 0122 0129 //// 10079 ///// ///// ////
000000000000000000000000000000000000000000000000000000000000000000000000000000000000000000000000000000000000000000000000=
58004 343900 1150900 00606 00616 4
20100501220000 193 005 176 003 143 004 2111 209 008 175 010 2108 0000 0156 0157 2106 0155 2129 093 093 2101 165 0145 10004 10004 2200 10001 2102 0114 0114 2200 0099 2131 0129 0129 2200 0124 2128 0151 0173 0180 0184 0160 0137 0126 0129 //// 10076 ///// ///// ////
000000000000000000000000000000000000000000000000000000000000000000000000000000000000000000000000000000000000000000000000=
54817 355900 1155200 00421 00434 4
20100501220000 171 032 170 031 163 035 2135 184 026 153 072 2116 0000 0179 0179 2102 0177 2139 089 089 2200 182 0161 10016 10017 2108 10014 2150 0155 0155 2200 0148 2125 0149 0149 2200 0141 2124 0161 0169 0174 0172 0139 0119 0111 0113 //// 10066 ///// ///// ////
000000000000000000000000000000000000000000000000000000000000000000000000000000000000000000000000000000000000000000000000=
54902 355400 1150700 00495 00499 4
20100501220000 180 043 177 035 173 037 2140 184 022 173 059 2159 0000 0179 0179 2200 0174 2127 087 087 2155 178 0157 09995 09997 2118 09992 2138 0169 0169 2200 0157 2127 0152 0152 2200 0143 2108 0166 0173 0176 0176 0144 0118 0110 0115 //// 10053 ///// ///// ////
000000000000000000000000000000000000000000000000000000000000000000000000000000000000000000000000000000000000000000000000=
54900 354200 1150100 00537 00541 4
20100501220000 166 022 168 023 163 027 2109 167 026 150 043 2108 0000 0174 0175 2103 0173 2144 092 092 2137 183 0161 09992 09996 2130 09992 2150 0150 0150 2158 0136 2133 0148 0148 2200 0141 2132 0166 0174 0177 0176 0159 0130 0114 0115 //// 10055 ///// ///// ////
000000000000000000000000000000000000000000000000000000000000000000000000000000000000000000000000000000000000000000000000=
54901 360500 1151000 00475 00478 4
20100501220000 176 029 174 034 169 050 2101 173 033 164 075 2137 0000 0173 0174 2101 0172 2119 088 088 2200 174 0153 09998 09999 2108 09995 2132 0159 0160 2159 0154 2120 0155 0155 2200 0148 2120 0161 0167 0170 0171 0158 0134 0115 0115 //// 10054 ///// ///// ////
000000000000000000000000000000000000000000000000000000000000000000000000000000000000000000000000000000000000000000000000=
54903 355100 1152900 00457 00506 4
20100501220000 196 017 189 022 179 032 2140 198 028 181 058 2134 0000 0186 0186 2200 0182 2108 084 084 2200 180 0158 10002 10003 2109 10000 2136 0174 0175 2159 0162 2114 0156 0156 2200 0147 2115 0163 0172 0175 0174 0154 0129 0117 0116 //// 10061 ///// ///// ////
000000000000000000000000000000000000000000000000000000000000000000000000000000000000000000000000000000000000000000000000=
57184 333800 1132200 00834 00847 4
20100501220000 149 001 341 000 141 006 2101 147 000 195 012 2151 0000 0169 0170 2101 0167 2142 092 090 2102 177 0156 09977 09978 2159 09974 2108 0142 0142 2200 0135 2124 0152 0152 2200 0145 2130 0180 0195 0201 0204 0140 0132 0126 0132 //// 10075 ///// ///// ////
000000000000000000000000000000000000000000000000000000000000000000000000000000000000000000000000000000000000000000000000=
57177 332000 1133200 00898 00913 4
20100501220000 205 026 174 023 151 027 2156 226 045 223 071 2154 0000 0229 0229 2200 0196 2101 066 066 2200 184 0162 09969 09971 2122 09969 2200 0203 0203 2158 0160 2101 0177 0177 2200 0161 2101 0154 0185 0182 0196 0167 0144 0130 0125 //// 10074 ///// ///// ////
000000000000000000000000000000000000000000000000000000000000000000000000000000000000000000000000000000000000000000000000=
57075 341000 1125200 02031 02043 4
20100501220000 307 006 293 009 251 020 2134 324 005 248 023 2128 0000 0154 0173 2101 0150 2129 091 089 2104 159 0139 09843 09843 2200 09840 2101 0135 0140 2151 0128 2128 0136 0136 2157 0131 2129 0161 0181 0190 0192 0196 0159 0131 0126 //// 10079 ///// ///// ////
000000000000000000000000000000000000000000000000000000000000000000000000000000000000000000000000000000000000000000000000=
57173 334500 1125300 01457 01468 4
20100501220000 193 000 188 008 184 015 2108 116 000 167 024 2153 0000 0171 0187 2113 0166 2143 090 083 2122 175 0154 09903 09903 2200 09899 2101 0138 0138 2159 0127 2145 0149 0149 2200 0144 2144 0186 0200 0206 0204 0168 0145 0129 0135 //// 10072 ///// ///// ////
000000000000000000000000000000000000000000000000000000000000000000000000000000000000000000000000000000000000000000000000=
57180 335900 1131200 01175 01186 4
20100501220000 053 008 023 004 052 009 2101 046 009 262 011 2117 0000 0148 0154 2121 0148 2200 095 095 2200 160 0140 09937 09937 2200 09935 2107 0126 0126 2200 0112 2110 0138 0138 2200 0134 2118 0168 0186 0195 0197 0161 0141 0129 0133 //// 10075 ///// ///// ////
000000000000000000000000000000000000000000000000000000000000000000000000000000000000000000000000000000000000000000000000=
57181 335300 1130300 01364 01380 4
20100501220000 317 005 327 007 178 014 2133 341 003 206 025 2130 0000 0141 0152 2145 0141 2200 093 091 2101 150 0130 09920 09920 2200 09916 2101 0128 0132 2148 0122 2101 0138 0140 2110 0135 2137 0171 0185 0198 0203 0171 0144 0129 0132 //// 10081 ///// ///// ////
000000000000000000000000000000000000000000000000000000000000000000000000000000000000000000000000000000000000000000000000=
57175 330300 1121400 01914 01922 4
20100501220000 341 003 338 002 313 011 2102 358 003 316 013 2101 0000 0142 0144 2115 0137 2153 100 099 2101 162 0142 09875 09875 2200 09871 2104 0131 0135 2127 0131 2200 0143 0144 2101 0141 2147 0179 0195 0204 0205 0160 0144 0133 0139 //// 10098 ///// ///// ////
000000000000000000000000000000000000000000000000000000000000000000000000000000000000000000000000000000000000000000000000=
57156 331800 1113000 02503 02523 4
20100501220000 279 024 282 026 284 027 2130 285 020 274 049 2123 0000 0173 0178 2110 0173 2200 088 087 2127 174 0153 09808 09808 2159 09803 2101 0160 0162 2101 0159 2151 0162 0165 2101 0161 2149 0188 0199 0205 0205 0179 0156 0138 0143 //// 10098 ///// ///// ////
000000000000000000000000000000000000000000000000000000000000000000000000000000000000000000000000000000000000000000000000=
57271 323300 1122300 00879 00897 4
20100501220000 226 008 233 006 233 006 2200 218 008 144 011 2106 0000 0163 0171 2126 0163 2159 097 096 2101 180 0158 09993 09993 2200 09987 2101 0119 0119 2200 0116 2142 0148 0150 2101 0147 2147 0184 0200 0208 0210 0165 0143 0135 0139 //// 10097 ///// ///// ////
000000000000000000000000000000000000000000000000000000000000000000000000000000000000000000000000000000000000000000000000=
57261 330700 1113100 02330 02345 4
20100501220000 127 001 183 000 315 010 2101 057 003 158 013 2143 0000 0167 0170 2101 0166 2153 094 092 2107 179 0157 09819 09820 2155 09816 2101 0142 0145 2124 0140 2150 0161 0165 2101 0161 2150 0192 0207 0214 0215 0196 0166 0148 //// //// 10088 ///// ///// ////
000000000000000000000000000000000000000000000000000000000000000000000000000000000000000000000000000000000000000000000000=
57285 322300 1132500 01530 01492 4
20100501220000 296 020 330 015 253 024 2103 203 019 232 047 2102 0000 0228 0234 2108 0228 2200 065 062 2107 180 0159 09920 09920 2200 09916 2101 0164 0172 2106 0164 2200 0176 0180 2104 0175 2132 0190 0200 0205 0208 0158 0140 0129 0135 //// ///// ///// ///// ////
////////////////////////////////////////////////////////////////////////////////////////////////////////////////////////=
57273 324100 1125100 01095 01105 4
20100501220000 000 000 000 000 313 011 2101 023 000 293 013 2102 0000 0169 0179 2109 0169 2200 086 083 2113 165 0145 09966 09966 2200 09961 2120 0153 0153 2200 0141 2134 0164 0165 2101 0162 2146 0192 0205 0210 0211 0171 0150 0135 0138 //// 10094 ///// ///// ////
000000000000000000000000000000000000000000000000000000000000000000000000000000000000000000000000000000000000000000000000=
57187 330400 1125600 01180 01193 4
20100501220000 196 002 172 005 090 013 2139 206 000 097 017 2135 0000 0154 0156 2101 0147 2126 095 094 2101 166 0146 09945 09945 2200 09941 2101 0125 0125 2154 0117 2130 0153 0154 2101 0151 2144 0179 0185 0201 0203 0184 0155 0138 0136 //// 10084 ///// ///// ////
000000000000000000000000000000000000000000000000000000000000000000000000000000000000000000000000000000000000000000000000=
57178 330200 1123500 01292 01305 4
20100501220000 214 023 216 023 216 023 2200 231 011 222 043 2147 0000 0210 0211 2148 0208 2101 079 079 2200 196 0172 09943 09943 2200 09937 2110 0180 0180 2200 0173 2132 0177 0177 2200 0172 2101 0191 0199 0200 0199 0167 0145 0133 0135 0002 10093 ///// ///// ////
000000000000000000000000000000000000000000000000000000000000000000000000000000000000000000000000000000000000000000000000
030 005 000 /// //// /////////////////////CIE /// //// 6///1 0//// 7//// 1//// 2//// 3//// /// /// /// // 911// 915// 919// 934// 939//=
57169 330300 1115200 01591 01600 4
20100501220000 046 009 044 011 042 011 2158 040 008 285 019 2101 0000 0156 0169 2108 0152 2145 098 098 2145 174 0153 09911 09911 2158 09908 2101 0153 0156 2112 0152 2146 0143 0145 2107 0141 2148 0178 0192 0200 0203 0181 0150 0133 0135 //// 10097 ///// ///// ////
000000000000000000000000000000000000000000000000000000000000000000000000000000000000000000000000000000000000000000000000=
57176 332900 1122500 02311 02304 4
20100501220000 343 007 347 007 343 008 2101 350 008 358 012 2109 0000 0158 0161 2101 0158 2159 092 091 2113 165 0145 09829 09829 2200 09825 2113 0134 0135 2101 0131 2145 0152 0155 2101 0151 2146 0182 0196 0203 0207 0185 0159 0139 0137 //// 10095 ///// ///// ////
000000000000000000000000000000000000000000000000000000000000000000000000000000000000000000000000000000000000000000000000=
57179 331700 1130000 01604 01616 4
20100501220000 247 015 244 015 236 020 2145 237 018 234 031 2137 0000 0175 0178 2101 0173 2129 093 092 2108 186 0164 09903 09903 2159 09901 2101 0143 0145 2147 0131 2116 0159 0159 2200 0156 2132 0184 0194 0199 0201 0172 0145 0129 0134 //// 10090 ///// ///// ////
000000000000000000000000000000000000000000000000000000000000000000000000000000000000000000000000000000000000000000000000=
57274 324200 1120700 01076 01088 4
20100501220000 000 000 038 002 281 016 2117 074 000 268 021 2113 0000 0162 0167 2101 0162 2200 090 090 2101 166 0146 09969 09969 2158 09964 2101 0150 0157 2125 0150 2159 0155 0159 2114 0155 2158 0182 0194 0205 0210 0202 0176 0148 0145 //// 10096 ///// ///// ////
000000000000000000000000000000000000000000000000000000000000000000000000000000000000000000000000000000000000000000000000=
57065 343000 1121100 01949 01964 4
20100501220000 275 021 270 023 262 026 2103 279 038 265 044 2155 0000 0160 0165 2117 0159 2146 064 061 2116 116 0092 09852 09852 2200 09846 2108 0144 0144 2116 0142 2142 0144 0144 2101 0142 2147 0176 0192 0202 0205 0164 0143 0133 0138 //// 10078 ///// ///// ////
000000000000000000000000000000000000000000000000000000000000000000000000000000000000000000000000000000000000000000000000=
57074 342500 1122500 01973 01989 4
20100501220000 217 008 225 009 233 014 2136 164 007 195 027 2144 0000 0197 0199 2101 0197 2147 078 078 2103 179 0158 09848 09848 2200 09844 2115 0152 0157 2137 0148 2154 0161 0162 2137 0159 2154 0184 0195 0199 0199 0159 0141 0128 0130 //// 10075 ///// ///// ////
000000000000000000000000000000000000000000000000000000000000000000000000000000000000000000000000000000000000000000000000=
57076 344400 1124700 01895 01901 4
20100501220000 252 008 233 006 307 013 2111 254 008 310 018 2104 0000 0168 0184 2112 0168 2200 069 064 2124 132 0111 09849 09849 2200 09846 2101 0132 0132 2114 0128 2138 0134 0135 2110 0131 2140 0157 0172 0179 0181 0155 0134 0121 0125 //// 10067 ///// ///// ////
000000000000000000000000000000000000000000000000000000000000000000000000000000000000000000000000000000000000000000000000=
57070 344400 1120700 03640 03595 4
20100501220000 258 027 255 024 255 024 2200 257 026 257 030 2159 0000 0161 0167 2101 0161 2200 073 070 2101 133 0113 09663 09663 2200 09660 2101 0139 0144 2101 0129 2133 0132 0134 2101 0130 2144 0164 0178 0183 0182 0168 0138 0122 0125 //// 10072 ///// ///// ////
000000000000000000000000000000000000000000000000000000000000000000000000000000000000000000000000000000000000000000000000=
57162 340900 1120500 03258 03275 4
20100501220000 114 008 114 008 114 008 2200 121 009 102 012 2145 0000 0164 0168 2101 0163 2145 074 072 2101 138 0118 09700 09700 2200 09694 2116 0112 0112 2200 0103 2129 0133 0133 2200 0128 2130 0176 0194 0202 0205 0159 0141 0128 0134 //// 10073 ///// ///// ////
000000000000000000000000000000000000000000000000000000000000000000000000000000000000000000000000000000000000000000000000=
57078 340900 1122800 03365 03340 4
20100501220000 077 007 084 008 094 009 2157 080 008 091 014 2152 0000 0154 0162 2104 0154 2200 080 079 2108 140 0120 09695 09695 2200 09692 2101 0110 0115 2101 0105 2143 0128 0133 2101 0124 2144 0157 0176 0187 0192 0147 0132 0123 0124 //// 10077 ///// ///// ////
000000000000000000000000000000000000000000000000000000000000000000000000000000000000000000000000000000000000000000000000=
57071 344900 1122600 03333 03332 4
20100501220000 232 021 230 021 229 023 2150 251 019 223 031 2118 0000 0167 0177 2101 0167 2200 061 061 2158 116 0092 09692 09692 2159 09689 2103 0116 0126 2101 0113 2146 0140 0145 2101 0139 2147 0168 0180 0186 0186 0174 0139 0121 0123 //// 10072 ///// ///// ////
000000000000000000000000000000000000000000000000000000000000000000000000000000000000000000000000000000000000000000000000=
57066 342300 1114000 03283 03298 4
20100501220000 000 000 146 001 143 004 2135 198 000 116 009 2135 0000 0145 0156 2126 0145 2159 073 065 2101 120 0097 09699 09699 2200 09694 2101 0119 0121 2132 0118 2105 0134 0137 2101 0134 2153 0159 0169 0173 0172 0152 0134 0120 0120 //// 10076 ///// ///// ////
000000000000000000000000000000000000000000000000000000000000000000000000000000000000000000000000000000000000000000000000=
57077 334700 1113900 07424 07388 4
20100501220000 251 024 253 026 258 031 2135 263 020 234 045 2148 0000 0157 0161 2101 0157 2158 071 070 2106 127 0105 09264 09265 2158 09263 2107 0131 0135 2101 0130 2142 0128 0131 2101 0127 2142 0154 0167 0173 0176 0156 0127 0113 0117 //// 10088 ///// ///// ////
000000000000000000000000000000000000000000000000000000000000000000000000000000000000000000000000000000000000000000000000=
57183 334800 1135500 00600 00615 4
20100501220000 149 004 153 005 171 008 2102 136 001 178 011 2101 0000 0143 0149 2125 0137 2142 096 095 2141 156 0137 10008 10008 2159 10004 2101 0126 0126 2200 0119 2101 0137 0137 2200 0132 2130 0167 0179 0187 0189 0178 0146 0127 0125 //// 10080 ///// ///// ////
000000000000000000000000000000000000000000000000000000000000000000000000000000000000000000000000000000000000000000000000=
57186 333600 1140300 00587 00598 4
20100501220000 102 009 122 011 157 014 2123 094 008 150 017 2107 0000 0163 0168 2101 0158 2124 092 089 2101 170 0150 10012 10012 2200 10008 2101 0134 0139 2156 0108 2129 0147 0147 2200 0135 2128 0171 0185 0192 0196 0178 0150 0133 0137 //// 10082 ///// ///// ////
000000000000000000000000000000000000000000000000000000000000000000000000000000000000000000000000000000000000000000000000=
57094 342400 1141300 00674 00685 4
20100501220000 226 012 216 012 210 016 2134 265 013 189 037 2143 0000 0187 0187 2200 0182 2101 087 087 2200 188 0165 09992 09992 2200 09988 2101 0163 0163 2200 0152 2101 0160 0160 2200 0152 2101 0170 0178 0184 0186 0176 0151 0129 0130 //// 10071 ///// ///// ////
000000000000000000000000000000000000000000000000000000000000000000000000000000000000000000000000000000000000000000000000=
57191 342900 1142900 00634 00642 4
20100501220000 257 007 225 009 184 013 2125 195 007 184 023 2123 0000 0193 0193 2200 0188 2101 082 082 2200 183 0162 10002 10002 2200 09998 2101 0168 0168 2156 0148 2101 0168 0168 2200 0157 2110 0179 0188 0194 0195 0166 0140 0124 0127 //// 10076 ///// ///// ////
000000000000000000000000000000000000000000000000000000000000000000000000000000000000000000000000000000000000000000000000=
57096 343200 1144700 00597 00607 4
20100501220000 197 016 200 016 199 019 2149 167 019 220 031 2143 0000 0182 0182 2200 0180 2126 085 084 2101 178 0156 10001 10001 2200 09999 2101 0157 0157 2200 0144 2124 0146 0146 2200 0134 2124 0161 0178 0185 0185 0159 0137 0125 0129 //// 10071 ///// ///// ////
000000000000000000000000000000000000000000000000000000000000000000000000000000000000000000000000000000000000000000000000=
57093 345100 1144900 00733 00740 4
20100501220000 199 031 202 027 203 029 2143 178 041 228 048 2113 0000 0193 0193 2200 0191 2104 081 081 2200 181 0160 09985 09985 2200 09983 2102 0185 0185 2200 0175 2113 0162 0162 2200 0153 2127 0170 0177 0182 0180 0165 0137 0122 0125 //// 10071 ///// ///// ////
000000000000000000000000000000000000000000000000000000000000000000000000000000000000000000000000000000000000000000000000=
57091 344700 1141800 00737 00748 4
20100501220000 211 034 215 032 211 033 2110 220 037 217 046 2123 0000 0192 0193 2101 0192 2200 080 079 2101 178 0157 09981 09982 2143 09979 2106 0172 0172 2159 0167 2117 0169 0169 2200 0164 2135 0178 0185 0189 0178 0163 0140 0124 0119 //// 10067 ///// ///// ////
000000000000000000000000000000000000000000000000000000000000000000000000000000000000000000000000000000000000000000000000=
53978 350500 1123800 01401 01409 4
20100501220000 000 000 165 003 340 008 2135 184 000 338 012 2134 0000 0142 0146 2146 0142 2200 080 079 2150 129 0108 09904 09904 2124 09903 2103 0116 0116 2200 0113 2133 0130 0130 2200 0127 2141 0157 0172 0179 0184 0140 0128 0124 0130 //// 10067 ///// ///// ////
000000000000000000000000000000000000000000000000000000000000000000000000000000000000000000000000000000000000000000000000=
53984 351400 1132800 00827 00837 4
20100501220000 234 017 235 020 233 024 2153 212 019 234 034 2151 0000 0168 0168 2200 0161 2113 065 064 2102 124 0102 09968 09968 2200 09966 2101 0135 0135 2200 0112 2111 0139 0139 2200 0129 2112 0160 0174 0178 0183 0164 0140 0124 0125 //// 10065 ///// ///// ////
000000000000000000000000000000000000000000000000000000000000000000000000000000000000000000000000000000000000000000000000=
53987 350600 1132500 00910 00918 4
20100501220000 245 016 253 018 253 026 2101 232 014 246 038 2118 0000 0172 0177 2102 0172 2154 071 068 2101 139 0119 09962 09962 2148 09959 2119 0150 0156 2114 0148 2148 0145 0145 2200 0144 2137 0161 0173 0180 0185 0169 0146 0133 0132 //// 10068 ///// ///// ////
000000000000000000000000000000000000000000000000000000000000000000000000000000000000000000000000000000000000000000000000=
57079 345700 1130200 01064 01069 4
20100501220000 287 009 294 010 315 012 2127 285 009 316 015 2126 0000 0142 0149 2101 0139 2152 083 080 2101 134 0114 09942 09943 2153 09939 2101 0117 0117 2200 0110 2104 0131 0131 2200 0128 2140 0164 0174 0181 0183 0175 0146 0127 0126 //// 10066 ///// ///// ////
000000000000000000000000000000000000000000000000000000000000000000000000000000000000000000000000000000000000000000000000=
57072 345500 1124500 01275 01285 4
20100501220000 167 008 165 010 166 012 2150 178 006 172 017 2144 0000 0136 0136 2200 0132 2117 094 093 2104 146 0127 09920 09920 2200 09918 2101 0105 0105 2200 0095 2124 0123 0123 2200 0119 2140 0153 0169 0176 0178 0143 0128 0117 0119 //// 10069 ///// ///// ////
000000000000000000000000000000000000000000000000000000000000000000000000000000000000000000000000000000000000000000000000=
53982 351400 1131600 01120 01135 4
20100501220000 217 007 212 006 211 008 2101 201 008 170 011 2130 0000 0163 0171 2116 0161 2143 068 064 2114 126 0104 09931 09931 2200 09929 2104 0122 0122 2200 0120 2101 0142 0142 2200 0137 2135 0170 0184 0191 0194 0169 0144 0130 0135 //// 10062 ///// ///// ////
000000000000000000000000000000000000000000000000000000000000000000000000000000000000000000000000000000000000000000000000=
53979 350900 1130500 01200 01211 4
20100501220000 265 014 273 015 277 018 2148 265 016 287 023 2147 0000 0183 0183 2200 0167 2112 057 057 2200 120 0096 09929 09929 2200 09926 2108 0125 0125 2200 0110 2119 0132 0132 2200 0121 2120 0164 0181 0192 0196 0152 0139 0128 0133 //// 10068 ///// ///// ////
000000000000000000000000000000000000000000000000000000000000000000000000000000000000000000000000000000000000000000000000=
53992 353900 1143100 00582 00592 4
20100501220000 204 038 201 042 200 044 2159 209 045 176 063 2139 0000 0179 0185 2101 0178 2142 089 088 2101 182 0161 09981 09984 2101 09981 2200 0171 0171 2200 0165 2133 0159 0159 2200 0154 2135 0169 0173 0182 0182 0147 0128 0116 0122 //// 10050 ///// ///// ////
000000000000000000000000000000000000000000000000000000000000000000000000000000000000000000000000000000000000000000000000=
53974 353700 1141100 00723 00739 4
20100501220000 203 039 201 034 206 039 2150 195 050 220 069 2147 0000 0186 0187 2155 0179 2129 079 079 2157 169 0149 09967 09970 2118 09967 2138 0173 0173 2200 0165 2127 0166 0166 2200 0159 2128 0182 0194 0200 0199 0163 0138 0124 0129 //// 10052 ///// ///// ////
000000000000000000000000000000000000000000000000000000000000000000000000000000000000000000000000000000000000000000000000=
53990 354300 1141900 00795 00805 4
20100501220000 190 065 191 061 191 061 2200 189 070 200 079 2159 0000 0180 0180 2200 0168 2112 086 086 2200 177 0156 09955 09958 2101 09955 2200 0176 0176 2200 0160 2112 0161 0161 2200 0147 2111 0180 0193 0196 0199 0179 0141 0118 0116 //// 10048 ///// ///// ////
000000000000000000000000000000000000000000000000000000000000000000000000000000000000000000000000000000000000000000000000=
53991 355600 1142100 00743 00753 4
20100501220000 230 015 203 017 186 020 2129 334 011 204 043 2150 0000 0173 0174 2101 0172 2118 085 085 2200 168 0148 09957 09959 2101 09956 2145 0158 0159 2155 0149 2115 0151 0151 2200 0145 2121 0169 0180 0181 0186 0159 0135 0120 0122 //// 10044 ///// ///// ////
000000000000000000000000000000000000000000000000000000000000000000000000000000000000000000000000000000000000000000000000=
53993 355600 1145500 00516 00524 4
20100501220000 201 026 203 020 181 024 2125 197 049 197 049 2200 0000 0181 0181 2200 0172 2102 087 087 2200 181 0159 09990 09990 2200 09986 2143 0174 0174 2159 0151 2101 0153 0153 2200 0134 2101 0167 0177 0181 0180 0169 0136 0116 0114 //// 10051 ///// ///// ////
000000000000000000000000000000000000000000000000000000000000000000000000000000000000000000000000000000000000000000000000=
53889 360400 1134900 03068 03086 4
20100501220000 005 014 002 014 332 018 2101 012 010 002 030 2152 0000 0181 0183 2101 0177 2143 039 039 2200 081 0039 09690 09692 2101 09689 2132 0121 0129 2156 0097 2109 0137 0137 2200 0130 2126 0156 0168 0177 0183 0147 0123 0121 0107 //// 10041 ///// ///// ////
000000000000000000000000000000000000000000000000000000000000000000000000000000000000000000000000000000000000000000000000=
53995 353300 1143000 00625 00645 4
20100501220000 194 040 188 035 188 035 2200 206 035 187 064 2155 0000 0177 0177 2101 0174 2128 085 085 2104 172 0151 09979 09982 2105 09979 2151 0174 0174 2200 0166 2126 0157 0157 2200 0152 2127 0178 0189 0193 0194 0170 0142 0122 0123 //// 10054 ///// ///// ////
000000000000000000000000000000000000000000000000000000000000000000000000000000000000000000000000000000000000000000000000=
NNNN
