57090 344300 1135800 00781 00802 4
20100322110000 175 002 169 004 143 010 1001 161 001 136 016 1030 0000 0107 0110 1002 0107 1100 090 088 1001 116 0091 10071 10071 1100 10066 1023 0088 0095 1001 0087 1058 0096 0102 1001 0096 1100 0104 0107 0105 0105 0099 0091 0083 0119 //// 10169 ///// ///// ////
000000000000000000000000000000000000000000000000000000000000000000000000000000000000000000000000000000000000000000000000=
57083 344300 1133900 01104 01116 4
20100322110000 080 013 086 013 092 028 1009 093 011 098 042 1007 0000 0113 0117 1001 0113 1100 084 081 1001 112 0087 10034 10034 1100 10027 1006 0086 0099 1001 0086 1100 0098 0104 1001 0098 1059 0107 0109 0108 0109 0098 0097 0101 0126 0000 10169 ///// ///// ////
000000000000000000000000000000000000000000000000000000000000000000000000000000000000000000000000000000000000000000000000
100 010 000 /// //// /////////////////////ASP /// //// 6///1 0//// 7//// 1//// 2//// 3//// /// /// /// // 911// 915// 919// 934// 939//=
57086 342300 1134300 01166 01168 4
20100322110000 176 009 158 010 133 030 1008 187 012 128 043 1005 0001 0104 0106 1001 0101 1030 078 076 1001 098 0067 10030 10030 1100 10026 1001 0093 0096 1004 0093 1100 0096 0100 1001 0096 1100 0105 0109 0110 0109 0102 0094 0091 0116 //// 10172 ///// ///// ////
000100000000000000000000000000000000000000000000000000000000000000000000000000000000000000000000000000000000000000000000=
57085 343200 1132000 02599 02648 4
20100322110000 105 033 110 033 114 034 1056 099 035 119 059 1047 0000 0112 0115 1016 0112 1100 070 062 1035 093 0059 09849 09850 1056 09841 1001 0106 0109 1020 0103 1006 0089 0095 1001 0089 1059 0103 0108 0109 0108 0106 0097 0090 0121 //// 10167 ///// ///// ////
000000000000000000000000000000000000000000000000000000000000000000000000000000000000000000000000000000000000000000000000=
57081 344800 1132600 01409 01419 4
20100322110000 044 008 074 007 070 015 1012 057 004 077 030 1003 0000 0114 0129 1001 0114 1100 074 052 1001 100 0069 09996 09996 1100 09987 1001 0100 0113 1005 0100 1059 0096 0106 1001 0096 1100 0105 0108 0110 0104 0089 0091 0094 0117 //// 10168 ///// ///// ////
000000000000000000000000000000000000000000000000000000000000000000000000000000000000000000000000000000000000000000000000=
57084 343000 1130300 11784 11790 4
20100322110000 015 041 002 037 336 046 1024 037 027 029 090 1012 0000 0076 0076 1100 0068 1008 032 030 1052 033 -080 08817 08818 1056 08811 1005 0065 0066 1053 0058 1004 0033 0036 1009 0033 1057 0046 0061 0072 0076 0067 //// //// //// //// 10157 ///// ///// ////
000000000000000000000000000000000000000000000000000000000000000000000000000000000000000000000000000000000000000000000000=
57080 344400 1125800 01652 01661 4
20100322110000 207 019 205 031 206 039 1010 220 010 187 062 1039 0000 0125 0126 1042 0125 1001 053 053 1057 077 0032 09967 09967 1100 09959 1006 0109 0117 1001 0109 1100 0088 0100 1001 0088 1100 0103 0106 0106 0105 0092 0086 0086 0119 //// 10168 ///// ///// ////
000000000000000000000000000000000000000000000000000000000000000000000000000000000000000000000000000000000000000000000000=
57082 342800 1130100 04271 04284 4
20100322110000 231 008 218 009 335 023 1029 254 001 344 037 1020 0000 0106 0112 1031 0105 1059 049 045 1030 063 0003 09657 09659 1056 09653 1005 0095 0104 1031 0095 1100 0085 0089 1001 0085 1057 0097 0106 0111 0114 0104 0098 0098 //// //// 10167 ///// ///// ////
000000000000000000000000000000000000000000000000000000000000000000000000000000000000000000000000000000000000000000000000=
57290 330000 1140100 00827 00838 4
20100322110000 033 020 032 022 035 027 1046 032 014 001 064 1022 0000 0131 0136 1001 0131 1100 064 063 1037 096 0065 10068 10069 1058 10061 1004 0109 0117 1001 0109 1100 0119 0128 1001 0119 1100 0124 0126 0124 0125 0110 0100 0101 0132 //// 10169 ///// ///// ////
000000000000000000000000000000000000000000000000000000000000000000000000000000000000000000000000000000000000000000000000=
57295 323700 1142100 00785 00802 4
20100322110000 022 007 036 008 033 018 1043 305 004 054 036 1020 0000 0120 0124 1020 0120 1100 068 063 1019 095 0063 10066 10068 1050 10062 1020 0096 0108 1001 0096 1044 0108 0116 1001 0107 1032 0125 0123 0122 0122 0110 0101 0100 0128 //// 10163 ///// ///// ////
000000000000000000000000000000000000000000000000000000000000000000000000000000000000000000000000000000000000000000000000=
57188 332200 1140200 00559 00568 4
20100322110000 011 046 004 042 004 042 1100 007 074 007 074 1100 0000 0130 0134 1001 0130 1051 056 056 1054 084 0044 10103 10104 1057 10095 1001 0119 0124 1001 0118 1044 0116 0125 1001 0116 1100 0126 0124 0123 0117 0100 0094 0100 0133 //// 10172 ///// ///// ////
000000000000000000000000000000000000000000000000000000000000000000000000000000000000000000000000000000000000000000000000=
57293 324400 1145900 00380 00391 4
20100322110000 004 023 008 022 011 030 1020 018 018 029 050 1019 0000 0119 0124 1001 0118 1044 066 063 1001 092 0058 10119 10120 1029 10108 1019 0094 0118 1001 0093 1053 0103 0109 1001 0103 1057 0113 0116 0117 0116 0117 0105 0102 0132 //// 10166 ///// ///// ////
000000000000000000000000000000000000000000000000000000000000000000000000000000000000000000000000000000000000000000000000=
57189 330800 1135700 00646 00655 4
20100322110000 359 014 358 017 014 029 1004 021 019 327 046 1009 0000 0126 0135 1001 0126 1100 072 066 1001 105 0077 10091 10091 1058 10084 1002 0118 0130 1003 0118 1059 0118 0128 1001 0118 1100 0126 0128 0126 0123 0103 0095 0095 0122 //// 10171 ///// ///// ////
000000000000000000000000000000000000000000000000000000000000000000000000000000000000000000000000000000000000000000000000=
57194 331700 1141600 00598 00609 4
20100322110000 008 026 015 024 016 031 1015 347 036 038 067 1026 0000 0127 0134 1002 0127 1057 066 065 1018 097 0065 10096 10096 1100 10087 1003 0118 0125 1010 0117 1058 0113 0121 1003 0113 1100 0120 0120 0119 0116 0099 0092 0096 0126 //// 10170 ///// ///// ////
000000000000000000000000000000000000000000000000000000000000000000000000000000000000000000000000000000000000000000000000=
57197 330000 1142000 00489 00545 4
20100322110000 017 015 024 017 024 017 1059 040 019 049 044 1057 0000 0128 0134 1022 0128 1100 074 069 1012 109 0083 10096 10100 1051 10093 1001 0100 0116 1022 0100 1058 0107 0117 1001 0107 1100 0116 0118 0117 0113 0112 0101 0098 0125 //// 10162 ///// ///// ////
000000000000000000000000000000000000000000000000000000000000000000000000000000000000000000000000000000000000000000000000=
57294 325000 1140100 00836 00846 4
20100322110000 043 052 040 048 042 055 1048 052 053 046 083 1035 0000 0130 0137 1001 0130 1100 070 067 1041 105 0077 10057 10062 1053 10056 1003 0126 0135 1001 0117 1046 0115 0127 1001 0110 1048 0122 0122 0120 0117 0111 0107 0100 0118 //// 10159 ///// ///// ////
000000000000000000000000000000000000000000000000000000000000000000000000000000000000000000000000000000000000000000000000=
57292 325800 1143800 00444 00453 4
20100322110000 349 014 349 014 349 014 1100 353 015 015 027 1056 0000 0120 0125 1001 0119 1052 072 067 1001 101 0071 10113 10113 1055 10107 1001 0103 0114 1001 0099 1038 0107 0113 1001 0107 1034 0115 0118 0118 0120 0114 0103 0102 0133 //// 10168 ///// ///// ////
000000000000000000000000000000000000000000000000000000000000000000000000000000000000000000000000000000000000000000000000=
57195 333700 1143700 00466 00476 4
20100322110000 030 018 030 019 034 024 1033 116 015 027 059 1029 0000 0126 0134 1001 0126 1100 062 060 1048 090 0055 10114 10114 1100 10106 1001 0099 0127 1003 0099 1100 0103 0122 1001 0103 1100 0122 0125 0124 0120 0106 0096 0100 0142 //// 10172 ///// ///// ////
000000000000000000000000000000000000000000000000000000000000000000000000000000000000000000000000000000000000000000000000=
57193 334700 1143100 00526 00541 4
20100322110000 024 022 015 022 341 032 1006 043 020 330 065 1006 0000 0119 0129 1001 0119 1100 063 063 1009 088 0051 10106 10107 1038 10104 1002 0100 0117 1008 0098 1055 0102 0113 1001 0102 1100 0118 0121 0122 0119 0107 0099 0103 0131 //// 10172 ///// ///// ////
000000000000000000000000000000000000000000000000000000000000000000000000000000000000000000000000000000000000000000000000=
57196 332800 1145200 00420 00428 4
20100322110000 001 023 359 020 001 029 1001 015 029 359 047 1011 0000 0125 0131 1001 0125 1100 063 060 1001 091 0057 10117 10118 1055 10108 1002 0119 0126 1001 0118 1054 0103 0109 1001 0103 1100 0110 0113 0112 0109 0106 0098 0103 0132 //// 10169 ///// ///// ////
000000000000000000000000000000000000000000000000000000000000000000000000000000000000000000000000000000000000000000000000=
57099 340400 1145100 00526 00536 4
20100322110000 312 002 330 000 334 020 1004 307 000 332 033 1009 0006 0103 0115 1001 0103 1100 082 075 1002 103 0074 10107 10107 1100 10101 1027 0085 0089 1001 0084 1057 0101 0107 1001 0101 1059 0113 0116 0111 0107 0100 0092 0096 0132 //// 10172 ///// ///// ////
010000000000010000000000000100000000000000000001000000000100000000000000000000000000000000000000000001000000000000000000=
58104 332400 1150400 00412 00425 4
20100322110000 029 016 014 015 003 016 1054 164 012 359 036 1053 0000 0126 0127 1038 0125 1001 064 064 1100 093 0060 10118 10119 1053 10108 1001 0120 0120 1055 0113 1007 0103 0107 1001 0103 1100 0108 0112 0112 0112 0106 0096 0097 0136 //// 10170 ///// ///// ////
000000000000000000000000000000000000000000000000000000000000000000000000000000000000000000000000000000000000000000000000=
57198 333300 1143700 00463 00473 4
20100322110000 015 021 015 021 014 028 1045 062 016 031 053 1033 0000 0129 0135 1001 0129 1100 058 058 1100 086 0048 10113 10113 1100 10106 1001 0110 0124 1004 0109 1058 0111 0119 1001 0111 1100 0121 0123 0120 0118 0107 0103 0105 0138 //// 10170 ///// ///// ////
000000000000000000000000000000000000000000000000000000000000000000000000000000000000000000000000000000000000000000000000=
58101 335200 1152900 00413 00428 4
20100322110000 338 025 332 023 001 028 1001 319 024 355 043 1021 0000 0124 0131 1001 0124 1100 061 059 1015 088 0051 10118 10118 1100 10104 1001 0111 0124 1002 0110 1059 0101 0112 1001 0101 1100 0113 0111 0109 0107 0103 0096 0097 0131 //// 10170 ///// ///// ////
000000000000000000000000000000000000000000000000000000000000000000000000000000000000000000000000000000000000000000000000=
57192 334400 1145100 00455 00466 4
20100322110000 270 011 296 014 314 023 1017 155 010 332 048 1055 0000 0124 0133 1001 0124 1100 063 061 1001 091 0056 10113 10113 1100 10107 1001 0107 0124 1001 0107 1100 0107 0122 1001 0107 1100 0123 0127 0125 0120 0112 0104 0105 0141 //// 10170 ///// ///// ////
000000000000000000000000000000000000000000000000000000000000000000000000000000000000000000000000000000000000000000000000=
57098 340500 1142400 00583 00593 4
20100322110000 131 012 124 011 133 013 1042 133 011 133 016 1040 0002 0101 0106 1001 0101 1100 089 084 1001 110 0084 10096 10097 1052 10094 1004 0093 0096 1001 0093 1100 0103 0108 1001 0103 1100 0109 0113 0112 0111 0102 0094 0095 0129 //// 10168 ///// ///// ////
000000000000010000000000000000000000000000000100000000000000000000000000000000000000000000000000000000000000000000000000=
57190 334500 1142400 00505 00516 4
20100322110000 029 027 025 031 008 043 1019 029 024 009 073 1010 0000 0115 0128 1001 0115 1100 071 063 1005 096 0064 10108 10109 1052 10105 1001 0102 0123 1001 0102 1100 0100 0116 1001 0100 1100 0119 0122 0119 0114 0103 0095 0099 0130 //// 10171 ///// ///// ////
000000000000000000000000000000000000000000000000000000000000000000000000000000000000000000000000000000000000000000000000=
58100 333900 1151000 00414 00424 4
20100322110000 315 008 345 010 336 019 1036 021 005 356 042 1029 0000 0122 0128 1001 0122 1100 066 063 1001 094 0060 10116 10117 1054 10108 1001 0107 0126 1001 0107 1100 0101 0118 1001 0101 1100 0117 0120 0122 0121 0112 0105 0107 0136 //// 10168 ///// ///// ////
000000000000000000000000000000000000000000000000000000000000000000000000000000000000000000000000000000000000000000000000=
57088 340900 1133000 01161 01177 4
20100322110000 158 019 171 018 156 019 1018 152 021 147 026 1014 0000 0105 0108 1001 0105 1100 090 088 1011 114 0089 10028 10029 1042 10022 1001 0096 0101 1001 0095 1052 0098 0104 1001 0098 1100 0111 0118 0118 0116 0104 0098 0100 0126 //// 10171 ///// ///// ////
000000000000000000000000000000000000000000000000000000000000000000000000000000000000000000000000000000000000000000000000=
57095 340700 1140900 00611 00622 4
20100322110000 331 008 322 007 116 023 1001 338 008 113 029 1002 0000 0103 0105 1004 0103 1100 087 083 1031 109 0082 10092 10092 1100 10087 1015 0090 0094 1001 0090 1035 0102 0107 1001 0102 1100 0112 0119 0121 0121 0101 0093 0093 0125 //// 10168 ///// ///// ////
000000000000000000000000000000000000000000000000000000000000000000000000000000000000000000000000000000000000000000000000=
57182 335100 1133000 00805 00814 4
20100322110000 121 020 129 019 129 019 1100 133 020 126 029 1057 0002 0110 0114 1030 0110 1100 082 077 1025 108 0080 10073 10073 1100 10065 1011 0096 0099 1001 0096 1059 0105 0111 1002 0105 1059 0126 0129 0128 0121 0109 0102 0106 0139 //// 10172 ///// ///// ////
000000000000000000000000000001000000000000000000000000000000000000000000000000000000000000000000000001000000000000000000=
57087 341200 1134800 00877 00885 4
20100322110000 172 009 167 010 132 019 1037 166 014 144 031 1036 0000 0105 0106 1001 0103 1016 087 086 1001 110 0084 10061 10061 1100 10057 1036 0092 0096 1038 0090 1050 0099 0103 1001 0099 1100 0107 0112 0113 0111 0098 0093 0095 0124 //// 10169 ///// ///// ////
000000000000000000000000000000000000000000000000000000000000000000000000000000000000000000000000000000000000000000000000=
57297 320800 1140300 01145 01154 4
20100322110000 033 023 039 030 031 038 1001 063 029 040 075 1024 0000 0126 0127 1008 0126 1058 063 063 1052 092 0058 10022 10024 1019 10017 1035 0118 0120 1028 0113 1038 0111 0112 1026 0108 1034 0120 0126 0131 0133 0125 0118 0113 //// //// 10161 ///// ///// ////
000000000000000000000000000000000000000000000000000000000000000000000000000000000000000000000000000000000000000000000000=
57296 322100 1144400 00489 00501 4
20100322110000 045 027 042 025 042 025 1100 037 024 012 051 1056 0000 0118 0119 1001 0118 1100 069 068 1038 095 0063 10103 10106 1039 10097 1029 0109 0111 1025 0098 1002 0104 0110 1001 0104 1100 0121 0128 0130 0131 0122 0109 0108 0131 //// 10164 ///// ///// ////
000000000000000000000000000000000000000000000000000000000000000000000000000000000000000000000000000000000000000000000000=
57396 313800 1145100 01287 01297 4
20100322110000 350 062 351 068 353 075 1056 341 078 003 110 1052 0002 0099 0100 1054 0095 1022 079 078 1053 096 0064 09995 09998 1032 09992 1001 0087 0089 1004 0085 1024 0092 0094 1001 0091 1023 0106 0120 0129 0133 0133 0115 //// //// //// 10151 ///// ///// ////
000000000000010000000000000100000000000000000000000000000000000000000000000000000000000000000000000000000000000000000000=
57298 321300 1143300 00554 00562 4
20100322110000 045 027 036 028 036 028 1100 032 025 047 048 1053 0000 0117 0119 1001 0116 1045 072 071 1003 099 0068 10092 10099 1033 10090 1010 0110 0112 1014 0108 1035 0068 0073 1001 0068 1059 0121 0099 0125 0127 0117 0107 0099 0134 //// 10160 ///// ///// ////
000000000000000000000000000000000000000000000000000000000000000000000000000000000000000000000000000000000000000000000000=
57390 314800 1140400 07335 07347 4
20100322110000 021 058 022 060 010 089 1001 009 052 344 228 1003 0000 0074 0079 1001 0074 1100 073 067 1001 075 0029 09286 09289 1014 09282 1001 0074 0078 1001 0073 1051 0065 0070 1001 0065 1100 0079 0090 0099 0104 0110 0093 //// //// //// 10138 ///// ///// ////
000000000000000000000000000000000000000000000000000000000000000000000000000000000000000000000000000000000000000000000000=
58207 321000 1150300 00428 00440 4
20100322110000 116 017 114 016 134 022 1030 118 017 136 032 1029 0000 0113 0120 1001 0113 1100 082 073 1001 110 0083 10110 10115 1043 10100 1012 0108 0116 1001 0108 1100 0124 0126 1001 0124 1059 0110 0129 0130 0131 0121 0112 0110 0138 //// 10163 ///// ///// ////
000000000000000000000000000000000000000000000000000000000000000000000000000000000000000000000000000000000000000000000000=
58205 322800 1152600 00349 00360 4
20100322110000 313 000 010 007 000 018 1040 268 004 010 024 1039 0000 0119 0121 1001 0119 1100 073 070 1001 102 0072 10121 10121 1100 10110 1001 0112 0117 1027 0112 1019 0105 0109 1005 0105 1037 0107 0110 0113 0113 0119 0108 0108 0123 //// 10165 ///// ///// ////
000000000000000000000000000000000000000000000000000000000000000000000000000000000000000000000000000000000000000000000000=
58208 321000 1153700 00429 00439 4
20100322110000 161 015 166 013 186 023 1031 157 018 228 033 1029 0008 0101 0104 1014 0101 1100 081 077 1001 100 0070 10114 10118 1016 10099 1022 0093 0096 1014 0093 1009 0106 0110 1001 0104 1030 0118 0127 0130 0133 0119 0111 0110 0140 //// 10167 ///// ///// ////
000000000000000000000000000000000000000000000000020101010100000100000000000000000001000000000000000000000000000000000000=
57299 320100 1145400 00494 00506 4
20100322110000 093 017 081 019 119 025 1030 102 014 124 038 1028 0000 0110 0115 1001 0109 1049 081 079 1012 106 0079 10099 10099 1100 10093 1018 0097 0100 1001 0096 1034 0104 0109 1001 0104 1059 0109 0115 0119 0121 0125 0109 0105 0126 //// 10160 ///// ///// ////
000000000000000000000000000000000000000000000000000000000000000000000000000000000000000000000000000000000000000000000000=
53989 350300 1135700 00766 00777 4
20100322110000 166 000 162 000 162 010 1011 155 000 170 014 1011 0000 0109 0118 1001 0109 1100 085 079 1001 111 0085 10075 10075 1100 10066 1021 0086 0106 1002 0086 1100 0094 0109 1001 0094 1100 0106 0109 0107 0105 0094 0089 0093 0123 //// 10170 ///// ///// ////
000000000000000000000000000000000000000000000000000000000000000000000000000000000000000000000000000000000000000000000000=
53997 350900 1141100 00711 00723 4
20100322110000 159 006 169 000 121 010 1008 163 005 104 012 1001 0000 0106 0113 1001 0106 1100 084 081 1001 107 0080 10082 10082 1100 10073 1003 0074 0089 1013 0072 1055 0094 0105 1001 0094 1100 0106 0108 0106 0105 0093 0091 0095 0124 //// 10170 ///// ///// ////
000000000000000000000000000000000000000000000000000000000000000000000000000000000000000000000000000000000000000000000000=
53986 351900 1135300 00732 00740 4
20100322110000 000 000 169 003 116 007 1029 105 000 119 013 1026 0000 0116 0129 1001 0116 1100 087 076 1001 119 0095 10083 10083 1100 10073 1008 0090 0114 1001 0090 1100 0093 0111 1001 0093 1100 0109 0110 0107 0106 0096 0092 0096 0128 //// 10173 ///// ///// ////
000000000000000000000000000000000000000000000000000000000000000000000000000000000000000000000000000000000000000000000000=
53988 351600 1134000 00776 00784 4
20100322110000 044 012 053 011 139 017 1001 049 012 155 020 1001 0000 0111 0122 1001 0111 1100 078 073 1001 103 0074 10071 10071 1100 10061 1001 0066 0106 1001 0066 1100 0083 0107 1001 0083 1100 0108 0110 0106 0105 0091 0089 0097 0126 //// 10167 ///// ///// ////
000000000000000000000000000000000000000000000000000000000000000000000000000000000000000000000000000000000000000000000000=
53985 352700 1134900 00964 00979 4
20100322110000 008 001 015 001 286 004 1002 339 000 302 006 1001 0000 0119 0129 1001 0119 1100 071 067 1016 099 0068 10052 10054 1055 10044 1004 0092 0118 1001 0092 1100 0087 0110 1001 0087 1100 0101 0102 0094 0089 0078 0075 0082 0118 //// 10171 ///// ///// ////
000000000000000000000000000000000000000000000000000000000000000000000000000000000000000000000000000000000000000000000000=
53983 350200 1142500 00696 00708 4
20100322110000 165 004 182 000 239 009 1001 152 003 287 011 1008 0000 0097 0102 1001 0097 1100 092 090 1001 111 0085 10083 10083 1100 10076 1014 0085 0097 1001 0085 1100 0093 0103 1001 0093 1100 0102 0106 0105 0104 0087 0083 0086 0123 //// 10169 ///// ///// ////
000000000000000000000000000000000000000000000000000000000000000000000000000000000000000000000000000000000000000000000000=
53998 351200 1143900 00616 00625 4
20100322110000 205 005 186 002 180 012 1039 195 001 195 025 1030 0000 0103 0107 1004 0103 1100 084 080 1001 105 0077 10090 10090 1008 10086 1023 0084 0099 1001 0084 1100 0089 0099 1001 0089 1100 0100 0102 0101 0100 0099 0093 0094 0129 //// 10166 ///// ///// ////
000000000000000000000000000000000000000000000000000000000000000000000000000000000000000000000000000000000000000000000000=
57051 344800 1111200 04099 04117 4
20100322110000 000 000 309 005 317 012 1050 293 000 324 022 1025 0000 0132 0137 1001 0132 1100 017 016 1027 026 -113 09689 09689 1057 09681 1019 0100 0124 1001 0100 1059 0108 0128 1001 0108 1100 0117 0117 0113 0108 0091 0085 0084 0114 //// 10178 ///// ///// ////
000000000000000000000000000000000000000000000000000000000000000000000000000000000000000000000000000000000000000000000000=
57063 344600 1114600 05236 05236 4
20100322110000 323 023 316 018 316 048 1012 327 022 319 071 1005 0000 0113 0122 1001 0113 1100 017 015 1010 023 -129 09553 09553 1100 09545 1006 0087 0111 1001 0087 1100 0071 0089 1001 0071 1100 0088 0090 0088 0086 0075 0075 0082 0110 //// 10172 ///// ///// ////
000000000000000000000000000000000000000000000000000000000000000000000000000000000000000000000000000000000000000000000000=
57067 340300 1110200 05688 05699 4
20100322110000 214 016 206 020 204 021 1046 212 018 209 029 1040 0000 0055 0058 1001 0055 1055 083 081 1018 075 0028 09520 09520 1100 09513 1019 0057 0062 1001 0057 1050 0065 0072 1001 0065 1100 0083 0091 0098 0096 0101 0100 0092 0122 //// 10205 ///// ///// ////
000000000000000000000000000000000000000000000000000000000000000000000000000000000000000000000000000000000000000000000000=
57056 343200 1105300 03904 03909 4
20100322110000 100 015 106 008 106 008 1100 099 016 099 016 1100 0000 0116 0132 1001 0116 1100 026 015 1017 035 -072 09714 09714 1100 09707 1006 0083 0108 1001 0083 1100 0098 0115 1001 0098 1100 0109 0110 0106 0104 0091 0089 0091 0118 //// 10182 ///// ///// ////
000000000000000000000000000000000000000000000000000000000000000000000000000000000000000000000000000000000000000000000000=
58007 340400 1151800 00472 00532 4
20100322110000 022 016 019 015 354 024 1018 023 005 355 071 1011 0000 0111 0130 1001 0111 1059 065 049 1013 086 0048 10105 10106 1048 10095 1001 0087 0121 1003 0085 1051 0096 0114 1001 0096 1100 0114 0117 0115 0112 0105 0097 0100 0131 //// 10170 ///// ///// ////
000000000000000000000000000000000000000000000000000000000000000000000000000000000000000000000000000000000000000000000000=
58006 342300 1155300 00463 00506 4
20100322110000 339 024 336 020 001 022 1002 316 014 007 047 1022 0001 0107 0117 1001 0107 1059 070 063 1001 090 0055 10111 10111 1055 10101 1001 0085 0086 1001 0085 1015 0095 0101 1001 0095 1100 0106 0112 0111 0108 0094 0090 0096 0127 //// 10173 ///// ///// ////
000000000000000000000000000001000000000000000000000000000000000000000000000000000000000000000000000000000000000000000000=
58111 335800 1162700 00325 00325 4
20100322110000 349 012 339 009 343 015 1001 355 007 007 027 1015 0000 0115 0117 1030 0115 1100 059 057 1027 080 0038 10123 10123 1100 10116 1001 0093 0099 1038 0090 1053 0090 0092 1010 0090 1050 0094 0098 0099 0100 0099 0096 0102 0138 //// 10163 ///// ///// ////
000000000000000000000000000000000000000000000000000000000000000000000000000000000000000000000000000000000000000000000000=
58017 341500 1160800 00410 00420 4
20100322110000 348 027 353 025 340 039 1005 344 033 358 071 1002 0000 0117 0125 1006 0117 1100 063 057 1022 087 0049 10113 10113 1058 10101 1002 0091 0111 1003 0091 1100 0093 0103 1001 0093 1100 0106 0110 0111 0109 0099 0095 0100 0128 //// 10164 ///// ///// ////
000000000000000000000000000000000000000000000000000000000000000000000000000000000000000000000000000000000000000000000000=
58001 342600 1150600 00563 00569 4
20100322110000 132 006 177 002 281 012 1021 142 006 299 019 1015 0000 0098 0100 1002 0098 1059 089 088 1001 108 0081 10096 10101 1028 10093 1005 0089 0092 1002 0087 1055 0092 0097 1001 0092 1100 0100 0101 0101 0097 0089 0085 0092 0127 //// 10166 ///// ///// ////
000000000000000000000000000000000000000000000000000000000000000000000000000000000000000000000000000000000000000000000000=
58005 342700 1154000 00501 00511 4
20100322110000 316 022 319 021 319 021 1100 316 024 332 034 1010 0000 0106 0109 1001 0106 1100 078 077 1003 100 0069 10107 10107 1100 10098 1007 0087 0089 1002 0087 1059 0096 0102 1001 0096 1100 0111 0116 0113 0109 0098 0094 0101 0132 0000 10169 ///// ///// ////
000000000000000000000000000000000000000000000000000000000000000000000000000000000000000000000000000000000000000000000000
120 010 000 /// //// /////////////////////ASP /// //// 6///1 0//// 7//// 1//// 2//// 3//// /// /// /// // 911// 915// 919// 934// 939//=
58008 342800 1152000 00544 00592 4
20100322110000 281 013 285 015 285 020 1049 257 013 293 030 1040 0000 0099 0101 1002 0099 1055 084 082 1001 102 0073 10096 10098 1032 10088 1003 0087 0092 1005 0087 1041 0093 0098 1003 0093 1058 0099 0101 0101 0098 0093 0091 0096 0129 //// 10168 ///// ///// ////
000000000000000000000000000000000000000000000000000000000000000000000000000000000000000000000000000000000000000000000000=
58004 343900 1150900 00606 00616 4
20100322110000 293 002 288 004 280 010 1049 251 005 291 014 1049 0000 0100 0100 1058 0098 1035 085 085 1100 104 0076 10090 10093 1044 10087 1012 0092 0092 1059 0090 1046 0098 0101 1001 0097 1056 0107 0116 0113 0111 0100 0096 0100 0127 //// 10165 ///// ///// ////
000000000000000000000000000000000000000000000000000000000000000000000000000000000000000000000000000000000000000000000000=
54817 355900 1155200 00421 00434 4
20100322110000 300 003 293 003 300 010 1011 296 002 308 014 1005 0000 0107 0113 1001 0107 1100 070 067 1039 090 0055 10114 10115 1059 10107 1001 0083 0101 1001 0082 1057 0084 0097 1001 0084 1100 0092 0090 0086 0081 0077 0073 0086 0117 //// 10167 ///// ///// ////
000000000000000000000000000000000000000000000000000000000000000000000000000000000000000000000000000000000000000000000000=
54902 355400 1150700 00495 00499 4
20100322110000 000 000 000 000 000 000 1100 248 000 248 000 1100 0000 0106 0121 1001 0106 1100 074 062 1007 095 0062 10104 10104 1100 10098 1001 0077 0103 1004 0077 1100 0083 0096 1001 0083 1100 0097 0096 0091 0087 0077 0069 0078 0111 //// 10165 ///// ///// ////
000000000000000000000000000000000000000000000000000000000000000000000000000000000000000000000000000000000000000000000000=
54900 354200 1150100 00537 00541 4
20100322110000 000 000 000 000 225 006 1037 274 000 218 013 1012 0000 0109 0119 1001 0109 1100 078 073 1003 102 0072 10099 10099 1100 10095 1001 0077 0097 1001 0077 1100 0085 0097 1001 0085 1100 0098 0098 0094 0091 0084 0077 0081 0110 //// 10165 ///// ///// ////
000000000000000000000000000000000000000000000000000000000000000000000000000000000000000000000000000000000000000000000000=
54901 360500 1151000 00475 00478 4
20100322110000 347 011 355 012 040 016 1010 344 009 038 023 1016 0000 0116 0127 1004 0116 1056 059 052 1018 081 0039 10108 10108 1100 10102 1002 0095 0116 1001 0094 1054 0089 0102 1001 0089 1100 0098 0097 0092 0087 0081 0075 0074 0105 //// 10166 ///// ///// ////
000000000000000000000000000000000000000000000000000000000000000000000000000000000000000000000000000000000000000000000000=
54903 355100 1152900 00457 00506 4
20100322110000 087 005 094 005 094 005 1100 088 003 105 008 1058 0000 0106 0113 1001 0106 1055 076 069 1010 097 0066 10102 10103 1044 10098 1002 0086 0101 1001 0084 1057 0083 0095 1001 0083 1100 0092 0093 0090 0086 0078 0076 0088 0114 //// 10164 ///// ///// ////
000000000000000000000000000000000000000000000000000000000000000000000000000000000000000000000000000000000000000000000000=
57184 333800 1132200 00834 00847 4
20100322110000 302 022 294 018 294 018 1100 296 028 296 028 1100 0000 0115 0120 1029 0115 1100 076 068 1017 103 0074 10069 10069 1100 10063 1001 0097 0103 1016 0097 1100 0102 0114 1014 0102 1100 0127 0131 0129 0127 0101 0099 0101 0129 //// 10172 ///// ///// ////
000000000000000000000000000000000000000000000000000000000000000000000000000000000000000000000000000000000000000000000000=
57177 332000 1133200 00898 00913 4
20100322110000 325 009 325 009 337 023 1007 352 011 332 041 1004 0000 0114 0122 1001 0114 1100 073 066 1001 098 0067 10062 10063 1051 10058 1002 0092 0114 1001 0091 1059 0110 0119 1001 0110 1053 0106 0127 0118 0124 0110 0102 0102 0121 //// 10173 ///// ///// ////
000000000000000000000000000000000000000000000000000000000000000000000000000000000000000000000000000000000000000000000000=
57075 341000 1125200 02031 02043 4
20100322110000 333 022 029 017 139 020 1021 341 030 341 030 1100 0000 0095 0100 1001 0093 1057 088 087 1001 104 0076 09926 09926 1100 09922 1001 0089 0091 1001 0087 1051 0091 0096 1001 0091 1100 0103 0109 0111 0110 0111 0102 0093 0117 //// 10173 ///// ///// ////
000000000000000000000000000000000000000000000000000000000000000000000000000000000000000000000000000000000000000000000000=
57173 334500 1125300 01457 01468 4
20100322110000 268 048 261 039 261 039 1100 274 052 250 057 1058 0001 0104 0104 1100 0101 1044 075 074 1047 095 0062 09995 09995 1100 09988 1031 0086 0088 1001 0084 1056 0092 0098 1001 0092 1100 0117 0123 0123 0119 0108 0101 0102 0134 //// 10173 ///// ///// ////
000000000000000000000000000000000000000000000000000000000000000000000100000000000000000000000000000000000000000000000000=
57180 335900 1131200 01175 01186 4
20100322110000 092 023 130 018 265 042 1015 088 027 259 055 1012 0000 0102 0103 1039 0101 1009 086 085 1038 107 0080 10027 10027 1100 10020 1001 0089 0091 1007 0088 1051 0095 0101 1001 0095 1100 0111 0118 0118 0115 0101 0097 0099 0131 //// 10171 ///// ///// ////
000000000000000000000000000000000000000000000000000000000000000000000000000000000000000000000000000000000000000000000000=
57181 335300 1130300 01364 01380 4
20100322110000 170 021 201 024 233 029 1001 122 014 203 035 1054 0001 0099 0104 1026 0099 1100 084 079 1031 102 0073 10007 10007 1100 10003 1001 0086 0090 1001 0086 1100 0094 0099 1001 0094 1100 0112 0120 0119 0117 0105 0099 0099 0129 //// 10175 ///// ///// ////
000000000000000000000000000000010000000000000000000000000000000000000000000000000000000000000000000000000000000000000000=
57171 334600 1130700 01420 01430 4
20100322110000 091 028 157 026 247 042 1012 088 030 253 050 1009 0000 0104 0106 1010 0104 1100 084 077 1010 106 0078 09999 09999 1100 09991 1001 0091 0105 1009 0090 1057 0097 0105 1004 0096 1048 0118 0124 0125 0124 0120 0115 0110 0124 //// 10172 ///// ///// ////
000000000000000000000000000000000000000000000000000000000000000000000000000000000000000000000000000000000000000000000000=
57175 330300 1121400 01914 01922 4
20100322110000 025 060 033 058 048 070 1007 043 057 046 131 1006 0000 0126 0144 1001 0126 1100 059 048 1003 086 0048 09939 09939 1100 09924 1004 0116 0131 1003 0116 1100 0135 0151 1001 0135 1100 0159 0162 0156 0146 0114 0106 0108 0138 //// 10170 ///// ///// ////
000000000000000000000000000000000000000000000000000000000000000000000000000000000000000000000000000000000000000000000000=
57156 331800 1113000 02503 02523 4
20100322110000 291 044 292 050 286 058 1047 299 058 319 120 1016 0000 0087 0107 1001 0087 1049 080 058 1001 090 0054 09878 09879 1059 09870 1001 0085 0104 1001 0085 1100 0079 0108 1001 0078 1047 0123 0130 0133 0133 0114 0112 0114 0143 //// 10182 ///// ///// ////
000000000000000000000000000000000000000000000000000000000000000000000000000000000000000000000000000000000000000000000000=
57271 323300 1122300 00879 00897 4
20100322110000 047 053 052 055 054 068 1012 066 035 057 122 1049 0000 0140 0147 1001 0140 1100 051 048 1001 081 0040 10057 10057 1044 10049 1019 0132 0140 1001 0132 1059 0138 0149 1001 0138 1100 0152 0155 0151 0145 0112 0105 0111 0139 //// 10165 ///// ///// ////
000000000000000000000000000000000000000000000000000000000000000000000000000000000000000000000000000000000000000000000000=
57261 330700 1113100 02330 02345 4
20100322110000 134 063 133 070 143 101 1003 155 046 127 151 1023 0000 0107 0120 1001 0107 1100 065 055 1001 084 0044 09889 09889 1100 09875 1001 0100 0113 1002 0100 1100 0110 0121 1001 0110 1100 0129 0136 0137 0134 0131 0122 0125 //// //// 10171 ///// ///// ////
000000000000000000000000000000000000000000000000000000000000000000000000000000000000000000000000000000000000000000000000=
57285 322300 1132500 01530 01492 4
20100322110000 359 017 001 022 354 037 1019 004 011 353 062 1003 0000 0142 0146 1001 0141 1037 053 053 1100 086 0048 09984 09986 1044 09976 1021 0124 0134 1005 0123 1051 0123 0131 1001 0123 1100 0131 0133 0134 0133 0116 0108 0107 0135 //// ///// ///// ///// ////
////////////////////////////////////////////////////////////////////////////////////////////////////////////////////////=
57273 324100 1125100 01095 01105 4
20100322110000 041 039 039 038 036 044 1032 046 039 043 081 1029 0000 0129 0134 1001 0129 1100 050 047 1021 074 0027 10038 10038 1058 10030 1003 0124 0132 1001 0124 1100 0129 0140 1001 0129 1100 0146 0149 0144 0138 0119 0110 0109 0136 //// 10172 ///// ///// ////
000000000000000000000000000000000000000000000000000000000000000000000000000000000000000000000000000000000000000000000000=
57187 330400 1125600 01180 01193 4
20100322110000 038 029 038 029 015 050 1001 035 032 012 070 1005 0000 0125 0130 1001 0125 1100 057 053 1001 083 0042 10020 10020 1100 10014 1001 0119 0128 1001 0119 1059 0127 0137 1001 0127 1100 0143 0141 0142 0137 0122 0109 0106 0132 //// 10164 ///// ///// ////
000000000000000000000000000000000000000000000000000000000000000000000000000000000000000000000000000000000000000000000000=
57178 330200 1123500 01292 01305 4
20100322110000 352 028 358 030 039 068 1003 341 035 032 103 1002 0000 0136 0142 1001 0136 1100 050 044 1002 078 0034 10015 10015 1100 10006 1002 0125 0136 1001 0125 1100 0127 0137 1001 0127 1100 0144 0149 0144 0137 0118 0108 0107 0133 0001 10172 ///// ///// ////
000000000000000000000000000000000000000000000000000000000000000000000000000000000000000000000000000000000000000000000000
200 010 000 /// //// /////////////////////ACP /// //// 6///1 0//// 7//// 1//// 2//// 3//// /// /// /// // 911// 915// 919// 934// 939//=
57169 330300 1115200 01591 01600 4
20100322110000 323 028 299 029 294 030 1004 313 028 336 048 1059 0000 0139 0147 1001 0139 1100 052 048 1003 083 0042 09977 09977 1100 09964 1001 0126 0133 1001 0126 1100 0128 0138 1001 0128 1100 0141 0143 0141 0135 0114 0105 0106 0133 //// 10170 ///// ///// ////
000000000000000000000000000000000000000000000000000000000000000000000000000000000000000000000000000000000000000000000000=
57176 332900 1122500 02311 02304 4
20100322110000 285 045 283 045 334 054 1006 260 040 358 078 1002 0002 0097 0116 1008 0097 1100 073 057 1007 088 0051 09907 09907 1100 09897 1003 0081 0089 1001 0081 1100 0097 0106 1001 0097 1059 0134 0141 0142 0140 0121 0113 0110 0130 //// 10185 ///// ///// ////
000000000000000000000000000000000000000000000000000000000000000000000000000000000000000000000000000000000000010000000100=
57179 331700 1130000 01604 01616 4
20100322110000 029 028 020 024 015 041 1008 043 022 026 075 1025 0000 0119 0125 1001 0119 1100 062 058 1001 086 0049 09981 09981 1100 09974 1002 0102 0112 1001 0102 1056 0114 0121 1001 0114 1100 0126 0129 0127 0124 0110 0102 0103 0133 //// 10177 ///// ///// ////
000000000000000000000000000000000000000000000000000000000000000000000000000000000000000000000000000000000000000000000000=
57274 324200 1120700 01076 01088 4
20100322110000 049 031 049 031 055 044 1021 038 019 083 081 1021 0000 0144 0152 1001 0144 1058 046 043 1015 075 0029 10037 10037 1100 10025 1004 0134 0143 1001 0133 1056 0141 0153 1001 0141 1059 0160 0162 0160 0153 0126 0117 0112 0140 //// 10168 ///// ///// ////
000000000000000000000000000000000000000000000000000000000000000000000000000000000000000000000000000000000000000000000000=
57065 343000 1121100 01949 01964 4
20100322110000 264 031 267 032 269 053 1010 260 045 277 076 1003 0000 0114 0118 1001 0114 1100 058 055 1002 078 0034 09935 09935 1100 09926 1001 0086 0088 1021 0086 1100 0089 0095 1001 0089 1100 0100 0105 0107 0109 0102 0102 0108 0138 //// 10172 ///// ///// ////
000000000000000000000000000000000000000000000000000000000000000000000000000000000000000000000000000000000000000000000000=
57074 342500 1122500 01973 01989 4
20100322110000 242 024 238 033 238 034 1058 237 043 243 070 1051 0000 0108 0109 1001 0108 1051 067 067 1054 087 0049 09934 09935 1058 09929 1018 0098 0100 1001 0098 1043 0086 0092 1003 0086 1100 0099 0105 0108 0110 0108 0104 0100 0125 //// 10174 ///// ///// ////
000000000000000000000000000000000000000000000000000000000000000000000000000000000000000000000000000000000000000000000000=
57076 344400 1124700 01895 01901 4
20100322110000 304 021 294 020 258 024 1050 301 023 254 031 1047 0000 0111 0114 1001 0111 1100 069 066 1008 091 0056 09936 09937 1052 09932 1001 0088 0103 1009 0087 1042 0086 0098 1001 0086 1100 0097 0101 0100 0098 0094 0088 0087 0121 //// 10166 ///// ///// ////
000000000000000000000000000000000000000000000000000000000000000000000000000000000000000000000000000000000000000000000000=
57070 344400 1120700 03640 03595 4
20100322110000 216 013 211 011 130 012 1041 226 014 313 019 1012 0000 0119 0125 1024 0119 1100 050 034 1021 070 0018 09738 09738 1100 09731 1002 0097 0115 1008 0094 1054 0089 0104 1001 0089 1100 0100 0100 0097 0095 0093 0090 0093 0123 //// 10167 ///// ///// ////
000000000000000000000000000000000000000000000000000000000000000000000000000000000000000000000000000000000000000000000000=
57162 340900 1120500 03258 03275 4
20100322110000 264 023 259 017 235 018 1011 217 025 319 040 1057 0000 0101 0102 1021 0100 1001 063 063 1100 078 0034 09785 09785 1100 09780 1001 0079 0079 1100 0076 1039 0079 0080 1002 0079 1100 0094 0102 0106 0109 0100 0096 0099 0132 //// 10179 ///// ///// ////
000000000000000000000000000000000000000000000000000000000000000000000000000000000000000000000000000000000000000000000000=
57078 340900 1122800 03365 03340 4
20100322110000 286 015 276 017 294 030 1008 271 018 302 049 1001 0000 0099 0101 1001 0098 1040 064 063 1002 078 0034 09773 09774 1054 09770 1002 0073 0074 1006 0073 1100 0078 0081 1001 0078 1059 0091 0097 0101 0103 0102 0097 0095 0118 //// 10174 ///// ///// ////
000000000000000000000000000000000000000000000000000000000000000000000000000000000000000000000000000000000000000000000000=
57071 344900 1122600 03333 03332 4
20100322110000 146 021 145 021 144 021 1059 133 024 142 027 1058 0000 0105 0116 1001 0105 1059 070 067 1006 089 0053 09771 09771 1059 09764 1002 0088 0111 1001 0087 1050 0088 0108 1001 0088 1059 0103 0103 0100 0097 0093 0088 0089 0119 //// 10171 ///// ///// ////
000000000000000000000000000000000000000000000000000000000000000000000000000000000000000000000000000000000000000000000000=
57066 342300 1114000 03283 03298 4
20100322110000 288 017 296 013 285 016 1048 271 033 293 041 1023 0000 0101 0103 1001 0101 1059 062 062 1100 077 0032 09784 09784 1100 09780 1017 0083 0091 1001 0083 1100 0079 0090 1001 0079 1100 0093 0095 0097 0097 0097 0091 0088 0116 //// 10181 ///// ///// ////
000000000000000000000000000000000000000000000000000000000000000000000000000000000000000000000000000000000000000000000000=
57077 334700 1113900 07424 07388 4
20100322110000 280 021 283 030 288 039 1038 277 019 296 061 1037 0020 0045 0050 1005 0045 1100 084 083 1009 071 0020 09338 09340 1048 09334 1001 0039 0045 1001 0039 1100 0049 0055 1001 0049 1100 0071 0085 0092 0096 0095 0088 0089 0116 //// 10215 ///// ///// ////
000002000000010000000000010000000001000000000001000001000001000001000002000001000000010000010000000100000100010001000101=
57185 332700 1133500 00911 00921 4
20100322110000 320 012 324 011 343 030 1008 318 010 351 042 1002 0000 0110 0118 1001 0110 1100 078 068 1001 102 0073 10061 10061 1100 10056 1007 0091 0110 1001 0091 1100 0104 0108 1001 0104 1058 0119 0120 0120 0111 0113 0102 0098 0123 //// 10173 ///// ///// ////
000000000000000000000000000000000000000000000000000000000000000000000000000000000000000000000000000000000000000000000000=
57183 334800 1135500 00600 00615 4
20100322110000 107 009 103 011 089 016 1021 108 008 077 036 1026 0004 0108 0120 1002 0108 1100 085 077 1001 110 0084 10096 10096 1100 10091 1026 0094 0100 1002 0094 1100 0108 0113 1001 0107 1056 0119 0122 0122 0119 0106 0097 0094 0123 //// 10171 ///// ///// ////
010000000000000100000000000000000000000000000000000000000000000000000000000001000000000000000000000000000000000000000001=
57186 333600 1140300 00587 00598 4
20100322110000 049 029 047 025 017 039 1027 049 031 004 058 1007 0000 0121 0132 1001 0121 1100 068 062 1014 096 0064 10100 10100 1100 10093 1004 0110 0123 1013 0107 1051 0112 0123 1001 0112 1049 0126 0128 0125 0122 0109 0100 0100 0134 //// 10173 ///// ///// ////
000000000000000000000000000000000000000000000000000000000000000000000000000000000000000000000000000000000000000000000000=
57094 342400 1141300 00674 00685 4
20100322110000 233 010 254 010 184 010 1029 231 011 251 015 1059 0000 0100 0102 1006 0100 1100 090 089 1001 110 0084 10084 10085 1006 10078 1041 0091 0093 1015 0090 1055 0095 0098 1001 0095 1100 0103 0107 0108 0106 0102 0095 0087 0116 //// 10168 ///// ///// ////
000000000000000000000000000000000000000000000000000000000000000000000000000000000000000000000000000000000000000000000000=
57191 342900 1142900 00634 00642 4
20100322110000 298 001 156 005 169 011 1053 260 000 245 016 1010 0000 0105 0106 1013 0104 1001 082 080 1001 104 0076 10091 10093 1014 10088 1047 0093 0094 1021 0092 1008 0095 0097 1001 0095 1058 0102 0104 0104 0102 0096 0090 0093 0125 //// 10169 ///// ///// ////
000000000000000000000000000000000000000000000000000000000000000000000000000000000000000000000000000000000000000000000000=
57096 343200 1144700 00597 00607 4
20100322110000 292 010 293 010 277 014 1031 288 008 251 019 1012 0000 0101 0103 1010 0101 1100 086 086 1100 106 0079 10087 10092 1024 10086 1001 0089 0095 1001 0089 1057 0097 0102 1002 0097 1059 0110 0116 0115 0111 0102 0096 0099 0128 //// 10161 ///// ///// ////
000000000000000000000000000000000000000000000000000000000000000000000000000000000000000000000000000000000000000000000000=
57093 345100 1144900 00733 00740 4
20100322110000 131 004 054 004 265 012 1043 163 003 248 020 1042 0000 0099 0100 1001 0098 1033 085 082 1001 104 0075 10075 10077 1038 10073 1021 0088 0093 1043 0088 1031 0090 0094 1001 0090 1100 0100 0105 0106 0103 0094 0087 0091 0122 //// 10165 ///// ///// ////
000000000000000000000000000000000000000000000000000000000000000000000000000000000000000000000000000000000000000000000000=
57091 344700 1141800 00737 00748 4
20100322110000 234 010 234 008 219 010 1020 231 011 242 014 1018 0000 0110 0110 1100 0108 1019 078 076 1001 102 0073 10078 10078 1100 10073 1002 0087 0094 1001 0087 1058 0094 0099 1001 0094 1100 0106 0109 0109 0101 0104 0099 0099 0123 //// 10169 ///// ///// ////
000000000000000000000000000000000000000000000000000000000000000000000000000000000000000000000000000000000000000000000000=
53978 350500 1123800 01401 01409 4
20100322110000 321 024 292 015 324 017 1020 336 023 310 032 1059 0000 0146 0156 1007 0146 1059 018 015 1007 030 -094 09989 09989 1100 09983 1006 0100 0128 1001 0099 1058 0095 0108 1001 0095 1100 0106 0109 0106 0105 0091 0090 0094 0125 //// 10159 ///// ///// ////
000000000000000000000000000000000000000000000000000000000000000000000000000000000000000000000000000000000000000000000000=
53984 351400 1132800 00827 00837 4
20100322110000 009 013 015 012 114 027 1002 015 014 116 033 1002 0000 0098 0115 1001 0098 1100 085 079 1003 103 0074 10068 10068 1100 10057 1001 0070 0108 1001 0070 1100 0084 0106 1001 0084 1100 0104 0105 0100 0101 0097 0093 0093 0121 //// 10170 ///// ///// ////
000000000000000000000000000000000000000000000000000000000000000000000000000000000000000000000000000000000000000000000000=
53987 350600 1132500 00910 00918 4
20100322110000 161 016 146 017 112 020 1002 156 014 128 029 1042 0000 0109 0116 1001 0109 1054 084 084 1001 109 0083 10057 10057 1100 10049 1006 0096 0113 1001 0094 1042 0097 0110 1001 0097 1100 0107 0108 0108 0107 0100 0097 0098 0127 //// 10169 ///// ///// ////
000000000000000000000000000000000000000000000000000000000000000000000000000000000000000000000000000000000000000000000000=
57079 345700 1130200 01064 01069 4
20100322110000 067 030 005 027 252 038 1020 066 028 246 048 1018 0000 0114 0121 1001 0114 1100 075 070 1049 101 0071 10033 10033 1100 10022 1001 0103 0116 1001 0103 1100 0089 0101 1001 0089 1100 0099 0100 0100 0099 0099 0094 0092 0120 //// 10163 ///// ///// ////
000000000000000000000000000000000000000000000000000000000000000000000000000000000000000000000000000000000000000000000000=
53972 350700 1125500 01196 01210 4
20100322110000 100 019 097 021 077 023 1049 116 012 069 043 1047 0000 0122 0125 1001 0122 1100 075 071 1001 107 0079 10018 10018 1100 10007 1002 0104 0117 1001 0097 1031 0100 0113 1001 0100 1100 0111 0114 0114 0112 0096 0096 0107 0136 //// 10164 ///// ///// ////
000000000000000000000000000000000000000000000000000000000000000000000000000000000000000000000000000000000000000000000000=
57072 345500 1124500 01275 01285 4
20100322110000 242 027 243 024 239 030 1014 248 030 242 045 1003 0000 0117 0123 1001 0117 1100 067 065 1019 092 0058 10007 10007 1100 10000 1001 0108 0119 1001 0108 1056 0093 0107 1001 0093 1100 0103 0106 0102 0099 0089 0085 0084 0113 //// 10163 ///// ///// ////
000000000000000000000000000000000000000000000000000000000000000000000000000000000000000000000000000000000000000000000000=
53982 351400 1131600 01120 01135 4
20100322110000 053 030 050 026 031 033 1010 059 032 050 057 1022 0000 0115 0122 1001 0115 1100 081 073 1001 110 0084 10030 10030 1100 10020 1001 0098 0103 1001 0097 1050 0093 0108 1001 0093 1100 0108 0110 0109 0109 0099 0096 0098 0131 //// 10168 ///// ///// ////
000000000000000000000000000000000000000000000000000000000000000000000000000000000000000000000000000000000000000000000000=
53979 350900 1130500 01200 01211 4
20100322110000 055 025 062 023 075 031 1052 039 029 076 048 1044 0000 0118 0126 1001 0118 1100 074 071 1042 102 0073 10022 10022 1100 10013 1001 0106 0123 1001 0106 1100 0085 0108 1001 0085 1100 0109 0109 0108 0106 0098 0097 0102 0132 //// 10169 ///// ///// ////
000000000000000000000000000000000000000000000000000000000000000000000000000000000000000000000000000000000000000000000000=
53992 353900 1143100 00582 00592 4
20100322110000 291 007 303 007 240 017 1007 303 005 249 020 1003 0000 0105 0111 1001 0105 1100 088 084 1001 112 0086 10096 10096 1100 10090 1020 0083 0103 1001 0082 1058 0087 0102 1001 0087 1100 0097 0094 0094 0089 0081 0078 0086 0122 //// 10168 ///// ///// ////
000000000000000000000000000000000000000000000000000000000000000000000000000000000000000000000000000000000000000000000000=
53974 353700 1141100 00723 00739 4
20100322110000 277 009 272 007 272 007 1100 274 011 274 011 1100 0000 0118 0129 1003 0118 1100 069 062 1010 095 0063 10082 10082 1100 10075 1017 0070 0100 1001 0070 1100 0090 0108 1001 0090 1100 0107 0108 0105 0101 0090 0088 0095 0124 //// 10172 ///// ///// ////
000000000000000000000000000000000000000000000000000000000000000000000000000000000000000000000000000000000000000000000000=
53990 354300 1141900 00795 00805 4
20100322110000 291 008 287 010 254 015 1002 282 009 268 019 1001 0000 0110 0123 1002 0110 1100 075 066 1001 098 0067 10074 10074 1100 10065 1024 0089 0118 1004 0089 1100 0088 0110 1001 0088 1100 0107 0106 0098 0096 0089 0080 0080 0111 //// 10173 ///// ///// ////
000000000000000000000000000000000000000000000000000000000000000000000000000000000000000000000000000000000000000000000000=
53991 355600 1142100 00743 00753 4
20100322110000 322 008 303 008 275 009 1004 319 008 291 012 1004 0000 0116 0130 1001 0116 1100 052 043 1002 071 0021 10080 10080 1100 10073 1029 0078 0115 1001 0077 1056 0088 0106 1001 0088 1100 0103 0104 0095 0094 0083 0080 0085 0118 //// 10172 ///// ///// ////
000000000000000000000000000000000000000000000000000000000000000000000000000000000000000000000000000000000000000000000000=
53993 355600 1145500 00516 00524 4
20100322110000 248 000 248 001 349 007 1002 248 000 004 009 1001 0000 0111 0127 1001 0111 1100 071 057 1005 094 0060 10103 10103 1100 10098 1001 0093 0113 1001 0093 1100 0091 0105 1001 0091 1100 0100 0099 0092 0086 0080 0071 0072 0108 //// 10167 ///// ///// ////
000000000000000000000000000000000000000000000000000000000000000000000000000000000000000000000000000000000000000000000000=
53889 360400 1134900 03068 03086 4
20100322110000 098 014 092 013 085 014 1039 099 015 074 020 1037 0000 0114 0127 1001 0114 1100 036 036 1100 048 -031 09805 09805 1100 09795 1012 0094 0108 1012 0081 1047 0083 0110 1001 0083 1100 0098 0103 0102 0099 0075 0071 0085 0098 //// 10177 ///// ///// ////
000000000000000000000000000000000000000000000000000000000000000000000000000000000000000000000000000000000000000000000000=
53995 353300 1143000 00625 00645 4
20100322110000 275 008 283 006 221 009 1001 265 009 218 013 1003 0000 0107 0113 1001 0107 1100 075 071 1012 096 0065 10090 10090 1100 10083 1025 0082 0105 1001 0082 1100 0090 0104 1001 0090 1100 0106 0108 0103 0099 0089 0083 0084 0116 //// 10169 ///// ///// ////
000000000000000000000000000000000000000000000000000000000000000000000000000000000000000000000000000000000000000000000000=
53898 360300 1142400 00629 00638 4
20100322110000 256 008 260 011 261 013 1001 260 008 257 016 1007 0000 0111 0127 1001 0111 1100 057 048 1002 075 0029 10094 10094 1100 10086 1003 0064 0104 1001 0064 1100 0093 0113 1001 0093 1100 0109 0107 0100 0093 0072 0072 0083 0117 //// 10172 ///// ///// ////
000000000000000000000000000000000000000000000000000000000000000000000000000000000000000000000000000000000000000000000000=
NNNN
