57090 344300 1135800 00781 00802 4
20100322150000 000 000 000 000 169 002 1415 274 000 206 006 1408 0000 0101 0102 1403 0101 1447 091 090 1401 112 0087 10113 10113 1458 10106 1401 0080 0083 1414 0079 1451 0088 0089 1413 0088 1500 0095 0100 0101 0103 0099 0091 0083 0119 //// 10211 ///// ///// ////
000000000000000000000000000000000000000000000000000000000000000000000000000000000000000000000000000000000000000000000000=
57083 344300 1133900 01104 01116 4
20100322150000 005 005 030 006 065 011 1414 017 006 048 015 1412 0000 0104 0107 1421 0104 1500 085 083 1401 107 0080 10075 10075 1500 10070 1401 0077 0077 1446 0074 1401 0089 0089 1422 0089 1407 0098 0102 0104 0107 0098 0097 0101 0126 0000 10210 ///// ///// ////
000000000000000000000000000000000000000000000000000000000000000000000000000000000000000000000000000000000000000000000000
100 010 000 010 2800 /////////////////////ASP 02/ 0000 6///1 0//// 7//// 1//// 2//// 3//// /// /// /// // 911// 915// 919// 934// 939//=
57086 342300 1134300 01166 01168 4
20100322150000 136 007 126 007 129 015 1428 142 008 128 021 1422 0000 0097 0100 1401 0097 1500 082 081 1401 099 0068 10069 10069 1456 10063 1401 0086 0090 1426 0085 1452 0088 0089 1401 0088 1457 0096 0102 0105 0106 0102 0094 0091 0116 //// 10211 ///// ///// ////
000000000000000000000000000000000000000000000000000000000000000000000000000000000000000000000000000000000000000000000000=
57085 343200 1132000 02599 02648 4
20100322150000 352 011 346 013 336 016 1412 353 015 353 020 1452 0000 0107 0107 1454 0102 1401 067 067 1451 086 0048 09887 09888 1439 09884 1406 0093 0096 1430 0092 1401 0082 0084 1401 0082 1500 0094 0101 0105 0105 0106 0097 0091 0121 //// 10204 ///// ///// ////
000000000000000000000000000000000000000000000000000000000000000000000000000000000000000000000000000000000000000000000000=
57081 344800 1132600 01409 01419 4
20100322150000 057 004 038 005 085 008 1417 102 004 023 013 1456 0000 0100 0104 1401 0100 1500 079 076 1401 097 0065 10038 10038 1444 10033 1402 0085 0086 1458 0075 1442 0086 0088 1401 0085 1448 0095 0100 0105 0103 0089 0091 0094 0117 //// 10211 ///// ///// ////
000000000000000000000000000000000000000000000000000000000000000000000000000000000000000000000000000000000000000000000000=
57084 343000 1130300 11784 11790 4
20100322150000 056 061 057 051 057 051 1500 054 068 054 068 1500 0000 0046 0060 1409 0046 1500 057 025 1432 048 -032 08847 08849 1422 08845 1401 0042 0051 1429 0041 1453 0026 0028 1401 0026 1429 0037 0052 0064 0069 0065 //// //// //// //// 10204 ///// ///// ////
000000000000000000000000000000000000000000000000000000000000000000000000000000000000000000000000000000000000000000000000=
57080 344400 1125800 01652 01661 4
20100322150000 066 019 076 015 054 017 1429 083 013 066 025 1459 0000 0117 0118 1456 0110 1415 058 057 1451 080 0037 10003 10006 1432 10000 1401 0100 0104 1457 0084 1410 0084 0085 1401 0084 1446 0093 0098 0102 0103 0092 0086 0086 0119 //// 10204 ///// ///// ////
000000000000000000000000000000000000000000000000000000000000000000000000000000000000000000000000000000000000000000000000=
57082 342800 1130100 04271 04284 4
20100322150000 251 004 248 003 166 012 1401 254 004 229 016 1406 0000 0087 0096 1401 0087 1500 072 062 1401 081 0039 09696 09696 1433 09692 1401 0083 0090 1401 0080 1447 0079 0080 1401 0079 1500 0090 0099 0105 0109 0103 0099 0098 //// //// 10208 ///// ///// ////
000000000000000000000000000000000000000000000000000000000000000000000000000000000000000000000000000000000000000000000000=
57290 330000 1140100 00827 00838 4
20100322150000 042 015 040 017 017 049 1418 038 015 021 095 1413 0008 0089 0105 1401 0088 1457 080 072 1401 091 0056 10116 10116 1500 10103 1407 0081 0086 1404 0078 1433 0090 0096 1403 0088 1435 0107 0117 0120 0123 0110 0100 0101 0132 //// 10219 ///// ///// ////
000000000000000000000101000100000101000001000000000000000000000100000000000000000000000000000000000000000000010000000000
100 010 010 010 0900 /////////////////////CBP 9// 9500 6///1 0//// 7//// 1//// 2//// 3//// /// /// /// // 911// 915// 919// 934// 939//=
57295 323700 1142100 00785 00802 4
20100322150000 351 033 357 033 003 040 1440 350 042 347 076 1431 0000 0108 0114 1420 0108 1500 065 065 1445 084 0045 10099 10099 1500 10090 1450 0086 0100 1425 0086 1500 0096 0103 1401 0096 1500 0117 0117 0118 0119 0109 0102 0100 0128 //// 10197 ///// ///// ////
000000000000000000000000000000000000000000000000000000000000000000000000000000000000000000000000000000000000000000000000=
57188 332200 1140200 00559 00568 4
20100322150000 136 013 132 013 129 014 1459 136 010 125 021 1459 0006 0089 0095 1401 0089 1459 076 074 1401 087 0049 10136 10143 1407 10135 1452 0079 0083 1404 0079 1500 0090 0094 1406 0090 1500 0108 0113 0118 0116 0100 0094 0100 0133 //// 10206 ///// ///// ////
010000010000000000000100000000000100000000000000000000000100000000000000000000000000000000010000000000000000000000000000=
57293 324400 1145900 00380 00391 4
20100322150000 001 019 007 025 014 030 1454 358 018 013 047 1451 0000 0113 0116 1412 0113 1500 073 071 1401 098 0066 10148 10151 1401 10141 1419 0103 0109 1412 0103 1459 0097 0100 1403 0097 1459 0107 0112 0114 0114 0117 0105 0103 0132 //// 10196 ///// ///// ////
000000000000000000000000000000000000000000000000000000000000000000000000000000000000000000000000000000000000000000000000=
57189 330800 1135700 00646 00655 4
20100322150000 009 013 027 016 009 039 1401 001 014 021 057 1403 0010 0088 0100 1401 0088 1452 087 078 1401 098 0068 10135 10135 1500 10128 1439 0078 0080 1402 0078 1500 0087 0088 1403 0086 1437 0107 0116 0119 0120 0103 0095 0096 0122 //// 10215 ///// ///// ////
020001000100010000010000010000000000010000000000000000000100000000000000000000000000000000000000000000010000000000000000=
57194 331700 1141600 00598 00609 4
20100322150000 040 017 037 023 037 024 1458 012 021 052 050 1449 0019 0088 0100 1401 0087 1447 080 070 1401 091 0055 10133 10135 1452 10130 1431 0072 0075 1402 0071 1442 0086 0091 1405 0086 1500 0106 0113 0115 0114 0099 0094 0096 0126 //// 10208 ///// ///// ////
000000000000000001000001010001000100010001000101000101000102010001000001000000000000000000000001000000000000000001000000=
57197 330000 1142000 00489 00545 4
20100322150000 013 032 014 028 011 037 1445 012 035 023 080 1439 0000 0102 0113 1401 0102 1500 069 067 1439 086 0048 10133 10136 1402 10129 1411 0085 0088 1401 0079 1429 0088 0090 1401 0088 1406 0101 0108 0111 0110 0111 0101 0098 0125 //// 10200 ///// ///// ////
000000000000000000000000000000000000000000000000000000000000000000000000000000000000000000000000000000000000000000000000=
57294 325000 1140100 00836 00846 4
20100322150000 022 075 019 069 022 077 1429 012 125 012 125 1500 0000 0095 0117 1401 0095 1500 078 065 1423 093 0059 10104 10104 1500 10092 1401 0077 0109 1417 0077 1456 0081 0102 1401 0081 1500 0106 0113 0116 0116 0111 0108 0100 0118 //// 10207 ///// ///// ////
000000000000000000000000000000000000000000000000000000000000000000000000000000000000000000000000000000000000000000000000=
57292 325800 1143800 00444 00453 4
20100322150000 041 033 030 036 003 058 1426 026 031 007 091 1423 0000 0104 0112 1401 0104 1454 068 068 1500 086 0048 10141 10148 1430 10141 1459 0096 0102 1401 0096 1500 0094 0101 1401 0094 1500 0107 0112 0115 0118 0113 0104 0102 0133 //// 10196 ///// ///// ////
000000000000000000000000000000000000000000000000000000000000000000000000000000000000000000000000000000000000000000000000=
57281 324200 1131800 01422 01431 4
20100322150000 046 044 041 040 022 043 1447 054 045 035 074 1459 0014 0099 0113 1401 0098 1459 074 069 1402 090 0055 10039 10039 1455 10032 1401 0081 0090 1406 0081 1500 0086 0098 1418 0086 1500 0114 0122 0127 0126 0113 0104 0104 0131 //// 10213 ///// ///// ////
000000000000000000000000000000000000000000000000000000000100000000000000000000000001010101010102010001010000010000010000=
57195 333700 1143700 00466 00476 4
20100322150000 083 032 077 033 070 036 1457 054 026 082 076 1445 0000 0119 0119 1500 0104 1405 050 049 1453 070 0018 10143 10150 1437 10143 1500 0078 0083 1439 0077 1451 0085 0091 1423 0084 1457 0099 0110 0116 0117 0106 0097 0100 0142 //// 10201 ///// ///// ////
000000000000000000000000000000000000000000000000000000000000000000000000000000000000000000000000000000000000000000000000=
57193 334700 1143100 00526 00541 4
20100322150000 354 011 015 006 334 023 1441 333 011 336 053 1435 0000 0109 0110 1401 0106 1439 066 065 1448 086 0048 10136 10138 1401 10135 1415 0086 0086 1500 0084 1403 0093 0095 1408 0092 1443 0105 0110 0115 0116 0107 0099 0103 0131 //// 10202 ///// ///// ////
000000000000000000000000000000000000000000000000000000000000000000000000000000000000000000000000000000000000000000000000
120 010 010 010 1200 /////////////////////SCP 5// 2166 6///1 0//// 7//// 1//// 2//// 3//// /// /// /// // 911// 915// 919// 934// 939//=
57196 332800 1145200 00420 00428 4
20100322150000 340 022 352 020 359 026 1440 026 022 350 063 1430 0006 0091 0098 1409 0091 1500 077 066 1410 089 0053 10156 10158 1429 10145 1401 0073 0077 1429 0072 1456 0081 0086 1410 0081 1500 0099 0106 0108 0107 0106 0098 0103 0132 //// 10208 ///// ///// ////
000000000000000000000000000000000000000000000000000000000000000000000000000000000000000000000000000000000100020100010001=
57099 340400 1145100 00526 00536 4
20100322150000 324 010 316 008 305 009 1448 316 016 316 016 1500 0000 0096 0098 1401 0096 1500 089 087 1401 106 0079 10140 10141 1431 10134 1401 0082 0083 1401 0082 1449 0091 0092 1403 0091 1500 0100 0104 0104 0104 0101 0092 0096 0132 //// 10205 ///// ///// ////
000000000000000000000000000000000000000000000000000000000000000000000000000000000000000000000000000000000000000000000000=
58104 332400 1150400 00412 00425 4
20100322150000 295 011 349 015 018 019 1405 006 015 026 037 1458 0001 0102 0107 1401 0100 1450 068 064 1401 085 0046 10150 10153 1429 10144 1406 0081 0100 1401 0078 1455 0088 0091 1401 0088 1500 0098 0105 0108 0110 0106 0096 0097 0136 //// 10202 ///// ///// ////
000000000000000000000000000000000000000000000000000000000000000000010000000000000000000000000000000000000000000000000000=
57198 333300 1143700 00463 00473 4
20100322150000 103 012 025 011 212 014 1437 121 010 223 025 1434 0002 0103 0103 1500 0098 1445 070 067 1448 088 0051 10146 10152 1417 10145 1457 0082 0083 1434 0080 1408 0091 0092 1429 0090 1450 0105 0113 0116 0117 0107 0103 0105 0137 //// 10204 ///// ///// ////
000000000000000000000000000000000000000000000000000000000000000000010000000000000000000000000000000000000000000001000000=
58101 335200 1152900 00413 00428 4
20100322150000 306 017 297 013 325 024 1440 305 014 327 037 1432 0001 0098 0098 1456 0097 1408 085 082 1401 103 0074 10149 10150 1454 10143 1418 0085 0085 1443 0082 1401 0086 0086 1459 0086 1407 0100 0101 0104 0105 0103 0096 0097 0131 //// 10201 ///// ///// ////
000001000000000000000000000000000000000000000000000000000000000000000000000000000000000000000000000000000000000000000000=
57192 334400 1145100 00455 00466 4
20100322150000 047 013 079 015 093 016 1458 316 011 155 030 1451 0000 0111 0111 1500 0102 1408 064 060 1457 085 0046 10144 10150 1433 10141 1456 0087 0087 1438 0085 1401 0091 0093 1414 0091 1457 0104 0115 0120 0119 0112 0104 0105 0141 //// 10201 ///// ///// ////
000000000000000000000000000000000000000000000000000000000000000000000000000000000000000000000000000000000000000000000000=
57098 340500 1142400 00583 00593 4
20100322150000 313 021 318 017 296 024 1418 327 022 307 032 1429 0000 0099 0100 1415 0099 1500 089 088 1408 108 0082 10132 10133 1429 10129 1401 0090 0092 1415 0089 1458 0093 0094 1405 0093 1500 0098 0102 0104 0106 0103 0094 0095 0129 //// 10204 ///// ///// ////
000000000000000000000000000000000000000000000000000000000000000000000000000000000000000000000000000000000000000000000000=
57190 334500 1142400 00505 00516 4
20100322150000 334 017 346 015 195 032 1414 335 020 332 051 1439 0001 0107 0107 1500 0096 1411 067 065 1445 086 0048 10138 10143 1402 10135 1411 0085 0085 1438 0081 1420 0087 0089 1401 0086 1441 0100 0107 0111 0111 0104 0096 0099 0130 //// 10201 ///// ///// ////
000000000000000000000000000000000000000000000000000100000000000000000000000000000000000000000000000000000000000000000000=
58100 333900 1151000 00414 00424 4
20100322150000 271 011 274 011 305 016 1425 223 015 308 034 1422 0000 0095 0096 1401 0093 1425 080 078 1401 095 0062 10151 10155 1442 10143 1419 0084 0084 1456 0080 1405 0086 0088 1401 0086 1446 0101 0110 0116 0119 0112 0105 0107 0136 //// 10203 ///// ///// ////
000000000000000000000000000000000000000000000000000000000000000000000000000000000000000000000000000000000000000000000000=
57088 340900 1133000 01161 01177 4
20100322150000 062 011 060 010 192 015 1413 059 012 161 020 1411 0000 0101 0105 1401 0101 1500 089 084 1433 110 0084 10066 10067 1455 10061 1401 0090 0091 1411 0086 1449 0089 0091 1401 0089 1500 0100 0108 0112 0113 0104 0098 0100 0126 //// 10209 ///// ///// ////
000000000000000000000000000000000000000000000000000000000000000000000000000000000000000000000000000000000000000000000000=
57095 340700 1140900 00611 00622 4
20100322150000 324 006 326 007 231 015 1436 329 006 228 024 1433 0000 0099 0100 1436 0098 1401 088 087 1435 107 0080 10128 10130 1438 10127 1401 0086 0089 1438 0084 1419 0091 0092 1401 0091 1500 0098 0104 0107 0110 0101 0093 0093 0125 //// 10204 ///// ///// ////
000000000000000000000000000000000000000000000000000000000000000000000000000000000000000000000000000000000000000000000000=
57182 335100 1133000 00805 00814 4
20100322150000 233 032 232 031 232 031 1500 242 031 242 049 1458 0001 0108 0109 1455 0104 1433 078 075 1452 101 0071 10108 10109 1401 10103 1424 0099 0100 1453 0089 1416 0095 0097 1419 0095 1500 0111 0118 0122 0120 0109 0103 0106 0140 //// 10207 ///// ///// ////
000001000000000000000000000000000000000000000000000000000000000000000000000000000000000000000000000000000000000000000000=
57087 341200 1134800 00877 00885 4
20100322150000 346 011 339 011 339 011 1500 344 011 330 020 1457 0000 0105 0107 1401 0104 1442 085 084 1401 108 0081 10100 10100 1500 10096 1401 0089 0093 1403 0083 1442 0091 0093 1401 0091 1448 0098 0104 0107 0107 0098 0093 0096 0123 //// 10208 ///// ///// ////
000000000000000000000000000000000000000000000000000000000000000000000000000000000000000000000000000000000000000000000000=
57297 320800 1140300 01145 01154 4
20100322150000 010 024 020 032 029 040 1420 358 022 032 070 1414 0000 0115 0122 1401 0115 1500 072 067 1425 098 0066 10047 10054 1427 10045 1413 0092 0116 1417 0092 1500 0100 0112 1404 0099 1454 0115 0122 0127 0129 0124 0118 0113 //// //// 10187 ///// ///// ////
000000000000000000000000000000000000000000000000000000000000000000000000000000000000000000000000000000000000000000000000
060 010 010 010 1500 /////////////////////SCP 5// 6000 6///1 0//// 7//// 1//// 2//// 3//// /// /// /// // 911// 915// 919// 934// 939//=
57296 322100 1144400 00489 00501 4
20100322150000 115 019 110 016 083 024 1424 130 023 074 040 1422 0002 0109 0111 1401 0109 1500 079 076 1429 103 0074 10128 10137 1429 10120 1421 0092 0093 1416 0092 1452 0099 0100 1406 0098 1454 0113 0121 0126 0128 0121 0110 0108 0131 //// 10189 ///// ///// ////
000000000000000000000100000000000000000000000000000000000000000000000000000000000000000000000000000001000000000000000000=
57396 313800 1145100 01287 01297 4
20100322150000 007 075 004 072 350 091 1427 002 061 012 139 1452 0000 0092 0093 1455 0088 1401 074 073 1458 086 0048 10022 10022 1500 10017 1422 0083 0083 1500 0078 1401 0082 0084 1404 0082 1500 0094 0109 0120 0126 0129 0116 //// //// //// 10179 ///// ///// ////
000000000000000000000000000000000000000000000000000000000000000000000000000000000000000000000000000000000000000000000000=
58301 314900 1152300 00916 00929 4
20100322150000 036 048 033 046 033 046 1500 044 055 017 064 1451 0021 0085 0087 1401 0085 1500 086 086 1500 095 0063 10077 10080 1424 10074 1403 0078 0081 1427 0078 1500 0088 0090 1401 0088 1500 0103 0114 0123 0128 0132 0119 0106 0128 //// 10190 ///// ///// ////
000101020100010101020100020101010101000100000001000000000000000000000000000000000000000000000000000000000100000000000000=
57298 321300 1143300 00554 00562 4
20100322150000 095 009 100 009 095 026 1402 102 013 054 038 1401 0011 0099 0103 1401 0099 1500 089 087 1407 108 0082 10126 10129 1429 10111 1401 0090 0092 1402 0089 1459 0062 0063 1418 0061 1448 0112 0094 0119 0124 0116 0107 0099 0134 //// 10195 ///// ///// ////
000000000000000101000100000100000000000000000001000000010000000100010000010000000100000000010000000000000000000000000000=
57390 314800 1140400 07335 07347 4
20100322150000 020 057 021 054 030 067 1414 020 046 037 148 1408 0003 0056 0057 1401 0056 1500 098 097 1401 089 0053 09314 09318 1423 09309 1443 0056 0057 1442 0054 1401 0061 0061 1455 0057 1401 0072 0082 0093 0099 0108 0094 //// //// //// 10182 ///// ///// ////
000000010000000000000000000000000000000000020000000000000000000000000000000000000000000000000000000000000000000000000000=
58207 321000 1150300 00428 00440 4
20100322150000 071 014 070 013 102 023 1437 079 017 104 030 1434 0069 0096 0100 1401 0096 1500 092 090 1401 110 0084 10140 10146 1412 10134 1435 0090 0094 1401 0090 1458 0110 0115 1401 0110 1500 0095 0121 0125 0127 0121 0112 0110 0138 //// 10194 ///// ///// ////
010000010000010000010000010001010201010001010100010002010001010001010101010303030203020102030202020202020302010101010100=
58205 322800 1152600 00349 00360 4
20100322150000 127 016 149 015 226 019 1411 125 015 234 030 1409 0020 0104 0113 1412 0104 1500 088 079 1414 111 0085 10145 10156 1409 10141 1431 0096 0098 1440 0096 1401 0099 0100 1404 0099 1500 0102 0104 0108 0109 0119 0109 0108 0123 //// 10189 ///// ///// ////
000000000000000000000000000000000000000000000000010001010101010301010100010101000100010001000000010000000000000000000100=
58208 321000 1153700 00429 00439 4
20100322150000 084 011 113 010 201 034 1407 106 012 211 047 1407 0017 0092 0095 1401 0092 1500 083 082 1437 097 0065 10140 10151 1405 10128 1414 0086 0090 1402 0086 1457 0097 0098 1401 0096 1457 0108 0120 0124 0128 0118 0112 0110 0139 //// 10194 ///// ///// ////
000000010000000000000000000000000000000100000100000001000000000000000001000000010000010000010100010101010100010100000001
100 010 010 010 1200 /////////////////////SCP 5// 6060 6///1 0//// 7//// 1//// 2//// 3//// /// /// /// // 911// 915// 919// 934// 939//=
57299 320100 1145400 00494 00506 4
20100322150000 065 021 054 021 046 024 1437 080 024 040 038 1412 0029 0098 0102 1401 0098 1500 088 085 1401 107 0079 10125 10133 1401 10124 1413 0089 0091 1456 0089 1403 0096 0098 1403 0096 1500 0100 0106 0112 0115 0124 0110 0105 0126 //// 10187 ///// ///// ////
000000000000000000010202020202010301010100000100010000000002000100000000000000010000000000000000000000000100000201000100=
53989 350300 1135700 00766 00777 4
20100322150000 343 000 337 000 142 001 1401 342 000 209 000 1500 0000 0095 0101 1401 0095 1500 091 089 1401 108 0081 10118 10118 1500 10112 1401 0080 0085 1401 0080 1450 0084 0084 1401 0084 1458 0092 0098 0102 0102 0094 0089 0093 0123 //// 10213 ///// ///// ////
000000000000000000000000000000000000000000000000000000000000000000000000000000000000000000000000000000000000000000000000=
53997 350900 1141100 00711 00723 4
20100322150000 293 007 294 006 295 008 1428 290 008 282 010 1426 0000 0095 0096 1404 0094 1455 090 090 1500 107 0079 10126 10126 1500 10118 1401 0071 0073 1415 0070 1406 0085 0085 1445 0085 1412 0093 0099 0101 0104 0093 0091 0095 0124 //// 10215 ///// ///// ////
000000000000000000000000000000000000000000000000000000000000000000000000000000000000000000000000000000000000000000000000=
53986 351900 1135300 00732 00740 4
20100322150000 000 000 000 000 000 000 1500 026 000 026 000 1500 0000 0100 0101 1401 0100 1420 097 096 1405 119 0095 10126 10126 1500 10119 1403 0080 0082 1449 0077 1405 0085 0086 1459 0082 1401 0094 0099 0101 0104 0096 0092 0096 0128 //// 10217 ///// ///// ////
000000000000000000000000000000000000000000000000000000000000000000000000000000000000000000000000000000000000000000000000=
53994 352300 1140400 00700 00712 4
20100322150000 353 002 331 005 281 010 1451 313 003 282 012 1448 0000 0099 0099 1500 0097 1436 090 090 1500 110 0083 10129 10129 1500 10121 1401 0078 0079 1454 0074 1414 0080 0080 1458 0078 1402 0092 0099 0103 0102 0093 0087 0093 0127 //// 10216 ///// ///// ////
000000000000000000000000000000000000000000000000000000000000000000000000000000000000000000000000000000000000000000000000=
53988 351600 1134000 00776 00784 4
20100322150000 143 009 114 007 061 010 1403 133 008 152 012 1459 0000 0098 0098 1500 0093 1401 085 084 1439 103 0074 10115 10115 1500 10109 1401 0075 0075 1500 0070 1401 0077 0077 1500 0074 1401 0089 0097 0101 0103 0092 0090 0097 0126 //// 10211 ///// ///// ////
000000000000000000000000000000000000000000000000000000000000000000000000000000000000000000000000000000000000000000000000=
53985 352700 1134900 00964 00979 4
20100322150000 194 001 128 002 098 004 1431 254 000 138 008 1408 0000 0109 0111 1401 0109 1500 075 072 1406 098 0066 10096 10097 1448 10090 1401 0100 0103 1434 0095 1450 0085 0086 1434 0085 1401 0087 0091 0091 0090 0079 0075 0082 0118 //// 10216 ///// ///// ////
000000000000000000000000000000000000000000000000000000000000000000000000000000000000000000000000000000000000000000000000=
53983 350200 1142500 00696 00708 4
20100322150000 329 010 327 009 343 011 1414 316 010 331 015 1405 0000 0095 0096 1413 0092 1401 092 092 1500 109 0083 10126 10127 1454 10118 1407 0084 0087 1415 0084 1402 0086 0087 1437 0086 1401 0091 0097 0100 0101 0088 0084 0086 0124 //// 10213 ///// ///// ////
000000000000000000000000000000000000000000000000000000000000000000000000000000000000000000000000000000000000000000000000=
53998 351200 1143900 00616 00625 4
20100322150000 305 013 310 013 300 023 1442 296 026 299 035 1435 0000 0107 0107 1456 0102 1404 072 071 1455 093 0059 10133 10135 1446 10129 1413 0089 0093 1447 0084 1403 0082 0083 1446 0082 1401 0090 0095 0098 0099 0099 0093 0094 0129 //// 10209 ///// ///// ////
000000000000000000000000000000000000000000000000000000000000000000000000000000000000000000000000000000000000000000000000=
57051 344800 1111200 04099 04117 4
20100322150000 PPC 000 PPC 000 333 015 1443 218 003 308 027 1435 0000 0122 0123 1437 0121 1401 015 015 1455 021 -137 09716 09721 1421 09714 1451 0093 0101 1428 0090 1425 0089 0093 1403 0089 1500 0100 0106 0108 0107 0092 0086 0084 0114 //// 10205 ///// ///// ////
000000000000000000000000000000000000000000000000000000000000000000000000000000000000000000000000000000000000000000000000
100 010 000 010 3800 /////////////////////ACP 07/ 0000 6///1 0//// 7//// 1//// 2//// 3//// /// /// /// // 911// 915// 919// 934// 939//=
57063 344600 1114600 05236 05236 4
20100322150000 296 028 296 029 299 034 1447 285 033 291 048 1444 0000 0102 0103 1415 0101 1434 021 021 1500 026 -112 09584 09586 1443 09580 1403 0087 0088 1455 0084 1435 0063 0064 1427 0063 1457 0074 0081 0084 0085 0075 0076 0082 0110 //// 10207 ///// ///// ////
000000000000000000000000000000000000000000000000000000000000000000000000000000000000000000000000000000000000000000000000=
57067 340300 1110200 05688 05699 4
20100322150000 190 010 158 009 292 010 1407 175 006 327 019 1415 0000 0053 0056 1411 0053 1459 087 083 1406 077 0033 09551 09551 1500 09544 1405 0054 0056 1454 0053 1450 0059 0060 1401 0059 1500 0076 0085 0095 0092 0100 0100 0092 0122 //// 10235 ///// ///// ////
000000000000000000000000000000000000000000000000000000000000000000000000000000000000000000000000000000000000000000000000
060 010 000 010 3700 /////////////////////ACP 07/ 1000 6///1 0//// 7//// 1//// 2//// 3//// /// /// /// // 911// 915// 919// 934// 939//=
57056 343200 1105300 03904 03909 4
20100322150000 099 008 120 008 108 012 1452 099 009 257 018 1411 0000 0094 0098 1419 0094 1500 042 040 1407 050 -029 09746 09749 1408 09745 1431 0067 0069 1401 0067 1459 0079 0082 1401 0079 1500 0092 0101 0103 0104 0091 0089 0091 0118 //// 10214 ///// ///// ////
000000000000000000000000000000000000000000000000000000000000000000000000000000000000000000000000000000000000000000000000=
58007 340400 1151800 00472 00532 4
20100322150000 285 015 289 014 289 014 1459 288 023 322 028 1423 0000 0105 0105 1500 0103 1401 079 079 1500 100 0070 10137 10137 1458 10130 1411 0096 0097 1457 0094 1444 0093 0093 1414 0093 1500 0102 0107 0110 0110 0105 0098 0100 0131 //// 10202 ///// ///// ////
000000000000000000000000000000000000000000000000000000000000000000000000000000000000000000000000000000000000000000000000=
58006 342300 1155300 00463 00506 4
20100322150000 337 011 328 013 324 024 1416 355 014 322 046 1408 0000 0102 0104 1419 0102 1500 074 073 1448 092 0058 10140 10140 1407 10136 1443 0092 0095 1404 0092 1500 0088 0090 1401 0088 1500 0095 0102 0103 0104 0095 0091 0096 0127 //// 10202 ///// ///// ////
000000000000000000000000000000000000000000000000000000000000000000000000000000000000000000000000000000000000000000000000=
58111 335800 1162700 00325 00325 4
20100322150000 353 014 014 019 355 028 1430 341 015 015 047 1424 0000 0105 0106 1429 0105 1500 069 068 1451 088 0051 10155 10157 1450 10151 1401 0085 0085 1500 0082 1401 0084 0085 1409 0084 1500 0089 0094 0096 0098 0099 0096 0102 0138 //// 10195 ///// ///// ////
000000000000000000000000000000000000000000000000000000000000000000000000000000000000000000000000000000000000000000000000
120 010 000 010 3000 /////////////////////ASP 02/ 6066 6///1 0//// 7//// 1//// 2//// 3//// /// /// /// // 911// 915// 919// 934// 939//=
58017 341500 1160800 00410 00420 4
20100322150000 355 007 353 006 313 018 1415 353 004 336 026 1412 0000 0098 0099 1434 0098 1401 085 084 1403 103 0074 10142 10145 1415 10141 1432 0077 0081 1417 0077 1500 0089 0091 1403 0089 1457 0099 0104 0107 0107 0099 0095 0101 0128 //// 10193 ///// ///// ////
000000000000000000000000000000000000000000000000000000000000000000000000000000000000000000000000000000000000000000000000=
58001 342600 1150600 00563 00569 4
20100322150000 311 023 314 023 314 023 1500 316 024 302 033 1424 0000 0099 0099 1401 0098 1415 086 086 1500 105 0077 10134 10134 1500 10124 1405 0089 0091 1401 0089 1451 0088 0089 1402 0088 1500 0093 0095 0096 0096 0089 0085 0092 0127 //// 10204 ///// ///// ////
000000000000000000000000000000000000000000000000000000000000000000000000000000000000000000000000000000000000000000000000=
58005 342700 1154000 00501 00511 4
20100322150000 328 025 322 024 321 030 1401 310 035 346 041 1414 0000 0104 0108 1401 0104 1500 076 071 1409 096 0064 10134 10135 1450 10130 1431 0088 0088 1458 0084 1406 0090 0091 1401 0090 1500 0100 0106 0106 0106 0098 0094 0101 0132 0001 10196 ///// ///// ////
000000000000000000000000000000000000000000000000000000000000000000000000000000000000000000000000000000000000000000000000
120 010 000 010 2900 /////////////////////ASP 02/ 0000 6///1 0//// 7//// 1//// 2//// 3//// /// /// /// // 911// 915// 919// 934// 939//=
58008 342800 1152000 00544 00592 4
20100322150000 311 013 308 015 301 019 1401 291 008 313 028 1413 0000 0098 0099 1402 0097 1429 082 082 1401 099 0069 10128 10128 1500 10122 1416 0086 0087 1402 0085 1454 0089 0091 1407 0088 1452 0092 0094 0097 0096 0094 0092 0096 0130 //// 10200 ///// ///// ////
000000000000000000000000000000000000000000000000000000000000000000000000000000000000000000000000000000000000000000000000=
58004 343900 1150900 00606 00616 4
20100322150000 319 010 314 010 327 014 1432 336 008 313 032 1413 0000 0099 0099 1500 0098 1401 084 084 1500 102 0073 10129 10129 1500 10121 1406 0092 0093 1417 0091 1402 0090 0092 1403 0090 1500 0098 0107 0106 0107 0101 0096 0100 0127 //// 10204 ///// ///// ////
000000000000000000000000000000000000000000000000000000000000000000000000000000000000000000000000000000000000000000000000=
54817 355900 1155200 00421 00434 4
20100322150000 063 011 061 011 049 014 1410 060 009 063 022 1409 0000 0092 0101 1402 0092 1500 058 050 1402 067 0014 10151 10151 1455 10147 1408 0063 0082 1401 0063 1500 0062 0063 1404 0061 1458 0072 0078 0082 0080 0078 0074 0086 0116 //// 10204 ///// ///// ////
000000000000000000000000000000000000000000000000000000000000000000000000000000000000000000000000000000000000000000000000=
54902 355400 1150700 00495 00499 4
20100322150000 265 011 272 009 303 012 1431 263 010 313 014 1430 0000 0091 0091 1456 0088 1436 077 076 1444 089 0053 10149 10149 1459 10141 1409 0064 0067 1419 0060 1402 0065 0067 1401 0065 1449 0080 0085 0086 0087 0078 0070 0078 0111 //// 10210 ///// ///// ////
000000000000000000000000000000000000000000000000000000000000000000000000000000000000000000000000000000000000000000000000=
54900 354200 1150100 00537 00541 4
20100322150000 329 005 319 008 283 019 1404 327 001 291 028 1404 0000 0103 0107 1432 0103 1458 069 066 1431 086 0049 10144 10144 1500 10137 1410 0065 0077 1404 0065 1500 0067 0069 1401 0067 1458 0081 0087 0089 0090 0085 0077 0081 0110 //// 10210 ///// ///// ////
000000000000000000000000000000000000000000000000000000000000000000000000000000000000000000000000000000000000000000000000=
54901 360500 1151000 00475 00478 4
20100322150000 301 014 305 013 006 015 1423 299 014 035 028 1443 0000 0094 0107 1434 0094 1500 056 039 1433 066 0011 10151 10151 1500 10146 1401 0071 0080 1427 0071 1500 0066 0070 1401 0066 1500 0077 0083 0086 0086 0081 0075 0074 0105 //// 10210 ///// ///// ////
000000000000000000000000000000000000000000000000000000000000000000000000000000000000000000000000000000000000000000000000=
54903 355100 1152900 00457 00506 4
20100322150000 326 005 315 008 343 009 1454 322 008 068 019 1431 0000 0086 0088 1452 0082 1417 072 067 1449 080 0038 10144 10144 1500 10138 1402 0069 0073 1439 0065 1423 0062 0063 1403 0062 1500 0075 0083 0085 0085 0079 0076 0088 0114 //// 10206 ///// ///// ////
000000000000000000000000000000000000000000000000000000000000000000000000000000000000000000000000000000000000000000000000=
57184 333800 1132200 00834 00847 4
20100322150000       1600     1600    1600  1600   1600 000 -800 ///// ///// //// 0//// ////   1600  1600   1600  1600          /////   1600
000100000001000000000100000001000000000000000000000000000000000000000000000000000000000000000000000000000000000000000000=
57177 332000 1133200 00898 00913 4
20100322150000 131 011 136 014 115 029 1437 124 013 124 041 1436 0013 0090 0095 1401 0090 1500 089 089 1500 102 0073 10104 10106 1428 10098 1406 0084 0090 1402 0084 1500 0096 0100 1401 0095 1445 0089 0114 0110 0121 0111 0103 0102 0121 //// 10216 ///// ///// ////
000000000001000001000000010000010000000200000100000000000100000000000000000100000000000000000000000000010000010000000101=
57075 341000 1125200 02031 02043 4
20100322150000 154 001 150 005 048 021 1432 059 000 040 028 1427 0000 0092 0099 1403 0092 1500 086 077 1401 100 0070 09963 09963 1500 09958 1401 0085 0091 1422 0084 1455 0084 0086 1401 0083 1455 0095 0102 0107 0107 0110 0102 0093 0117 //// 10209 ///// ///// ////
000000000000000000000000000000000000000000000000000000000000000000000000000000000000000000000000000000000000000000000000=
57173 334500 1125300 01457 01468 4
20100322150000 294 021 259 021 142 044 1404 296 028 170 089 1403 0001 0095 0108 1401 0094 1451 077 069 1402 091 0057 10033 10033 1500 10019 1403 0078 0085 1401 0077 1445 0084 0087 1401 0084 1445 0105 0113 0117 0116 0108 0101 0102 0134 //// 10210 ///// ///// ////
000000000000000000000000000000000000000000000000000000010000000000000000000000000000000000000000000000000000000000000000=
57180 335900 1131200 01175 01186 4
20100322150000 207 012 322 013 129 032 1404 239 014 138 046 1404 0000 0101 0106 1401 0101 1500 082 077 1401 101 0072 10065 10066 1454 10057 1401 0083 0085 1417 0083 1459 0087 0089 1401 0087 1500 0100 0108 0111 0112 0101 0097 0099 0131 //// 10208 ///// ///// ////
000000000000000000000000000000000000000000000000000000000000000000000000000000000000000000000000000000000000000000000000=
57181 335300 1130300 01364 01380 4
20100322150000 254 015 268 019 202 030 1401 226 013 209 033 1441 0000 0094 0098 1401 0094 1459 083 080 1412 098 0067 10047 10047 1500 10035 1404 0080 0084 1401 0080 1457 0086 0089 1406 0086 1453 0100 0107 0112 0114 0105 0100 0100 0129 //// 10214 ///// ///// ////
000000000000000000000000000000000000000000000000000000000000000000000000000000000000000000000000000000000000000000000000
110 010 010 010 1800 /////////////////////SCP 5// 6066 6///1 0//// 7//// 1//// 2//// 3//// /// /// /// // 911// 915// 919// 934// 939//=
57171 334600 1130700 01420 01430 4
20100322150000 228 033 216 037 153 056 1432 220 036 172 069 1438 0002 0096 0100 1401 0095 1455 087 083 1401 104 0075 10037 10037 1500 10028 1415 0086 0087 1428 0085 1441 0090 0092 1413 0090 1453 0106 0114 0118 0120 0120 0115 0111 0124 //// 10210 ///// ///// ////
010000000000000000000000000000000000000000000000000000000000000000000000000000000001000000000000000000000000000000000000=
57175 330300 1121400 01914 01922 4
20100322150000 014 045 019 056 027 073 1435 001 061 043 124 1428 0011 0084 0107 1401 0084 1500 083 074 1401 091 0057 09985 09985 1500 09978 1432 0073 0095 1401 0073 1500 0083 0111 1401 0083 1459 0130 0142 0145 0143 0115 0106 0108 0138 //// 10217 ///// ///// ////
000000000100000000000000000100010101000001000000010000010000000100000000000000000001000000000000000000000000000000010000=
57156 331800 1113000 02503 02523 4
20100322150000 281 024 285 030 281 046 1439 299 014 277 075 1406 0037 0070 0073 1401 0070 1500 089 089 1424 089 0053 09924 09924 1458 09915 1405 0066 0069 1401 0066 1444 0071 0074 1405 0070 1451 0098 0112 0124 0129 0114 0112 0115 0143 //// 10230 ///// ///// ////
000100010001000100010101000101000101000101010001010001010001000101010101010100010001000100000001000100010001010001010001
060 010 010 010 0500 //////////////////FNBCBP 9// 9598 6///1 0//// 7//// 1//// 2//// 3//// /// /// /// // 911// 915// 919// 934// 939//=
57271 323300 1122300 00879 00897 4
20100322150000 020 044 018 043 018 043 1500 043 057 018 080 1435 0002 0100 0113 1401 0100 1459 084 074 1402 103 0074 10102 10103 1430 10099 1418 0086 0096 1401 0086 1500 0095 0102 1401 0095 1455 0129 0140 0143 0142 0113 0105 0111 0139 //// 10211 ///// ///// ////
000000000000000000000000000000000000000000000000000000000000000001000000000000000000000000000000000001000000000000000000=
57261 330700 1113100 02330 02345 4
20100322150000 133 057 136 055 138 055 1459 118 059 144 092 1450 0020 0074 0077 1401 0074 1500 090 090 1500 093 0059 09932 09933 1435 09926 1401 0071 0075 1434 0071 1457 0080 0084 1437 0080 1500 0104 0119 0127 0129 0131 0123 0125 //// //// 10216 ///// ///// ////
000100010000010000010000010000010000010001000001000000010000000000010000010000000100010000000100010000010001000001000001=
57285 322300 1132500 01530 01492 4
20100322150000 357 050 356 046 358 047 1457 004 038 341 085 1454 0000 0111 0129 1401 0111 1500 065 056 1401 086 0048 10020 10023 1445 10018 1453 0095 0109 1403 0088 1440 0098 0108 1401 0098 1500 0118 0126 0129 0131 0115 0108 0107 0135 //// 10200 ///// ///// ////
000000000000000000000000000000000000000000000000000000000000000000000000000000000000000000000000000000000000000000000000
110 010 003 003 0600 //////////////////ASPFNB 72/ 6060 6///1 0//// 7//// 1//// 2//// 3//// /// /// /// // 911// 915// 919// 934// 939//=
57273 324100 1125100 01095 01105 4
20100322150000 020 040 022 039 022 040 1458 043 021 358 073 1416 0002 0097 0104 1401 0097 1500 081 073 1401 097 0066 10076 10077 1454 10072 1401 0087 0088 1440 0087 1421 0096 0098 1410 0096 1458 0125 0134 0137 0136 0119 0110 0109 0136 //// 10210 ///// ///// ////
000000000000000000000000000000000000000000000000000000000000000001000000000000000000000001000000000000000000000000000000=
57187 330400 1125600 01180 01193 4
20100322150000 349 024 354 024 350 026 1446 002 019 338 046 1444 0000 0089 0095 1401 0089 1500 091 088 1401 104 0075 10062 10062 1500 10057 1401 0084 0087 1401 0084 1500 0098 0101 1401 0098 1500 0121 0126 0133 0133 0123 0110 0106 0132 //// 10207 ///// ///// ////
000000000000000000000000000000000000000000000000000000000000000000000000000000000000000000000000000000000000000000000000=
57178 330200 1123500 01292 01305 4
20100322150000 349 042 348 035 345 043 1402 355 039 358 064 1402 0028 0090 0096 1401 0090 1500 088 083 1401 101 0071 10062 10062 1500 10056 1403 0081 0082 1401 0081 1457 0094 0098 1401 0094 1459 0119 0132 0134 0132 0119 0108 0108 0133 0004 10220 ///// ///// ////
010201010101010002000100000000010000010000000100010001010001010000010000000000000000000100000001000001010001000100000101
150 010 000 010 3300 /////////////////////ACP 07/ 6060 6///1 0//// 7//// 1//// 2//// 3//// /// /// /// // 911// 915// 919// 934// 939//=
57169 330300 1115200 01591 01600 4
20100322150000 306 040 309 041 309 041 1500 308 051 330 063 1408 0019 0090 0095 1401 0090 1500 096 092 1401 110 0084 10028 10028 1500 10018 1401 0086 0090 1402 0086 1500 0088 0091 1419 0088 1500 0116 0126 0131 0131 0114 0105 0106 0133 //// 10222 ///// ///// ////
010000020001000000010000000000000000000100000100000100000001000100000100010000010001000100000100000100000100000001000000=
57176 332900 1122500 02311 02304 4
20100322150000 240 025 217 018 257 031 1436 246 032 350 043 1401 0018 0078 0087 1403 0078 1459 084 074 1419 089 0053 09947 09947 1500 09942 1415 0072 0074 1401 0071 1420 0085 0087 1401 0085 1500 0107 0120 0128 0132 0121 0113 0110 0130 //// 10225 ///// ///// ////
000200000100000001000001000000020000010000010000000100000001000000000100000000020000000100000000010000000100000000000100=
57179 331700 1130000 01604 01616 4
20100322150000 327 012 334 013 324 018 1424 313 019 319 026 1420 0021 0087 0091 1414 0087 1500 093 091 1401 105 0076 10022 10022 1431 10016 1411 0079 0082 1415 0079 1500 0092 0095 1406 0092 1500 0109 0118 0121 0121 0110 0102 0103 0133 //// 10217 ///// ///// ////
000000000001000000000002000000010000020000000100000200000101000000000100000000000200000002000001000002000000020000000000=
57274 324200 1120700 01076 01088 4
20100322150000 035 048 041 043 044 044 1452 038 082 038 082 1500 0002 0100 0105 1401 0100 1500 077 074 1401 094 0062 10084 10084 1500 10079 1401 0087 0092 1408 0087 1458 0100 0108 1410 0100 1458 0132 0141 0147 0147 0127 0117 0112 0140 //// 10216 ///// ///// ////
000000000000000000010000000000000000000000000000000000000000000000000000000000000000000000000000000000000000000000010000=
57065 343000 1121100 01949 01964 4
20100322150000 284 021 276 026 265 037 1401 263 025 263 058 1450 0000 0108 0111 1404 0108 1500 057 056 1411 074 0026 09970 09970 1455 09964 1402 0081 0082 1407 0081 1458 0082 0084 1402 0082 1500 0093 0100 0104 0107 0102 0102 0108 0138 //// 10208 ///// ///// ////
000000000000000000000000000000000000000000000000000000000000000000000000000000000000000000000000000000000000000000000000=
57074 342500 1122500 01973 01989 4
20100322150000 226 015 221 010 221 010 1500 254 013 212 021 1459 0000 0106 0108 1402 0105 1449 063 063 1500 080 0039 09967 09967 1459 09963 1405 0093 0093 1500 0086 1444 0083 0084 1401 0083 1458 0093 0100 0105 0108 0107 0103 0100 0125 //// 10207 ///// ///// ////
000000000000000000000000000000000000000000000000000000000000000000000000000000000000000000000000000000000000000000000000=
57076 344400 1124700 01895 01901 4
20100322150000 061 025 072 025 320 031 1419 054 021 313 040 1412 0000 0104 0109 1423 0104 1500 071 065 1417 089 0054 09973 09973 1500 09968 1401 0093 0096 1452 0090 1426 0080 0082 1402 0080 1500 0087 0093 0096 0097 0094 0088 0087 0120 //// 10204 ///// ///// ////
000000000000000000000000000000000000000000000000000000000000000000000000000000000000000000000000000000000000000000000000=
57070 344400 1120700 03640 03595 4
20100322150000 043 025 037 021 040 030 1450 035 020 046 045 1443 0000 0103 0106 1431 0101 1448 042 041 1429 053 -020 09775 09776 1451 09769 1419 0092 0095 1401 0089 1435 0071 0074 1427 0071 1457 0085 0093 0095 0095 0093 0090 0093 0123 //// 10207 ///// ///// ////
000000000000000000000000000000000000000000000000000000000000000000000000000000000000000000000000000000000000000000000000=
57162 340900 1120500 03258 03275 4
20100322150000 238 007 277 009 264 014 1433 150 007 229 023 1413 0000 0096 0098 1401 0095 1449 063 061 1401 075 0029 09816 09817 1457 09812 1407 0082 0086 1431 0078 1451 0073 0075 1402 0073 1457 0088 0096 0102 0106 0100 0096 0099 0132 //// 10208 ///// ///// ////
000000000000000000000000000000000000000000000000000000000000000000000000000000000000000000000000000000000000000000000000=
57078 340900 1122800 03365 03340 4
20100322150000 275 014 266 014 269 017 1401 291 006 291 029 1409 0000 0096 0098 1403 0096 1459 062 061 1401 074 0027 09805 09805 1444 09803 1421 0071 0072 1401 0070 1440 0072 0073 1402 0072 1459 0083 0091 0096 0101 0102 0097 0095 0118 //// 10205 ///// ///// ////
000000000000000000000000000000000000000000000000000000000000000000000000000000000000000000000000000000000000000000000000=
57071 344900 1122600 03333 03332 4
20100322150000 324 024 322 034 323 038 1454 327 023 338 058 1423 0000 0103 0112 1405 0103 1500 072 049 1401 090 0055 09808 09808 1500 09804 1403 0094 0098 1403 0093 1445 0079 0079 1500 0076 1401 0088 0093 0096 0097 0093 0088 0089 0119 //// 10210 ///// ///// ////
000000000000000000000000000000000000000000000000000000000000000000000000000000000000000000000000000000000000000000000000
080 010 000 010 3300 /////////////////////ACP 07/ 1000 6///1 0//// 7//// 1//// 2//// 3//// /// /// /// // 911// 915// 919// 934// 939//=
57066 342300 1114000 03283 03298 4
20100322150000 282 012 276 011 273 018 1440 260 010 254 045 1435 0000 0097 0097 1401 0097 1454 059 059 1500 071 0021 09815 09817 1446 09811 1403 0079 0080 1407 0079 1455 0071 0072 1406 0071 1459 0083 0089 0094 0096 0096 0092 0088 0116 //// 10212 ///// ///// ////
000000000000000000000000000000000000000000000000000000000000000000000000000000000000000000000000000000000000000000000000=
57077 334700 1113900 07424 07388 4
20100322150000 262 021 302 013 250 045 1424 271 020 257 066 1423 0001 0044 0044 1500 0041 1433 083 083 1423 069 0018 09362 09362 1500 09354 1421 0037 0038 1449 0034 1429 0044 0044 1457 0041 1425 0061 0074 0083 0090 0094 0088 0089 0116 //// 10233 ///// ///// ////
000000000000000000000000000000000000000000000000000000000000000000000000000000000000000000000000000000000000000000000001
080 010 006 006 0700 //////////////////FNBASP 72/ 6066 6///1 0//// 7//// 1//// 2//// 3//// /// /// /// // 911// 915// 919// 934// 939//=
57185 332700 1133500 00911 00921 4
20100322150000 229 022 236 023 240 025 1459 237 021 231 035 1456 0008 0092 0093 1443 0091 1428 091 087 1445 106 0078 10103 10103 1500 10094 1412 0086 0086 1412 0083 1449 0093 0096 1401 0093 1459 0107 0111 0114 0108 0113 0103 0099 0123 //// 10215 ///// ///// ////
000000010000000000000001000000000000000100000000000001000000010000000100000000000001000000000000000100000000000000000000=
57183 334800 1135500 00600 00615 4
20100322150000 293 025 295 021 285 027 1401 285 021 296 032 1459 0000 0097 0097 1500 0096 1413 090 088 1416 108 0081 10130 10131 1414 10125 1443 0087 0087 1500 0085 1417 0096 0097 1401 0096 1500 0106 0112 0115 0116 0107 0097 0095 0123 //// 10205 ///// ///// ////
000000000000000000000000000000000000000000000000000000000000000000000000000000000000000000000000000000000000000000000000=
57186 333600 1140300 00587 00598 4
20100322150000 183 034 176 029 176 029 1500 182 035 170 038 1455 0001 0101 0101 1500 0094 1419 076 072 1446 094 0061 10134 10135 1401 10128 1441 0081 0087 1403 0081 1449 0094 0098 1404 0094 1500 0109 0117 0118 0119 0109 0100 0100 0134 //// 10207 ///// ///// ////
000000000000000000000001000000000000000000000000000000000000000000000000000000000000000000000000000000000000000000000000=
57094 342400 1141300 00674 00685 4
20100322150000 328 012 322 012 313 013 1447 328 014 310 019 1443 0000 0105 0105 1500 0103 1401 085 085 1500 108 0081 10122 10122 1500 10116 1401 0091 0093 1452 0088 1404 0090 0090 1417 0090 1401 0096 0100 0102 0102 0103 0095 0088 0117 //// 10206 ///// ///// ////
000000000000000000000000000000000000000000000000000000000000000000000000000000000000000000000000000000000000000000000000=
57191 342900 1142900 00634 00642 4
20100322150000 332 013 334 012 334 012 1500 347 016 296 022 1427 0000 0103 0103 1500 0103 1500 085 085 1500 106 0079 10131 10131 1500 10125 1401 0097 0098 1407 0096 1448 0091 0092 1401 0091 1500 0096 0098 0100 0100 0096 0090 0093 0125 //// 10209 ///// ///// ////
000000000000000000000000000000000000000000000000000000000000000000000000000000000000000000000000000000000000000000000000=
57096 343200 1144700 00597 00607 4
20100322150000 334 022 330 022 312 024 1401 327 018 327 039 1454 0000 0107 0108 1439 0103 1401 075 075 1500 096 0065 10128 10130 1451 10121 1401 0092 0093 1401 0091 1450 0090 0092 1401 0090 1500 0100 0108 0109 0109 0103 0097 0099 0129 //// 10202 ///// ///// ////
000000000000000000000000000000000000000000000000000000000000000000000000000000000000000000000000000000000000000000000000=
57091 344700 1141800 00737 00748 4
20100322150000 299 011 304 008 277 013 1431 293 013 284 020 1427 0000 0107 0108 1401 0106 1444 083 083 1500 107 0079 10120 10122 1450 10113 1401 0090 0092 1454 0090 1424 0091 0092 1434 0091 1422 0099 0103 0106 0099 0104 0099 0099 0123 //// 10211 ///// ///// ////
000000000000000000000000000000000000000000000000000000000000000000000000000000000000000000000000000000000000000000000000
100 010 000 010 3200 /////////////////////ASP 02/ 0000 6///1 0//// 7//// 1//// 2//// 3//// /// /// /// // 911// 915// 919// 934// 939//=
53978 350500 1123800 01401 01409 4
20100322150000 089 037 084 038 084 038 1500 102 037 077 060 1414 0000 0106 0111 1401 0106 1451 080 078 1401 102 0073 10037 10038 1452 10033 1401 0097 0102 1405 0097 1452 0090 0092 1405 0089 1459 0096 0100 0101 0104 0092 0090 0094 0125 //// 10209 ///// ///// ////
000000000000000000000000000000000000000000000000000000000000000000000000000000000000000000000000000000000000000000000000=
53984 351400 1132800 00827 00837 4
20100322150000 010 008 348 010 322 013 1442 012 006 344 017 1441 0000 0088 0090 1430 0083 1401 091 090 1401 103 0074 10110 10113 1431 10107 1401 0077 0079 1426 0069 1401 0079 0079 1448 0076 1401 0090 0096 0096 0100 0097 0094 0093 0121 //// 10213 ///// ///// ////
000000000000000000000000000000000000000000000000000000000000000000000000000000000000000000000000000000000000000000000000=
53987 350600 1132500 00910 00918 4
20100322150000 019 014 010 013 009 014 1440 012 013 355 020 1438 0000 0100 0101 1448 0097 1401 087 087 1500 107 0079 10101 10102 1453 10097 1401 0093 0093 1442 0083 1401 0088 0089 1458 0087 1401 0094 0099 0102 0105 0100 0097 0098 0127 //// 10213 ///// ///// ////
000000000000000000000000000000000000000000000000000000000000000000000000000000000000000000000000000000000000000000000000=
57079 345700 1130200 01064 01069 4
20100322150000 071 023 068 024 050 028 1412 063 022 040 035 1403 0000 0097 0100 1401 0096 1412 089 084 1401 107 0080 10073 10076 1422 10072 1401 0093 0093 1500 0090 1409 0085 0085 1500 0084 1439 0091 0094 0097 0098 0099 0094 0092 0120 //// 10204 ///// ///// ////
000000000000000000000000000000000000000000000000000000000000000000000000000000000000000000000000000000000000000000000000=
53972 350700 1125500 01196 01210 4
20100322150000 041 012 062 013 096 025 1412 035 015 105 042 1407 0000 0106 0107 1401 0106 1500 083 082 1407 106 0078 10062 10065 1415 10061 1401 0091 0095 1417 0090 1450 0089 0090 1404 0089 1451 0098 0104 0109 0111 0097 0096 0107 0136 //// 10210 ///// ///// ////
000000000000000000000000000000000000000000000000000000000000000000000000000000000000000000000000000000000000000000000000=
57072 345500 1124500 01275 01285 4
20100322150000 042 021 036 023 025 026 1444 049 012 046 041 1419 0000 0098 0104 1401 0098 1500 089 083 1401 108 0081 10050 10052 1427 10048 1401 0095 0096 1408 0094 1444 0085 0086 1407 0085 1452 0091 0097 0098 0098 0089 0085 0084 0113 //// 10207 ///// ///// ////
000000000000000000000000000000000000000000000000000000000000000000000000000000000000000000000000000000000000000000000000=
53982 351400 1131600 01120 01135 4
20100322150000 093 008 090 008 045 009 1442 079 008 031 014 1441 0000 0109 0112 1401 0109 1500 079 077 1401 103 0074 10071 10074 1423 10069 1405 0087 0089 1411 0086 1435 0086 0087 1411 0086 1500 0096 0102 0105 0107 0099 0096 0098 0131 //// 10209 ///// ///// ////
000000000000000000000000000000000000000000000000000000000000000000000000000000000000000000000000000000000000000000000000=
53979 350900 1130500 01200 01211 4
20100322150000 065 016 074 017 083 021 1403 045 013 101 028 1403 0000 0106 0106 1500 0104 1451 083 083 1500 106 0078 10064 10067 1420 10063 1401 0101 0101 1413 0096 1442 0081 0081 1500 0079 1429 0095 0100 0104 0105 0098 0097 0102 0132 //// 10212 ///// ///// ////
000000000000000000000000000000000000000000000000000000000000000000000000000000000000000000000000000000000000000000000000=
53992 353900 1143100 00582 00592 4
20100322150000 323 015 320 015 319 015 1459 325 015 314 020 1404 0000 0095 0097 1435 0094 1401 071 066 1429 084 0045 10141 10141 1500 10131 1402 0075 0077 1426 0074 1404 0075 0075 1454 0074 1423 0083 0084 0090 0089 0082 0079 0086 0122 //// 10214 ///// ///// ////
000000000000000000000000000000000000000000000000000000000000000000000000000000000000000000000000000000000000000000000000=
53974 353700 1141100 00723 00739 4
20100322150000 352 007 004 008 015 010 1443 336 003 009 014 1436 0000 0109 0109 1453 0107 1424 055 055 1446 072 0022 10127 10127 1500 10118 1401 0074 0076 1401 0072 1415 0081 0082 1436 0081 1458 0090 0097 0100 0100 0090 0088 0095 0124 //// 10218 ///// ///// ////
000000000000000000000000000000000000000000000000000000000000000000000000000000000000000000000000000000000000000000000000=
53990 354300 1141900 00795 00805 4
20100322150000 342 032 343 032 343 032 1458 335 035 344 038 1458 0000 0104 0104 1500 0086 1418 049 049 1500 062 0002 10118 10118 1500 10109 1401 0099 0099 1500 0080 1405 0078 0078 1401 0077 1447 0090 0096 0095 0096 0089 0081 0081 0111 //// 10217 ///// ///// ////
000000000000000000000000000000000000000000000000000000000000000000000000000000000000000000000000000000000000000000000000=
53991 355600 1142100 00743 00753 4
20100322150000 306 006 299 007 295 010 1433 291 005 285 020 1432 0000 0110 0112 1401 0110 1500 045 043 1435 059 -005 10126 10126 1500 10118 1404 0094 0101 1415 0090 1444 0073 0077 1401 0073 1500 0085 0092 0090 0093 0084 0080 0085 0118 //// 10218 ///// ///// ////
000000000000000000000000000000000000000000000000000000000000000000000000000000000000000000000000000000000000000000000000=
53993 355600 1145500 00516 00524 4
20100322150000 341 008 344 007 334 010 1433 346 010 346 014 1430 0000 0096 0100 1401 0096 1500 063 052 1439 075 0029 10147 10147 1500 10139 1401 0076 0081 1401 0076 1500 0073 0077 1401 0073 1500 0083 0088 0088 0086 0081 0071 0072 0108 //// 10211 ///// ///// ////
000000000000000000000000000000000000000000000000000000000000000000000000000000000000000000000000000000000000000000000000=
53889 360400 1134900 03068 03086 4
20100322150000 166 005 207 008 328 011 1444 280 005 340 018 1440 0000 0093 0094 1401 0090 1430 053 046 1447 062 0002 09847 09850 1444 09843 1402 0074 0075 1457 0066 1430 0068 0071 1401 0068 1500 0077 0082 0085 0088 0077 0072 0086 0098 //// 10220 ///// ///// ////
000000000000000000000000000000000000000000000000000000000000000000000000000000000000000000000000000000000000000000000000=
53995 353300 1143000 00625 00645 4
20100322150000 315 012 317 010 317 010 1500 316 009 299 018 1458 0000 0093 0093 1500 0091 1435 076 075 1449 089 0053 10134 10134 1459 10126 1401 0077 0077 1500 0072 1421 0077 0077 1500 0076 1423 0089 0096 0096 0096 0089 0084 0084 0116 //// 10213 ///// ///// ////
000000000000000000000000000000000000000000000000000000000000000000000000000000000000000000000000000000000000000000000000=
53898 360300 1142400 00629 00638 4
20100322150000 312 017 313 019 332 024 1442 285 014 355 027 1449 0000 0110 0114 1401 0109 1455 037 037 1500 049 -031 10139 10139 1459 10131 1416 0079 0080 1431 0073 1407 0077 0081 1401 0077 1500 0090 0095 0096 0094 0073 0072 0083 0117 //// 10217 ///// ///// ////
000000000000000000000000000000000000000000000000000000000000000000000000000000000000000000000000000000000000000000000000
050 010 000 010 3500 /////////////////////ACP 07/ 0500 6///1 0//// 7//// 1//// 2//// 3//// /// /// /// // 911// 915// 919// 934// 939//=
NNNN
