57090 344300 1135800 00781 00802 4
20100323060000 011 032 025 030 041 037 0543 021 033 040 060 0535 0000 0124 0125 0556 0119 0501 037 034 0529 053 -019 10096 10113 0502 10096 0600 0171 0181 0556 0163 0508 0185 0186 0557 0169 0502 0131 0108 0099 0097 0096 0092 0084 0119 //// 10194 ///// ///// ////
000000000000000000000000000000000000000000000000000000000000000000000000000000000000000000000000000000000000000000000000
200 008 000 008 2700 /////////////////////ACR 030 0000 6///1 0//// 7//// 1//// 2//// 3//// /// /// /// // 911// 915// 919// 934// 939//=
57083 344300 1133900 01104 01116 4
20100323060000 030 035 037 040 065 044 0520 039 027 073 062 0518 0000 0130 0130 0600 0125 0501 027 027 0600 040 -056 10059 10074 0503 10059 0600 0319 0322 0559 0249 0512 0221 0225 0558 0178 0501 0130 0110 0101 0099 0096 0097 0102 0126 0003 10195 ///// ///// ////
000000000000000000000000000000000000000000000000000000000000000000000000000000000000000000000000000000000000000000000000
120 010 000 010 3200 /////////////////////ACR 03/ 0000 6///1 0//// 7//// 1//// 20096 3//// /// /// /// // 911// 915// 919// 934// 939//=
57086 342300 1134300 01166 01168 4
20100323060000 080 025 049 021 027 024 0548 083 028 035 039 0520 0000 0112 0112 0600 0102 0501 043 043 0558 057 -009 10054 10071 0504 10054 0600 0174 0181 0553 0138 0503 0200 0200 0600 0144 0501 0126 0104 0098 0097 0098 0094 0092 0116 //// 10196 ///// ///// ////
000000000000000000000000000000000000000000000000000000000000000000000000000000000000000000000000000000000000000000000000=
57085 343200 1132000 02599 02648 4
20100323060000 118 056 128 042 128 042 0600 113 077 113 077 0600 0000 0115 0119 0549 0107 0509 030 029 0544 041 -055 09873 09891 0501 09873 0600 0167 0182 0548 0142 0503 0234 0246 0553 0175 0502 0134 0106 0099 0097 0100 0098 0091 0121 //// 10193 ///// ///// ////
000000000000000000000000000000000000000000000000000000000000000000000000000000000000000000000000000000000000000000000000
120 010 000 004 3500 //////////////////CSIACR 037 0000 6///1 0//// 7//// 1//// 2//// 3//// /// /// /// // 911// 915// 919// 934// 939//=
57081 344800 1132600 01409 01419 4
20100323060000 019 020 022 025 057 026 0555 046 039 324 070 0554 0000 0132 0132 0553 0117 0503 023 021 0555 035 -075 10024 10041 0502 10024 0600 0210 0242 0550 0171 0506 0219 0231 0550 0169 0503 0135 0113 0106 0098 0089 0092 0094 0117 //// 10196 ///// ///// ////
000000000000000000000000000000000000000000000000000000000000000000000000000000000000000000000000000000000000000000000000
180 10- 000 002 3200 //////////////////CIEACR 032 0000 6///1 0//// 7//// 1//// 2//// 3//// /// /// /// // 911// 915// 919// 934// 939//=
57084 343000 1130300 11784 11790 4
20100323060000 085 062 079 057 077 069 0547 074 070 067 104 0540 0000 0055 0058 0551 0038 0501 042 040 0552 038 -064 08825 08839 0501 08825 0600 0127 0154 0550 0087 0501 0140 0155 0550 0091 0501 0090 0059 0055 0055 0060 //// //// //// //// 10192 ///// ///// ////
000000000000000000000000000000000000000000000000000000000000000000000000000000000000000000000000000000000000000000000000
110 010 000 000 //// /////////////////////CSI 007 0000 6///1 0//// 7//// 1//// 2//// 3//// /// /// /// // 911// 915// 919// 934// 939//=
57080 344400 1125800 01652 01661 4
20100323060000 080 033 075 039 071 039 0533 074 035 060 080 0554 0000 0125 0126 0550 0114 0502 024 023 0556 035 -075 09996 10011 0501 09996 0558 0200 0226 0540 0164 0502 0242 0252 0552 0168 0502 0137 0106 0097 0096 0090 0087 0087 0119 //// 10197 ///// ///// ////
000000000000000000000000000000000000000000000000000000000000000000000000000000000000000000000000000000000000000000000000
150 10- 000 000 6000 /////////////////////CIE 002 0000 6///1 0//// 7//// 1//// 2//// 3//// /// /// /// // 911// 915// 919// 934// 939//=
57082 342800 1130100 04271 04284 4
20100323060000 073 028 092 018 133 023 0544 038 034 099 054 0559 0000 0103 0104 0558 0087 0501 030 030 0600 038 -065 09680 09698 0505 09680 0558 0191 0214 0552 0141 0513 0190 0199 0553 0140 0501 0116 0098 0095 0096 0098 0099 0099 //// //// 10193 ///// ///// ////
000000000000000000000000000000000000000000000000000000000000000000000000000000000000000000000000000000000000000000000000
120 010 000 000 //// /////////////////////CSE 007 0000 6///1 0//// 7//// 1//// 2//// 3//// /// /// /// // 911// 915// 919// 934// 939//=
57295 323700 1142100 00785 00802 4
20100323060000 075 026 056 023 083 026 0534 057 014 080 054 0527 0000 0076 0076 0553 0075 0531 077 077 0538 080 0038 10103 10111 0506 10099 0538 0101 0108 0501 0095 0535 0102 0106 0501 0100 0531 0105 0095 0095 0100 0105 0103 0101 0128 //// 10202 ///// ///// ////
000000000000000000000000000000000000000000000000000000000000000000000000000000000000000000000000000000000000000000000000
200 010 000 000 0400 //////////////////ASPFNB 72/ 0076 60091 0//// 7//// 1//// 2//// 3//// /// /// /// // 911// 915// 919// 934// 939//=
57188 332200 1140200 00559 00568 4
20100323060000 290 019 274 015 287 024 0517 277 011 288 041 0513 0000 0083 0084 0547 0081 0516 073 073 0543 080 0038 10132 10143 0514 10132 0600 0098 0110 0521 0098 0600 0117 0125 0520 0117 0600 0110 0101 0102 0102 0098 0095 0100 0133 //// 10202 ///// ///// ////
000000000000000000000000000000000000000000000000000000000000000000000000000000000000000000000000000000000000000000000000
080 010 002 002 0500 //////////////////ASPFNB 72/ 1000 6///1 0//// 7//// 1//// 2//// 3//// /// /// /// // 911// 915// 919// 934// 939//=
57189 330800 1135700 00646 00655 4
20100323060000 237 004 259 007 298 018 0528 268 000 293 029 0521 0001 0080 0080 0559 0078 0526 081 081 0503 087 0049 10122 10133 0501 10122 0600 0099 0106 0547 0093 0525 0110 0114 0547 0105 0525 0106 0101 0101 0102 0099 0097 0096 0122 //// 10203 ///// ///// ////
000000000000000000000000000000000000000000000000000000000000000000000000000000000000000000000000000100000000000000000000=
57194 331700 1141600 00598 00609 4
20100323060000 281 025 297 018 297 018 0600 288 025 288 031 0559 0000 0082 0083 0524 0080 0537 081 076 0501 088 0051 10125 10134 0518 10125 0600 0102 0113 0504 0097 0536 0115 0119 0504 0112 0536 0099 0100 0100 0100 0097 0094 0096 0126 //// 10200 ///// ///// ////
000000000000000000000000000000000000000000000000000000000000000000000000000000000000000000000000000000000000000000000000=
57197 330000 1142000 00489 00545 4
20100323060000 351 010 360 012 020 014 0503 296 004 018 025 0512 0000 0084 0084 0558 0080 0509 082 081 0547 090 0055 10134 10142 0510 10134 0547 0115 0123 0540 0104 0515 0112 0116 0543 0103 0508 0102 0096 0094 0094 0105 0102 0099 0125 //// 10201 ///// ///// ////
000000000000000000000000000000000000000000000000000000000000000000000000000000000000000000000000000000000000000000000000
150 010 010 010 1000 /////////////////////SCP 5// 0060 69931 0//// 7//// 1//// 2//// 3//// /// /// /// // 911// 915// 919// 934// 939//=
57294 325000 1140100 00836 00846 4
20100323060000 086 014 063 017 026 023 0513 091 005 023 035 0507 0000 0075 0075 0557 0072 0501 086 086 0600 089 0053 10096 10105 0510 10096 0558 0096 0096 0559 0087 0537 0107 0107 0600 0099 0501 0096 0094 0096 0100 0105 0108 0101 0118 //// 10201 ///// ///// ////
000000000000000000000000000000000000000000000000000000000000000000000000000000000000000000000000000000000000000000000000
120 010 000 010 3000 /////////////////////ACP 07/ 0060 69961 0//// 7//// 1//// 2//// 3//// /// /// /// // 911// 915// 919// 934// 939//=
57292 325800 1143800 00444 00453 4
20100323060000 PPC 000 PPC 000 052 014 0504 PPC 000 026 020 0503 0000 0078 0079 0552 0076 0501 080 080 0600 085 0046 10148 10155 0501 10148 0558 0108 0116 0509 0106 0535 0110 0111 0552 0107 0531 0100 0097 0097 0103 0106 0105 0103 0133 //// 10204 ///// ///// ////
000000000000000000000000000000000000000000000000000000000000000000000000000000000000000000000000000000000000000000000000
200 010 004 004 0600 //////////////////ASPFNB 72/ 0060 60021 0//// 7//// 1//// 2//// 3//// /// /// /// // 911// 915// 919// 934// 939//=
57195 333700 1143700 00466 00476 4
20100323060000 288 013 283 014 281 021 0527 293 016 287 037 0551 0000 0090 0092 0549 0089 0501 076 075 0526 087 0050 10142 10150 0503 10142 0600 0111 0117 0504 0100 0531 0127 0135 0506 0123 0535 0117 0107 0103 0104 0104 0098 0101 0142 //// 10200 ///// ///// ////
000000000000000000000000000000000000000000000000000000000000000000000000000000000000000000000000000000000000000000000000=
57193 334700 1143100 00526 00541 4
20100323060000 266 024 262 024 261 028 0539 288 012 257 045 0530 0000 0094 0094 0600 0091 0501 075 074 0502 088 0052 10135 10144 0517 10134 0557 0127 0131 0528 0120 0546 0133 0133 0600 0127 0501 0116 0108 0106 0105 0105 0100 0103 0131 //// 10201 ///// ///// ////
000000000000000000000000000000000000000000000000000000000000000000000000000000000000000000000000000000000000000000000000
120 010 010 010 1200 /////////////////////SCP 5// 0000 6///1 0//// 7//// 1//// 20079 3//// /// /// /// // 911// 915// 919// 934// 939//=
57196 332800 1145200 00420 00428 4
20100323060000 294 018 281 019 289 023 0512 305 015 274 034 0543 0000 0087 0088 0556 0085 0501 078 075 0542 088 0051 10150 10155 0501 10150 0600 0107 0111 0529 0104 0506 0126 0128 0552 0125 0517 0106 0100 0097 0097 0104 0099 0103 0132 //// 10203 ///// ///// ////
000000000000000000000000000000000000000000000000000000000000000000000000000000000000000000000000000000000000000000000000
120 010 010 010 1500 /////////////////////SCP 5// 0000 6///1 0//// 7//// 1//// 2//// 3//// /// /// /// // 911// 915// 919// 934// 939//=
57099 340400 1145100 00526 00536 4
20100323060000 /// /// /// /// /// /// //// /// /// /// /// //// 0000 //// //// //// //// //// /// /// //// /// //// ///// ///// //// ///// //// //// //// //// //// //// //// //// //// //// //// //// //// //// //// //// //// //// //// //// ///// ///// ///// ////
000000000000000000000000000000000000000000000000000000000000000000000000000000000000000000000000000000000000000000000000
120 010 000 /// //// /////////////////////ACP /// //// 6///1 0//// 7//// 1//// 2//// 3//// /// /// /// // 911// 915// 919// 934// 939//=
58104 332400 1150400 00412 00425 4
20100323060000 327 012 328 013 337 014 0529 295 011 319 020 0514 0000 0088 0088 0600 0083 0501 078 077 0540 088 0052 10151 10155 0501 10151 0600 0110 0111 0559 0096 0514 0117 0117 0559 0108 0515 0103 0097 0096 0098 0102 0097 0097 0136 //// 10203 ///// ///// ////
000000000000000000000000000000000000000000000000000000000000000000000000000000000000000000000000000000000000000000000000
160 010 000 010 3500 /////////////////////ASP 02/ //// 6///1 0//// 7//// 1//// 2//// 3//// /// /// /// // 911// 915// 919// 934// 939//=
58101 335200 1152900 00413 00428 4
20100323060000 268 021 272 018 283 024 0509 263 024 299 037 0503 0000 0092 0092 0559 0087 0506 081 081 0524 094 0061 10147 10155 0503 10146 0557 0122 0123 0556 0107 0511 0123 0123 0600 0109 0511 0109 0098 0097 0098 0101 0097 0098 0131 //// 10200 ///// ///// ////
000000000000000000000000000000000000000000000000000000000000000000000000000000000000000000000000000000000000000000000000
150 010 000 010 3000 /////////////////////ASP 02/ 0000 6///1 0//// 7//// 1//// 2//// 3//// /// /// /// // 911// 915// 919// 934// 939//=
57192 334400 1145100 00455 00466 4
20100323060000 279 010 284 014 289 025 0529 299 010 301 037 0533 0000 0094 0094 0600 0091 0506 077 074 0520 091 0056 10144 10150 0501 10144 0600 0132 0133 0559 0118 0537 0131 0131 0600 0122 0533 0111 0106 0106 0107 0110 0105 0106 0141 //// 10201 ///// ///// ////
000000000000000000000000000000000000000000000000000000000000000000000000000000000000000000000000000000000000000000000000=
57098 340500 1142400 00583 00593 4
20100323060000 265 034 266 032 254 038 0502 265 032 274 050 0529 0000 0104 0105 0557 0096 0502 073 071 0525 092 0058 10124 10136 0512 10124 0600 0140 0141 0556 0121 0501 0138 0138 0600 0126 0501 0121 0107 0100 0099 0101 0095 0096 0129 //// 10197 ///// ///// ////
000000000000000000000000000000000000000000000000000000000000000000000000000000000000000000000000000000000000000000000000=
57190 334500 1142400 00505 00516 4
20100323060000 261 026 278 027 287 033 0521 250 031 264 048 0529 0000 0091 0091 0600 0087 0504 079 076 0503 091 0057 10135 10147 0509 10135 0600 0117 0118 0558 0104 0529 0129 0129 0600 0114 0532 0109 0102 0099 0099 0100 0097 0100 0130 //// 10198 ///// ///// ////
000000000000000000000000000000000000000000000000000000000000000000000000000000000000000000000000000000000000000000000000=
57088 340900 1133000 01161 01177 4
20100323060000 081 036 089 030 089 030 0600 077 035 110 045 0556 0000 0116 0116 0600 0107 0501 045 044 0528 061 0001 10049 10071 0501 10049 0600 0203 0205 0558 0135 0505 0207 0207 0600 0141 0506 0128 0108 0103 0102 0102 0099 0101 0126 //// 10192 ///// ///// ////
000000000000000000000000000000000000000000000000000000000000000000000000000000000000000000000000000000000000000000000000=
57182 335100 1133000 00805 00814 4
20100323060000 022 009 031 010 289 024 0507 347 009 273 037 0505 0000 0101 0101 0600 0093 0501 074 073 0539 091 0057 10096 10113 0501 10096 0600 0158 0158 0600 0113 0505 0187 0187 0600 0132 0501 0121 0106 0107 0108 0109 0104 0106 0139 //// 10195 ///// ///// ////
000000000000000000000000000000000000000000000000000000000000000000000000000000000000000000000000000000000000000000000000=
57087 341200 1134800 00877 00885 4
20100323060000 017 015 028 019 013 022 0532 012 013 043 033 0555 0000 0113 0113 0600 0105 0501 046 046 0600 062 0001 10088 10103 0501 10088 0600 0181 0181 0600 0138 0505 0168 0168 0600 0129 0506 0117 0105 0100 0099 0097 0094 0096 0124 //// ///// ///// ///// ////
000000000000000000000000000000000000000000000000000000000000000000000000000000000000000000000000000000000000000000000000
200 10- 000 /// //// /////////////////////ACR /// //// 6///1 0//// 7//// 1//// 2//// 3//// /// /// /// // 911// 915// 919// 934// 939//=
57297 320800 1140300 01145 01154 4
20100323060000 095 042 091 044 090 045 0558 102 036 097 095 0549 0005 0062 0062 0552 0061 0530 087 087 0600 082 0042 10053 10064 0501 10052 0559 0060 0069 0510 0060 0600 0075 0084 0518 0075 0600 0086 0091 0099 0106 0117 0118 0114 //// //// 10195 ///// ///// ////
000000000000000000000000000000000000000000000100000000000000000100000000000000000000000000000002000000000000000000000001
080 010 010 10- 0300 //////////////////FNBNSB 72/ 6166 60121 0//// 7//// 1//// 20046 3//// /// /// /// // 911// 915// 919// 934// 939//=
57296 322100 1144400 00489 00501 4
20100323060000 105 037 100 046 101 052 0555 124 033 099 080 0550 0006 0068 0068 0600 0067 0501 086 086 0600 085 0046 10137 10141 0508 10136 0558 0070 0075 0501 0065 0530 0096 0101 0501 0088 0531 0093 0096 0102 0109 0117 0111 0109 0132 //// 10199 ///// ///// ////
000100000000000000000200000000000000010000000000000000000000000100000000000000000000000000000000000000000000000000010000
090 010 010 008 0480 //////////////////FNBNSB 72/ 6166 60141 0//// 7//// 1//// 2//// 3//// /// /// /// // 911// 915// 919// 934// 939//=
57396 313800 1145100 01287 01297 4
20100323060000 357 073 351 071 344 087 0518 015 077 341 124 0509 0006 0053 0053 0600 0051 0517 091 090 0536 081 0040 10015 10020 0522 10014 0547 0054 0054 0531 0051 0517 0063 0064 0534 0062 0524 0072 0083 0094 0103 0113 0115 //// //// //// 10175 ///// ///// ////
000100010000010000000100000000000000000001000000000000000000000000000000000001000000000000000000000000000000000000000000=
57390 314800 1140400 07335 07347 4
20100323060000 034 042 031 041 034 064 0506 068 041 034 168 0501 0002 0014 0016 0501 0013 0549 100 100 0600 068 0014 09311 09313 0518 09310 0501 0019 0031 0501 0019 0558 0037 0048 0501 0036 0558 0047 0053 0064 0075 0096 0094 //// //// //// 10192 ///// ///// ////
000000000000000000000000000000000001000000000000000000000000000000000000000000000000000000000000000001000000000000000000
020 010 10- 10- 0200 //////////////////FNBASP 72/ 6064 60141 0//// 7//// 1//// 2//// 3//// /// /// /// // 91124 91504 919// 934// 939//=
58207 321000 1150300 00428 00440 4
20100323060000 060 059 062 058 067 071 0515 054 064 071 099 0514 0005 0053 0054 0509 0052 0536 089 088 0542 079 0036 10144 10147 0544 10141 0529 0052 0060 0510 0050 0554 0076 0077 0545 0073 0501 0064 0086 0093 0102 0116 0114 0111 0138 //// 10199 ///// ///// ////
000000000001000000000100000000010000000000000000000100000000000000000000000000000000000000000000000001000000000000000000=
58205 322800 1152600 00349 00360 4
20100323060000 090 040 088 045 085 062 0502 097 040 080 091 0523 0013 0061 0062 0539 0059 0501 088 087 0501 083 0043 10153 10160 0506 10151 0553 0061 0065 0539 0056 0507 0084 0085 0556 0077 0501 0084 0082 0084 0085 0117 0110 0109 0123 //// 10198 ///// ///// ////
010001000001000100000100000001000000000100000000000001000000000000000000010000000000010000000100000000010000000100000000=
58208 321000 1153700 00429 00439 4
20100323060000 071 040 065 036 081 043 0513 087 041 087 074 0518 0037 0050 0050 0600 0048 0528 083 083 0600 072 0024 10142 10149 0501 10142 0600 0057 0059 0558 0050 0527 0073 0073 0559 0064 0507 0077 0089 0098 0108 0115 0112 0111 0139 //// 10196 ///// ///// ////
010100010100010200010100010001000001000100010101010101010001000101000101000100010001000001000101010100010100000100000001
100 010 010 10- 0300 //////////////////FNBNSB 72/ 6166 60191 0//// 7//// 1//// 20048 3//// /// /// /// // 911// 915// 919// 934// 939//=
57299 320100 1145400 00494 00506 4
20100323060000 046 055 049 051 047 065 0545 037 060 054 096 0520 0003 0056 0057 0519 0056 0600 086 086 0600 078 0034 10130 10132 0532 10127 0518 0057 0064 0501 0055 0537 0071 0078 0506 0071 0600 0076 0081 0086 0090 0115 0111 0106 0126 //// 10193 ///// ///// ////
000001000000000000000000020000000000000000000000000000000000000000000000000000000000000000000000000000000000000000000000=
53989 350300 1135700 00766 00777 4
20100323060000 030 039 035 037 045 042 0517 040 042 053 067 0548 0000 0128 0129 0555 0122 0505 028 028 0600 041 -052 10104 10119 0501 10104 0600 0191 0206 0537 0184 0518 0215 0220 0536 0203 0519 0147 0117 0102 0097 0093 0090 0094 0123 //// 10199 ///// ///// ////
000000000000000000000000000000000000000000000000000000000000000000000000000000000000000000000000000000000000000000000000
200 10- 000 002 3000 //////////////////CIEACR 032 0000 6///1 0//// 7//// 1//// 2//// 3//// /// /// /// // 911// 915// 919// 934// 939//=
53997 350900 1141100 00711 00723 4
20100323060000 045 038 047 037 039 042 0544 059 033 034 067 0548 0000 0128 0128 0600 0120 0501 032 032 0600 047 -035 10111 10127 0501 10111 0600 0188 0201 0541 0173 0501 0209 0214 0541 0187 0501 0143 0117 0101 0097 0092 0092 0096 0124 //// 10199 ///// ///// ////
000000000000000000000000000000000000000000000000000000000000000000000000000000000000000000000000000000000000000000000000=
53986 351900 1135300 00732 00740 4
20100323060000 075 064 076 056 074 058 0554 074 098 074 098 0600 0000 0136 0137 0540 0129 0501 024 022 0519 037 -066 10111 10126 0501 10111 0600 0193 0211 0544 0172 0503 0245 0246 0559 0202 0504 0148 0119 0104 0099 0093 0093 0097 0128 //// 10201 ///// ///// ////
000000000000000000000000000000000000000000000000000000000000000000000000000000000000000000000000000000000000000000000000
150 010 000 000 //// /////////////////////CSI 007 0000 6///1 0//// 7//// 1//// 20090 3//// /// /// /// // 911// 915// 919// 934// 939//=
53994 352300 1140400 00700 00712 4
20100323060000 053 050 056 047 064 047 0532 053 049 068 082 0557 0000 0138 0138 0600 0134 0501 023 021 0529 036 -070 10114 10128 0501 10114 0600 0212 0227 0548 0196 0529 0266 0279 0548 0240 0506 0162 0120 0103 0095 0090 0088 0093 0127 //// 10201 ///// ///// ////
000000000000000000000000000000000000000000000000000000000000000000000000000000000000000000000000000000000000000000000000
150 010 000 /// //// /////////////////////CSI /// //// 6///1 0//// 7//// 1//// 2//// 3//// /// /// /// // 911// 915// 919// 934// 939//=
53985 352700 1134900 00964 00979 4
20100323060000 063 012 082 013 071 014 0549 347 010 167 034 0515 0000 0151 0155 0544 0143 0501 020 017 0549 034 -077 10079 10094 0501 10079 0600 0167 0185 0525 0165 0501 0216 0231 0526 0208 0501 0130 0110 0092 0086 0080 0077 0083 0118 //// 10197 ///// ///// ////
000000000000000000000000000000000000000000000000000000000000000000000000000000000000000000000000000000000000000000000000
200 10- 000 /// //// /////////////////////ACR /// //// 6///1 0//// 7//// 1//// 2//// 3//// /// /// /// // 911// 915// 919// 934// 939//=
53998 351200 1143900 00616 00625 4
20100323060000 004 022 034 030 037 034 0535 046 029 071 060 0533 0000 0126 0127 0546 0121 0503 037 035 0535 054 -017 10124 10136 0501 10124 0600 0188 0223 0511 0182 0555 0212 0240 0511 0212 0600 0149 0112 0096 0093 0095 0094 0094 0129 //// 10200 ///// ///// ////
000000000000000000000000000000000000000000000000000000000000000000000000000000000000000000000000000000000000000000000000
150 10- 000 000 5800 /////////////////////CIE 002 0000 6///1 0//// 7//// 1//// 2//// 3//// /// /// /// // 911// 915// 919// 934// 939//=
57051 344800 1111200 04099 04117 4
20100323060000 096 038 095 044 094 050 0543 116 032 097 098 0537 0000 0120 0122 0533 0118 0501 039 034 0504 055 -015 09693 09698 0503 09689 0542 0227 0249 0522 0212 0541 0273 0286 0531 0262 0541 0153 0116 0104 0100 0089 0086 0085 0114 //// 10182 ///// ///// ////
000000000000000000000000000000000000000000000000000000000000000000000000000000000000000000000000000000000000000000000000
100 10- 000 10- 3900 /////////////////////ACR 03/ 0000 6///1 0//// 7//// 1//// 20074 3//// /// /// /// // 911// 915// 919// 934// 939//=
57063 344600 1114600 05236 05236 4
20100323060000 123 049 125 052 125 054 0552 130 040 130 088 0540 0000 0096 0100 0556 0087 0501 036 036 0552 043 -047 09570 09580 0501 09567 0546 0206 0210 0557 0147 0501 0247 0250 0557 0173 0501 0113 0089 0082 0080 0075 0076 0082 0110 //// 10193 ///// ///// ////
000000000000000000000000000000000000000000000000000000000000000000000000000000000000000000000000000000000000000000000000
070 008 000 000 7000 /////////////////////CIE 002 0500 6///1 0//// 7//// 1//// 2//// 3//// /// /// /// // 911// 915// 919// 934// 939//=
57067 340300 1110200 05688 05699 4
20100323060000 168 008 228 010 226 011 0555 167 005 054 019 0509 0000 0067 0068 0545 0057 0501 068 066 0550 067 0012 09511 09517 0502 09510 0542 0145 0187 0520 0135 0550 0167 0183 0512 0165 0553 0120 0090 0084 0083 0093 0099 0093 0122 //// 10198 ///// ///// ////
000000000000000000000000000000000000000000000000000000000000000000000000000000000000000000000000000000000000000000000000
120 10- 000 10- 3700 /////////////////////ACR 03/ 0000 6///1 0//// 7//// 1//// 20003 3//// /// /// /// // 911// 915// 919// 934// 939//=
57056 343200 1105300 03904 03909 4
20100323060000 169 046 172 044 179 049 0550 147 034 167 097 0554 0000 0122 0124 0553 0110 0531 032 031 0553 045 -040 09712 09714 0501 09707 0522 0205 0237 0539 0192 0501 0254 0274 0539 0219 0501 0153 0113 0099 0097 0090 0089 0091 0118 //// 10179 ///// ///// ////
000000000000000000000000000000000000000000000000000000000000000000000000000000000000000000000000000000000000000000000000
100 10- 000 10- 3400 /////////////////////ACR 03/ 0000 6///1 0//// 7//// 1//// 2//// 3//// /// /// /// // 911// 915// 919// 934// 939//=
58007 340400 1151800 00472 00532 4
20100323060000 224 011 236 013 221 019 0539 260 008 220 035 0531 0000 0104 0104 0558 0098 0515 073 073 0600 092 0058 10130 10140 0502 10130 0600 0131 0135 0524 0120 0505 0148 0150 0526 0139 0505 0117 0105 0102 0101 0102 0099 0101 0131 //// 10195 ///// ///// ////
000000000000000000000000000000000000000000000000000000000000000000000000000000000000000000000000000000000000000000000000
120 010 000 010 2600 /////////////////////ASP 02/ 0000 6///1 0//// 7//// 1//// 2//// 3//// /// /// /// // 911// 915// 919// 934// 939//=
58006 342300 1155300 00463 00506 4
20100323060000 038 023 051 026 050 033 0515 038 025 052 061 0508 0000 0119 0119 0600 0115 0501 041 039 0554 057 -009 10137 10146 0503 10137 0557 0158 0158 0600 0140 0511 0162 0162 0559 0143 0501 0123 0109 0101 0098 0094 0091 0096 0127 //// 10199 ///// ///// ////
000000000000000000000000000000000000000000000000000000000000000000000000000000000000000000000000000000000000000000000000
140 010 000 010 3400 /////////////////////ACP 07/ 0000 6///1 0//// 7//// 1//// 2//// 3//// /// /// /// // 911// 915// 919// 934// 939//=
58111 335800 1162700 00325 00325 4
20100323060000 244 018 237 018 232 018 0555 246 031 246 031 0600 0000 0088 0088 0549 0086 0512 075 074 0506 085 0046 10159 10165 0501 10158 0554 0115 0115 0558 0096 0501 0109 0110 0545 0099 0504 0099 0096 0094 0095 0097 0097 0103 0138 //// 10199 ///// ///// ////
000000000000000000000000000000000000000000000000000000000000000000000000000000000000000000000000000000000000000000000000
100 010 000 010 3000 /////////////////////ASP 02/ 0000 6///1 0//// 7//// 1//// 20086 3//// /// /// /// // 911// 915// 919// 934// 939//=
58017 341500 1160800 00410 00420 4
20100323060000 102 022 098 029 097 030 0558 119 020 094 046 0556 0000 0113 0117 0521 0113 0600 048 042 0525 064 0007 10143 10149 0502 10142 0549 0137 0149 0516 0133 0547 0117 0120 0522 0115 0550 0104 0101 0100 0100 0098 0096 0101 0128 //// 10195 ///// ///// ////
000000000000000000000000000000000000000000000000000000000000000000000000000000000000000000000000000000000000000000000000
100 010 000 010 2500 /////////////////////ACP 07/ 0000 6///1 0//// 7//// 1//// 2//// 3//// /// /// /// // 911// 915// 919// 934// 939//=
58001 342600 1150600 00563 00569 4
20100323060000 062 029 060 025 042 033 0537 066 025 057 054 0508 0000 0120 0120 0557 0113 0501 050 047 0536 070 0019 10123 10132 0514 10123 0600 0151 0153 0557 0139 0501 0155 0156 0558 0137 0501 0115 0100 0094 0091 0089 0086 0092 0126 //// 10193 ///// ///// ////
000000000000000000000000000000000000000000000000000000000000000000000000000000000000000000000000000000000000000000000000
120 010 000 010 2700 /////////////////////ACP 07/ 0000 6///1 0//// 7//// 1//// 2//// 3//// /// /// /// // 911// 915// 919// 934// 939//=
58005 342700 1154000 00501 00511 4
20100323060000 067 040 068 035 053 036 0506 071 052 071 052 0600 0000 0121 0122 0554 0114 0501 038 038 0600 054 -018 10134 10139 0501 10133 0543 0182 0192 0544 0159 0501 0154 0157 0554 0133 0502 0119 0108 0100 0097 0097 0095 0102 0132 0001 10196 ///// ///// ////
000000000000000000000000000000000000000000000000000000000000000000000000000000000000000000000000000000000000000000000000
140 010 000 010 2900 //////////////////ACRASR 07/ 0000 6///1 0//// 7//// 1//// 20092 3//// /// /// /// // 911// 915// 919// 934// 939//=
58008 342800 1152000 00544 00592 4
20100323060000 032 032 042 031 039 036 0512 023 028 066 054 0511 0000 0121 0121 0559 0116 0501 047 044 0522 066 0011 10122 10129 0511 10122 0600 0202 0202 0559 0178 0524 0155 0157 0559 0143 0509 0115 0100 0095 0090 0093 0092 0096 0129 //// 10194 ///// ///// ////
000000000000000000000000000000000000000000000000000000000000000000000000000000000000000000000000000000000000000000000000=
58004 343900 1150900 00606 00616 4
20100323060000 035 019 029 022 012 028 0548 077 022 012 059 0545 0000 0128 0128 0600 0124 0501 040 039 0533 059 -005 10115 10127 0504 10115 0600 0175 0186 0554 0161 0518 0167 0168 0554 0157 0518 0127 0114 0101 0099 0100 0097 0100 0127 //// 10190 ///// ///// ////
000000000000000000000000000000000000000000000000000000000000000000000000000000000000000000000000000000000000000000000000=
54817 355900 1155200 00421 00434 4
20100323060000 166 016 115 019 059 029 0551 184 019 060 049 0545 0000 0132 0135 0546 0126 0501 031 031 0600 047 -035 10149 10162 0502 10149 0600 0198 0218 0536 0177 0501 0234 0234 0546 0206 0501 0156 0111 0089 0077 0077 0074 0086 0117 //// 10202 ///// ///// ////
000000000000000000000000000000000000000000000000000000000000000000000000000000000000000000000000000000000000000000000000=
54902 355400 1150700 00495 00499 4
20100323060000 076 022 071 020 079 025 0538 060 018 083 048 0536 0000 0145 0145 0600 0137 0505 029 028 0546 048 -033 10138 10150 0502 10138 0600 0209 0226 0523 0202 0547 0260 0278 0510 0256 0551 0168 0121 0094 0083 0077 0071 0078 0111 //// 10199 ///// ///// ////
000000000000000000000000000000000000000000000000000000000000000000000000000000000000000000000000000000000000000000000000=
54900 354200 1150100 00537 00541 4
20100323060000 030 021 046 024 047 029 0502 038 029 043 054 0541 0000 0133 0134 0515 0128 0506 033 032 0550 050 -026 10134 10146 0503 10134 0600 0260 0285 0522 0241 0545 0242 0264 0515 0239 0554 0167 0119 0093 0084 0083 0078 0081 0110 //// 10200 ///// ///// ////
000000000000000000000000000000000000000000000000000000000000000000000000000000000000000000000000000000000000000000000000
150 008 000 000 6000 /////////////////////CIE 002 0000 6///1 0//// 7//// 1//// 2//// 3//// /// /// /// // 911// 915// 919// 934// 939//=
54901 360500 1151000 00475 00478 4
20100323060000 039 033 041 040 068 050 0530 026 039 077 070 0526 0000 0135 0136 0523 0132 0502 023 020 0557 036 -072 10144 10155 0504 10144 0600 0213 0215 0514 0188 0528 0243 0253 0518 0235 0501 0157 0114 0089 0079 0078 0077 0075 0105 //// 10202 ///// ///// ////
000000000000000000000000000000000000000000000000000000000000000000000000000000000000000000000000000000000000000000000000
140 008 000 000 5500 /////////////////////CIE 002 0000 6///1 0//// 7//// 1//// 2//// 3//// /// /// /// // 911// 915// 919// 934// 939//=
54903 355100 1152900 00457 00506 4
20100323060000 066 020 061 016 031 020 0528 085 027 057 042 0521 0000 0134 0134 0600 0129 0502 028 028 0559 043 -047 10140 10151 0501 10140 0600 0198 0213 0540 0191 0558 0236 0245 0540 0233 0513 0151 0111 0090 0081 0078 0077 0089 0114 //// 10202 ///// ///// ////
000000000000000000000000000000000000000000000000000000000000000000000000000000000000000000000000000000000000000000000000
140 010 000 000 5600 /////////////////////CSE 007 0000 6///1 0//// 7//// 1//// 2//// 3//// /// /// /// // 911// 915// 919// 934// 939//=
57184 333800 1132200 00834 00847 4
20100323060000 137 013 153 015 286 020 0502 088 007 291 028 0502 0000 0098 0098 0600 0085 0501 069 068 0549 084 0044 10089 10111 0501 10089 0600 0143 0143 0600 0088 0504 0176 0177 0558 0119 0501 0119 0108 0106 0108 0101 0101 0102 0129 //// ///// ///// ///// ////
000000000000000000000000000000000000000000000000000000000000000000000000000000000000000000000000000000000000000000000000
140 010 000 /// //// /////////////////////ASR /// //// 6///1 0//// 7//// 1//// 2//// 3//// /// /// /// // 911// 915// 919// 934// 939//=
57177 332000 1133200 00898 00913 4
20100323060000 291 009 271 010 307 014 0531 293 008 316 022 0527 0000 0081 0081 0600 0079 0501 078 075 0532 084 0045 10087 10105 0501 10087 0600 0115 0115 0600 0100 0539 0119 0119 0600 0111 0513 0088 0101 0092 0104 0108 0104 0103 0121 //// 10200 ///// ///// ////
000000000000000000000000000000000000000000000000000000000000000000000000000000000000000000000000000000000000000000000000=
57075 341000 1125200 02031 02043 4
20100323060000 035 008 022 012 283 024 0501 002 009 279 032 0510 0000 0113 0113 0600 0096 0501 054 050 0551 072 0023 09947 09966 0501 09946 0555 0171 0187 0542 0128 0501 0204 0211 0549 0148 0501 0134 0106 0100 0099 0105 0103 0094 0117 //// 10195 ///// ///// ////
000000000000000000000000000000000000000000000000000000000000000000000000000000000000000000000000000000000000000000000000=
57173 334500 1125300 01457 01468 4
20100323060000 336 010 055 010 188 015 0504 285 008 076 019 0553 0000 0106 0106 0600 0088 0501 073 071 0531 093 0060 10011 10033 0501 10010 0557 0170 0179 0556 0128 0511 0202 0202 0600 0143 0501 0126 0107 0104 0103 0105 0103 0103 0134 //// 10190 ///// ///// ////
000000000000000000000000000000000000000000000000000000000000000000000000000000000000000000000000000000000000000000000000=
57180 335900 1131200 01175 01186 4
20100323060000 081 034 050 028 050 028 0600 082 045 082 045 0600 0000 0116 0116 0600 0101 0501 062 054 0553 085 0046 10046 10067 0501 10046 0600 0182 0209 0542 0143 0501 0188 0201 0555 0159 0501 0139 0112 0103 0102 0100 0098 0100 0131 //// 10191 ///// ///// ////
000000000000000000000000000000000000000000000000000000000000000000000000000000000000000000000000000000000000000000000000=
57181 335300 1130300 01364 01380 4
20100323060000 030 004 056 009 243 016 0502 302 005 243 025 0514 0000 0112 0112 0600 0091 0501 071 070 0558 094 0061 10024 10047 0503 10024 0600 0181 0191 0549 0122 0501 0235 0236 0549 0150 0501 0144 0112 0103 0103 0102 0100 0100 0129 //// 10192 ///// ///// ////
000000000000000000000000000000000000000000000000000000000000000000000000000000000000000000000000000000000000000000000000
080 10- 000 10- 3600 /////////////////////ACR 03/ 1000 6///1 0//// 7//// 1//// 20065 3//// /// /// /// // 911// 915// 919// 934// 939//=
57171 334600 1130700 01420 01430 4
20100323060000 044 011 044 010 203 027 0516 037 008 208 035 0515 0000 0099 0099 0600 0082 0501 077 077 0600 094 0061 10015 10036 0501 10015 0600 0154 0154 0556 0098 0501 0182 0182 0556 0119 0501 0120 0105 0103 0106 0112 0115 0112 0124 //// 10190 ///// ///// ////
000000000000000000000000000000000000000000000000000000000000000000000000000000000000000000000000000000000000000000000000=
57175 330300 1121400 01914 01922 4
20100323060000 002 006 335 005 276 025 0505 316 007 268 035 0510 0000 0084 0084 0600 0071 0502 080 080 0558 088 0052 09958 09985 0502 09957 0558 0147 0147 0600 0079 0503 0148 0149 0556 0098 0503 0108 0104 0109 0114 0112 0108 0109 0138 //// 10193 ///// ///// ////
000000000000000000000000000000000000000000000000000000000000000000000000000000000000000000000000000000000000000000000000
300 010 000 010 3300 /////////////////////ACP 07/ 0000 6///1 0//// 7//// 1//// 2//// 3//// /// /// /// // 911// 915// 919// 934// 939//=
57156 331800 1113000 02503 02523 4
20100323060000 251 022 261 017 279 031 0501 263 023 293 039 0501 0000 0086 0086 0600 0066 0501 076 076 0558 085 0046 09886 09908 0501 09885 0557 0101 0101 0600 0077 0501 0183 0185 0559 0130 0501 0110 0093 0096 0102 0107 0113 0115 0142 //// 10194 ///// ///// ////
000000000000000000000000000000000000000000000000000000000000000000000000000000000000000000000000000000000000000000000000
250 010 000 010 3300 /////////////////////ACP 07/ 0060 69901 0//// 7//// 1//// 20029 3//// /// /// /// // 911// 915// 919// 934// 939//=
57271 323300 1122300 00879 00897 4
20100323060000 345 012 325 019 331 022 0556 308 013 316 046 0553 0000 0081 0085 0549 0080 0501 084 078 0544 091 0056 10086 10110 0501 10086 0600 0111 0121 0548 0087 0507 0119 0120 0548 0095 0502 0103 0105 0111 0117 0109 0107 0112 0139 //// 10196 ///// ///// ////
000000000000000000000000000000000000000000000000000000000000000000000000000000000000000000000000000000000000000000000000
140 010 007 007 0400 //////////////////FNBASP 72/ 0060 69901 0//// 7//// 1//// 2//// 3//// /// /// /// // 911// 915// 919// 934// 939//=
57261 330700 1113100 02330 02345 4
20100323060000 095 021 089 020 108 027 0547 096 025 113 042 0543 0000 0081 0082 0541 0067 0501 079 075 0533 085 0047 09899 09923 0501 09899 0600 0161 0172 0528 0117 0501 0173 0173 0559 0127 0501 0114 0102 0102 0106 0123 0123 0126 //// //// 10186 ///// ///// ////
000000000000000000000000000000000000000000000000000000000000000000000000000000000000000000000000000000000000000000000000=
57285 322300 1132500 01530 01492 4
20100323060000 033 025 037 025 020 027 0550 029 020 023 048 0545 0000 0073 0073 0600 0068 0501 079 079 0600 081 0039 10023 10030 0504 10023 0559 0102 0102 0600 0081 0527 0111 0111 0600 0094 0532 0096 0097 0101 0107 0111 0109 0108 0135 //// 10206 ///// ///// ////
000000000000000000000000000000000000000000000000000000000000000000000000000000000000000000000000000000000000000000000000
150 010 006 006 0400 //////////////////FNBACP 77/ 6076 60041 0//// 7//// 1//// 20047 3//// /// /// /// // 911// 915// 919// 934// 939//=
57273 324100 1125100 01095 01105 4
20100323060000 057 022 060 025 063 031 0552 080 033 066 056 0546 0000 0081 0081 0600 0077 0501 074 072 0525 080 0038 10059 10085 0502 10059 0558 0098 0098 0600 0082 0501 0124 0124 0600 0100 0501 0104 0106 0110 0116 0116 0111 0110 0136 //// 10195 ///// ///// ////
000000000000000000000000000000000000000000000000000000000000000000000000000000000000000000000000000000000000000000000000
150 010 000 010 3000 /////////////////////ACP 07/ 0060 69951 0//// 7//// 1//// 2//// 3//// /// /// /// // 911// 915// 919// 934// 939//=
57187 330400 1125600 01180 01193 4
20100323060000 106 015 092 017 081 020 0555 130 015 094 033 0552 0000 0083 0084 0550 0078 0501 078 075 0540 085 0047 10039 10064 0501 10039 0600 0110 0115 0532 0091 0503 0125 0125 0600 0102 0501 0108 0101 0108 0112 0119 0111 0108 0132 //// 10185 ///// ///// ////
000000000000000000000000000000000000000000000000000000000000000000000000000000000000000000000000000000000000000000000000
110 010 000 010 3000 /////////////////////ACP 07/ 0000 6///1 0//// 7//// 1//// 2//// 3//// /// /// /// // 911// 915// 919// 934// 939//=
57178 330200 1123500 01292 01305 4
20100323060000 074 010 070 011 016 015 0505 071 013 037 020 0549 0000 0085 0085 0600 0082 0501 074 074 0600 082 0041 10035 10062 0501 10035 0600 0124 0124 0600 0102 0501 0119 0119 0600 0101 0501 0105 0104 0105 0106 0114 0109 0108 0133 0001 10195 ///// ///// ////
000000000000000000000000000000000000000000000000000000000000000000000000000000000000000000000000000000000000000000000000
150 010 000 010 3200 /////////////////////ACP 07/ 2160 69901 0//// 7//// 1//// 20065 3//// /// /// /// // 911// 915// 919// 934// 939//=
57169 330300 1115200 01591 01600 4
20100323060000 274 013 226 015 255 023 0537 257 012 268 040 0505 0000 0090 0090 0600 0076 0501 080 079 0542 092 0057 09998 10024 0501 09997 0559 0103 0103 0600 0080 0501 0158 0158 0600 0107 0501 0110 0101 0103 0108 0109 0106 0106 0133 //// 10194 ///// ///// ////
000000000000000000000000000000000000000000000000000000000000000000000000000000000000000000000000000000000000000000000000=
57176 332900 1122500 02311 02304 4
20100323060000 212 016 156 014 145 015 0553 167 015 122 024 0552 0000 0094 0094 0600 0078 0506 073 073 0600 086 0048 09913 09935 0501 09912 0554 0187 0187 0600 0114 0511 0195 0195 0600 0130 0510 0121 0105 0103 0105 0113 0114 0111 0130 //// 10194 ///// ///// ////
000000000000000000000000000000000000000000000000000000000000000000000000000000000000000000000000000000000000000000000000
250 10- 000 10- 3000 /////////////////////ACR 03/ 0000 6///1 0//// 7//// 1//// 2//// 3//// /// /// /// // 911// 915// 919// 934// 939//=
57179 331700 1130000 01604 01616 4
20100323060000 103 020 100 021 098 023 0553 116 021 116 033 0545 0000 0086 0086 0539 0082 0501 076 074 0530 085 0046 09994 10019 0501 09994 0600 0111 0124 0536 0099 0501 0119 0121 0542 0103 0501 0104 0100 0101 0103 0106 0103 0103 0132 //// 10192 ///// ///// ////
000000000000000000000000000000000000000000000000000000000000000000000000000000000000000000000000000000000000000000000000
130 010 000 010 3300 /////////////////////ACP 07/ 0000 6///1 0//// 7//// 1//// 2//// 3//// /// /// /// // 911// 915// 919// 934// 939//=
57274 324200 1120700 01076 01088 4
20100323060000 271 012 292 015 324 027 0509 257 013 299 045 0502 0000 0076 0077 0539 0074 0509 077 077 0559 080 0038 10061 10085 0501 10061 0600 0109 0109 0600 0091 0501 0117 0117 0600 0104 0501 0110 0110 0115 0120 0124 0118 0113 0141 //// 10195 ///// ///// ////
000000000000000000000000000000000000000000000000000000000000000000000000000000000000000000000000000000000000000000000000
130 010 002 002 0700 //////////////////ASPFNB 72/ 2160 69901 0//// 7//// 1//// 2//// 3//// /// /// /// // 911// 915// 919// 934// 939//=
57065 343000 1121100 01949 01964 4
20100323060000 051 036 052 037 047 040 0516 052 031 046 057 0552 0000 0114 0114 0600 0111 0516 048 045 0513 065 0008 09957 09973 0501 09957 0600 0157 0163 0501 0146 0546 0209 0209 0600 0191 0545 0140 0115 0104 0102 0100 0103 0109 0138 //// 10195 ///// ///// ////
000000000000000000000000000000000000000000000000000000000000000000000000000000000000000000000000000000000000000000000000=
57074 342500 1122500 01973 01989 4
20100323060000 051 017 029 010 029 010 0600 060 015 032 025 0558 0000 0119 0119 0600 0106 0501 057 053 0551 079 0037 09957 09973 0502 09957 0600 0190 0200 0538 0171 0503 0220 0223 0538 0196 0501 0142 0110 0101 0101 0103 0103 0101 0125 //// 10198 ///// ///// ////
000000000000000000000000000000000000000000000000000000000000000000000000000000000000000000000000000000000000000000000000=
57076 344400 1124700 01895 01901 4
20100323060000 073 050 070 044 074 053 0520 074 055 060 072 0545 0000 0123 0123 0600 0111 0502 028 028 0600 040 -057 09964 09979 0501 09964 0600 0181 0199 0535 0147 0503 0226 0235 0558 0164 0503 0130 0101 0092 0091 0092 0088 0087 0121 //// 10194 ///// ///// ////
000000000000000000000000000000000000000000000000000000000000000000000000000000000000000000000000000000000000000000000000=
57070 344400 1120700 03640 03595 4
20100323060000 087 043 078 044 078 047 0517 080 038 068 075 0508 0000 0106 0106 0600 0096 0503 038 037 0549 049 -031 09759 09778 0502 09759 0600 0168 0173 0558 0138 0526 0226 0226 0600 0175 0501 0124 0099 0091 0089 0091 0091 0093 0122 //// 10191 ///// ///// ////
000000000000000000000000000000000000000000000000000000000000000000000000000000000000000000000000000000000000000000000000
130 007 000 000 5500 /////////////////////CIE 002 0000 6///1 0//// 7//// 1//// 2//// 3//// /// /// /// // 911// 915// 919// 934// 939//=
57162 340900 1120500 03258 03275 4
20100323060000 084 010 072 010 126 012 0525 091 013 057 020 0531 0000 0092 0096 0517 0090 0544 068 065 0520 079 0036 09799 09815 0501 09799 0600 0134 0169 0504 0123 0535 0149 0159 0508 0141 0538 0117 0099 0095 0097 0098 0097 0100 0132 //// 10194 ///// ///// ////
000000000000000000000000000000000000000000000000000000000000000000000000000000000000000000000000000000000000000000000000=
57078 340900 1122800 03365 03340 4
20100323060000 018 008 008 006 206 011 0509 046 003 212 021 0511 0000 0097 0097 0600 0087 0531 056 056 0600 067 0014 09793 09810 0502 09792 0547 0172 0178 0551 0147 0513 0160 0161 0552 0136 0501 0112 0094 0089 0091 0098 0097 0095 0118 //// 10195 ///// ///// ////
000000000000000000000000000000000000000000000000000000000000000000000000000000000000000000000000000000000000000000000000
150 010 000 010 3000 /////////////////////ASR 01/ 0000 6///1 0//// 7//// 1//// 2//// 3//// /// /// /// // 911// 915// 919// 934// 939//=
57071 344900 1122600 03333 03332 4
20100323060000 019 044 017 045 017 046 0558 052 039 015 079 0556 0000 0106 0109 0533 0098 0501 030 029 0535 038 -062 09798 09813 0501 09798 0559 0160 0196 0521 0143 0502 0195 0204 0554 0156 0501 0125 0099 0092 0090 0090 0088 0090 0119 //// 10199 ///// ///// ////
000000000000000000000000000000000000000000000000000000000000000000000000000000000000000000000000000000000000000000000000
150 10- 000 000 5100 /////////////////////CIE 002 0000 6///1 0//// 7//// 1//// 20069 3//// /// /// /// // 911// 915// 919// 934// 939//=
57066 342300 1114000 03283 03298 4
20100323060000 058 016 092 016 107 020 0550 035 051 035 051 0600 0000 0116 0116 0600 0096 0502 051 051 0558 070 0018 09789 09805 0501 09789 0555 0195 0215 0535 0181 0553 0236 0242 0542 0202 0502 0139 0100 0090 0089 0092 0092 0089 0116 //// 10184 ///// ///// ////
000000000000000000000000000000000000000000000000000000000000000000000000000000000000000000000000000000000000000000000000
120 10- 000 10- 3500 /////////////////////ACR 03/ 0000 6///1 0//// 7//// 1//// 2//// 3//// /// /// /// // 911// 915// 919// 934// 939//=
57077 334700 1113900 07424 07388 4
20100323060000 152 009 140 014 077 019 0530 173 005 091 031 0530 0000 0050 0050 0600 0037 0511 082 082 0600 071 0022 09321 09335 0501 09320 0558 0142 0142 0600 0088 0515 0135 0135 0600 0049 0501 0054 0042 0051 0063 0089 0088 0090 0116 //// 10207 ///// ///// ////
000000000000000000000000000000000000000000000000000000000000000000000000000000000000000000000000000000000000000000000000
120 10- 10- 10- 1600 /////////////////////SCR 5// 0060 69901 0//// 7//// 1//// 20002 3//// /// /// /// // 911// 915// 919// 934// 939//=
57185 332700 1133500 00911 00921 4
20100323060000 215 016 238 016 271 017 0503 214 013 276 031 0547 0000 0083 0083 0600 0080 0501 077 075 0541 084 0045 10085 10102 0501 10085 0600 0123 0123 0600 0096 0519 0127 0127 0600 0108 0517 0104 0099 0099 0094 0109 0104 0099 0124 //// 10198 ///// ///// ////
000000000000000000000000000000000000000000000000000000000000000000000000000000000000000000000000000000000000000000000000
090 10- 10- 10- 1700 //////////////////SCRSCP 5// 1000 6///1 0//// 7//// 1//// 2//// 3//// /// /// /// // 911// 915// 919// 934// 939//=
57183 334800 1135500 00600 00615 4
20100323060000 265 027 276 031 276 031 0600 254 022 299 045 0551 0000 0092 0092 0559 0085 0501 077 076 0556 090 0054 10121 10136 0501 10121 0600 0131 0131 0600 0103 0501 0141 0141 0600 0116 0501 0112 0105 0104 0105 0104 0098 0095 0123 //// 10197 ///// ///// ////
000000000000000000000000000000000000000000000000000000000000000000000000000000000000000000000000000000000000000000000000
180 010 000 010 3600 /////////////////////ASR 01/ 0000 6///1 0//// 7//// 1//// 2//// 3//// /// /// /// // 911// 915// 919// 934// 939//=
57186 333600 1140300 00587 00598 4
20100323060000 254 027 257 026 257 026 0600 240 023 270 035 0520 0000 0088 0088 0600 0085 0526 079 078 0506 089 0054 10126 10140 0501 10126 0600 0113 0116 0554 0100 0532 0130 0130 0600 0116 0522 0111 0106 0104 0106 0107 0102 0101 0134 //// 10199 ///// ///// ////
000000000000000000000000000000000000000000000000000000000000000000000000000000000000000000000000000000000000000000000000=
57094 342400 1141300 00674 00685 4
20100323060000 053 012 054 012 031 015 0542 085 005 048 025 0524 0000 0110 0111 0555 0105 0501 051 046 0520 067 0013 10109 10125 0506 10109 0600 0157 0161 0516 0146 0541 0140 0140 0600 0129 0501 0112 0101 0097 0095 0099 0096 0089 0117 //// 10193 ///// ///// ////
000000000000000000000000000000000000000000000000000000000000000000000000000000000000000000000000000000000000000000000000
120 010 000 010 3000 /////////////////////ASP 02/ 0000 6///1 0//// 7//// 1//// 2//// 3//// /// /// /// // 911// 915// 919// 934// 939//=
57191 342900 1142900 00634 00642 4
20100323060000 025 011 014 013 355 018 0543 031 012 062 034 0550 0000 0114 0114 0600 0110 0501 049 048 0550 066 0011 10119 10133 0501 10119 0600 0138 0138 0600 0122 0526 0133 0133 0600 0123 0530 0107 0098 0095 0094 0095 0092 0093 0125 //// 10197 ///// ///// ////=
57096 343200 1144700 00597 00607 4
20100323060000 025 023 024 024 015 029 0549 018 023 020 053 0550 0000 0125 0125 0600 0120 0501 043 040 0547 062 0003 10115 10128 0502 10115 0600 0162 0163 0555 0147 0548 0170 0170 0600 0158 0515 0126 0110 0102 0100 0101 0098 0100 0128 //// 10189 ///// ///// ////
000000000000000000000000000000000000000000000000000000000000000000000000000000000000000000000000000000000000000000000000
250 010 000 010 3500 /////////////////////ACP 07/ 0000 6///1 0//// 7//// 1//// 2//// 3//// /// /// /// // 911// 915// 919// 934// 939//=
57091 344700 1141800 00737 00748 4
20100323060000 022 027 028 030 052 036 0538 035 026 060 056 0507 0000 0119 0122 0534 0114 0501 038 037 0547 053 -020 10105 10121 0501 10105 0600 0174 0203 0534 0167 0501 0205 0227 0530 0194 0501 0141 0112 0102 0093 0102 0100 0100 0123 //// 10196 ///// ///// ////
000000000000000000000000000000000000000000000000000000000000000000000000000000000000000000000000000000000000000000000000
140 10- 000 10- 3600 /////////////////////ACR 03/ 0000 6///1 0//// 7//// 1//// 20091 3//// /// /// /// // 911// 915// 919// 934// 939//=
53978 350500 1123800 01401 01409 4
20100323060000 133 050 127 050 127 051 0558 139 050 130 075 0549 0000 0127 0127 0600 0118 0503 032 029 0547 047 -036 10026 10042 0502 10025 0556 0196 0199 0556 0177 0501 0242 0244 0557 0200 0501 0155 0122 0105 0101 0091 0090 0095 0125 //// 10197 ///// ///// ////
000000000000000000000000000000000000000000000000000000000000000000000000000000000000000000000000000000000000000000000000
120 10- 000 10- 3000 /////////////////////ACR 03/ 0000 6///1 0//// 7//// 1//// 2//// 3//// /// /// /// // 911// 915// 919// 934// 939//=
53987 350600 1132500 00910 00918 4
20100323060000 082 051 073 051 081 056 0541 066 054 066 088 0546 0000 0140 0140 0600 0130 0501 026 023 0552 042 -052 10086 10102 0509 10086 0554 0194 0199 0529 0182 0535 0224 0224 0558 0198 0501 0148 0119 0106 0101 0097 0097 0098 0127 //// 10198 ///// ///// ////
000000000000000000000000000000000000000000000000000000000000000000000000000000000000000000000000000000000000000000000000
130 010 000 000 6500 /////////////////////CSI 007 0000 6///1 0//// 7//// 1//// 2//// 3//// /// /// /// // 911// 915// 919// 934// 939//=
57079 345700 1130200 01064 01069 4
20100323060000 084 062 089 063 099 070 0548 064 066 094 102 0546 0000 0130 0133 0554 0123 0502 028 026 0556 042 -051 10064 10080 0501 10064 0600 0181 0191 0554 0156 0505 0219 0232 0554 0175 0505 0131 0105 0097 0094 0097 0095 0093 0120 //// 10194 ///// ///// ////
000000000000000000000000000000000000000000000000000000000000000000000000000000000000000000000000000000000000000000000000=
53972 350700 1125500 01196 01210 4
20100323060000 078 023 087 026 103 049 0540 097 035 080 072 0543 0000 0132 0132 0600 0121 0501 026 024 0513 039 -059 10050 10068 0501 10050 0600 0236 0238 0559 0170 0501 0247 0247 0600 0175 0501 0148 0119 0110 0105 0097 0097 0107 0136 //// 10197 ///// ///// ////
000000000000000000000000000000000000000000000000000000000000000000000000000000000000000000000000000000000000000000000000
150 010 000 000 5500 /////////////////////CSI 007 0000 6///1 0//// 7//// 1//// 2//// 3//// /// /// /// // 911// 915// 919// 934// 939//=
53982 351400 1131600 01120 01135 4
20100323060000 090 019 094 025 083 042 0501 091 031 082 082 0541 0000 0152 0152 0600 0137 0502 023 021 0502 040 -058 10058 10075 0501 10058 0600 0200 0200 0600 0175 0503 0293 0294 0559 0241 0501 0160 0123 0106 0102 0098 0097 0099 0131 //// 10195 ///// ///// ////
000000000000000000000000000000000000000000000000000000000000000000000000000000000000000000000000000000000000000000000000
200 010 000 000 6600 /////////////////////CSI 007 0000 6///1 0//// 7//// 1//// 2//// 3//// /// /// /// // 911// 915// 919// 934// 939//=
53979 350900 1130500 01200 01211 4
20100323060000 084 046 081 043 074 060 0532 087 040 076 084 0532 0000 0134 0135 0551 0123 0501 026 024 0521 040 -057 10052 10067 0501 10052 0600 0196 0210 0552 0156 0503 0293 0295 0552 0201 0503 0151 0113 0103 0101 0098 0098 0103 0132 //// 10199 ///// ///// ////
000000000000000000000000000000000000000000000000000000000000000000000000000000000000000000000000000000000000000000000000=
53992 353900 1143100 00582 00592 4
20100323060000 072 036 053 035 023 041 0533 077 048 037 069 0553 0000 0133 0137 0550 0131 0501 027 026 0529 041 -053 10128 10142 0501 10128 0600 0176 0209 0509 0176 0600 0189 0207 0501 0189 0600 0139 0108 0093 0084 0081 0079 0086 0122 //// 10200 ///// ///// ////
000000000000000000000000000000000000000000000000000000000000000000000000000000000000000000000000000000000000000000000000=
53974 353700 1141100 00723 00739 4
20100323060000 037 025 046 034 031 042 0542 029 023 057 072 0550 0000 0139 0139 0557 0135 0513 019 018 0538 030 -093 10114 10128 0503 10114 0600 0197 0198 0557 0184 0539 0241 0241 0600 0232 0521 0159 0124 0104 0095 0089 0089 0096 0124 //// 10204 ///// ///// ////
000000000000000000000000000000000000000000000000000000000000000000000000000000000000000000000000000000000000000000000000=
53990 354300 1141900 00795 00805 4
20100323060000 015 045 028 048 037 051 0553 015 043 038 074 0501 0000 0135 0135 0600 0129 0504 028 025 0511 043 -046 10106 10120 0501 10106 0600 0195 0195 0600 0178 0543 0277 0279 0514 0262 0502 0152 0117 0094 0090 0087 0082 0081 0111 //// 10204 ///// ///// ////
000000000000000000000000000000000000000000000000000000000000000000000000000000000000000000000000000000000000000000000000=
53991 355600 1142100 00743 00753 4
20100323060000 318 010 032 020 044 030 0501 207 004 032 047 0555 0000 0135 0136 0554 0128 0501 024 024 0600 037 -067 10115 10129 0501 10115 0600 0222 0224 0548 0195 0501 0288 0288 0600 0256 0501 0170 0120 0092 0087 0084 0081 0086 0118 //// 10207 ///// ///// ////
000000000000000000000000000000000000000000000000000000000000000000000000000000000000000000000000000000000000000000000000
250 010 000 000 7000 /////////////////////CSE 007 0000 6///1 0//// 7//// 1//// 2//// 3//// /// /// /// // 911// 915// 919// 934// 939//=
53993 355600 1145500 00516 00524 4
20100323060000 059 035 072 031 090 038 0502 099 032 085 061 0501 0000 0135 0137 0539 0132 0504 024 024 0600 037 -067 10137 10148 0501 10137 0600 0199 0207 0546 0188 0556 0241 0250 0519 0236 0538 0157 0112 0088 0080 0079 0073 0073 0108 //// 10201 ///// ///// ////
000000000000000000000000000000000000000000000000000000000000000000000000000000000000000000000000000000000000000000000000=
53889 360400 1134900 03068 03086 4
20100323060000 123 029 121 031 096 035 0507 142 035 088 052 0504 0000 0123 0123 0600 0119 0524 025 020 0508 036 -072 09831 09847 0501 09831 0600 0199 0205 0542 0185 0525 0308 0313 0550 0287 0507 0206 0166 0135 0113 0074 0073 0086 0098 //// 10202 ///// ///// ////
000000000000000000000000000000000000000000000000000000000000000000000000000000000000000000000000000000000000000000000000=
53995 353300 1143000 00625 00645 4
20100323060000 033 031 019 026 053 033 0507 046 027 012 061 0527 0000 0136 0138 0537 0131 0509 025 024 0536 039 -060 10124 10136 0501 10123 0557 0196 0217 0532 0186 0518 0243 0251 0533 0240 0518 0173 0132 0105 0092 0086 0084 0085 0116 //// 10203 ///// ///// ////
000000000000000000000000000000000000000000000000000000000000000000000000000000000000000000000000000000000000000000000000
200 10- 000 002 3600 //////////////////CIEACR 032 0000 6///1 0//// 7//// 1//// 2//// 3//// /// /// /// // 911// 915// 919// 934// 939//=
53898 360300 1142400 00629 00638 4
20100323060000 076 029 066 032 045 033 0520 074 024 344 061 0538 0000 0143 0143 0559 0134 0508 020 020 0556 033 -084 10128 10140 0501 10128 0558 0293 0321 0552 0260 0542 0320 0327 0553 0309 0507 0174 0128 0101 0088 0073 0073 0084 0117 //// 10206 ///// ///// ////
000000000000000000000000000000000000000000000000000000000000000000000000000000000000000000000000000000000000000000000000
170 010 000 000 //// /////////////////////CSE 007 0000 6///1 0//// 7//// 1//// 20075 3//// /// /// /// // 911// 915// 919// 934// 939//=
NNNN
