57090 344300 1135800 00781 00802 4
20100502080000 171 027 173 034 171 040 0754 195 015 189 092 0745 0000 0318 0321 0701 0316 0747 048 048 0756 226 0194 09938 09944 0702 09938 0754 0384 0394 0702 0373 0748 0456 0503 0701 0456 0757 0336 0291 0255 0229 0187 0156 0130 0131 //// 10030 ///// ///// ////
000000000000000000000000000000000000000000000000000000000000000000000000000000000000000000000000000000000000000000000000=
57083 344300 1133900 01104 01116 4
20100502080000 164 045 163 047 165 055 0726 158 038 175 084 0759 0000 0325 0330 0705 0325 0800 044 039 0726 215 0187 09896 09903 0701 09896 0800 0427 0482 0704 0427 0800 0432 0465 0704 0431 0759 0325 0286 0249 0221 0158 0139 0128 0130 0004 10023 ///// ///// ////
000000000000000000000000000000000000000000000000000000000000000000000000000000000000000000000000000000000000000000000000
140 000 000 /// //// //////////////////////// /// //// 6///1 0//// 7//// 1//// 2//// 3//// /// /// /// // 911// 915// 919// 934// 939//=
57086 342300 1134300 01166 01168 4
20100502080000 191 037 186 041 193 053 0702 181 033 175 085 0746 0000 0302 0305 0721 0301 0754 060 058 0749 258 0216 09903 09910 0705 09903 0754 0317 0336 0705 0316 0758 0428 0459 0701 0428 0800 0329 0280 0240 0210 0171 0140 0123 0124 //// 10037 ///// ///// ////
000000000000000000000000000000000000000000000000000000000000000000000000000000000000000000000000000000000000000000000000=
57085 343200 1132000 02599 02648 4
20100502080000 180 033 181 034 175 039 0744 161 050 173 071 0730 0000 0320 0328 0701 0320 0741 037 037 0758 176 0155 09734 09738 0701 09733 0747 0376 0411 0708 0373 0758 0420 0463 0708 0420 0758 0341 0283 0242 0208 0175 0146 0126 0128 //// 10032 ///// ///// ////
000000000000000000000000000000000000000000000000000000000000000000000000000000000000000000000000000000000000000000000000=
57081 344800 1132600 01409 01419 4
20100502080000 156 025 155 031 155 038 0738 156 042 167 072 0738 0000 0343 0346 0720 0343 0748 024 024 0800 130 0108 09860 09866 0707 09859 0756 0384 0433 0701 0384 0759 0432 0470 0701 0432 0800 0341 0294 0255 0215 0155 0141 0126 0122 //// 10021 ///// ///// ////
000000000000000000000000000000000000000000000000000000000000000000000000000000000000000000000000000000000000000000000000=
57084 343000 1130300 11784 11790 4
20100502080000 224 018 214 019 237 038 0701 243 028 237 053 0710 0000 0272 0286 0709 0271 0730 035 022 0710 126 0104 08775 08780 0701 08775 0800 0308 0318 0720 0301 0728 0447 0485 0703 0447 0800 0327 0277 0229 0192 0127 //// //// //// //// 10044 ///// ///// ////
000000000000000000000000000000000000000000000000000000000000000000000000000000000000000000000000000000000000000000000000=
57080 344400 1125800 01652 01661 4
20100502080000 222 026 230 026 223 033 0717 178 019 198 059 0739 0000 0359 0361 0756 0353 0704 019 017 0739 112 0087 09831 09838 0702 09831 0759 0362 0389 0728 0362 0759 0497 0536 0701 0497 0800 0364 0306 0253 0219 0156 0133 0120 0123 //// 10019 ///// ///// ////
000000000000000000000000000000000000000000000000000000000000000000000000000000000000000000000000000000000000000000000000=
57082 342800 1130100 04271 04284 4
20100502080000 138 025 145 025 213 027 0703 156 020 125 051 0722 0000 0326 0338 0705 0326 0756 029 018 0701 143 0123 09557 09564 0702 09556 0758 0438 0479 0717 0438 0800 0458 0505 0701 0458 0800 0350 0309 0267 0235 0168 0144 0126 //// //// 10034 ///// ///// ////
000000000000000000000000000000000000000000000000000000000000000000000000000000000000000000000000000000000000000000000000=
57295 323700 1142100 00785 00802 4
20100502080000 212 025 225 024 229 029 0717 201 038 223 059 0716 0000 0330 0333 0747 0327 0701 044 038 0717 221 0191 09969 09974 0703 09969 0759 0405 0477 0701 0405 0800 0439 0471 0703 0438 0748 0340 0284 0250 0222 0164 0145 0130 0132 //// 10061 ///// ///// ////
000000000000000000000000000000000000000000000000000000000000000000000000000000000000000000000000000000000000000000000000=
57189 330800 1135700 00646 00655 4
20100502080000 241 017 224 021 242 032 0706 234 020 246 054 0702 0000 0321 0322 0748 0319 0707 049 047 0706 234 0200 09979 09986 0702 09979 0757 0306 0318 0704 0306 0758 0411 0443 0701 0411 0800 0323 0284 0253 0226 0153 0137 0125 0127 //// 10055 ///// ///// ////
000000000000000000000000000000000000000000000000000000000000000000000000000000000000000000000000000000000000000000000000=
57194 331700 1141600 00598 00609 4
20100502080000 173 026 195 027 193 036 0733 173 023 192 060 0711 0000 0315 0316 0744 0312 0717 056 055 0736 259 0217 09983 09989 0701 09983 0800 0380 0410 0709 0376 0751 0456 0496 0709 0456 0800 0323 0281 0245 0217 0154 0136 0123 0127 //// 10053 ///// ///// ////
000000000000000000000000000000000000000000000000000000000000000000000000000000000000000000000000000000000000000000000000=
57197 330000 1142000 00489 00545 4
20100502080000 181 018 196 024 198 037 0704 161 016 212 061 0703 0000 0320 0322 0750 0317 0731 055 051 0712 262 0218 09994 09999 0702 09994 0759 0378 0412 0709 0377 0759 0452 0496 0701 0452 0800 0311 0277 0241 0215 0167 0145 0128 0129 //// 10057 ///// ///// ////
000000000000000000000000000000000000000000000000000000000000000000000000000000000000000000000000000000000000000000000000=
57294 325000 1140100 00836 00846 4
20100502080000 238 021 238 027 236 028 0758 240 024 220 047 0714 0000 0328 0334 0713 0327 0758 045 043 0722 224 0193 09956 09962 0701 09956 0800 0390 0433 0711 0385 0757 0458 0503 0711 0457 0759 0334 0283 0238 0207 0158 0144 0128 0126 //// 10053 ///// ///// ////
000000000000000000000000000000000000000000000000000000000000000000000000000000000000000000000000000000000000000000000000=
57292 325800 1143800 00444 00453 4
20100502080000 192 037 200 030 207 036 0712 187 039 173 075 0737 0000 0318 0320 0727 0315 0709 054 053 0717 254 0213 10008 10013 0702 10008 0800 0343 0400 0702 0343 0800 0437 0484 0703 0437 0800 0330 0285 0247 0223 0179 0151 0133 0135 //// 10060 ///// ///// ////
000000000000000000000000000000000000000000000000000000000000000000000000000000000000000000000000000000000000000000000000=
57195 333700 1143700 00466 00476 4
20100502080000 237 022 238 023 245 036 0730 221 022 234 071 0722 0000 0323 0324 0714 0321 0701 048 046 0708 232 0199 09996 10003 0701 09996 0800 0368 0380 0716 0362 0746 0450 0487 0701 0448 0757 0355 0311 0266 0234 0168 0144 0129 0141 //// 10050 ///// ///// ////
000000000000000000000000000000000000000000000000000000000000000000000000000000000000000000000000000000000000000000000000=
57193 334700 1143100 00526 00541 4
20100502080000 202 026 199 019 199 021 0746 195 021 142 067 0702 0000 0311 0314 0702 0311 0746 052 051 0746 235 0201 09990 09995 0706 09989 0755 0299 0411 0715 0298 0755 0356 0433 0702 0356 0800 0325 0288 0255 0225 0169 0145 0131 0132 //// 10052 ///// ///// ////
000000000000000000000000000000000000000000000000000000000000000000000000000000000000000000000000000000000000000000000000=
57099 340400 1145100 00526 00536 4
20100502080000 213 030 209 032 199 036 0711 236 052 166 071 0748 0000 0307 0309 0732 0305 0712 055 053 0703 243 0206 09983 09991 0701 09983 0800 0334 0364 0701 0334 0742 0400 0437 0701 0400 0800 0337 0288 0241 0209 0167 0142 0123 0132 //// 10045 ///// ///// ////
000000000000000000000000000000000000000000000000000000000000000000000000000000000000000000000000000000000000000000000000=
58104 332400 1150400 00412 00425 4
20100502080000 195 035 199 036 202 042 0736 184 040 189 067 0735 0000 0306 0310 0706 0305 0736 060 059 0704 263 0219 10010 10015 0701 10010 0800 0384 0408 0706 0380 0757 0434 0475 0701 0434 0800 0353 0306 0259 0225 0180 0146 0127 0135 //// 10059 ///// ///// ////
000000000000000000000000000000000000000000000000000000000000000000000000000000000000000000000000000000000000000000000000=
57198 333300 1143700 00463 00473 4
20100502080000 189 035 200 030 203 033 0734 178 040 193 061 0711 0000 0316 0319 0719 0316 0800 055 052 0702 256 0215 09999 10004 0701 09999 0800 0381 0420 0701 0381 0800 0421 0488 0701 0421 0800 0334 0291 0250 0221 0158 0144 0131 0139 //// 10053 ///// ///// ////
000000000000000000000000000000000000000000000000000000000000000000000000000000000000000000000000000000000000000000000000=
58101 335200 1152900 00413 00428 4
20100502080000 204 029 217 028 221 030 0720 175 035 268 078 0711 0000 0305 0308 0709 0305 0800 057 055 0712 249 0210 10005 10011 0701 10004 0755 0343 0387 0705 0343 0800 0424 0471 0708 0424 0800 0321 0268 0226 0199 0156 0139 0125 0131 //// 10055 ///// ///// ////
000000000000000000000000000000000000000000000000000000000000000000000000000000000000000000000000000000000000000000000000=
57098 340500 1142400 00583 00593 4
20100502080000 200 051 202 051 211 062 0707 190 057 212 089 0702 0000 0310 0311 0748 0309 0706 051 049 0703 229 0197 09972 09979 0701 09972 0800 0368 0386 0701 0364 0757 0336 0357 0701 0336 0757 0307 0274 0236 0211 0165 0141 0125 0130 //// 10040 ///// ///// ////
000000000000000000000000000000000000000000000000000000000000000000000000000000000000000000000000000000000000000000000000=
57088 340900 1133000 01161 01177 4
20100502080000 222 038 216 041 204 044 0756 226 042 215 073 0755 0000 0323 0328 0724 0322 0754 045 043 0713 218 0189 09900 09907 0701 09900 0800 0358 0386 0722 0358 0800 0459 0517 0701 0459 0800 0363 0308 0256 0223 0149 0134 0127 0131 //// 10034 ///// ///// ////
000000000000000000000000000000000000000000000000000000000000000000000000000000000000000000000000000000000000000000000000=
57182 335100 1133000 00805 00814 4
20100502080000 199 045 206 046 197 054 0744 195 046 203 091 0743 0000 0315 0321 0701 0315 0800 051 051 0800 236 0201 09945 09954 0701 09945 0800 0392 0418 0701 0385 0756 0504 0560 0701 0502 0755 0359 0300 0255 0219 0176 0150 0133 0139 //// 10038 ///// ///// ////
000000000000000000000000000000000000000000000000000000000000000000000000000000000000000000000000000000000000000000000000=
57087 341200 1134800 00877 00885 4
20100502080000 210 045 203 045 194 051 0753 234 040 206 080 0752 0000 0311 0312 0717 0308 0708 054 053 0722 244 0207 09936 09945 0702 09936 0800 0375 0404 0701 0368 0752 0448 0499 0701 0448 0800 0332 0290 0248 0218 0156 0137 0124 0128 //// 10037 ///// ///// ////
000000000000000000000000000000000000000000000000000000000000000000000000000000000000000000000000000000000000000000000000=
58301 314900 1152300 00916 00929 4
20100502080000 222 062 215 059 210 068 0754 227 075 212 100 0747 0000 0319 0325 0716 0319 0800 034 031 0704 161 0141 09967 09971 0701 09967 0800 0322 0340 0702 0318 0754 0405 0446 0711 0405 0800 0327 0292 0262 0236 0194 0165 0139 0134 //// 10073 ///// ///// ////
000000000000000000000000000000000000000000000000000000000000000000000000000000000000000000000000000000000000000000000000=
57298 321300 1143300 00554 00562 4
20100502080000 213 046 212 052 207 059 0751 194 028 214 086 0732 0000 0319 0323 0717 0318 0749 041 040 0719 194 0170 10000 10005 0701 10000 0800 0289 0301 0701 0289 0800 0396 0435 0701 0396 0800 0313 0272 0238 0214 0164 0145 0127 0138 //// 10064 ///// ///// ////
000000000000000000000000000000000000000000000000000000000000000000000000000000000000000000000000000000000000000000000000=
57390 314800 1140400 07335 07347 4
20100502080000 213 063 214 062 212 069 0751 226 041 200 154 0740 0000 0271 0275 0720 0269 0701 047 045 0743 169 0148 09268 09273 0701 09268 0800 0319 0346 0712 0319 0800 0389 0427 0706 0389 0800 0321 0275 0233 0200 0157 0132 //// //// //// 10084 ///// ///// ////
000000000000000000000000000000000000000000000000000000000000000000000000000000000000000000000000000000000000000000000000=
58208 321000 1153700 00429 00439 4
20100502080000 226 057 225 055 225 055 0800 222 048 236 075 0709 0000 0319 0322 0707 0319 0800 038 037 0710 180 0158 10019 10024 0701 10019 0800 0356 0378 0702 0356 0800 0405 0443 0701 0405 0800 0339 0303 0271 0245 0180 0160 0141 0142 //// 10069 ///// ///// ////
000000000000000000000000000000000000000000000000000000000000000000000000000000000000000000000000000000000000000000000000=
53989 350300 1135700 00766 00777 4
20100502080000 176 046 179 040 181 042 0731 176 046 176 077 0740 0000 0319 0325 0705 0319 0800 050 045 0712 236 0202 09929 09939 0701 09928 0759 0332 0377 0701 0330 0744 0457 0508 0703 0453 0744 0341 0297 0256 0224 0162 0138 0123 0126 //// 10018 ///// ///// ////
000000000000000000000000000000000000000000000000000000000000000000000000000000000000000000000000000000000000000000000000=
53986 351900 1135300 00732 00740 4
20100502080000 171 032 183 039 209 047 0704 153 042 184 073 0719 0000 0329 0331 0742 0327 0724 046 041 0701 230 0197 09935 09942 0702 09935 0758 0378 0397 0708 0378 0758 0426 0467 0701 0426 0800 0308 0267 0234 0211 0165 0142 0125 0130 //// 10019 ///// ///// ////
000000000000000000000000000000000000000000000000000000000000000000000000000000000000000000000000000000000000000000000000=
53988 351600 1134000 00776 00784 4
20100502080000 200 023 201 023 192 037 0701 229 028 209 058 0737 0000 0337 0337 0800 0327 0704 037 036 0737 194 0170 09924 09932 0702 09924 0800 0395 0427 0735 0366 0703 0471 0492 0736 0463 0703 0332 0286 0244 0215 0149 0133 0123 0128 //// 10013 ///// ///// ////
000000000000000000000000000000000000000000000000000000000000000000000000000000000000000000000000000000000000000000000000=
53998 351200 1143900 00616 00625 4
20100502080000 176 050 177 048 180 056 0701 184 042 195 083 0723 0000 0307 0311 0709 0307 0748 053 051 0701 234 0200 09955 09960 0701 09954 0759 0356 0395 0706 0356 0758 0412 0452 0706 0412 0800 0321 0274 0233 0205 0174 0145 0124 0130 //// 10027 ///// ///// ////
000000000000000000000000000000000000000000000000000000000000000000000000000000000000000000000000000000000000000000000000=
57051 344800 1111200 04099 04117 4
20100502080000 168 010 215 013 261 018 0709 218 007 232 041 0708 0000 0357 0359 0734 0350 0702 011 011 0759 064 0007 09558 09566 0704 09558 0800 0468 0489 0735 0462 0753 0534 0575 0701 0534 0800 0340 0285 0246 0215 0168 0134 0119 0120 //// 10016 ///// ///// ////
000000000000000000000000000000000000000000000000000000000000000000000000000000000000000000000000000000000000000000000000=
57063 344600 1114600 05236 05236 4
20100502080000 247 032 268 012 269 035 0724 232 027 274 053 0707 0000 0346 0348 0739 0342 0750 015 015 0727 083 0042 09444 09449 0701 09444 0757 0440 0487 0704 0440 0800 0516 0565 0701 0516 0800 0327 0268 0216 0183 0121 0112 0104 0111 //// 10029 ///// ///// ////
000000000000000000000000000000000000000000000000000000000000000000000000000000000000000000000000000000000000000000000000=
57067 340300 1110200 05688 05699 4
20100502080000 175 045 187 028 199 039 0736 187 048 198 066 0735 0000 0320 0325 0712 0320 0800 017 015 0735 081 0039 09396 09401 0701 09396 0759 0404 0444 0702 0401 0744 0448 0496 0701 0448 0800 0335 0276 0203 0234 0167 0149 0123 0125 //// 10032 ///// ///// ////
000000000000000000000000000000000000000000000000000000000000000000000000000000000000000000000000000000000000000000000000=
57056 343200 1105300 03904 03909 4
20100502080000 328 009 304 012 281 022 0703 302 017 234 040 0708 0000 0353 0356 0746 0346 0711 017 015 0725 097 0066 09580 09590 0701 09580 0800 0479 0497 0741 0476 0758 0535 0570 0701 0535 0800 0391 0328 0265 0225 0147 0130 0118 0121 //// 10014 ///// ///// ////
000000000000000000000000000000000000000000000000000000000000000000000000000000000000000000000000000000000000000000000000=
58007 340400 1151800 00472 00532 4
20100502080000 194 028 190 028 213 037 0701 212 028 223 081 0713 0000 0303 0305 0721 0302 0705 059 057 0701 255 0214 09989 09996 0701 09989 0759 0346 0349 0709 0337 0738 0403 0448 0701 0403 0800 0308 0264 0228 0203 0152 0138 0127 0132 //// 10050 ///// ///// ////
000000000000000000000000000000000000000000000000000000000000000000000000000000000000000000000000000000000000000000000000=
58006 342300 1155300 00463 00506 4
20100502080000 191 046 192 039 204 046 0703 220 035 187 081 0732 0000 0299 0302 0714 0299 0800 058 056 0719 245 0207 09993 10001 0701 09993 0757 0360 0383 0701 0360 0800 0403 0439 0701 0403 0800 0334 0290 0247 0213 0161 0140 0123 0127 //// 10052 ///// ///// ////
000000000000000000000000000000000000000000000000000000000000000000000000000000000000000000000000000000000000000000000000=
58111 335800 1162700 00325 00325 4
20100502080000 179 041 202 036 200 047 0746 209 048 209 088 0744 0000 0302 0305 0721 0300 0748 055 054 0712 236 0202 10023 10030 0703 10023 0757 0253 0262 0708 0252 0757 0352 0385 0707 0347 0755 0293 0263 0230 0205 0157 0140 0129 0138 //// 10061 ///// ///// ////
000000000000000000000000000000000000000000000000000000000000000000000000000000000000000000000000000000000000000000000000=
58017 341500 1160800 00410 00420 4
20100502080000 180 026 173 029 169 037 0701 187 028 164 079 0735 0000 0304 0306 0732 0303 0701 058 056 0718 252 0212 10002 10008 0703 10002 0757 0289 0309 0707 0289 0800 0377 0411 0707 0377 0800 0295 0257 0225 0202 0152 0139 0127 0129 //// 10050 ///// ///// ////
000000000000000000000000000000000000000000000000000000000000000000000000000000000000000000000000000000000000000000000000=
58001 342600 1150600 00563 00569 4
20100502080000 218 046 209 042 206 055 0746 215 038 209 088 0758 0000 0297 0298 0736 0296 0701 059 058 0740 246 0208 09976 09983 0704 09976 0800 0325 0348 0705 0319 0743 0367 0398 0704 0367 0800 0307 0265 0229 0199 0151 0130 0118 0126 //// 10042 ///// ///// ////
000000000000000000000000000000000000000000000000000000000000000000000000000000000000000000000000000000000000000000000000=
58005 342700 1154000 00501 00511 4
20100502080000 204 046 209 049 201 061 0707 223 033 197 093 0714 0000 0304 0306 0702 0303 0707 053 050 0704 230 0197 09986 09994 0701 09986 0800 0350 0393 0701 0349 0759 0411 0466 0701 0410 0759 0307 0270 0232 0204 0152 0133 0126 0133 0003 10045 ///// ///// ////
000000000000000000000000000000000000000000000000000000000000000000000000000000000000000000000000000000000000000000000000
150 000 000 /// //// //////////////////////// /// //// 6///1 0//// 7//// 1//// 2//// 3//// /// /// /// // 911// 915// 919// 934// 939//=
58008 342800 1152000 00544 00592 4
20100502080000 195 048 195 045 195 045 0800 189 057 203 088 0737 0000 0303 0307 0730 0303 0749 053 051 0704 229 0197 09974 09981 0703 09974 0800 0360 0409 0716 0357 0748 0382 0424 0709 0382 0759 0313 0271 0237 0204 0148 0135 0122 0129 //// 10042 ///// ///// ////
000000000000000000000000000000000000000000000000000000000000000000000000000000000000000000000000000000000000000000000000=
58004 343900 1150900 00606 00616 4
20100502080000 206 029 210 033 208 035 0711 212 027 220 076 0721 0000 0304 0306 0752 0303 0720 055 055 0758 239 0203 09968 09976 0701 09968 0800 0358 0385 0704 0356 0759 0397 0441 0703 0397 0800 0331 0294 0250 0221 0161 0139 0126 0129 //// 10039 ///// ///// ////
000000000000000000000000000000000000000000000000000000000000000000000000000000000000000000000000000000000000000000000000=
54817 355900 1155200 00421 00434 4
20100502080000 203 037 205 039 199 047 0705 206 028 229 090 0720 0000 0308 0309 0716 0307 0723 047 046 0748 209 0182 09972 09978 0702 09972 0753 0298 0321 0708 0296 0753 0436 0475 0707 0435 0759 0318 0270 0231 0198 0141 0120 0111 0114 //// 10022 ///// ///// ////
000000000000000000000000000000000000000000000000000000000000000000000000000000000000000000000000000000000000000000000000=
54902 355400 1150700 00495 00499 4
20100502080000 199 059 200 058 211 087 0714 184 082 195 120 0709 0000 0305 0308 0725 0305 0759 053 047 0710 231 0198 09958 09965 0708 09958 0758 0354 0369 0705 0354 0800 0433 0470 0705 0433 0800 0315 0272 0232 0202 0147 0119 0110 0115 //// 10015 ///// ///// ////
000000000000000000000000000000000000000000000000000000000000000000000000000000000000000000000000000000000000000000000000=
54900 354200 1150100 00537 00541 4
20100502080000 201 054 193 045 196 053 0753 206 044 218 100 0723 0000 0312 0316 0711 0311 0753 056 051 0716 254 0214 09958 09963 0705 09957 0758 0343 0369 0711 0343 0800 0421 0457 0712 0421 0800 0319 0275 0234 0203 0165 0132 0114 0115 //// 10020 ///// ///// ////
000000000000000000000000000000000000000000000000000000000000000000000000000000000000000000000000000000000000000000000000=
54901 360500 1151000 00475 00478 4
20100502080000 194 061 193 067 199 087 0704 187 053 206 133 0702 0000 0301 0303 0730 0301 0758 054 049 0703 230 0198 09956 09963 0704 09956 0758 0332 0356 0701 0330 0752 0390 0418 0701 0389 0759 0308 0265 0229 0200 0161 0136 0115 0115 //// 10011 ///// ///// ////
000000000000000000000000000000000000000000000000000000000000000000000000000000000000000000000000000000000000000000000000=
54903 355100 1152900 00457 00506 4
20100502080000 206 040 208 047 202 059 0708 195 057 212 097 0707 0000 0307 0310 0705 0307 0758 049 046 0715 216 0188 09961 09968 0702 09961 0800 0361 0370 0724 0354 0709 0410 0441 0701 0409 0758 0309 0265 0227 0200 0158 0131 0117 0116 //// 10019 ///// ///// ////
000000000000000000000000000000000000000000000000000000000000000000000000000000000000000000000000000000000000000000000000=
57184 333800 1132200 00834 00847 4
20100502080000 183 022 184 027 200 037 0728 240 013 204 067 0750 0000 0312 0314 0711 0311 0720 047 046 0749 214 0186 09942 09950 0702 09942 0800 0293 0306 0711 0292 0755 0460 0508 0710 0448 0755 0357 0305 0267 0232 0142 0133 0126 0132 //// 10039 ///// ///// ////
000000000000000000000000000000000000000000000000000000000000000000000000000000000000000000000000000000000000000000000000=
57177 332000 1133200 00898 00913 4
20100502080000 229 037 228 040 219 057 0742 215 027 223 087 0741 0000 0322 0323 0706 0320 0741 038 036 0704 183 0161 09941 09949 0702 09941 0800 0383 0388 0716 0369 0741 0415 0451 0702 0415 0800 0312 0292 0242 0225 0166 0145 0130 0125 //// 10045 ///// ///// ////
000000000000000000000000000000000000000000000000000000000000000000000000000000000000000000000000000000000000000000000000=
57075 341000 1125200 02031 02043 4
20100502080000 125 048 128 042 136 048 0742 133 056 145 066 0738 0000 0306 0309 0718 0305 0741 055 051 0715 242 0205 09804 09811 0701 09804 0800 0374 0399 0705 0369 0753 0424 0484 0705 0424 0800 0356 0307 0264 0232 0196 0162 0132 0126 //// 10037 ///// ///// ////
000000000000000000000000000000000000000000000000000000000000000000000000000000000000000000000000000000000000000000000000=
57173 334500 1125300 01457 01468 4
20100502080000 193 049 190 044 190 049 0754 215 056 186 076 0728 0000 0317 0326 0701 0317 0800 046 041 0702 215 0187 09864 09872 0701 09864 0800 0378 0414 0705 0375 0754 0472 0539 0706 0472 0800 0345 0300 0261 0229 0168 0146 0130 0135 //// 10030 ///// ///// ////
000000000000000000000000000000000000000000000000000000000000000000000000000000000000000000000000000000000000000000000000=
57180 335900 1131200 01175 01186 4
20100502080000 187 046 192 036 178 037 0746 178 060 178 060 0800 0000 0315 0319 0705 0315 0800 050 048 0707 231 0198 09901 09908 0701 09901 0800 0368 0406 0705 0368 0800 0488 0555 0701 0488 0800 0365 0312 0262 0222 0161 0143 0129 0133 //// 10037 ///// ///// ////
000000000000000000000000000000000000000000000000000000000000000000000000000000000000000000000000000000000000000000000000=
57181 335300 1130300 01364 01380 4
20100502080000 179 061 181 054 169 059 0734 175 063 175 082 0726 0000 0305 0312 0704 0305 0800 057 051 0704 249 0210 09884 09891 0704 09884 0755 0304 0345 0701 0304 0800 0448 0504 0701 0448 0800 0366 0318 0270 0232 0173 0146 0129 0133 //// 10042 ///// ///// ////
000000000000000000000000000000000000000000000000000000000000000000000000000000000000000000000000000000000000000000000000=
57175 330300 1121400 01914 01922 4
20100502080000 162 050 175 044 189 045 0715 178 037 178 079 0755 0000 0299 0310 0705 0299 0800 056 050 0704 236 0202 09838 09845 0701 09838 0759 0365 0426 0704 0365 0800 0464 0512 0703 0464 0800 0347 0300 0254 0224 0162 0146 0133 0139 //// 10059 ///// ///// ////
000000000000000000000000000000000000000000000000000000000000000000000000000000000000000000000000000000000000000000000000=
57156 331800 1113000 02503 02523 4
20100502080000 123 033 119 034 108 035 0739 125 022 102 059 0753 0000 0332 0335 0740 0329 0750 031 030 0736 158 0138 09759 09767 0701 09759 0753 0355 0401 0701 0355 0752 0449 0507 0703 0448 0757 0353 0304 0260 0228 0183 0158 0138 0143 //// 10044 ///// ///// ////
000000000000000000000000000000000000000000000000000000000000000000000000000000000000000000000000000000000000000000000000=
57271 323300 1122300 00879 00897 4
20100502080000 184 037 175 036 183 049 0702 187 031 181 067 0712 0000 0321 0323 0749 0316 0736 045 043 0743 215 0187 09955 09963 0701 09955 0800 0390 0413 0722 0366 0735 0462 0500 0722 0445 0735 0343 0299 0260 0232 0166 0144 0135 0139 //// 10058 ///// ///// ////
000000000000000000000000000000000000000000000000000000000000000000000000000000000000000000000000000000000000000000000000=
57261 330700 1113100 02330 02345 4
20100502080000 341 023 345 022 002 027 0724 353 029 356 045 0756 0000 0338 0338 0800 0332 0729 031 029 0752 163 0143 09772 09781 0701 09772 0800 0449 0485 0714 0449 0800 0500 0538 0701 0500 0800 0357 0315 0276 0244 0197 0168 0148 //// //// 10037 ///// ///// ////
000000000000000000000000000000000000000000000000000000000000000000000000000000000000000000000000000000000000000000000000=
57285 322300 1132500 01530 01492 4
20100502080000 232 020 232 024 200 042 0744 237 019 184 094 0737 0000 0331 0332 0701 0327 0742 033 032 0748 167 0147 09893 09901 0701 09893 0757 0331 0398 0701 0331 0800 0448 0493 0701 0448 0800 0363 0320 0280 0247 0160 0141 0130 0135 //// ///// ///// ///// ////
////////////////////////////////////////////////////////////////////////////////////////////////////////////////////////=
57273 324100 1125100 01095 01105 4
20100502080000 222 037 237 030 229 038 0740 203 033 226 064 0738 0000 0325 0325 0800 0320 0701 040 038 0707 196 0172 09930 09939 0703 09930 0800 0341 0372 0702 0341 0759 0466 0503 0703 0466 0759 0340 0297 0257 0227 0172 0151 0135 0138 //// 10057 ///// ///// ////
000000000000000000000000000000000000000000000000000000000000000000000000000000000000000000000000000000000000000000000000=
57187 330400 1125600 01180 01193 4
20100502080000 219 048 216 048 220 061 0717 201 046 220 084 0706 0000 0308 0310 0752 0304 0720 050 047 0734 222 0192 09911 09917 0701 09911 0800 0372 0390 0704 0366 0717 0439 0477 0704 0439 0800 0339 0282 0254 0228 0184 0157 0139 0137 //// 10048 ///// ///// ////
000000000000000000000000000000000000000000000000000000000000000000000000000000000000000000000000000000000000000000000000=
57178 330200 1123500 01292 01305 4
20100502080000 205 041 203 039 225 048 0740 211 041 234 078 0734 0000 0316 0318 0748 0312 0714 042 035 0719 195 0171 09905 09913 0701 09905 0800 0393 0429 0701 0393 0759 0475 0533 0701 0475 0800 0327 0288 0253 0227 0168 0146 0134 0135 0005 10054 ///// ///// ////
000000000000000000000000000000000000000000000000000000000000000000000000000000000000000000000000000000000000000000000000
300 000 000 /// //// //////////////////////// /// //// 6///1 0//// 7//// 1//// 2//// 3//// /// /// /// // 911// 915// 919// 934// 939//=
57169 330300 1115200 01591 01600 4
20100502080000 151 053 149 053 148 055 0758 153 049 139 079 0750 0000 0299 0313 0722 0299 0800 062 053 0717 262 0218 09870 09877 0703 09870 0757 0331 0350 0701 0331 0755 0439 0494 0701 0439 0756 0347 0298 0261 0228 0185 0152 0133 0135 //// 10053 ///// ///// ////
000000000000000000000000000000000000000000000000000000000000000000000000000000000000000000000000000000000000000000000000=
57176 332900 1122500 02311 02304 4
20100502080000 197 033 192 046 199 055 0745 215 052 181 084 0744 0000 0325 0331 0733 0325 0745 040 036 0702 196 0172 09782 09789 0701 09782 0759 0387 0411 0701 0384 0759 0458 0494 0701 0455 0758 0361 0318 0279 0246 0185 0162 0139 0137 //// 10044 ///// ///// ////
000000000000000000000000000000000000000000000000000000000000000000000000000000000000000000000000000000000000000000000000=
57179 331700 1130000 01604 01616 4
20100502080000 215 063 206 057 206 060 0735 220 056 218 095 0734 0000 0304 0307 0705 0302 0722 055 053 0757 239 0203 09870 09877 0705 09869 0756 0394 0437 0705 0394 0800 0443 0482 0705 0443 0800 0328 0282 0247 0223 0173 0146 0129 0134 //// 10055 ///// ///// ////
000000000000000000000000000000000000000000000000000000000000000000000000000000000000000000000000000000000000000000000000=
57274 324200 1120700 01076 01088 4
20100502080000 160 037 160 040 158 042 0708 173 051 164 072 0714 0000 0314 0315 0752 0308 0703 047 043 0725 216 0187 09930 09938 0701 09930 0759 0367 0416 0714 0367 0800 0456 0492 0714 0456 0759 0351 0309 0274 0242 0200 0179 0149 0145 //// 10055 ///// ///// ////
000000000000000000000000000000000000000000000000000000000000000000000000000000000000000000000000000000000000000000000000=
57065 343000 1121100 01949 01964 4
20100502080000 121 039 118 040 119 055 0741 113 031 111 079 0738 0000 0342 0354 0727 0342 0754 030 023 0726 161 0142 09799 09805 0701 09799 0756 0304 0326 0701 0303 0756 0508 0570 0701 0505 0752 0370 0319 0272 0234 0166 0145 0133 0139 //// 10021 ///// ///// ////
000000000000000000000000000000000000000000000000000000000000000000000000000000000000000000000000000000000000000000000000=
57074 342500 1122500 01973 01989 4
20100502080000 117 008 129 010 155 020 0724 105 015 139 061 0715 0000 0340 0345 0716 0336 0748 036 029 0710 192 0168 09803 09809 0701 09802 0757 0406 0432 0715 0396 0723 0504 0543 0703 0499 0748 0357 0304 0257 0223 0163 0143 0128 0130 //// 10027 ///// ///// ////
000000000000000000000000000000000000000000000000000000000000000000000000000000000000000000000000000000000000000000000000=
57076 344400 1124700 01895 01901 4
20100502080000 214 026 218 028 204 035 0702 173 018 234 051 0737 0000 0351 0351 0800 0344 0702 023 022 0725 130 0109 09801 09808 0701 09801 0800 0365 0391 0701 0362 0741 0485 0522 0701 0485 0800 0342 0289 0236 0203 0156 0135 0121 0125 //// 10015 ///// ///// ////
000000000000000000000000000000000000000000000000000000000000000000000000000000000000000000000000000000000000000000000000=
57070 344400 1120700 03640 03595 4
20100502080000 174 029 170 042 174 050 0709 156 038 170 088 0707 0000 0347 0351 0720 0346 0751 019 018 0750 105 0077 09617 09623 0702 09617 0759 0432 0456 0721 0425 0751 0502 0555 0701 0502 0759 0335 0270 0225 0197 0169 0140 0122 0125 //// 10019 ///// ///// ////
000000000000000000000000000000000000000000000000000000000000000000000000000000000000000000000000000000000000000000000000=
57162 340900 1120500 03258 03275 4
20100502080000 053 007 071 008 067 018 0707 029 009 040 033 0711 0000 0341 0346 0741 0340 0754 026 023 0749 139 0119 09653 09658 0701 09653 0800 0345 0377 0735 0312 0753 0483 0563 0715 0453 0753 0364 0306 0261 0227 0159 0143 0128 0134 //// 10021 ///// ///// ////
000000000000000000000000000000000000000000000000000000000000000000000000000000000000000000000000000000000000000000000000=
57078 340900 1122800 03365 03340 4
20100502080000 105 039 106 032 070 038 0701 125 054 057 064 0723 0000 0333 0333 0757 0318 0701 028 028 0757 143 0123 09653 09660 0702 09653 0758 0455 0513 0701 0455 0800 0460 0494 0701 0459 0759 0357 0309 0262 0224 0148 0133 0124 0124 //// 10029 ///// ///// ////
000000000000000000000000000000000000000000000000000000000000000000000000000000000000000000000000000000000000000000000000=
57071 344900 1122600 03333 03332 4
20100502080000 111 043 112 039 112 043 0752 102 051 122 072 0748 0000 0343 0348 0737 0340 0709 025 018 0739 135 0115 09649 09655 0703 09649 0759 0429 0452 0720 0424 0755 0499 0540 0701 0499 0800 0341 0285 0242 0210 0176 0142 0121 0123 //// 10022 ///// ///// ////
000000000000000000000000000000000000000000000000000000000000000000000000000000000000000000000000000000000000000000000000=
57066 342300 1114000 03283 03298 4
20100502080000 000 000 128 002 318 005 0749 285 003 333 014 0744 0000 0291 0314 0701 0289 0742 034 028 0702 137 0117 09651 09656 0701 09651 0800 0235 0266 0701 0233 0754 0292 0346 0701 0292 0758 0271 0237 0202 0180 0153 0137 0121 0121 //// 10025 ///// ///// ////
000000000000000000000000000000000000000000000000000000000000000000000000000000000000000000000000000000000000000000000000=
57077 334700 1113900 07424 07388 4
20100502080000 225 039 207 046 216 060 0750 203 052 226 096 0750 0000 0317 0320 0740 0315 0730 016 014 0702 075 0028 09226 09232 0701 09226 0800 0383 0409 0705 0379 0757 0477 0512 0705 0472 0757 0331 0282 0237 0205 0156 0129 0113 0117 //// 10038 ///// ///// ////
000000000000000000000000000000000000000000000000000000000000000000000000000000000000000000000000000000000000000000000000=
57185 332700 1133500 00911 00921 4
20100502080000 210 044 212 040 217 043 0701 200 038 226 073 0720 0000 0316 0319 0707 0316 0800 041 039 0737 191 0167 09941 09948 0701 09941 0800 0360 0377 0709 0360 0737 0464 0516 0703 0464 0800 0327 0286 0250 0218 0176 0151 0129 0129 //// 10047 ///// ///// ////
000000000000000000000000000000000000000000000000000000000000000000000000000000000000000000000000000000000000000000000000=
57183 334800 1135500 00600 00615 4
20100502080000 216 040 221 037 233 047 0701 232 044 229 069 0719 0002 0305 0307 0746 0302 0701 058 056 0750 253 0213 09972 09981 0701 09972 0759 0330 0361 0713 0329 0752 0436 0486 0705 0436 0800 0315 0274 0240 0215 0178 0148 0127 0125 //// 10043 ///// ///// ////
000000000000000000000000000000020000000000000000000000000000000000000000000000000000000000000000000000000000000000000000=
57186 333600 1140300 00587 00598 4
20100502080000 221 053 219 052 221 064 0715 226 053 213 090 0729 0000 0317 0320 0724 0316 0730 043 040 0717 201 0176 09978 09985 0702 09978 0800 0364 0395 0725 0364 0800 0456 0504 0701 0456 0800 0335 0287 0246 0220 0178 0152 0133 0137 //// 10047 ///// ///// ////
000000000000000000000000000000000000000000000000000000000000000000000000000000000000000000000000000000000000000000000000=
57191 342900 1142900 00634 00642 4
20100502080000 193 012 189 016 195 022 0706 040 009 181 059 0705 0000 0316 0320 0701 0316 0800 050 047 0746 232 0199 09963 09971 0701 09963 0800 0371 0391 0701 0356 0747 0425 0474 0701 0420 0754 0333 0295 0259 0229 0167 0141 0124 0127 //// 10037 ///// ///// ////
000000000000000000000000000000000000000000000000000000000000000000000000000000000000000000000000000000000000000000000000=
57096 343200 1144700 00597 00607 4
20100502080000 212 042 209 040 206 041 0701 204 030 216 082 0757 0000 0311 0314 0749 0307 0701 053 052 0720 239 0204 09964 09973 0701 09964 0800 0324 0347 0710 0324 0800 0422 0463 0701 0422 0800 0338 0288 0237 0207 0160 0138 0125 0130 //// 10034 ///// ///// ////
000000000000000000000000000000000000000000000000000000000000000000000000000000000000000000000000000000000000000000000000=
57093 345100 1144900 00733 00740 4
20100502080000 202 064 203 061 215 063 0735 209 063 203 097 0713 0000 0306 0308 0753 0305 0704 053 052 0710 233 0199 09947 09956 0701 09947 0800 0347 0372 0706 0347 0800 0413 0461 0707 0413 0800 0323 0275 0235 0203 0166 0139 0123 0125 //// 10032 ///// ///// ////
000000000000000000000000000000000000000000000000000000000000000000000000000000000000000000000000000000000000000000000000=
57091 344700 1141800 00737 00748 4
20100502080000 216 077 220 070 215 071 0735 200 094 203 097 0722 0000 0309 0311 0756 0305 0701 043 042 0754 192 0169 09941 09950 0706 09941 0800 0323 0342 0701 0323 0800 0397 0437 0701 0397 0800 0324 0277 0237 0200 0165 0143 0125 0120 //// 10027 ///// ///// ////
000000000000000000000000000000000000000000000000000000000000000000000000000000000000000000000000000000000000000000000000=
53978 350500 1123800 01401 01409 4
20100502080000 091 034 091 028 083 034 0706 080 024 080 047 0711 0000 0325 0325 0756 0319 0706 050 047 0716 245 0207 09855 09862 0701 09855 0800 0346 0348 0713 0345 0743 0464 0488 0701 0463 0750 0330 0280 0238 0209 0141 0129 0124 0130 //// 10016 ///// ///// ////
000000000000000000000000000000000000000000000000000000000000000000000000000000000000000000000000000000000000000000000000=
53984 351400 1132800 00827 00837 4
20100502080000 250 029 244 027 226 046 0709 272 026 221 065 0702 0000 0336 0336 0800 0329 0701 034 032 0746 177 0156 09918 09926 0701 09918 0800 0365 0385 0701 0364 0756 0457 0499 0701 0457 0755 0316 0269 0229 0207 0164 0142 0124 0125 //// 10014 ///// ///// ////
000000000000000000000000000000000000000000000000000000000000000000000000000000000000000000000000000000000000000000000000=
53987 350600 1132500 00910 00918 4
20100502080000 211 020 217 025 224 032 0732 203 020 212 057 0731 0000 0347 0347 0725 0339 0701 028 026 0749 155 0135 09913 09921 0701 09913 0759 0411 0443 0703 0408 0746 0407 0437 0702 0384 0724 0340 0294 0255 0222 0170 0148 0133 0132 //// 10017 ///// ///// ////
000000000000000000000000000000000000000000000000000000000000000000000000000000000000000000000000000000000000000000000000=
57079 345700 1130200 01064 01069 4
20100502080000 250 034 253 029 264 029 0731 285 033 223 048 0759 0000 0348 0349 0732 0343 0712 027 027 0800 150 0130 09890 09898 0701 09890 0800 0399 0412 0701 0394 0724 0476 0504 0711 0476 0800 0301 0262 0226 0201 0174 0148 0128 0126 //// 10012 ///// ///// ////
000000000000000000000000000000000000000000000000000000000000000000000000000000000000000000000000000000000000000000000000=
57072 345500 1124500 01275 01285 4
20100502080000 216 042 214 036 206 040 0703 209 042 209 067 0702 0000 0351 0351 0800 0341 0701 021 021 0800 119 0095 09868 09876 0701 09868 0800 0400 0429 0720 0400 0800 0500 0543 0722 0500 0800 0327 0270 0226 0198 0143 0130 0117 0119 //// 10015 ///// ///// ////
000000000000000000000000000000000000000000000000000000000000000000000000000000000000000000000000000000000000000000000000=
53982 351400 1131600 01120 01135 4
20100502080000 231 031 235 026 240 037 0701 238 017 257 055 0713 0000 0333 0334 0718 0326 0741 033 030 0701 169 0149 09883 09891 0701 09883 0800 0357 0407 0706 0336 0747 0444 0525 0701 0405 0743 0329 0289 0247 0218 0168 0146 0131 0135 //// 10012 ///// ///// ////
000000000000000000000000000000000000000000000000000000000000000000000000000000000000000000000000000000000000000000000000=
53979 350900 1130500 01200 01211 4
20100502080000 227 027 226 025 226 027 0701 222 032 237 035 0758 0000 0335 0336 0747 0324 0701 033 032 0758 171 0150 09880 09887 0701 09880 0800 0387 0413 0713 0373 0756 0524 0556 0702 0503 0756 0355 0299 0255 0221 0153 0141 0128 0133 //// 10018 ///// ///// ////
000000000000000000000000000000000000000000000000000000000000000000000000000000000000000000000000000000000000000000000000=
53992 353900 1143100 00582 00592 4
20100502080000 188 033 192 034 192 052 0707 187 030 201 078 0706 0000 0309 0311 0701 0308 0710 056 051 0706 250 0211 09947 09951 0701 09947 0800 0327 0361 0721 0327 0800 0395 0448 0701 0395 0800 0315 0276 0243 0213 0149 0130 0116 0122 //// 10015 ///// ///// ////
000000000000000000000000000000000000000000000000000000000000000000000000000000000000000000000000000000000000000000000000=
53974 353700 1141100 00723 00739 4
20100502080000 206 018 225 022 223 052 0701 257 021 206 090 0707 0000 0313 0317 0701 0312 0755 044 037 0702 201 0176 09938 09942 0712 09938 0732 0310 0323 0727 0301 0748 0353 0391 0701 0346 0750 0317 0289 0254 0227 0166 0140 0124 0129 //// 10022 ///// ///// ////
000000000000000000000000000000000000000000000000000000000000000000000000000000000000000000000000000000000000000000000000=
53990 354300 1141900 00795 00805 4
20100502080000 191 072 194 066 200 080 0701 188 074 212 107 0704 0000 0296 0307 0701 0293 0741 056 045 0701 232 0199 09920 09928 0714 09920 0800 0356 0378 0703 0317 0742 0415 0469 0703 0366 0749 0314 0280 0241 0217 0179 0143 0118 0116 //// 10012 ///// ///// ////
000000000000000000000000000000000000000000000000000000000000000000000000000000000000000000000000000000000000000000000000=
53991 355600 1142100 00743 00753 4
20100502080000 180 042 168 033 154 034 0739 228 031 133 082 0759 0000 0310 0316 0720 0310 0800 041 038 0733 184 0162 09919 09928 0701 09919 0800 0355 0390 0701 0347 0753 0420 0482 0701 0414 0753 0326 0284 0240 0214 0161 0137 0121 0123 //// 10005 ///// ///// ////
000000000000000000000000000000000000000000000000000000000000000000000000000000000000000000000000000000000000000000000000=
53889 360400 1134900 03068 03086 4
20100502080000 227 049 216 059 211 064 0759 251 036 199 106 0757 0000 0309 0332 0701 0309 0800 031 027 0702 138 0118 09658 09662 0709 09657 0745 0322 0391 0725 0322 0800 0404 0483 0740 0404 0800 0370 0333 0306 0280 0150 0125 0121 0107 //// 10005 ///// ///// ////
000000000000000000000000000000000000000000000000000000000000000000000000000000000000000000000000000000000000000000000000=
53995 353300 1143000 00625 00645 4
20100502080000 195 039 194 042 197 061 0727 195 041 209 092 0726 0000 0305 0311 0716 0305 0800 054 047 0704 236 0201 09945 09952 0705 09945 0800 0324 0375 0701 0324 0800 0402 0481 0701 0402 0800 0356 0316 0275 0239 0174 0144 0123 0123 //// 10019 ///// ///// ////
000000000000000000000000000000000000000000000000000000000000000000000000000000000000000000000000000000000000000000000000=
NNNN
