57090 344300 1135800 00781 00802 4
20100325030000 015 031 009 042 023 056 0223 032 030 018 090 0223 0000 0071 0071 0257 0062 0201 054 053 0258 054 -016 10230 10234 0236 10228 0201 0182 0182 0300 0143 0213 0236 0236 0300 0180 0201 0123 0094 0087 0090 0095 0094 0087 0119 //// 10330 ///// ///// ////
000000000000000000000000000000000000000000000000000000000000000000000000000000000000000000000000000000000000000000000000=
57083 344300 1133900 01104 01116 4
20100325030000 027 031 041 035 044 045 0241 020 020 059 071 0233 0000 0080 0080 0300 0067 0201 044 044 0300 047 -035 10191 10194 0214 10191 0300 0395 0395 0300 0298 0201 0262 0262 0300 0200 0201 0121 0098 0091 0093 0096 0099 0103 0126 0002 10329 ///// ///// ////
000000000000000000000000000000000000000000000000000000000000000000000000000000000000000000000000000000000000000000000000
110 000 000 000 //// //////////////////////// /// 0000 6///1 0//// 7//// 1//// 2//// 3//// /// /// /// // 911// 915// 919// 934// 939//=
57086 342300 1134300 01166 01168 4
20100325030000 075 050 061 051 047 056 0204 060 035 060 084 0206 0000 0073 0076 0255 0066 0209 049 048 0223 050 -027 10184 10189 0238 10180 0205 0136 0168 0253 0131 0212 0210 0223 0254 0177 0201 0125 0095 0089 0091 0095 0095 0094 0116 //// 10329 ///// ///// ////
000000000000000000000000000000000000000000000000000000000000000000000000000000000000000000000000000000000000000000000000=
57085 343200 1132000 02599 02648 4
20100325030000 052 029 019 022 318 073 0213 054 044 324 126 0208 0000 0099 0099 0300 0092 0215 022 015 0220 027 -108 09995 09997 0247 09992 0227 0189 0189 0300 0135 0209 0280 0280 0300 0215 0201 0133 0098 0092 0091 0098 0098 0094 0121 //// 10320 ///// ///// ////
000000000000000000000000000000000000000000000000000000000000000000000000000000000000000000000000000000000000000000000000=
57081 344800 1132600 01409 01419 4
20100325030000 075 019 052 030 065 034 0256 066 030 035 067 0258 0000 0085 0085 0300 0070 0213 042 041 0239 047 -037 10152 10154 0221 10151 0254 0206 0215 0255 0179 0207 0257 0257 0300 0205 0203 0127 0095 0088 0086 0088 0094 0096 0117 //// 10328 ///// ///// ////
000000000000000000000000000000000000000000000000000000000000000000000000000000000000000000000000000000000000000000000000=
57084 343000 1130300 11784 11790 4
20100325030000 231 041 216 039 239 048 0217 211 035 265 101 0210 0000 0032 0036 0253 0016 0213 021 019 0254 016 -170 08924 08926 0231 08918 0209 0131 0151 0228 0102 0217 0182 0185 0256 0146 0201 0095 0046 0036 0039 0053 //// //// //// //// 10309 ///// ///// ////
000000000000000000000000000000000000000000000000000000000000000000000000000000000000000000000000000000000000000000000000=
57080 344400 1125800 01652 01661 4
20100325030000 288 032 296 036 303 049 0241 308 042 319 093 0202 0000 0107 0108 0258 0099 0201 014 014 0233 018 -157 10122 10124 0247 10121 0235 0246 0261 0246 0204 0203 0302 0302 0300 0231 0201 0124 0089 0083 0085 0088 0088 0089 0119 //// 10327 ///// ///// ////
000000000000000000000000000000000000000000000000000000000000000000000000000000000000000000000000000000000000000000000000=
57082 342800 1130100 04271 04284 4
20100325030000 316 038 318 048 326 067 0201 302 040 004 119 0245 0000 0086 0086 0258 0077 0201 014 014 0243 016 -174 09799 09802 0229 09794 0202 0163 0193 0238 0159 0203 0223 0235 0250 0189 0201 0119 0089 0080 0081 0091 0097 0101 //// //// 10319 ///// ///// ////
000000000000000000000000000000000000000000000000000000000000000000000000000000000000000000000000000000000000000000000000=
57295 323700 1142100 00785 00802 4
20100325030000 337 045 335 055 342 072 0249 313 053 358 145 0230 0000 0118 0119 0255 0113 0212 031 027 0247 043 -048 10201 10203 0236 10197 0210 0238 0246 0254 0204 0202 0180 0182 0254 0157 0201 0131 0092 0084 0085 0097 0100 0103 0127 //// 10300 ///// ///// ////
000000000000000000000000000000000000000000000000000000000000000000000000000000000000000000000000000000000000000000000000=
57293 324400 1145900 00380 00391 4
20100325030000 325 062 333 064 341 070 0245 305 049 336 121 0256 0000 0104 0105 0221 0101 0201 042 039 0252 053 -020 10256 10257 0235 10251 0201 0179 0198 0254 0163 0201 0173 0176 0254 0144 0201 0110 0088 0083 0085 0101 0104 0106 0132 //// 10305 ///// ///// ////
000000000000000000000000000000000000000000000000000000000000000000000000000000000000000000000000000000000000000000000000=
57189 330800 1135700 00646 00655 4
20100325030000 337 076 336 074 326 082 0249 358 041 324 151 0245 0000 0117 0119 0235 0112 0201 021 021 0300 029 -099 10229 10229 0258 10223 0201 0172 0180 0234 0156 0210 0158 0160 0255 0136 0204 0107 0087 0081 0082 0093 0097 0099 0122 //// 10310 ///// ///// ////
000000000000000000000000000000000000000000000000000000000000000000000000000000000000000000000000000000000000000000000000=
57194 331700 1141600 00598 00609 4
20100325030000 008 046 009 051 353 056 0229 018 031 341 102 0225 0000 0092 0094 0254 0087 0209 049 047 0257 057 -010 10234 10235 0252 10228 0205 0160 0179 0254 0134 0207 0174 0184 0255 0147 0207 0105 0090 0085 0085 0094 0095 0098 0126 //// 10310 ///// ///// ////
000000000000000000000000000000000000000000000000000000000000000000000000000000000000000000000000000000000000000000000000=
57197 330000 1142000 00489 00545 4
20100325030000 012 039 006 037 014 044 0246 330 032 032 093 0250 0000 0114 0117 0204 0109 0246 048 045 0252 065 0008 10240 10240 0241 10232 0202 0237 0237 0300 0210 0253 0193 0193 0300 0165 0201 0123 0095 0080 0077 0095 0100 0101 0125 //// 10308 ///// ///// ////
000000000000000000000000000000000000000000000000000000000000000000000000000000000000000000000000000000000000000000000000=
57294 325000 1140100 00836 00846 4
20100325030000 010 081 000 070 349 089 0220 009 063 004 139 0223 0000 0120 0120 0250 0114 0201 026 023 0238 036 -069 10200 10202 0245 10194 0202 0169 0175 0249 0152 0215 0167 0168 0256 0139 0203 0104 0083 0079 0084 0095 0106 0102 0118 //// 10304 ///// ///// ////
000000000000000000000000000000000000000000000000000000000000000000000000000000000000000000000000000000000000000000000000=
57292 325800 1143800 00444 00453 4
20100325030000 345 078 350 081 350 082 0259 341 088 336 121 0257 0000 0096 0103 0249 0091 0206 045 044 0259 054 -017 10258 10258 0300 10248 0201 0174 0202 0249 0141 0205 0149 0157 0250 0123 0206 0105 0086 0083 0089 0096 0103 0105 0133 //// 10315 ///// ///// ////
000000000000000000000000000000000000000000000000000000000000000000000000000000000000000000000000000000000000000000000000=
57195 333700 1143700 00466 00476 4
20100325030000 047 042 049 037 054 040 0242 018 054 035 092 0248 0000 0084 0085 0259 0075 0213 046 046 0300 051 -025 10258 10258 0300 10248 0201 0160 0189 0258 0127 0242 0176 0189 0258 0145 0207 0114 0088 0084 0088 0100 0099 0102 0142 //// 10317 ///// ///// ////
000000000000000000000000000000000000000000000000000000000000000000000000000000000000000000000000000000000000000000000000=
57193 334700 1143100 00526 00541 4
20100325030000 353 050 355 051 356 056 0215 009 041 333 118 0251 0000 0073 0073 0255 0067 0210 052 051 0241 053 -019 10251 10252 0238 10247 0201 0148 0190 0201 0144 0258 0159 0169 0240 0145 0217 0105 0088 0085 0088 0103 0102 0105 0131 //// 10319 ///// ///// ////
000000000000000000000000000000000000000000000000000000000000000000000000000000000000000000000000000000000000000000000000
150 000 000 000 //// //////////////////////// /// 0000 6///1 0//// 7//// 1//// 2//// 3//// /// /// /// // 911// 915// 919// 934// 939//=
57099 340400 1145100 00526 00536 4
20100325030000 343 053 348 057 355 060 0256 341 041 341 111 0253 0000 0071 0072 0251 0060 0210 055 053 0252 055 -013 10251 10257 0230 10249 0201 0149 0166 0235 0116 0209 0202 0202 0300 0138 0209 0110 0083 0077 0083 0099 0096 0098 0131 //// 10318 ///// ///// ////
000000000000000000000000000000000000000000000000000000000000000000000000000000000000000000000000000000000000000000000000=
58101 335200 1152900 00413 00428 4
20100325030000 342 064 001 072 344 083 0246 353 061 350 148 0251 0000 0073 0073 0300 0063 0202 057 055 0252 058 -006 10250 10252 0240 10245 0201 0163 0169 0225 0139 0201 0182 0182 0300 0148 0201 0114 0085 0081 0086 0097 0098 0100 0130 //// 10304 ///// ///// ////
000000000000000000000000000000000000000000000000000000000000000000000000000000000000000000000000000000000000000000000000=
57192 334400 1145100 00455 00466 4
20100325030000 335 037 315 036 321 047 0202 018 033 334 091 0255 0000 0077 0082 0248 0070 0203 052 048 0234 055 -015 10256 10256 0300 10249 0201 0170 0207 0248 0142 0204 0213 0233 0248 0169 0203 0110 0084 0086 0093 0107 0107 0108 0140 //// 10314 ///// ///// ////
000000000000000000000000000000000000000000000000000000000000000000000000000000000000000000000000000000000000000000000000=
57098 340500 1142400 00583 00593 4
20100325030000 002 051 359 049 349 072 0235 344 052 012 104 0224 0000 0075 0075 0300 0064 0201 055 054 0227 057 -009 10249 10249 0300 10245 0201 0168 0178 0257 0151 0239 0163 0165 0255 0140 0201 0127 0095 0082 0084 0099 0097 0098 0129 //// 10323 ///// ///// ////
000000000000000000000000000000000000000000000000000000000000000000000000000000000000000000000000000000000000000000000000=
57190 334500 1142400 00505 00516 4
20100325030000 016 089 012 086 011 094 0246 020 087 009 134 0215 0000 0073 0074 0249 0066 0221 055 051 0229 056 -011 10253 10254 0252 10249 0201 0128 0145 0249 0102 0221 0157 0167 0249 0115 0223 0101 0081 0079 0083 0096 0098 0101 0130 //// 10318 ///// ///// ////
000000000000000000000000000000000000000000000000000000000000000000000000000000000000000000000000000000000000000000000000=
57088 340900 1133000 01161 01177 4
20100325030000 090 055 091 056 088 064 0246 102 033 079 095 0233 0000 0090 0115 0211 0085 0237 048 014 0205 055 -014 10175 10178 0213 10173 0201 0199 0212 0209 0151 0244 0266 0266 0300 0209 0244 0134 0096 0087 0089 0098 0100 0103 0126 //// 10321 ///// ///// ////
000000000000000000000000000000000000000000000000000000000000000000000000000000000000000000000000000000000000000000000000=
57095 340700 1140900 00611 00622 4
20100325030000 032 035 030 040 002 064 0201 040 030 358 113 0201 0000 0079 0080 0224 0066 0201 051 049 0237 054 -016 10245 10249 0221 10243 0201 0136 0157 0220 0118 0202 0207 0218 0259 0165 0201 0142 0110 0093 0087 0098 0096 0096 0125 //// 10323 ///// ///// ////
000000000000000000000000000000000000000000000000000000000000000000000000000000000000000000000000000000000000000000000000=
57182 335100 1133000 00805 00814 4
20100325030000 068 053 054 054 349 066 0230 051 052 012 107 0232 0000 0102 0118 0224 0102 0300 046 014 0205 057 -009 10217 10217 0300 10213 0218 0177 0187 0253 0142 0201 0266 0268 0259 0181 0203 0128 0094 0093 0097 0107 0105 0108 0139 //// 10318 ///// ///// ////
000000000000000000000000000000000000000000000000000000000000000000000000000000000000000000000000000000000000000000000000=
57087 341200 1134800 00877 00885 4
20100325030000 054 044 050 038 043 055 0239 068 066 031 087 0234 0000 0082 0082 0300 0071 0201 052 050 0201 057 -011 10217 10218 0226 10213 0201 0192 0192 0300 0145 0249 0218 0218 0300 0170 0201 0118 0093 0086 0087 0098 0095 0098 0123 //// 10327 ///// ///// ////
000000000000000000000000000000000000000000000000000000000000000000000000000000000000000000000000000000000000000000000000=
57297 320800 1140300 01145 01154 4
20100325030000 357 075 356 069 356 069 0300 355 078 347 127 0245 0000 0131 0133 0249 0121 0209 021 021 0300 032 -087 10157 10157 0258 10154 0201 0223 0273 0224 0214 0258 0179 0201 0224 0169 0258 0127 0098 0086 0085 0103 0113 0116 //// //// 10299 ///// ///// ////
000000000000000000000000000000000000000000000000000000000000000000000000000000000000000000000000000000000000000000000000
100 008 000 000 //// /////////////////////CIE 002 0000 6///1 0//// 7//// 1//// 2//// 3//// /// /// /// // 911// 915// 919// 934// 939//=
57396 313800 1145100 01287 01297 4
20100325030000 025 060 006 055 354 075 0249 070 053 330 115 0247 0001 0125 0126 0259 0101 0201 043 043 0300 062 0003 10139 10140 0220 10135 0245 0179 //// //// -178 0219 0196 0211 0215 -178 0219 0141 0094 0077 0077 0087 0105 //// //// //// 10299 ///// ///// ////
000000000000000000000000000000000000000000000000000000000001000000000000000000000000000000000000000000000000000000000000=
57390 314800 1140400 07335 07347 4
20100325030000 358 034 358 036 352 055 0213 018 009 319 168 0201 0000 0087 0087 0300 0075 0201 040 036 0225 045 -041 09424 09426 0242 09421 0202 0157 0158 0253 0107 0229 0185 0185 0300 0124 0201 0091 0057 0051 0054 0070 0088 //// //// //// 10304 ///// ///// ////
000000000000000000000000000000000000000000000000000000000000000000000000000000000000000000000000000000000000000000000000=
58207 321000 1150300 00428 00440 4
20100325030000 342 064 351 066 355 076 0253 319 096 332 120 0252 0000 0118 0118 0300 0115 0201 040 036 0252 055 -014 10244 10245 0235 10239 0202 0190 0201 0230 0171 0212 0115 0115 0300 0100 0201 0180 0092 0083 0084 0101 0111 0113 0137 //// 10299 ///// ///// ////
000000000000000000000000000000000000000000000000000000000000000000000000000000000000000000000000000000000000000000000000=
58208 321000 1153700 00429 00439 4
20100325030000 350 056 354 067 349 080 0232 358 051 358 110 0225 0000 0113 0114 0238 0108 0206 040 035 0228 054 -018 10242 10242 0300 10236 0204 0188 0193 0258 0160 0208 0158 0158 0258 0138 0208 0111 0089 0081 0082 0099 0109 0113 0139 //// 10297 ///// ///// ////
000000000000000000000000000000000000000000000000000000000000000000000000000000000000000000000000000000000000000000000000
200 008 000 000 //// /////////////////////CIE 002 0000 6///1 0//// 7//// 1//// 2//// 3//// /// /// /// // 911// 915// 919// 934// 939//=
53989 350300 1135700 00766 00777 4
20100325030000 041 046 025 052 030 086 0217 043 043 043 126 0212 0000 0070 0070 0300 0052 0201 057 056 0248 057 -009 10232 10235 0229 10230 0201 0188 0188 0300 0119 0201 0233 0233 0300 0154 0201 0104 0082 0079 0082 0093 0092 0096 0123 //// 10329 ///// ///// ////
000000000000000000000000000000000000000000000000000000000000000000000000000000000000000000000000000000000000000000000000=
53997 350900 1141100 00711 00723 4
20100325030000 035 057 026 056 026 076 0208 047 063 026 119 0208 0000 0071 0071 0300 0055 0201 052 051 0252 052 -021 10233 10237 0234 10233 0300 0195 0198 0259 0140 0208 0228 0229 0259 0167 0201 0114 0087 0081 0087 0094 0094 0097 0124 //// 10323 ///// ///// ////
000000000000000000000000000000000000000000000000000000000000000000000000000000000000000000000000000000000000000000000000=
53986 351900 1135300 00732 00740 4
20100325030000 095 057 080 056 089 064 0235 088 071 088 114 0247 0000 0071 0071 0300 0049 0203 059 057 0257 059 -004 10236 10243 0229 10236 0300 0145 0150 0258 0085 0203 0209 0209 0300 0119 0201 0102 0084 0082 0086 0092 0094 0098 0127 //// 10328 ///// ///// ////
000000000000000000000000000000000000000000000000000000000000000000000000000000000000000000000000000000000000000000000000
110 006 000 000 //// //////////////////CIECII 002 0000 6///1 0//// 7//// 1//// 2//// 3//// /// /// /// // 911// 915// 919// 934// 939//=
53994 352300 1140400 00700 00712 4
20100325030000 055 066 051 059 052 065 0202 062 110 062 110 0300 0000 0071 0071 0300 0047 0201 052 052 0300 052 -021 10236 10245 0202 10236 0300 0172 0189 0258 0125 0210 0266 0271 0258 0185 0201 0114 0081 0080 0086 0090 0090 0095 0127 //// 10325 ///// ///// ////
000000000000000000000000000000000000000000000000000000000000000000000000000000000000000000000000000000000000000000000000=
53983 350200 1142500 00696 00708 4
20100325030000 359 068 005 068 006 076 0216 357 061 020 125 0223 0000 0071 0075 0254 0061 0205 053 051 0256 053 -018 10235 10237 0221 10234 0208 0166 0178 0251 0137 0216 0222 0227 0253 0171 0204 0118 0083 0077 0080 0087 0086 0089 0123 //// 10324 ///// ///// ////
000000000000000000000000000000000000000000000000000000000000000000000000000000000000000000000000000000000000000000000000=
53998 351200 1143900 00616 00625 4
20100325030000 351 077 348 069 334 074 0211 353 093 358 126 0258 0000 0072 0072 0300 0053 0206 047 047 0300 048 -034 10241 10246 0204 10241 0259 0172 0186 0234 0134 0201 0230 0233 0258 0173 0201 0112 0083 0082 0088 0096 0095 0096 0128 //// 10319 ///// ///// ////
000000000000000000000000000000000000000000000000000000000000000000000000000000000000000000000000000000000000000000000000=
57051 344800 1111200 04099 04117 4
20100325030000 294 035 296 031 312 050 0203 293 057 308 093 0202 0000 0089 0089 0300 0078 0204 014 013 0241 016 -172 09842 09848 0212 09841 0259 0194 0198 0238 0164 0202 0253 0253 0300 0208 0203 0123 0087 0080 0081 0081 0087 0087 0114 //// 10346 ///// ///// ////
000000000000000000000000000000000000000000000000000000000000000000000000000000000000000000000000000000000000000000000000
200 004 000 000 6800 /////////////////////CIE 002 0000 6///1 0//// 7//// 1//// 2//// 3//// /// /// /// // 911// 915// 919// 934// 939//=
57063 344600 1114600 05236 05236 4
20100325030000 285 076 288 067 287 071 0219 285 073 288 130 0251 0000 0080 0086 0234 0073 0201 016 015 0246 017 -163 09696 09701 0233 09696 0300 0184 0215 0234 0178 0259 0241 0256 0250 0212 0201 0096 0065 0063 0068 0074 0077 0083 0110 //// 10337 ///// ///// ////
000000000000000000000000000000000000000000000000000000000000000000000000000000000000000000000000000000000000000000000000=
57067 340300 1110200 05688 05699 4
20100325030000 046 025 040 026 040 026 0300 038 022 043 054 0253 0000 0065 0068 0247 0055 0209 018 015 0253 017 -161 09647 09652 0212 09647 0259 0148 0182 0246 0126 0210 0144 0146 0253 0102 0202 0072 0054 0070 0061 0085 0095 0095 0122 //// 10347 ///// ///// ////
000000000000000000000000000000000000000000000000000000000000000000000000000000000000000000000000000000000000000000000000
100 008 000 008 3800 /////////////////////ACR 030 0000 6///1 0//// 7//// 1//// 2//// 3//// /// /// /// // 911// 915// 919// 934// 939//=
57056 343200 1105300 03904 03909 4
20100325030000 339 011 290 027 274 033 0245 023 008 257 068 0239 0000 0085 0086 0258 0073 0201 015 015 0258 017 -167 09871 09877 0202 09871 0300 0196 0211 0258 0138 0201 0233 0241 0258 0150 0201 0107 0077 0075 0082 0088 0090 0093 0118 //// 10352 ///// ///// ////
000000000000000000000000000000000000000000000000000000000000000000000000000000000000000000000000000000000000000000000000=
58007 340400 1151800 00472 00532 4
20100325030000 329 046 344 043 333 055 0251 330 046 330 136 0213 0000 0075 0075 0300 0063 0216 050 050 0253 052 -022 10243 10244 0255 10235 0206 0147 0153 0258 0117 0220 0214 0217 0258 0167 0205 0112 0088 0085 0089 0098 0100 0103 0131 //// 10310 ///// ///// ////
000000000000000000000000000000000000000000000000000000000000000000000000000000000000000000000000000000000000000000000000=
58006 342300 1155300 00463 00506 4
20100325030000 335 054 329 053 332 073 0234 319 041 277 131 0228 0000 0071 0073 0255 0055 0201 050 050 0258 050 -026 10248 10248 0257 10238 0201 0160 0176 0254 0130 0204 0204 0209 0254 0152 0201 0116 0088 0081 0084 0094 0093 0097 0126 //// 10311 ///// ///// ////
000000000000000000000000000000000000000000000000000000000000000000000000000000000000000000000000000000000000000000000000=
58111 335800 1162700 00325 00325 4
20100325030000 352 059 337 059 324 092 0250 347 044 322 151 0241 0000 0081 0081 0300 0068 0202 047 047 0259 051 -025 10244 10246 0227 10238 0204 0217 0217 0300 0166 0202 0162 0162 0300 0117 0202 0096 0083 0080 0082 0091 0097 0105 0138 //// 10285 ///// ///// ////
000000000000000000000000000000000000000000000000000000000000000000000000000000000000000000000000000000000000000000000000=
58017 341500 1160800 00410 00420 4
20100325030000 329 083 321 079 302 094 0243 341 118 299 140 0234 0000 0074 0074 0300 0060 0207 060 059 0242 062 0002 10242 10246 0244 10238 0201 0212 0212 0300 0159 0201 0183 0183 0300 0141 0206 0102 0088 0086 0089 0097 0097 0103 0128 //// 10294 ///// ///// ////
000000000000000000000000000000000000000000000000000000000000000000000000000000000000000000000000000000000000000000000000=
58001 342600 1150600 00563 00569 4
20100325030000 002 047 354 048 346 068 0203 358 046 353 114 0250 0000 0066 0066 0259 0049 0202 057 057 0248 056 -013 10250 10250 0300 10243 0202 0139 0147 0259 0102 0202 0161 0167 0259 0123 0203 0098 0077 0075 0079 0090 0088 0094 0126 //// 10321 ///// ///// ////
000000000000000000000000000000000000000000000000000000000000000000000000000000000000000000000000000000000000000000000000=
58005 342700 1154000 00501 00511 4
20100325030000 332 045 332 049 325 067 0240 321 043 335 112 0245 0000 0069 0069 0300 0054 0201 052 050 0252 052 -023 10246 10247 0252 10238 0201 0232 0234 0256 0177 0204 0213 0213 0300 0156 0201 0115 0094 0087 0088 0096 0097 0103 0132 0003 10310 ///// ///// ////
000000000000000000000000000000000000000000000000000000000000000000000000000000000000000000000000000000000000000000000000
140 000 000 000 //// //////////////////////// /// 0000 6///1 0//// 7//// 1//// 2//// 3//// /// /// /// // 911// 915// 919// 934// 939//=
58008 342800 1152000 00544 00592 4
20100325030000 019 048 002 048 338 068 0237 046 027 327 123 0237 0000 0065 0065 0300 0048 0201 055 055 0257 053 -019 10245 10247 0256 10238 0202 0282 0282 0300 0202 0201 0172 0172 0300 0129 0201 0102 0078 0075 0079 0094 0094 0098 0129 //// 10319 ///// ///// ////
000000000000000000000000000000000000000000000000000000000000000000000000000000000000000000000000000000000000000000000000=
58004 343900 1150900 00606 00616 4
20100325030000 003 050 003 050 355 051 0240 035 045 029 114 0225 0000 0069 0069 0300 0052 0208 053 053 0252 053 -020 10242 10242 0254 10237 0206 0176 0186 0249 0131 0208 0200 0200 0300 0150 0207 0114 0092 0084 0087 0100 0099 0102 0127 //// 10319 ///// ///// ////
000000000000000000000000000000000000000000000000000000000000000000000000000000000000000000000000000000000000000000000000=
54817 355900 1155200 00421 00434 4
20100325030000 025 054 022 046 026 061 0215 029 043 015 119 0203 0000 0055 0055 0300 0028 0205 066 065 0253 060 -003 10263 10265 0225 10262 0233 0154 0159 0259 0054 0204 0181 0181 0300 0066 0201 0074 0057 0061 0067 0082 0078 0087 0116 //// 10317 ///// ///// ////
000000000000000000000000000000000000000000000000000000000000000000000000000000000000000000000000000000000000000000000000=
54902 355400 1150700 00495 00499 4
20100325030000 335 065 349 056 354 056 0206 018 072 344 098 0202 0000 0058 0058 0242 0043 0216 063 059 0244 058 -007 10261 10265 0241 10259 0202 0155 0157 0242 0080 0213 0222 0222 0242 0132 0217 0096 0068 0066 0073 0079 0074 0080 0111 //// 10324 ///// ///// ////
000000000000000000000000000000000000000000000000000000000000000000000000000000000000000000000000000000000000000000000000=
54900 354200 1150100 00537 00541 4
20100325030000 000 060 354 057 347 059 0241 023 059 001 111 0225 0000 0058 0062 0248 0051 0201 059 059 0249 054 -016 10257 10259 0225 10252 0204 0162 0193 0233 0145 0206 0215 0228 0249 0189 0205 0112 0077 0072 0077 0084 0081 0083 0110 //// 10325 ///// ///// ////
000000000000000000000000000000000000000000000000000000000000000000000000000000000000000000000000000000000000000000000000=
54901 360500 1151000 00475 00478 4
20100325030000 355 062 349 055 345 055 0253 012 048 333 094 0259 0000 0048 0048 0300 0037 0204 060 060 0300 052 -023 10268 10270 0224 10268 0240 0103 0103 0300 0073 0201 0136 0136 0300 0110 0224 0083 0068 0065 0068 0079 0080 0076 0105 //// 10328 ///// ///// ////
000000000000000000000000000000000000000000000000000000000000000000000000000000000000000000000000000000000000000000000000=
54903 355100 1152900 00457 00506 4
20100325030000 024 034 026 033 019 053 0246 040 041 018 098 0249 0000 0055 0055 0300 0035 0212 059 059 0300 053 -019 10259 10259 0300 10255 0210 0156 0159 0259 0075 0234 0215 0215 0300 0115 0211 0085 0069 0069 0074 0080 0080 0090 0114 //// 10323 ///// ///// ////
000000000000000000000000000000000000000000000000000000000000000000000000000000000000000000000000000000000000000000000000=
57184 333800 1132200 00834 00847 4
20100325030000 320 066 316 060 321 065 0229 322 064 319 112 0248 0000 0112 0113 0256 0101 0201 023 020 0247 031 -092 10206 10211 0232 10206 0300 0119 0128 0244 0103 0201 0168 0185 0243 0131 0201 0110 0090 0087 0092 0100 0102 0104 0129 //// 10310 ///// ///// ////
000000000000000000000000000000000000000000000000000000000000000000000000000000000000000000000000000000000000000000000000=
57177 332000 1133200 00898 00913 4
20100325030000 328 060 324 056 324 070 0222 321 067 258 124 0216 0000 0114 0114 0300 0107 0222 020 018 0221 027 -108 10202 10203 0243 10198 0211 0207 0221 0259 0167 0218 0169 0173 0259 0135 0201 0096 0086 0073 0087 0102 0104 0105 0121 //// 10315 ///// ///// ////
000000000000000000000000000000000000000000000000000000000000000000000000000000000000000000000000000000000000000000000000=
57075 341000 1125200 02031 02043 4
20100325030000 344 079 337 078 335 086 0214 022 070 336 138 0229 0000 0105 0105 0300 0096 0205 017 014 0235 022 -135 10071 10074 0226 10069 0255 0163 0186 0255 0136 0205 0209 0225 0255 0151 0205 0108 0081 0078 0081 0096 0101 0097 0118 //// 10322 ///// ///// ////
000000000000000000000000000000000000000000000000000000000000000000000000000000000000000000000000000000000000000000000000=
57173 334500 1125300 01457 01468 4
20100325030000 321 089 322 080 325 094 0238 307 071 330 141 0235 0000 0112 0114 0254 0103 0202 015 014 0202 020 -145 10136 10140 0205 10136 0300 0174 0185 0249 0136 0207 0181 0189 0251 0126 0207 0098 0081 0081 0084 0100 0103 0104 0133 //// 10318 ///// ///// ////
000000000000000000000000000000000000000000000000000000000000000000000000000000000000000000000000000000000000000000000000=
57180 335900 1131200 01175 01186 4
20100325030000 353 036 332 035 311 073 0202 327 039 288 098 0202 0000 0113 0114 0256 0100 0201 016 014 0236 021 -136 10172 10175 0221 10172 0300 0217 0233 0253 0139 0207 0247 0251 0253 0155 0207 0121 0085 0080 0086 0099 0099 0101 0130 //// 10318 ///// ///// ////
000000000000000000000000000000000000000000000000000000000000000000000000000000000000000000000000000000000000000000000000=
57181 335300 1130300 01364 01380 4
20100325030000 341 063 328 069 320 082 0247 341 052 310 126 0244 0000 0108 0108 0300 0094 0201 023 022 0258 030 -095 10150 10155 0208 10150 0259 0180 0183 0256 0131 0201 0177 0178 0258 0124 0201 0101 0077 0076 0083 0095 0101 0102 0129 //// 10321 ///// ///// ////
000000000000000000000000000000000000000000000000000000000000000000000000000000000000000000000000000000000000000000000000
150 10- 000 000 6500 /////////////////////CIE 002 0000 6///1 0//// 7//// 1//// 2//// 3//// /// /// /// // 911// 915// 919// 934// 939//=
57171 334600 1130700 01420 01430 4
20100325030000 324 100 316 107 312 113 0255 330 098 318 148 0223 0000 0107 0108 0239 0099 0201 020 017 0252 026 -113 10134 10139 0219 10133 0254 0152 0152 0238 0123 0210 0192 0192 0300 0142 0210 0112 0090 0086 0090 0103 0111 0114 0125 //// 10310 ///// ///// ////
000000000000000000000000000000000000000000000000000000000000000000000000000000000000000000000000000000000000000000000000=
57175 330300 1121400 01914 01922 4
20100325030000 278 041 291 040 275 053 0233 271 048 271 081 0225 0000 0143 0143 0300 0129 0201 021 019 0231 034 -077 10073 10074 0243 10071 0212 0227 0227 0300 0176 0201 0233 0233 0300 0182 0201 0136 0098 0087 0091 0104 0108 0111 0138 //// 10308 ///// ///// ////
000000000000000000000000000000000000000000000000000000000000000000000000000000000000000000000000000000000000000000000000=
57156 331800 1113000 02503 02523 4
20100325030000 304 037 301 037 006 040 0205 330 078 330 078 0300 0000 0126 0129 0246 0116 0202 016 015 0256 023 -126 10006 10007 0240 10002 0201 0120 0122 0250 0092 0204 0214 0235 0246 0163 0211 0112 0083 0080 0086 0102 0110 0117 0142 //// 10315 ///// ///// ////
000000000000000000000000000000000000000000000000000000000000000000000000000000000000000000000000000000000000000000000000
200 10- 000 000 6600 /////////////////////CIE 002 0000 6///1 0//// 7//// 1//// 2//// 3//// /// /// /// // 911// 915// 919// 934// 939//=
57271 323300 1122300 00879 00897 4
20100325030000 323 042 314 047 312 048 0258 302 048 305 091 0257 0000 0141 0141 0257 0126 0201 033 033 0300 053 -019 10197 10199 0232 10196 0204 0245 0258 0244 0228 0211 0220 0222 0249 0196 0201 0142 0104 0092 0094 0100 0106 0114 0139 //// 10307 ///// ///// ////
000000000000000000000000000000000000000000000000000000000000000000000000000000000000000000000000000000000000000000000000=
57261 330700 1113100 02330 02345 4
20100325030000 135 072 132 074 132 090 0238 132 069 125 133 0233 0000 0127 0127 0300 0117 0211 018 016 0207 026 -110 10020 10021 0251 10017 0209 0192 0197 0257 0150 0233 0175 0175 0300 0143 0233 0105 0089 0085 0087 0111 0121 0128 //// //// 10307 ///// ///// ////
000000000000000000000000000000000000000000000000000000000000000000000000000000000000000000000000000000000000000000000000=
57285 322300 1132500 01530 01492 4
20100325030000 343 037 327 039 326 049 0242 333 027 319 086 0238 0000 0135 0135 0259 0124 0218 028 028 0256 043 -046 10124 10126 0249 10124 0201 0245 0245 0300 0200 0219 0210 0210 0300 0176 0206 0127 0099 0089 0089 0101 0108 0110 0135 //// 10307 ///// ///// ////
000000000000000000000000000000000000000000000000000000000000000000000000000000000000000000000000000000000000000000000000
200 002 000 000 6500 //////////////////CIICIE 001 0000 6///1 0//// 7//// 1//// 2//// 3//// /// /// /// // 911// 915// 919// 934// 939//=
57273 324100 1125100 01095 01105 4
20100325030000 047 032 054 030 020 052 0233 032 055 001 101 0220 0000 0138 0140 0256 0129 0201 031 022 0229 049 -030 10173 10173 0259 10167 0202 0201 0215 0202 0175 0229 0215 0217 0257 0184 0211 0126 0101 0091 0095 0108 0111 0112 0136 //// 10309 ///// ///// ////
000000000000000000000000000000000000000000000000000000000000000000000000000000000000000000000000000000000000000000000000=
57187 330400 1125600 01180 01193 4
20100325030000 031 048 027 054 029 060 0253 052 044 018 098 0232 0000 0127 0127 0300 0121 0201 019 019 0300 028 -103 10154 10156 0218 10152 0201 0190 0206 0257 0175 0244 0183 0186 0259 0161 0201 0119 0086 0084 0088 0108 0111 0110 0132 //// 10301 ///// ///// ////
000000000000000000000000000000000000000000000000000000000000000000000000000000000000000000000000000000000000000000000000=
57178 330200 1123500 01292 01305 4
20100325030000 344 033 351 031 338 052 0209 355 041 332 075 0208 0000 0142 0142 0300 0133 0201 015 013 0245 024 -121 10148 10149 0236 10146 0202 0256 0262 0259 0216 0201 0193 0194 0259 0144 0201 0116 0091 0084 0084 0106 0108 0110 0132 0003 10308 ///// ///// ////
000000000000000000000000000000000000000000000000000000000000000000000000000000000000000000000000000000000000000000000000
200 009 000 000 6300 /////////////////////CIE 002 0000 6///1 0//// 7//// 1//// 2//// 3//// /// /// /// // 911// 915// 919// 934// 939//=
57169 330300 1115200 01591 01600 4
20100325030000 309 045 310 039 305 052 0231 305 043 285 088 0216 0000 0138 0141 0256 0130 0219 022 021 0259 035 -075 10116 10116 0240 10113 0212 0141 0144 0257 0127 0201 0194 0210 0255 0181 0218 0124 0095 0088 0089 0101 0106 0108 0133 //// 10312 ///// ///// ////
000000000000000000000000000000000000000000000000000000000000000000000000000000000000000000000000000000000000000000000000=
57176 332900 1122500 02311 02304 4
20100325030000 025 053 023 061 024 062 0258 035 066 012 107 0258 0000 0127 0135 0246 0119 0201 013 013 0259 019 -150 10026 10029 0229 10025 0203 0228 0266 0248 0197 0234 0177 0196 0245 0144 0201 0114 0088 0082 0084 0105 0112 0112 0130 //// 10308 ///// ///// ////
000000000000000000000000000000000000000000000000000000000000000000000000000000000000000000000000000000000000000000000000=
57179 331700 1130000 01604 01616 4
20100325030000 357 064 002 053 002 056 0236 004 123 004 123 0300 0000 0125 0126 0256 0119 0201 017 015 0230 025 -119 10114 10117 0241 10112 0211 0223 0234 0224 0199 0235 0174 0179 0256 0142 0201 0107 0084 0081 0084 0099 0104 0105 0132 //// 10313 ///// ///// ////
000000000000000000000000000000000000000000000000000000000000000000000000000000000000000000000000000000000000000000000000=
57274 324200 1120700 01076 01088 4
20100325030000 306 051 297 050 297 050 0300 296 071 308 088 0251 0000 0138 0139 0259 0124 0231 032 031 0253 050 -026 10171 10179 0238 10171 0259 0242 0276 0237 0229 0206 0206 0223 0237 0184 0205 0137 0105 0095 0096 0111 0115 0116 0140 //// 10305 ///// ///// ////
000000000000000000000000000000000000000000000000000000000000000000000000000000000000000000000000000000000000000000000000=
57065 343000 1121100 01949 01964 4
20100325030000 270 072 282 064 267 082 0207 237 068 265 129 0207 0000 0109 0109 0256 0102 0218 013 013 0300 017 -165 10085 10091 0226 10085 0259 0154 0154 0300 0135 0219 0248 0249 0256 0215 0221 0125 0097 0090 0093 0098 0103 0110 0138 //// 10327 ///// ///// ////
000000000000000000000000000000000000000000000000000000000000000000000000000000000000000000000000000000000000000000000000=
57074 342500 1122500 01973 01989 4
20100325030000 332 022 296 039 288 042 0258 035 010 282 105 0256 0000 0109 0110 0254 0104 0201 015 015 0222 020 -147 10082 10087 0220 10082 0300 0170 0189 0202 0152 0226 0237 0244 0254 0202 0228 0112 0090 0088 0092 0098 0103 0103 0125 //// 10326 ///// ///// ////
000000000000000000000000000000000000000000000000000000000000000000000000000000000000000000000000000000000000000000000000=
57076 344400 1124700 01895 01901 4
20100325030000 282 042 311 040 319 057 0237 282 044 304 094 0238 0000 0106 0109 0251 0096 0204 014 013 0228 018 -158 10090 10092 0243 10089 0219 0236 0261 0255 0199 0201 0272 0293 0256 0217 0201 0120 0083 0074 0078 0089 0089 0089 0120 //// 10324 ///// ///// ////
000000000000000000000000000000000000000000000000000000000000000000000000000000000000000000000000000000000000000000000000=
57070 344400 1120700 03640 03595 4
20100325030000 321 049 316 041 331 079 0205 347 039 338 130 0202 0000 0093 0093 0300 0080 0204 015 015 0204 018 -160 09886 09891 0234 09885 0201 0190 0204 0238 0159 0203 0269 0271 0257 0204 0203 0111 0080 0078 0082 0088 0092 0095 0122 //// 10325 ///// ///// ////
000000000000000000000000000000000000000000000000000000000000000000000000000000000000000000000000000000000000000000000000=
57162 340900 1120500 03258 03275 4
20100325030000 003 017 004 026 350 031 0219 356 009 007 068 0258 0000 0106 0107 0249 0098 0201 012 011 0254 015 -176 09923 09930 0214 09923 0300 0197 0219 0251 0148 0208 0228 0235 0255 0152 0201 0105 0073 0073 0081 0094 0097 0102 0132 //// 10323 ///// ///// ////
000000000000000000000000000000000000000000000000000000000000000000000000000000000000000000000000000000000000000000000000=
57078 340900 1122800 03365 03340 4
20100325030000 332 066 328 060 308 070 0223 338 071 282 143 0214 0000 0094 0094 0258 0085 0207 013 013 0254 015 -176 09915 09920 0233 09915 0208 0207 0217 0250 0144 0206 0197 0197 0300 0129 0206 0096 0073 0070 0077 0094 0098 0097 0118 //// 10323 ///// ///// ////
000000000000000000000000000000000000000000000000000000000000000000000000000000000000000000000000000000000000000000000000=
57071 344900 1122600 03333 03332 4
20100325030000 202 053 200 050 198 064 0213 178 051 192 099 0212 0000 0092 0093 0256 0085 0213 013 013 0300 015 -178 09920 09922 0246 09920 0258 0188 0196 0259 0158 0204 0277 0281 0259 0210 0204 0115 0082 0075 0079 0085 0089 0091 0119 //// 10328 ///// ///// ////
000000000000000000000000000000000000000000000000000000000000000000000000000000000000000000000000000000000000000000000000
250 003 000 000 5100 /////////////////////CIE 002 0000 6///1 0//// 7//// 1//// 2//// 3//// /// /// /// // 911// 915// 919// 934// 939//=
57066 342300 1114000 03283 03298 4
20100325030000 287 023 301 027 307 030 0241 279 026 353 075 0237 0000 0096 0099 0229 0091 0203 013 013 0249 016 -175 09932 09937 0212 09932 0300 0167 0225 0228 0138 0202 0204 0220 0229 0149 0202 0094 0068 0070 0078 0088 0091 0091 0115 //// 10336 ///// ///// ////
000000000000000000000000000000000000000000000000000000000000000000000000000000000000000000000000000000000000000000000000=
57077 334700 1113900 07424 07388 4
20100325030000 250 023 269 033 266 064 0211 271 013 310 093 0235 0000 0066 0067 0256 0055 0201 016 014 0212 016 -174 09440 09446 0224 09440 0258 0171 0171 0236 0112 0201 0148 0154 0236 0095 0201 0066 0046 0048 0057 0080 0086 0091 0116 //// 10331 ///// ///// ////
000000000000000000000000000000000000000000000000000000000000000000000000000000000000000000000000000000000000000000000000
180 10- 000 000 6200 /////////////////////CIE 002 0000 6///1 0//// 7//// 1//// 2//// 3//// /// /// /// // 911// 915// 919// 934// 939//=
57185 332700 1133500 00911 00921 4
20100325030000 320 046 329 053 335 062 0254 313 064 316 095 0203 0000 0117 0117 0300 0107 0203 024 019 0226 033 -082 10199 10200 0212 10198 0201 0225 0231 0257 0180 0205 0196 0198 0257 0150 0201 0110 0085 0082 0078 0102 0104 0101 0123 //// 10313 ///// ///// ////
000000000000000000000000000000000000000000000000000000000000000000000000000000000000000000000000000000000000000000000000=
57183 334800 1135500 00600 00615 4
20100325030000 035 037 036 048 028 063 0207 012 042 032 113 0221 0000 0082 0083 0253 0075 0209 055 051 0207 060 -003 10240 10240 0258 10235 0201 0162 0167 0251 0125 0209 0170 0172 0251 0128 0213 0105 0088 0086 0090 0100 0099 0097 0122 //// 10317 ///// ///// ////
000000000000000000000000000000000000000000000000000000000000000000000000000000000000000000000000000000000000000000000000=
57186 333600 1140300 00587 00598 4
20100325030000 009 065 010 060 010 060 0300 021 087 046 096 0255 0000 0091 0092 0205 0087 0229 045 045 0300 052 -022 10241 10243 0244 10238 0201 0170 0187 0250 0137 0211 0175 0188 0257 0144 0211 0115 0092 0086 0091 0102 0103 0103 0133 //// 10315 ///// ///// ////
000000000000000000000000000000000000000000000000000000000000000000000000000000000000000000000000000000000000000000000000=
57094 342400 1141300 00674 00685 4
20100325030000 051 031 047 035 033 051 0235 046 048 054 094 0234 0000 0076 0076 0300 0057 0205 053 051 0255 055 -014 10243 10244 0257 10240 0225 0220 0220 0300 0160 0218 0237 0237 0300 0175 0204 0119 0089 0082 0082 0097 0096 0091 0117 //// 10329 ///// ///// ////
000000000000000000000000000000000000000000000000000000000000000000000000000000000000000000000000000000000000000000000000=
57191 342900 1142900 00634 00642 4
20100325030000 036 031 019 034 343 040 0254 057 028 004 076 0253 0000 0079 0079 0300 0057 0201 053 051 0253 056 -011 10248 10251 0207 10247 0257 0155 0163 0247 0115 0214 0232 0232 0300 0155 0215 0109 0084 0080 0083 0096 0093 0095 0124 //// 10328 ///// ///// ////
000000000000000000000000000000000000000000000000000000000000000000000000000000000000000000000000000000000000000000000000=
57096 343200 1144700 00597 00607 4
20100325030000 023 041 019 043 346 055 0227 356 018 339 141 0244 0000 0081 0081 0300 0059 0202 050 049 0253 054 -017 10242 10246 0233 10240 0201 0177 0183 0235 0125 0202 0255 0255 0251 0191 0202 0125 0090 0086 0092 0103 0100 0102 0128 //// 10318 ///// ///// ////
000000000000000000000000000000000000000000000000000000000000000000000000000000000000000000000000000000000000000000000000=
57091 344700 1141800 00737 00748 4
20100325030000 035 066 036 060 041 077 0233 029 041 026 110 0228 0000 0077 0079 0256 0062 0201 043 042 0259 045 -041 10232 10236 0244 10230 0206 0194 0210 0246 0136 0201 0246 0251 0246 0183 0201 0119 0092 0091 0089 0103 0101 0101 0123 //// 10325 ///// ///// ////
000000000000000000000000000000000000000000000000000000000000000000000000000000000000000000000000000000000000000000000000
150 000 000 000 //// //////////////////////// /// 0000 6///1 0//// 7//// 1//// 2//// 3//// /// /// /// // 911// 915// 919// 934// 939//=
53978 350500 1123800 01401 01409 4
20100325030000 341 054 351 042 347 065 0233 338 055 012 118 0225 0000 0114 0114 0300 0103 0210 017 014 0233 023 -128 10147 10151 0218 10147 0258 0235 0244 0258 0191 0216 0290 0291 0258 0230 0206 0142 0105 0092 0093 0090 0092 0097 0125 //// 10320 ///// ///// ////
000000000000000000000000000000000000000000000000000000000000000000000000000000000000000000000000000000000000000000000000=
53984 351400 1132800 00827 00837 4
20100325030000 121 037 116 037 115 044 0228 124 043 110 063 0220 0000 0085 0085 0300 0075 0201 048 046 0212 053 -019 10223 10226 0227 10222 0201 0233 0237 0241 0196 0201 0272 0272 0300 0220 0201 0118 0090 0082 0087 0094 0095 0095 0121 //// 10327 ///// ///// ////
000000000000000000000000000000000000000000000000000000000000000000000000000000000000000000000000000000000000000000000000=
53987 350600 1132500 00910 00918 4
20100325030000 102 045 092 041 101 047 0202 105 031 111 081 0219 0000 0081 0082 0233 0075 0201 053 050 0207 057 -009 10213 10217 0231 10213 0300 0173 0178 0257 0142 0201 0238 0238 0300 0185 0201 0136 0105 0095 0094 0096 0098 0100 0127 //// 10327 ///// ///// ////
000000000000000000000000000000000000000000000000000000000000000000000000000000000000000000000000000000000000000000000000=
57079 345700 1130200 01064 01069 4
20100325030000 305 053 317 048 335 060 0228 305 042 347 092 0214 0000 0109 0111 0242 0101 0201 022 016 0244 029 -100 10186 10191 0220 10185 0252 0200 0226 0257 0185 0206 0296 0302 0257 0230 0201 0127 0090 0081 0083 0093 0096 0095 0120 //// 10319 ///// ///// ////
000000000000000000000000000000000000000000000000000000000000000000000000000000000000000000000000000000000000000000000000=
53972 350700 1125500 01196 01210 4
20100325030000 344 035 341 038 342 047 0238 327 044 306 080 0233 0000 0114 0114 0300 0102 0201 015 015 0300 020 -143 10171 10177 0224 10171 0300 0261 0274 0249 0218 0201 0325 0325 0256 0255 0201 0144 0105 0095 0095 0096 0098 0109 0136 //// 10320 ///// ///// ////
000000000000000000000000000000000000000000000000000000000000000000000000000000000000000000000000000000000000000000000000=
57072 345500 1124500 01275 01285 4
20100325030000 340 042 332 047 338 060 0218 333 048 324 091 0249 0000 0113 0113 0300 0102 0201 014 014 0300 019 -152 10166 10170 0203 10166 0300 0201 0208 0240 0170 0201 0288 0288 0300 0218 0201 0122 0089 0081 0082 0085 0087 0087 0113 //// 10324 ///// ///// ////
000000000000000000000000000000000000000000000000000000000000000000000000000000000000000000000000000000000000000000000000=
53982 351400 1131600 01120 01135 4
20100325030000 155 039 142 033 116 034 0246 141 026 127 057 0240 0000 0093 0100 0237 0091 0211 040 036 0231 047 -036 10182 10185 0225 10181 0201 0175 0181 0255 0149 0206 0286 0290 0255 0236 0201 0140 0104 0093 0095 0097 0098 0101 0131 //// 10322 ///// ///// ////
000000000000000000000000000000000000000000000000000000000000000000000000000000000000000000000000000000000000000000000000=
53979 350900 1130500 01200 01211 4
20100325030000 100 055 104 048 348 058 0210 121 048 025 088 0235 0000 0103 0117 0222 0100 0251 039 014 0237 049 -030 10172 10175 0228 10171 0201 0172 0214 0233 0169 0250 0265 0299 0238 0246 0201 0139 0098 0091 0094 0098 0099 0104 0132 //// 10322 ///// ///// ////
000000000000000000000000000000000000000000000000000000000000000000000000000000000000000000000000000000000000000000000000=
53974 353700 1141100 00723 00739 4
20100325030000 025 046 030 053 032 055 0258 018 052 018 083 0251 0000 0074 0074 0300 0053 0216 052 052 0300 054 -018 10237 10243 0229 10237 0259 0154 0154 0243 0113 0203 0242 0242 0300 0156 0203 0106 0079 0079 0084 0091 0091 0097 0124 //// 10329 ///// ///// ////
000000000000000000000000000000000000000000000000000000000000000000000000000000000000000000000000000000000000000000000000=
53990 354300 1141900 00795 00805 4
20100325030000 030 045 018 048 353 056 0224 040 039 350 083 0251 0000 0067 0067 0300 0050 0201 059 058 0258 058 -007 10230 10236 0226 10230 0300 0148 0165 0252 0101 0228 0273 0276 0253 0177 0219 0093 0073 0073 0083 0091 0085 0083 0111 //// 10331 ///// ///// ////
000000000000000000000000000000000000000000000000000000000000000000000000000000000000000000000000000000000000000000000000=
53991 355600 1142100 00743 00753 4
20100325030000 031 021 034 026 033 033 0233 066 014 023 055 0233 0000 0065 0065 0300 0046 0201 058 056 0254 056 -012 10237 10241 0201 10237 0300 0170 0172 0238 0106 0218 0273 0273 0300 0177 0218 0114 0077 0069 0079 0087 0084 0087 0118 //// 10331 ///// ///// ////
000000000000000000000000000000000000000000000000000000000000000000000000000000000000000000000000000000000000000000000000=
53993 355600 1145500 00516 00524 4
20100325030000 035 043 028 039 352 050 0212 046 040 352 085 0211 0000 0062 0062 0300 0046 0201 058 057 0250 055 -014 10263 10264 0215 10261 0202 0137 0157 0220 0091 0232 0192 0206 0220 0141 0232 0101 0074 0068 0071 0082 0076 0075 0108 //// 10329 ///// ///// ////
000000000000000000000000000000000000000000000000000000000000000000000000000000000000000000000000000000000000000000000000=
53889 360400 1134900 03068 03086 4
20100325030000 294 020 286 018 107 023 0201 300 020 224 033 0232 0000 0046 0046 0300 0035 0201 055 053 0232 047 -037 09947 09952 0201 09947 0300 0152 0152 0300 0071 0201 0196 0196 0300 0112 0201 0108 0085 0073 0068 0074 0075 0088 0098 //// 10326 ///// ///// ////
000000000000000000000000000000000000000000000000000000000000000000000000000000000000000000000000000000000000000000000000=
53995 353300 1143000 00625 00645 4
20100325030000 340 048 344 047 337 052 0209 327 044 350 096 0233 0000 0070 0070 0300 0053 0201 053 052 0244 053 -019 10246 10250 0213 10246 0238 0179 0188 0223 0151 0206 0250 0250 0300 0187 0201 0134 0092 0077 0078 0087 0087 0087 0116 //// 10327 ///// ///// ////
000000000000000000000000000000000000000000000000000000000000000000000000000000000000000000000000000000000000000000000000=
NNNN
