57090 344300 1135800 00781 00802 4
20100322140000 000 000 000 000 216 003 1301 175 000 206 010 1315 0000 0102 0104 1318 0102 1400 090 089 1329 112 0086 10107 10107 1400 10102 1301 0081 0082 1313 0080 1356 0089 0089 1301 0089 1359 0096 0101 0102 0104 0099 0091 0083 0119 //// 10205 ///// ///// ////
000000000000000000000000000000000000000000000000000000000000000000000000000000000000000000000000000000000000000000000000=
57083 344300 1133900 01104 01116 4
20100322140000 104 006 102 006 080 012 1304 101 006 073 015 1302 0000 0106 0108 1301 0106 1400 083 082 1301 106 0078 10070 10070 1400 10064 1301 0074 0075 1306 0073 1331 0089 0091 1304 0089 1355 0099 0103 0105 0107 0098 0097 0101 0126 0000 10206 ///// ///// ////
000000000000000000000000000000000000000000000000000000000000000000000000000000000000000000000000000000000000000000000000
100 010 000 /// //// /////////////////////ASP /// //// 6///1 0//// 7//// 1//// 2//// 3//// /// /// /// // 911// 915// 919// 934// 939//=
57086 342300 1134300 01166 01168 4
20100322140000 123 011 125 008 193 014 1334 119 013 187 023 1331 0000 0100 0102 1324 0100 1400 081 079 1319 099 0069 10063 10063 1359 10055 1301 0088 0091 1352 0085 1320 0089 0091 1303 0089 1400 0098 0103 0106 0107 0102 0094 0091 0116 //// 10205 ///// ///// ////
000000000000000000000000000000000000000000000000000000000000000000000000000000000000000000000000000000000000000000000000=
57085 343200 1132000 02599 02648 4
20100322140000 328 014 317 012 317 012 1400 341 013 327 016 1359 0000 0102 0105 1335 0102 1358 077 073 1337 096 0064 09885 09885 1359 09877 1305 0091 0096 1321 0091 1357 0084 0085 1301 0084 1400 0096 0102 0106 0106 0106 0097 0090 0121 //// 10202 ///// ///// ////
000000000000000000000000000000000000000000000000000000000000000000000000000000000000000000000000000000000000000000000000=
57081 344800 1132600 01409 01419 4
20100322140000 118 006 109 008 104 018 1302 125 008 102 023 1301 0000 0104 0109 1301 0104 1400 076 073 1308 096 0064 10033 10033 1400 10026 1301 0084 0097 1303 0084 1400 0088 0091 1301 0088 1400 0097 0102 0106 0103 0089 0091 0094 0117 //// 10205 ///// ///// ////
000000000000000000000000000000000000000000000000000000000000000000000000000000000000000000000000000000000000000000000000=
57084 343000 1130300 11784 11790 4
20100322140000 100 016 042 014 320 026 1315 122 016 310 043 1304 0000 0059 0064 1316 0058 1348 030 022 1320 028 -103 08845 08846 1340 08839 1301 0049 0055 1320 0046 1351 0028 0029 1301 0026 1324 0039 0054 0065 0071 0066 //// //// //// //// 10198 ///// ///// ////
000000000000000000000000000000000000000000000000000000000000000000000000000000000000000000000000000000000000000000000000=
57080 344400 1125800 01652 01661 4
20100322140000 083 007 074 010 071 011 1359 105 005 071 018 1355 0000 0111 0112 1301 0106 1330 065 064 1301 086 0048 10000 10000 1349 09992 1301 0092 0092 1400 0083 1329 0085 0085 1302 0085 1400 0094 0100 0103 0103 0092 0086 0086 0119 //// 10201 ///// ///// ////
000000000000000000000000000000000000000000000000000000000000000000000000000000000000000000000000000000000000000000000000=
57082 342800 1130100 04271 04284 4
20100322140000 167 013 163 012 167 026 1336 153 013 164 037 1333 0000 0096 0102 1301 0096 1400 062 058 1301 074 0027 09692 09692 1359 09684 1301 0090 0093 1338 0085 1317 0080 0081 1320 0080 1400 0091 0100 0106 0110 0103 0099 0098 //// //// 10202 ///// ///// ////
000000000000000000000000000000000000000000000000000000000000000000000000000000000000000000000000000000000000000000000000=
57290 330000 1140100 00827 00838 4
20100322140000 035 028 022 035 017 037 1353 026 026 007 075 1336 0000 0106 0121 1309 0106 1400 072 065 1323 092 0058 10104 10106 1357 10090 1301 0086 0103 1303 0086 1400 0095 0110 1302 0095 1400 0114 0120 0121 0123 0110 0100 0101 0132 //// 10206 ///// ///// ////
000000000000000000000000000000000000000000000000000000000000000000000000000000000000000000000000000000000000000000000000=
57295 323700 1142100 00785 00802 4
20100322140000 007 034 001 029 001 029 1400 358 055 358 055 1400 0000 0113 0117 1326 0113 1357 071 070 1301 095 0062 10093 10096 1326 10082 1302 0098 0099 1347 0095 1301 0103 0105 1313 0103 1355 0119 0118 0119 0120 0110 0102 0100 0128 //// 10191 ///// ///// ////
000000000000000000000000000000000000000000000000000000000000000000000000000000000000000000000000000000000000000000000000=
57188 332200 1140200 00559 00568 4
20100322140000 068 006 047 012 010 026 1321 032 008 004 044 1316 0009 0095 0102 1301 0095 1400 074 073 1346 088 0051 10140 10140 1343 10127 1301 0083 0090 1301 0082 1356 0093 0098 1302 0093 1356 0112 0116 0120 0117 0100 0094 0100 0133 //// 10210 ///// ///// ////
000000010000000000000001000000000000000001000000000000000000000000010000000000000000010001000000000100000100000001000000=
57293 324400 1145900 00380 00391 4
20100322140000 322 012 332 015 019 019 1338 327 012 012 027 1336 0000 0115 0115 1400 0107 1313 071 071 1400 096 0064 10150 10150 1400 10134 1317 0108 0108 1359 0098 1313 0100 0101 1301 0100 1356 0109 0113 0115 0115 0117 0105 0103 0132 //// 10198 ///// ///// ////
000000000000000000000000000000000000000000000000000000000000000000000000000000000000000000000000000000000000000000000000=
57189 330800 1135700 00646 00655 4
20100322140000 016 038 009 040 008 043 1358 009 041 032 079 1335 0002 0101 0117 1301 0101 1400 077 068 1343 095 0063 10130 10132 1357 10115 1301 0081 0111 1303 0081 1400 0088 0110 1301 0088 1400 0114 0119 0121 0121 0103 0095 0096 0122 //// 10210 ///// ///// ////
000000000000000000000000000000000000000000000000000000000000000000000000000000000000000000000000000000000000000000010001=
57194 331700 1141600 00598 00609 4
20100322140000 017 023 015 023 360 037 1301 353 018 327 062 1314 0000 0100 0110 1301 0100 1400 069 066 1312 085 0046 10131 10132 1352 10116 1301 0076 0102 1305 0076 1400 0091 0102 1302 0091 1359 0107 0115 0116 0114 0099 0095 0095 0126 //// 10206 ///// ///// ////
000000000000000000000000000000000000000000000000000000000000000000000000000000000000000000000000000000000000000000000000=
57197 330000 1142000 00489 00545 4
20100322140000 001 038 008 032 008 032 1400 341 013 012 079 1359 0000 0113 0119 1301 0113 1400 068 065 1341 091 0056 10135 10135 1400 10119 1303 0089 0101 1352 0089 1400 0091 0101 1301 0091 1400 0105 0111 0113 0111 0111 0101 0098 0125 //// 10202 ///// ///// ////
000000000000000000000000000000000000000000000000000000000000000000000000000000000000000000000000000000000000000000000000=
57294 325000 1140100 00836 00846 4
20100322140000 018 026 016 042 018 052 1338 029 051 018 082 1344 0000 0118 0124 1324 0118 1400 071 063 1322 098 0067 10092 10094 1343 10081 1306 0105 0123 1324 0104 1359 0102 0111 1302 0102 1400 0112 0116 0118 0117 0111 0108 0100 0118 //// 10195 ///// ///// ////
000000000000000000000000000000000000000000000000000000000000000000000000000000000000000000000000000000000000000000000000=
57292 325800 1143800 00444 00453 4
20100322140000 349 030 347 030 347 030 1400 007 031 344 047 1357 0000 0112 0116 1301 0112 1400 073 073 1400 097 0065 10145 10146 1354 10130 1304 0102 0104 1335 0101 1305 0101 0104 1301 0101 1400 0109 0114 0116 0119 0113 0104 0102 0133 //// 10200 ///// ///// ////
000000000000000000000000000000000000000000000000000000000000000000000000000000000000000000000000000000000000000000000000=
57195 333700 1143700 00466 00476 4
20100322140000 337 008 006 009 091 020 1340 268 007 102 043 1335 0005 0105 0107 1301 0103 1323 068 063 1343 086 0049 10146 10146 1400 10133 1316 0080 0082 1311 0077 1343 0089 0091 1322 0088 1347 0102 0113 0118 0119 0106 0097 0100 0142 //// 10204 ///// ///// ////
000100000000000000000100000000000000000100000000010000000000000100000000000000000000000000000000000000000000000000000000=
57193 334700 1143100 00526 00541 4
20100322140000 298 014 302 014 302 014 1400 265 012 336 053 1355 0001 0110 0111 1333 0106 1331 066 064 1328 087 0049 10139 10140 1357 10129 1302 0084 0088 1346 0084 1320 0095 0096 1349 0095 1400 0108 0112 0116 0117 0107 0099 0103 0131 //// 10205 ///// ///// ////
000000000000000000000000000000000000000000000000000000000000000000000000000000000000000000000000000000010000000000000000=
57196 332800 1145200 00420 00428 4
20100322140000 089 013 068 014 002 040 1332 121 019 004 065 1331 0001 0096 0108 1301 0095 1357 071 068 1307 085 0046 10146 10148 1333 10134 1301 0074 0101 1308 0074 1400 0086 0092 1301 0085 1347 0102 0108 0109 0108 0106 0098 0103 0132 //// 10198 ///// ///// ////
000000000000000000000000000000000000000000000000000000000000000000000000000000000000000000000000000000000000000001000000=
57099 340400 1145100 00526 00536 4
20100322140000 044 004 343 008 290 012 1356 054 004 350 019 1351 0000 0098 0099 1352 0097 1306 087 087 1400 105 0077 10134 10136 1326 10127 1348 0083 0085 1352 0083 1317 0092 0094 1301 0092 1400 0102 0106 0105 0105 0101 0092 0097 0132 //// 10199 ///// ///// ////
000000000000000000000000000000000000000000000000000000000000000000000000000000000000000000000000000000000000000000000000=
58104 332400 1150400 00412 00425 4
20100322140000 341 013 009 018 003 025 1349 293 011 333 052 1348 0000 0107 0116 1301 0107 1400 064 062 1348 082 0042 10146 10149 1346 10132 1301 0100 0109 1310 0100 1400 0091 0096 1301 0091 1400 0100 0107 0109 0110 0106 0096 0097 0136 //// 10198 ///// ///// ////
000000000000000000000000000000000000000000000000000000000000000000000000000000000000000000000000000000000000000000000000=
57198 333300 1143700 00463 00473 4
20100322140000 014 013 025 011 025 027 1301 068 016 023 040 1314 0005 0100 0109 1301 0099 1355 069 062 1301 085 0046 10148 10149 1358 10135 1317 0080 0082 1332 0078 1301 0092 0093 1332 0091 1311 0108 0115 0117 0118 0107 0103 0105 0137 //// 10206 ///// ///// ////
000000000000000100000000000000000100000000000000000000000100000000000000010000000000000000000000000000000000000100000000=
58101 335200 1152900 00413 00428 4
20100322140000 334 019 333 021 328 022 1303 344 022 333 033 1301 0000 0098 0100 1302 0098 1357 082 077 1301 099 0069 10143 10143 1350 10135 1317 0082 0082 1355 0080 1301 0086 0087 1336 0086 1359 0102 0103 0106 0106 0103 0096 0097 0131 //// 10195 ///// ///// ////
000000000000000000000000000000000000000000000000000000000000000000000000000000000000000000000000000000000000000000000000=
57192 334400 1145100 00455 00466 4
20100322140000 278 009 290 013 315 023 1346 273 006 279 037 1344 0000 0103 0104 1335 0102 1303 076 072 1332 095 0063 10143 10144 1344 10134 1330 0085 0087 1333 0084 1341 0092 0095 1329 0092 1350 0107 0117 0121 0119 0112 0104 0105 0141 //// 10200 ///// ///// ////
000000000000000000000000000000000000000000000000000000000000000000000000000000000000000000000000000000000000000000000000=
57098 340500 1142400 00583 00593 4
20100322140000 296 024 294 023 296 025 1306 307 021 288 037 1304 0000 0099 0100 1311 0098 1301 089 087 1301 108 0082 10129 10129 1400 10123 1321 0091 0091 1400 0088 1316 0094 0096 1301 0094 1356 0100 0104 0106 0107 0103 0094 0095 0129 //// 10201 ///// ///// ////
000000000000000000000000000000000000000000000000000000000000000000000000000000000000000000000000000000000000000000000000=
57190 334500 1142400 00505 00516 4
20100322140000 226 020 248 019 264 025 1351 228 020 287 036 1351 0000 0099 0100 1301 0097 1341 075 075 1400 091 0057 10142 10142 1400 10130 1306 0083 0086 1338 0083 1400 0089 0092 1302 0089 1400 0103 0110 0113 0112 0104 0095 0099 0130 //// 10205 ///// ///// ////
000000000000000000000000000000000000000000000000000000000000000000000000000000000000000000000000000000000000000000000000=
58100 333900 1151000 00414 00424 4
20100322140000 325 011 344 012 333 016 1329 350 008 333 039 1318 0003 0096 0101 1301 0094 1332 078 073 1301 093 0060 10146 10147 1358 10136 1340 0080 0080 1351 0077 1317 0088 0088 1359 0085 1318 0104 0112 0118 0120 0112 0105 0107 0136 //// 10198 ///// ///// ////
000000000000000000000100000000000000000000000000000000000000000001000000000000000000000000000000000000000000010000000000=
57088 340900 1133000 01161 01177 4
20100322140000 239 009 236 010 340 021 1322 239 012 059 031 1321 0000 0104 0104 1400 0102 1301 085 085 1400 107 0080 10062 10062 1400 10054 1314 0089 0094 1322 0089 1400 0091 0093 1301 0091 1400 0102 0110 0114 0114 0104 0098 0100 0126 //// 10205 ///// ///// ////
000000000000000000000000000000000000000000000000000000000000000000000000000000000000000000000000000000000000000000000000=
57095 340700 1140900 00611 00622 4
20100322140000 285 011 283 012 283 013 1359 298 010 279 018 1356 0000 0098 0099 1301 0097 1335 090 090 1400 109 0082 10127 10127 1400 10120 1305 0087 0089 1308 0082 1334 0092 0094 1301 0092 1358 0100 0106 0110 0112 0101 0093 0093 0125 //// 10203 ///// ///// ////
000000000000000000000000000000000000000000000000000000000000000000000000000000000000000000000000000000000000000000000000=
57182 335100 1133000 00805 00814 4
20100322140000 214 027 213 024 211 026 1329 204 025 226 041 1355 0005 0107 0108 1337 0103 1318 081 080 1333 104 0076 10109 10109 1400 10100 1301 0090 0094 1304 0090 1355 0097 0100 1301 0097 1400 0114 0120 0124 0120 0109 0102 0106 0139 //// 10208 ///// ///// ////
000000000000000000000000000000000100000000000000000000000001000000000000000000010000000000000001000000000000010000000000=
57087 341200 1134800 00877 00885 4
20100322140000 174 011 206 009 255 017 1319 189 011 256 027 1318 0000 0107 0108 1337 0107 1400 084 083 1324 108 0081 10096 10096 1400 10088 1301 0092 0096 1354 0090 1343 0093 0094 1301 0093 1400 0099 0106 0109 0108 0098 0093 0096 0124 //// 10204 ///// ///// ////
000000000000000000000000000000000000000000000000000000000000000000000000000000000000000000000000000000000000000000000000=
57297 320800 1140300 01145 01154 4
20100322140000 009 036 359 036 014 037 1344 007 035 029 067 1339 0000 0122 0124 1302 0122 1400 068 066 1301 097 0065 10047 10049 1355 10036 1306 0115 0117 1341 0114 1359 0111 0112 1341 0111 1301 0118 0123 0128 0130 0124 0118 0113 //// //// 10187 ///// ///// ////
000000000000000000000000000000000000000000000000000000000000000000000000000000000000000000000000000000000000000000000000=
57296 322100 1144400 00489 00501 4
20100322140000 093 011 082 012 082 023 1302 116 010 082 036 1301 0003 0111 0114 1301 0111 1400 077 074 1301 102 0072 10131 10137 1332 10115 1301 0093 0095 1337 0091 1306 0100 0101 1336 0099 1302 0114 0122 0127 0129 0121 0110 0108 0131 //// 10192 ///// ///// ////
010000000000000000000000000000000000000000000000000000000000000000000000000000000000000000000200000000000000000000000000=
57396 313800 1145100 01287 01297 4
20100322140000 350 080 354 078 346 081 1326 339 085 335 134 1325 0016 0088 0092 1301 0087 1343 084 082 1306 095 0062 10018 10025 1302 10005 1309 0078 0081 1301 0077 1344 0084 0086 1303 0083 1353 0096 0111 0122 0127 0130 0116 //// //// //// 10175 ///// ///// ////
000000000000000000000002010100010001000100010000000000000100000001010101010001000100000000000000000000000000000000000000=
58301 314900 1152300 00916 00929 4
20100322140000 018 024 031 031 041 044 1353 026 026 065 076 1350 0019 0087 0090 1301 0087 1400 086 084 1305 097 0065 10076 10086 1339 10063 1350 0079 0082 1341 0078 1352 0090 0093 1324 0089 1351 0106 0117 0126 0130 0133 0119 0106 0128 //// 10189 ///// ///// ////
000001000000020000000000000000000000000000000000000001000000000000010001000000000000000100010101020201010100000100000001=
57298 321300 1143300 00554 00562 4
20100322140000 065 036 113 024 113 024 1400 068 040 068 040 1400 0009 0103 0106 1301 0103 1400 087 082 1316 109 0082 10111 10128 1315 10110 1301 0092 0093 1322 0090 1337 0062 0064 1306 0062 1330 0114 0095 0120 0125 0117 0107 0099 0134 //// 10179 ///// ///// ////
000000000000000000000000000000000000000000000000010000020101010001000000000000000000010000000000000000000000000000000100=
57390 314800 1140400 07335 07347 4
20100322140000 028 059 028 058 032 074 1301 043 043 056 177 1305 0027 0056 0057 1309 0055 1301 097 092 1307 088 0052 09313 09322 1308 09304 1301 0054 0056 1356 0051 1301 0057 0059 1358 0057 1321 0070 0082 0093 0099 0107 0092 //// //// //// 10177 ///// ///// ////
000000000000000000000000000100010201010102000100010000000100000000020000010001000101000201000001000000000100020100000100=
58207 321000 1150300 00428 00440 4
20100322140000 077 010 063 015 088 026 1301 076 008 071 034 1314 0020 0101 0105 1301 0101 1400 090 085 1301 111 0085 10134 10145 1336 10118 1312 0094 0094 1313 0093 1340 0115 0118 1301 0115 1400 0099 0124 0127 0129 0121 0112 0110 0138 //// 10188 ///// ///// ////
000000000000010000000000000000000000000000000101000100010000000000010000000100000000010101010101010001000100010100010100=
58205 322800 1152600 00349 00360 4
20100322140000 225 013 205 012 049 023 1331 220 012 071 030 1329 0004 0110 0118 1315 0110 1400 081 072 1311 106 0079 10147 10147 1400 10131 1328 0096 0115 1313 0096 1400 0100 0102 1301 0100 1400 0103 0105 0109 0110 0119 0108 0108 0123 //// 10191 ///// ///// ////
000000000000000000000000000000000000000000000000000000000000010000000001000000000100000000000000000000000000000000000100=
58208 321000 1153700 00429 00439 4
20100322140000 203 033 187 028 204 031 1313 199 030 222 047 1312 0009 0095 0101 1309 0095 1400 083 080 1307 098 0068 10146 10146 1400 10122 1328 0089 0095 1310 0089 1400 0098 0104 1301 0098 1400 0111 0122 0126 0130 0119 0112 0110 0140 //// 10200 ///// ///// ////
000000000000000000000000000000000000000001000000000100000000000100000001000101000100010001000000000000000000000000000000=
57299 320100 1145400 00494 00506 4
20100322140000 209 008 116 012 079 026 1344 245 010 065 039 1342 0010 0102 0105 1301 0102 1400 085 083 1301 106 0078 10132 10132 1400 10109 1301 0090 0092 1302 0090 1400 0098 0100 1323 0098 1344 0102 0108 0114 0117 0124 0110 0105 0126 //// 10194 ///// ///// ////
000000000000000100000000000000000000000000000000000000000000000001000000000000000001000100000100000200000100010000000100=
53989 350300 1135700 00766 00777 4
20100322140000 126 000 142 001 183 012 1329 133 000 209 016 1323 0000 0101 0102 1332 0099 1301 089 088 1339 110 0084 10111 10111 1400 10102 1301 0085 0086 1350 0077 1315 0084 0084 1350 0082 1319 0093 0100 0103 0103 0094 0090 0094 0123 //// 10206 ///// ///// ////
000000000000000000000000000000000000000000000000000000000000000000000000000000000000000000000000000000000000000000000000=
53997 350900 1141100 00711 00723 4
20100322140000 009 000 340 001 165 012 1343 006 000 166 015 1337 0000 0095 0096 1340 0093 1320 090 089 1301 107 0079 10119 10119 1400 10111 1301 0071 0077 1343 0067 1301 0085 0085 1342 0084 1301 0094 0100 0102 0105 0093 0091 0095 0124 //// 10208 ///// ///// ////
000000000000000000000000000000000000000000000000000000000000000000000000000000000000000000000000000000000000000000000000=
53986 351900 1135300 00732 00740 4
20100322140000 000 000 000 000 000 000 1400 105 000 105 000 1400 0000 0101 0103 1301 0101 1328 096 095 1304 119 0095 10119 10119 1359 10108 1301 0078 0079 1329 0073 1301 0082 0082 1400 0080 1302 0095 0100 0103 0104 0096 0092 0096 0128 //// 10209 ///// ///// ////
000000000000000000000000000000000000000000000000000000000000000000000000000000000000000000000000000000000000000000000000=
53994 352300 1140400 00700 00712 4
20100322140000 280 007 254 007 080 009 1301 301 008 284 012 1331 0000 0099 0102 1301 0099 1400 090 088 1301 110 0083 10121 10121 1400 10110 1301 0074 0075 1325 0072 1301 0078 0078 1325 0077 1301 0093 0101 0105 0103 0092 0087 0092 0127 //// 10208 ///// ///// ////
000000000000000000000000000000000000000000000000000000000000000000000000000000000000000000000000000000000000000000000000=
53988 351600 1134000 00776 00784 4
20100322140000 062 011 064 010 064 010 1400 057 010 071 013 1329 0000 0093 0096 1312 0093 1400 086 085 1301 101 0071 10109 10109 1400 10099 1301 0070 0070 1400 0061 1301 0074 0074 1400 0069 1301 0089 0099 0103 0104 0092 0090 0097 0126 //// 10205 ///// ///// ////
000000000000000000000000000000000000000000000000000000000000000000000000000000000000000000000000000000000000000000000000=
53985 352700 1134900 00964 00979 4
20100322140000 294 000 089 001 085 005 1340 085 000 068 009 1337 0000 0112 0112 1400 0109 1317 073 070 1342 097 0065 10090 10090 1400 10077 1301 0103 0109 1341 0093 1320 0085 0085 1354 0082 1301 0088 0093 0092 0090 0079 0075 0082 0118 //// 10209 ///// ///// ////
000000000000000000000000000000000000000000000000000000000000000000000000000000000000000000000000000000000000000000000000=
53983 350200 1142500 00696 00708 4
20100322140000 348 007 335 007 291 008 1348 341 007 307 011 1333 0000 0092 0093 1346 0090 1305 096 095 1301 112 0086 10120 10120 1400 10112 1301 0084 0084 1359 0082 1306 0086 0087 1301 0086 1358 0092 0099 0101 0102 0088 0084 0086 0123 //// 10207 ///// ///// ////
000000000000000000000000000000000000000000000000000000000000000000000000000000000000000000000000000000000000000000000000=
53998 351200 1143900 00616 00625 4
20100322140000 306 006 293 006 295 015 1306 322 007 302 022 1305 0000 0102 0104 1310 0102 1400 080 079 1327 099 0069 10129 10130 1354 10121 1303 0084 0090 1302 0082 1355 0082 0082 1302 0082 1323 0091 0096 0099 0099 0099 0093 0094 0129 //// 10205 ///// ///// ////
000000000000000000000000000000000000000000000000000000000000000000000000000000000000000000000000000000000000000000000000=
57051 344800 1111200 04099 04117 4
20100322140000 346 014 348 006 330 011 1302 009 013 344 027 1334 0000 0121 0125 1301 0121 1359 016 016 1301 023 -130 09718 09718 1400 09707 1302 0095 0100 1326 0093 1357 0092 0096 1301 0092 1358 0103 0108 0110 0108 0092 0085 0084 0114 //// 10208 ///// ///// ////
000000000000000000000000000000000000000000000000000000000000000000000000000000000000000000000000000000000000000000000000=
57063 344600 1114600 05236 05236 4
20100322140000 282 020 280 026 290 031 1311 254 016 293 044 1305 0000 0102 0105 1325 0096 1301 024 021 1322 030 -095 09581 09583 1355 09574 1301 0086 0087 1357 0078 1301 0063 0064 1356 0062 1304 0076 0083 0085 0085 0075 0076 0082 0110 //// 10205 ///// ///// ////
000000000000000000000000000000000000000000000000000000000000000000000000000000000000000000000000000000000000000000000000=
57067 340300 1110200 05688 05699 4
20100322140000 305 013 285 009 285 009 1400 291 011 299 016 1359 0000 0054 0054 1400 0053 1344 083 083 1358 074 0027 09544 09544 1359 09537 1301 0053 0054 1312 0050 1342 0060 0062 1301 0060 1400 0077 0087 0096 0093 0100 0100 0092 0122 //// 10227 ///// ///// ////
000000000000000000000000000000000000000000000000000000000000000000000000000000000000000000000000000000000000000000000000=
57056 343200 1105300 03904 03909 4
20100322140000 209 003 290 002 112 012 1308 212 006 113 016 1304 0000 0096 0102 1320 0096 1400 041 034 1313 049 -030 09747 09747 1400 09734 1301 0069 0072 1307 0069 1400 0082 0086 1301 0082 1400 0095 0103 0104 0104 0091 0089 0091 0118 //// 10215 ///// ///// ////
000000000000000000000000000000000000000000000000000000000000000000000000000000000000000000000000000000000000000000000000=
58007 340400 1151800 00472 00532 4
20100322140000 295 012 295 013 302 019 1345 299 023 319 036 1301 0001 0103 0104 1301 0102 1324 081 078 1301 101 0072 10130 10132 1352 10124 1304 0096 0096 1359 0088 1311 0093 0094 1301 0093 1354 0104 0109 0111 0111 0105 0098 0100 0131 //// 10195 ///// ///// ////
000000000000000000000000000000010000000000000000000000000000000000000000000000000000000000000000000000000000000000000000=
58006 342300 1155300 00463 00506 4
20100322140000 319 024 319 021 325 026 1347 322 019 319 045 1344 0000 0103 0104 1302 0103 1336 075 075 1400 094 0061 10139 10139 1357 10128 1301 0095 0096 1349 0094 1338 0091 0092 1303 0091 1400 0097 0103 0105 0105 0095 0090 0096 0127 //// 10201 ///// ///// ////
000000000000000000000000000000000000000000000000000000000000000000000000000000000000000000000000000000000000000000000000=
58111 335800 1162700 00325 00325 4
20100322140000 348 026 349 021 000 027 1314 347 021 007 047 1309 0000 0106 0110 1302 0105 1349 069 067 1301 088 0052 10151 10151 1400 10138 1310 0082 0084 1305 0082 1333 0085 0087 1302 0085 1346 0091 0095 0096 0098 0099 0096 0102 0138 //// 10191 ///// ///// ////
000000000000000000000000000000000000000000000000000000000000000000000000000000000000000000000000000000000000000000000000=
58017 341500 1160800 00410 00420 4
20100322140000 291 011 298 012 329 014 1326 288 010 313 022 1319 0000 0097 0100 1314 0097 1359 085 082 1307 102 0073 10141 10141 1400 10130 1301 0079 0080 1304 0078 1351 0091 0093 1301 0091 1359 0101 0106 0108 0108 0099 0095 0101 0128 //// 10192 ///// ///// ////
000000000000000000000000000000000000000000000000000000000000000000000000000000000000000000000000000000000000000000000000=
58001 342600 1150600 00563 00569 4
20100322140000 331 015 327 017 317 020 1349 330 013 319 033 1342 0000 0099 0100 1348 0099 1301 087 087 1347 106 0078 10125 10129 1344 10123 1303 0091 0091 1330 0089 1301 0089 0090 1303 0089 1359 0094 0096 0097 0096 0089 0085 0092 0127 //// 10194 ///// ///// ////
000000000000000000000000000000000000000000000000000000000000000000000000000000000000000000000000000000000000000000000000=
58005 342700 1154000 00501 00511 4
20100322140000 318 028 321 030 322 032 1344 310 032 335 045 1335 0000 0107 0107 1400 0105 1301 072 072 1400 093 0059 10133 10134 1350 10123 1301 0085 0089 1326 0085 1400 0091 0094 1301 0091 1400 0102 0108 0108 0107 0098 0094 0101 0132 0000 10195 ///// ///// ////
000000000000000000000000000000000000000000000000000000000000000000000000000000000000000000000000000000000000000000000000
120 010 000 /// //// /////////////////////ASP /// //// 6///1 0//// 7//// 1//// 2//// 3//// /// /// /// // 911// 915// 919// 934// 939//=
58008 342800 1152000 00544 00592 4
20100322140000 305 016 299 019 295 022 1342 271 011 282 039 1340 0000 0099 0100 1301 0099 1326 082 082 1400 100 0070 10124 10125 1353 10117 1301 0087 0088 1344 0086 1301 0091 0092 1318 0090 1327 0093 0095 0098 0097 0094 0091 0096 0129 //// 10196 ///// ///// ////
000000000000000000000000000000000000000000000000000000000000000000000000000000000000000000000000000000000000000000000000=
58004 343900 1150900 00606 00616 4
20100322140000 314 009 307 010 308 012 1353 316 006 313 026 1351 0000 0098 0098 1302 0098 1324 087 087 1301 105 0077 10122 10124 1336 10116 1301 0092 0092 1348 0089 1303 0092 0093 1301 0092 1400 0100 0109 0107 0108 0101 0096 0100 0127 //// 10197 ///// ///// ////
000000000000000000000000000000000000000000000000000000000000000000000000000000000000000000000000000000000000000000000000=
54817 355900 1155200 00421 00434 4
20100322140000 014 013 018 013 035 025 1325 015 013 049 040 1327 0000 0101 0102 1319 0099 1333 050 050 1400 062 0002 10148 10148 1400 10138 1307 0083 0089 1316 0082 1358 0063 0069 1301 0063 1355 0075 0081 0084 0081 0078 0074 0086 0116 //// 10201 ///// ///// ////
000000000000000000000000000000000000000000000000000000000000000000000000000000000000000000000000000000000000000000000000=
54902 355400 1150700 00495 00499 4
20100322140000 292 006 273 007 238 014 1332 296 006 251 017 1331 0000 0090 0098 1307 0088 1340 079 075 1302 091 0056 10141 10141 1400 10128 1302 0061 0070 1334 0061 1400 0067 0071 1301 0067 1359 0082 0087 0088 0087 0078 0070 0078 0111 //// 10202 ///// ///// ////
000000000000000000000000000000000000000000000000000000000000000000000000000000000000000000000000000000000000000000000000=
54900 354200 1150100 00537 00541 4
20100322140000 287 015 287 017 281 018 1338 291 018 285 023 1348 0000 0106 0106 1400 0100 1316 069 069 1400 088 0052 10138 10138 1400 10125 1301 0075 0077 1357 0054 1312 0069 0069 1356 0067 1315 0083 0089 0091 0091 0085 0077 0081 0110 //// 10204 ///// ///// ////
000000000000000000000000000000000000000000000000000000000000000000000000000000000000000000000000000000000000000000000000=
54901 360500 1151000 00475 00478 4
20100322140000 322 007 311 006 310 013 1318 319 008 007 025 1342 0000 0106 0107 1350 0093 1302 046 040 1347 059 -005 10146 10146 1400 10133 1302 0077 0086 1346 0071 1322 0070 0075 1301 0070 1400 0081 0087 0088 0087 0081 0075 0074 0105 //// 10205 ///// ///// ////
000000000000000000000000000000000000000000000000000000000000000000000000000000000000000000000000000000000000000000000000=
54903 355100 1152900 00457 00506 4
20100322140000 256 004 288 004 300 010 1301 268 003 353 015 1308 0000 0084 0090 1331 0084 1400 079 074 1332 087 0050 10138 10139 1352 10127 1309 0070 0071 1314 0065 1335 0063 0065 1301 0062 1336 0078 0085 0087 0086 0079 0076 0088 0114 //// 10200 ///// ///// ////
000000000000000000000000000000000000000000000000000000000000000000000000000000000000000000000000000000000000000000000000=
57184 333800 1132200 00834 00847 4
20100322140000 239 009 233 010 030 027 1304 172 006 282 052 1303 0014 0100 0101 1301 0100 1400 088 087 1330 108 0081 10105 10106 1341 10098 1301 0095 0097 1301 0093 1306 0097 0097 1301 0096 1303 0114 0122 0124 0124 0102 0099 0102 0129 //// 10208 ///// ///// ////
000000010000000000000001000000000001000000010000000001000001000000010001000000010000000100000000000100000100010000010000=
57177 332000 1133200 00898 00913 4
20100322140000 036 014 022 012 325 016 1301 051 013 324 020 1325 0020 0095 0097 1301 0095 1400 092 090 1301 109 0083 10101 10102 1340 10091 1301 0090 0091 1355 0088 1350 0100 0102 1301 0100 1400 0092 0117 0112 0122 0110 0103 0102 0121 //// 10212 ///// ///// ////
010000000001000001000000010000010002000001000100010000020000010000010000010000000000010000000001000000000000020000000001=
57075 341000 1125200 02031 02043 4
20100322140000 063 000 081 000 160 013 1331 065 000 163 015 1330 0000 0098 0101 1317 0096 1331 077 074 1314 093 0060 09958 09958 1400 09951 1301 0091 0091 1358 0085 1330 0086 0087 1303 0086 1339 0097 0104 0108 0108 0110 0102 0093 0117 //// 10204 ///// ///// ////
000000000000000000000000000000000000000000000000000000000000000000000000000000000000000000000000000000000000000000000000=
57173 334500 1125300 01457 01468 4
20100322140000 128 034 135 030 108 045 1340 107 039 102 070 1338 0005 0108 0111 1339 0103 1324 070 066 1334 091 0056 10023 10024 1319 10020 1335 0085 0086 1345 0081 1326 0087 0090 1309 0087 1332 0108 0115 0119 0117 0108 0102 0102 0134 //// 10200 ///// ///// ////
000000000000000001000000000000010000000000010000010000000000000000000000000000000000000000000000000000010000000000000000=
57180 335900 1131200 01175 01186 4
20100322140000 132 034 127 031 127 031 1400 149 032 178 055 1316 0000 0106 0109 1338 0101 1301 078 074 1332 100 0069 10057 10057 1400 10054 1313 0085 0086 1301 0084 1339 0089 0090 1301 0089 1400 0102 0110 0113 0113 0101 0097 0099 0131 //// 10201 ///// ///// ////
000000000000000000000000000000000000000000000000000000000000000000000000000000000000000000000000000000000000000000000000=
57181 335300 1130300 01364 01380 4
20100322140000 224 021 203 033 206 038 1352 203 019 223 056 1351 0002 0098 0104 1339 0097 1316 082 079 1336 099 0069 10035 10038 1313 10033 1357 0084 0087 1323 0084 1400 0088 0091 1308 0088 1400 0102 0108 0113 0115 0105 0100 0100 0129 //// 10202 ///// ///// ////
000000000000000100000100000000000000000000000000000000000000000000000000000000000000000000000000000000000000000000000000=
57171 334600 1130700 01420 01430 4
20100322140000 182 029 174 032 169 043 1353 184 028 206 049 1342 0005 0100 0104 1301 0099 1340 083 077 1302 102 0072 10030 10031 1332 10024 1301 0086 0087 1354 0085 1335 0092 0093 1326 0091 1348 0108 0116 0120 0121 0120 0115 0111 0124 //// 10203 ///// ///// ////
000000000000000000000100010000000000010000000000000100000000000000000001000000000000000000000000000000000000000000000000=
57175 330300 1121400 01914 01922 4
20100322140000 012 036 012 039 044 056 1314 046 018 043 114 1312 0000 0108 0113 1301 0107 1343 073 069 1303 094 0062 09978 09979 1359 09964 1303 0096 0101 1317 0096 1400 0112 0116 1320 0112 1400 0138 0147 0148 0144 0115 0106 0108 0138 //// 10209 ///// ///// ////
000000000000000000000000000000000000000000000000000000000000000000000000000000000000000000000000000000000000000000000000=
57156 331800 1113000 02503 02523 4
20100322140000 294 038 286 039 292 047 1310 274 036 277 086 1337 0042 0074 0077 1301 0073 1354 089 088 1311 092 0057 09914 09916 1348 09905 1303 0069 0073 1306 0069 1356 0074 0077 1301 0074 1357 0103 0117 0127 0130 0114 0112 0115 0143 //// 10219 ///// ///// ////
000100010001010002010101010001010001010001010001000101010002000101000101000100010001010001010001010101000100010100010101=
57271 323300 1122300 00879 00897 4
20100322140000 006 020 022 028 023 039 1331 347 053 026 078 1313 0002 0113 0127 1301 0113 1400 074 061 1301 099 0068 10098 10098 1400 10088 1301 0098 0099 1358 0088 1317 0103 0108 1301 0102 1333 0134 0144 0145 0143 0113 0105 0111 0139 //// 10207 ///// ///// ////
000000000100000000000000000000000000000000000000000000000000000000010000000000000000000000000000000000000000000000000000=
57261 330700 1113100 02330 02345 4
20100322140000 116 047 124 049 126 059 1343 093 053 124 084 1336 0016 0077 0079 1301 0077 1400 090 089 1331 095 0062 09926 09926 1400 09917 1301 0074 0077 1301 0074 1358 0083 0087 1301 0082 1341 0110 0124 0130 0132 0131 0123 0125 //// //// 10210 ///// ///// ////
000000000000000000000000000000000000000000000100000001000101000001000001000100000100000100010000010001000100010001000100=
57285 322300 1132500 01530 01492 4
20100322140000 336 019 359 023 048 044 1309 324 017 057 074 1308 0000 0129 0135 1301 0129 1400 056 051 1306 083 0043 10017 10017 1400 10007 1301 0108 0121 1308 0107 1351 0109 0115 1308 0108 1359 0122 0128 0130 0132 0116 0108 0107 0135 //// ///// ///// ///// ////
////////////////////////////////////////////////////////////////////////////////////////////////////////////////////////=
57273 324100 1125100 01095 01105 4
20100322140000 015 030 008 026 016 039 1334 009 029 012 078 1325 0002 0104 0116 1324 0104 1400 073 060 1323 092 0058 10072 10072 1359 10063 1317 0088 0089 1334 0087 1304 0098 0102 1307 0097 1350 0129 0138 0139 0137 0119 0110 0109 0136 //// 10206 ///// ///// ////
000000000000000000000000000000000000000000000000000000000000000001000000000000010000000000000000000000000000000000000000=
57187 330400 1125600 01180 01193 4
20100322140000 013 025 013 023 000 025 1301 012 027 010 039 1310 0000 0095 0100 1301 0094 1355 089 084 1301 106 0078 10057 10058 1348 10049 1302 0087 0088 1358 0087 1316 0101 0104 1301 0101 1400 0127 0130 0136 0135 0123 0110 0106 0132 //// 10202 ///// ///// ////
000000000000000000000000000000000000000000000000000000000000000000000000000000000000000000000000000000000000000000000000=
57178 330200 1123500 01292 01305 4
20100322140000 339 048 343 040 340 046 1301 335 052 332 068 1359 0007 0096 0101 1301 0096 1400 083 078 1324 099 0069 10057 10058 1359 10046 1301 0082 0092 1337 0082 1359 0098 0103 1301 0098 1359 0125 0136 0136 0134 0119 0108 0107 0133 0000 10215 ///// ///// ////
000000000000000000000000000000000000000000000000000000000000000000000000000000000100010000000101000100010000010000000000
170 010 000 /// //// /////////////////////ACP /// //// 6///1 0//// 7//// 1//// 2//// 3//// /// /// /// // 911// 915// 919// 934// 939//=
57169 330300 1115200 01591 01600 4
20100322140000 314 033 311 041 312 047 1350 327 035 310 070 1325 0002 0095 0103 1301 0095 1400 092 084 1301 109 0083 10018 10018 1400 10007 1302 0090 0100 1319 0090 1358 0090 0100 1319 0090 1358 0122 0130 0134 0132 0114 0105 0106 0133 //// 10212 ///// ///// ////
000000000000000000000000000000000000000000000000000000000000000000000000000000000000000000000000000000000000000001000100=
57176 332900 1122500 02311 02304 4
20100322140000 353 034 336 023 303 031 1303 358 039 305 049 1302 0016 0086 0088 1341 0084 1302 076 075 1347 085 0046 09943 09943 1400 09932 1302 0074 0078 1316 0074 1400 0087 0091 1317 0087 1400 0112 0125 0131 0134 0121 0113 0110 0130 //// 10221 ///// ///// ////
010000000000010000000000010000000000010000010100010000000100000000000000000100000100010101000000010000000001000000010000=
57179 331700 1130000 01604 01616 4
20100322140000 017 011 028 014 028 018 1342 023 007 023 028 1351 0014 0091 0095 1301 0091 1400 091 090 1301 105 0077 10016 10016 1400 10010 1301 0082 0085 1301 0082 1400 0095 0098 1302 0095 1358 0113 0121 0123 0122 0110 0102 0103 0133 //// 10212 ///// ///// ////
000000000002000000000000010000000000000000020000000100000000020000010000000101000000000001000000000000000000000101000000=
57274 324200 1120700 01076 01088 4
20100322140000 019 026 026 032 038 044 1303 004 021 052 091 1301 0004 0105 0124 1301 0105 1400 074 057 1301 094 0061 10079 10079 1400 10066 1301 0091 0104 1301 0090 1331 0107 0119 1301 0106 1358 0138 0146 0150 0149 0127 0117 0112 0140 //// 10211 ///// ///// ////
000000000000000000000000000000000001000000000000000000000000000000000000000000000001000000010000000000010000000000000000=
57065 343000 1121100 01949 01964 4
20100322140000 268 040 266 037 266 037 1400 257 063 257 063 1400 0000 0110 0112 1301 0109 1347 056 056 1400 073 0026 09964 09964 1400 09956 1301 0082 0084 1306 0082 1400 0084 0086 1305 0084 1351 0095 0101 0105 0108 0102 0102 0108 0138 //// 10200 ///// ///// ////
000000000000000000000000000000000000000000000000000000000000000000000000000000000000000000000000000000000000000000000000=
57074 342500 1122500 01973 01989 4
20100322140000 208 003 219 005 231 013 1342 105 001 277 025 1327 0000 0108 0109 1344 0107 1308 064 063 1342 083 0043 09964 09964 1400 09955 1301 0091 0096 1344 0090 1305 0084 0085 1301 0084 1357 0094 0101 0106 0108 0107 0104 0100 0125 //// 10203 ///// ///// ////
000000000000000000000000000000000000000000000000000000000000000000000000000000000000000000000000000000000000000000000000=
57076 344400 1124700 01895 01901 4
20100322140000 313 027 311 026 310 026 1358 313 031 313 033 1357 0000 0107 0108 1317 0106 1337 067 067 1400 086 0048 09968 09969 1336 09961 1301 0091 0091 1359 0083 1308 0082 0083 1316 0082 1355 0089 0094 0097 0098 0094 0088 0087 0120 //// 10198 ///// ///// ////
000000000000000000000000000000000000000000000000000000000000000000000000000000000000000000000000000000000000000000000000=
57070 344400 1120700 03640 03595 4
20100322140000 247 020 236 021 226 031 1344 246 015 234 039 1343 0000 0106 0111 1312 0106 1400 043 040 1347 055 -015 09770 09770 1400 09758 1301 0095 0100 1324 0094 1303 0073 0079 1302 0073 1400 0087 0095 0096 0096 0093 0091 0093 0123 //// 10201 ///// ///// ////
000000000000000000000000000000000000000000000000000000000000000000000000000000000000000000000000000000000000000000000000=
57162 340900 1120500 03258 03275 4
20100322140000 281 009 274 009 247 015 1321 294 010 271 027 1319 0000 0098 0099 1301 0098 1400 061 061 1400 074 0026 09813 09813 1400 09807 1301 0083 0089 1307 0082 1340 0075 0076 1301 0074 1338 0089 0097 0103 0107 0100 0096 0099 0132 //// 10204 ///// ///// ////
000000000000000000000000000000000000000000000000000000000000000000000000000000000000000000000000000000000000000000000000=
57078 340900 1122800 03365 03340 4
20100322140000 272 019 267 018 271 024 1302 324 005 293 044 1351 0000 0098 0101 1303 0098 1353 061 060 1302 074 0026 09804 09804 1356 09797 1301 0072 0073 1304 0072 1344 0073 0075 1301 0073 1400 0084 0092 0098 0101 0102 0097 0095 0118 //// 10203 ///// ///// ////
000000000000000000000000000000000000000000000000000000000000000000000000000000000000000000000000000000000000000000000000=
57071 344900 1122600 03333 03332 4
20100322140000 342 032 341 028 332 037 1332 347 035 344 060 1323 0000 0110 0110 1400 0102 1301 049 033 1325 064 0007 09804 09804 1359 09790 1301 0096 0096 1359 0085 1301 0076 0082 1301 0075 1330 0090 0096 0098 0097 0093 0088 0089 0119 //// 10205 ///// ///// ////
000000000000000000000000000000000000000000000000000000000000000000000000000000000000000000000000000000000000000000000000=
57066 342300 1114000 03283 03298 4
20100322140000 288 011 280 013 267 018 1329 265 005 254 045 1325 0000 0098 0100 1314 0098 1400 059 057 1315 071 0022 09813 09813 1355 09806 1305 0079 0082 1319 0079 1400 0072 0073 1304 0072 1358 0085 0091 0095 0097 0096 0091 0088 0116 //// 10208 ///// ///// ////
000000000000000000000000000000000000000000000000000000000000000000000000000000000000000000000000000000000000000000000000=
57077 334700 1113900 07424 07388 4
20100322140000 268 027 251 029 236 034 1323 246 019 240 048 1323 0000 0043 0043 1400 0038 1301 083 083 1400 069 0017 09356 09356 1400 09348 1301 0034 0034 1400 0033 1301 0042 0044 1301 0042 1323 0062 0076 0085 0092 0095 0088 0089 0116 //// 10232 ///// ///// ////
000000000000000000000000000000000000000000000000000000000000000000000000000000000000000000000000000000000000000000000000=
57185 332700 1133500 00911 00921 4
20100322140000 145 010 192 008 300 015 1331 144 010 307 018 1330 0009 0092 0096 1301 0092 1400 092 090 1301 107 0080 10098 10100 1346 10089 1301 0085 0086 1310 0085 1357 0096 0099 1301 0096 1400 0109 0113 0116 0109 0113 0103 0098 0123 //// 10210 ///// ///// ////
000100000000000000000000000000000000010000000000010000000000000000010000000100000000010000000100000000010000000001000000=
57183 334800 1135500 00600 00615 4
20100322140000 291 024 284 028 229 030 1337 285 018 296 039 1357 0001 0096 0098 1304 0096 1356 091 090 1301 109 0082 10130 10130 1400 10119 1301 0087 0090 1325 0087 1400 0097 0100 1303 0097 1358 0108 0114 0117 0117 0107 0097 0095 0123 //// 10205 ///// ///// ////
000000000000000000000000010000000000000000000000000000000000000000000000000000000000000000000000000000000000000000000000=
57186 333600 1140300 00587 00598 4
20100322140000 221 008 196 012 014 023 1314 159 005 347 033 1309 0002 0097 0101 1301 0096 1349 085 078 1305 102 0073 10135 10137 1351 10125 1301 0086 0087 1351 0084 1338 0098 0100 1301 0096 1319 0112 0119 0120 0120 0109 0100 0100 0134 //// 10208 ///// ///// ////
000000000001000000000000000000000000000000000000000000000000000000000000000100000000000000000000000000000000000000000000=
57094 342400 1141300 00674 00685 4
20100322140000 317 010 318 008 322 011 1341 316 014 339 016 1340 0000 0103 0103 1400 0101 1301 087 087 1400 109 0082 10116 10116 1400 10114 1301 0088 0090 1349 0087 1334 0090 0090 1349 0089 1334 0097 0101 0103 0103 0103 0095 0088 0116 //// 10200 ///// ///// ////
000000000000000000000000000000000000000000000000000000000000000000000000000000000000000000000000000000000000000000000000=
57191 342900 1142900 00634 00642 4
20100322140000 292 009 310 008 276 014 1301 342 009 283 021 1314 0000 0103 0105 1301 0103 1400 085 084 1301 106 0079 10124 10125 1348 10123 1309 0097 0099 1304 0096 1334 0092 0092 1302 0091 1359 0097 0099 0101 0100 0096 0090 0093 0125 //// 10202 ///// ///// ////
000000000000000000000000000000000000000000000000000000000000000000000000000000000000000000000000000000000000000000000000=
57096 343200 1144700 00597 00607 4
20100322140000 315 025 312 024 289 025 1306 316 017 285 038 1303 0000 0103 0103 1400 0101 1301 083 083 1400 104 0075 10121 10122 1319 10118 1301 0093 0093 1359 0091 1326 0092 0093 1301 0092 1400 0102 0109 0111 0110 0102 0097 0099 0128 //// 10195 ///// ///// ////
000000000000000000000000000000000000000000000000000000000000000000000000000000000000000000000000000000000000000000000000=
57093 345100 1144900 00733 00740 4
20100322140000 319 013 322 012 284 019 1301 327 013 304 022 1302 0000 0099 0099 1400 0098 1352 081 081 1400 099 0068 10111 10112 1327 10106 1302 0094 0094 1358 0091 1342 0086 0088 1302 0086 1400 0094 0099 0102 0101 0094 0087 0091 0122 //// 10201 ///// ///// ////
000000000000000000000000000000000000000000000000000000000000000000000000000000000000000000000000000000000000000000000000=
57091 344700 1141800 00737 00748 4
20100322140000 295 009 315 008 263 014 1324 301 009 262 019 1333 0000 0108 0109 1301 0108 1400 083 083 1400 107 0080 10113 10115 1334 10110 1301 0091 0092 1322 0090 1351 0092 0092 1333 0091 1351 0100 0104 0106 0100 0104 0099 0099 0123 //// 10204 ///// ///// ////
000000000000000000000000000000000000000000000000000000000000000000000000000000000000000000000000000000000000000000000000=
53978 350500 1123800 01401 01409 4
20100322140000 102 035 098 032 098 032 1400 102 038 068 049 1359 0000 0111 0112 1330 0111 1351 078 077 1308 103 0074 10033 10033 1400 10020 1307 0102 0102 1358 0097 1301 0091 0092 1358 0089 1301 0097 0102 0102 0104 0092 0090 0094 0125 //// 10204 ///// ///// ////
000000000000000000000000000000000000000000000000000000000000000000000000000000000000000000000000000000000000000000000000=
53984 351400 1132800 00827 00837 4
20100322140000 002 008 011 009 109 015 1303 350 006 091 021 1302 0000 0084 0096 1306 0084 1400 090 088 1310 099 0069 10107 10107 1400 10097 1301 0069 0073 1304 0067 1348 0076 0076 1337 0076 1301 0091 0098 0098 0101 0097 0093 0093 0121 //// 10210 ///// ///// ////
000000000000000000000000000000000000000000000000000000000000000000000000000000000000000000000000000000000000000000000000=
53987 350600 1132500 00910 00918 4
20100322140000 073 003 065 004 103 014 1324 046 001 099 020 1322 0000 0097 0099 1301 0095 1335 088 086 1301 106 0078 10096 10096 1400 10088 1302 0082 0086 1332 0080 1316 0087 0087 1359 0086 1317 0095 0100 0104 0106 0100 0097 0098 0127 //// 10208 ///// ///// ////
000000000000000000000000000000000000000000000000000000000000000000000000000000000000000000000000000000000000000000000000=
57079 345700 1130200 01064 01069 4
20100322140000 057 023 071 022 098 027 1343 052 026 091 033 1333 0000 0101 0105 1344 0100 1311 084 081 1324 104 0075 10072 10072 1400 10061 1301 0092 0098 1343 0090 1301 0085 0085 1354 0083 1312 0091 0095 0097 0098 0099 0094 0092 0120 //// 10203 ///// ///// ////
000000000000000000000000000000000000000000000000000000000000000000000000000000000000000000000000000000000000000000000000=
53972 350700 1125500 01196 01210 4
20100322140000 102 014 089 014 092 021 1302 102 022 094 036 1301 0000 0107 0111 1301 0107 1400 083 083 1400 107 0079 10061 10061 1400 10047 1301 0092 0096 1302 0092 1400 0090 0091 1301 0090 1400 0100 0106 0110 0111 0097 0096 0107 0136 //// 10208 ///// ///// ////
000000000000000000000000000000000000000000000000000000000000000000000000000000000000000000000000000000000000000000000000=
57072 345500 1124500 01275 01285 4
20100322140000 023 020 036 016 022 018 1333 024 023 054 027 1349 0000 0104 0106 1301 0104 1400 083 072 1303 105 0076 10048 10048 1400 10034 1311 0096 0099 1350 0089 1301 0086 0086 1350 0085 1313 0092 0098 0100 0099 0089 0085 0084 0113 //// 10204 ///// ///// ////
000000000000000000000000000000000000000000000000000000000000000000000000000000000000000000000000000000000000000000000000=
53982 351400 1131600 01120 01135 4
20100322140000 013 009 014 008 055 018 1305 015 008 043 026 1302 0000 0111 0111 1400 0108 1301 077 077 1400 102 0072 10070 10070 1400 10058 1301 0089 0091 1312 0088 1347 0086 0086 1356 0085 1324 0097 0103 0106 0108 0099 0096 0098 0131 //// 10208 ///// ///// ////
000000000000000000000000000000000000000000000000000000000000000000000000000000000000000000000000000000000000000000000000=
53979 350900 1130500 01200 01211 4
20100322140000 086 019 076 021 074 027 1330 079 016 081 037 1309 0000 0106 0108 1301 0105 1335 083 082 1312 106 0078 10063 10063 1400 10050 1301 0100 0101 1350 0096 1338 0080 0080 1351 0079 1344 0096 0101 0106 0106 0098 0097 0102 0132 //// 10210 ///// ///// ////
000000000000000000000000000000000000000000000000000000000000000000000000000000000000000000000000000000000000000000000000=
53992 353900 1143100 00582 00592 4
20100322140000 332 011 313 009 301 012 1336 334 012 308 015 1331 0000 0094 0098 1306 0094 1400 074 073 1309 087 0050 10132 10133 1347 10123 1301 0075 0081 1307 0075 1400 0075 0077 1330 0075 1400 0085 0086 0091 0089 0082 0078 0086 0122 //// 10205 ///// ///// ////
000000000000000000000000000000000000000000000000000000000000000000000000000000000000000000000000000000000000000000000000=
53974 353700 1141100 00723 00739 4
20100322140000 024 007 017 009 011 011 1355 026 006 007 018 1351 0000 0109 0109 1358 0107 1315 056 055 1353 073 0025 10118 10118 1350 10107 1302 0077 0077 1358 0068 1301 0081 0083 1323 0081 1358 0092 0099 0102 0101 0090 0088 0095 0124 //// 10208 ///// ///// ////
000000000000000000000000000000000000000000000000000000000000000000000000000000000000000000000000000000000000000000000000=
53990 354300 1141900 00795 00805 4
20100322140000 006 018 016 013 032 015 1309 004 022 018 026 1359 0000 0090 0096 1337 0088 1301 076 068 1339 087 0050 10109 10111 1350 10100 1306 0083 0086 1336 0081 1303 0078 0080 1315 0078 1400 0093 0098 0096 0096 0089 0080 0080 0110 //// 10208 ///// ///// ////
000000000000000000000000000000000000000000000000000000000000000000000000000000000000000000000000000000000000000000000000=
53991 355600 1142100 00743 00753 4
20100322140000 291 009 295 009 294 010 1316 211 008 288 021 1310 0000 0113 0114 1314 0111 1301 045 045 1400 060 -002 10119 10119 1400 10106 1301 0100 0103 1335 0084 1303 0077 0082 1301 0077 1356 0089 0095 0091 0094 0084 0080 0085 0118 //// 10211 ///// ///// ////
000000000000000000000000000000000000000000000000000000000000000000000000000000000000000000000000000000000000000000000000=
53993 355600 1145500 00516 00524 4
20100322140000 339 010 321 010 312 010 1358 343 009 329 013 1358 0000 0100 0103 1304 0099 1340 065 062 1326 080 0037 10139 10141 1352 10127 1301 0081 0084 1305 0081 1350 0077 0080 1301 0077 1400 0086 0090 0089 0086 0081 0071 0072 0108 //// 10203 ///// ///// ////
000000000000000000000000000000000000000000000000000000000000000000000000000000000000000000000000000000000000000000000000=
53889 360400 1134900 03068 03086 4
20100322140000 345 005 296 005 334 013 1302 337 005 325 016 1301 0000 0094 0101 1309 0094 1400 051 044 1319 060 -002 09844 09846 1353 09831 1301 0069 0081 1345 0069 1400 0071 0072 1319 0071 1400 0079 0085 0088 0090 0076 0072 0086 0098 //// 10217 ///// ///// ////
000000000000000000000000000000000000000000000000000000000000000000000000000000000000000000000000000000000000000000000000=
53995 353300 1143000 00625 00645 4
20100322140000 303 008 299 007 298 008 1349 296 004 305 014 1359 0000 0093 0097 1301 0093 1400 076 074 1315 089 0053 10125 10127 1345 10117 1301 0073 0077 1346 0071 1301 0077 0078 1335 0077 1358 0091 0098 0098 0097 0089 0084 0084 0116 //// 10204 ///// ///// ////
000000000000000000000000000000000000000000000000000000000000000000000000000000000000000000000000000000000000000000000000=
53898 360300 1142400 00629 00638 4
20100322140000 292 015 302 014 334 017 1309 274 013 338 024 1354 0000 0114 0115 1310 0113 1342 043 042 1356 058 -007 10131 10131 1400 10118 1301 0076 0077 1356 0070 1339 0081 0084 1301 0081 1400 0093 0097 0097 0094 0073 0072 0083 0117 //// 10209 ///// ///// ////
000000000000000000000000000000000000000000000000000000000000000000000000000000000000000000000000000000000000000000000000=
NNNN
