57090 344300 1135800 00781 00802 4
20100325130000 140 019 143 019 140 023 1246 153 011 150 041 1243 0000 0073 0079 1201 0073 1300 046 043 1201 047 -035 10179 10180 1258 10174 1204 0048 0054 1206 0043 1253 0049 0061 1201 0049 1300 0106 0125 0126 0123 0104 0093 0087 0119 //// 10279 ///// ///// ////
000000000000000000000000000000000000000000000000000000000000000000000000000000000000000000000000000000000000000000000000=
57083 344300 1133900 01104 01116 4
20100325130000 129 022 126 027 121 038 1202 126 018 141 053 1202 0000 0083 0090 1201 0083 1300 042 040 1201 046 -039 10138 10138 1300 10134 1201 0020 0037 1203 0000 1236 0053 0067 1201 0053 1300 0113 0126 0129 0126 0099 0099 0104 0126 0000 10277 ///// ///// ////
000000000000000000000000000000000000000000000000000000000000000000000000000000000000000000000000000000000000000000000000
130 003 000 /// //// /////////////////////CIE /// //// 6///1 0//// 7//// 1//// 2//// 3//// /// /// /// // 911// 915// 919// 934// 939//=
57086 342300 1134300 01166 01168 4
20100325130000 205 010 222 012 168 024 1201 209 010 187 038 1203 0000 0062 0081 1202 0062 1300 050 043 1202 047 -034 10139 10140 1259 10133 1201 0015 0056 1203 0015 1300 0055 0073 1201 0055 1300 0107 0125 0127 0121 0101 0095 0094 0116 //// 10285 ///// ///// ////
000000000000000000000000000000000000000000000000000000000000000000000000000000000000000000000000000000000000000000000000=
57085 343200 1132000 02599 02648 4
20100325130000 300 014 313 015 332 020 1250 299 012 333 026 1245 0000 0061 0088 1201 0061 1300 025 015 1202 024 -125 09952 09952 1300 09947 1201 0047 0057 1203 0041 1235 0039 0060 1201 0039 1300 0103 0122 0126 0120 0105 0098 0094 0121 //// 10278 ///// ///// ////
000000000000000000000000000000000000000000000000000000000000000000000000000000000000000000000000000000000000000000000000=
57081 344800 1132600 01409 01419 4
20100325130000 173 004 165 008 248 012 1212 192 008 237 031 1210 0000 0096 0105 1201 0096 1300 015 013 1204 018 -158 10096 10096 1248 10092 1203 0015 0025 1252 -015 1225 0045 0058 1201 0045 1259 0108 0126 0131 0120 0090 0094 0096 0117 //// 10271 ///// ///// ////
000000000000000000000000000000000000000000000000000000000000000000000000000000000000000000000000000000000000000000000000=
57084 343000 1130300 11784 11790 4
20100325130000 277 053 274 053 266 058 1234 265 075 283 083 1256 0000 0017 0017 1300 0015 1218 018 018 1300 012 -201 08896 08897 1240 08893 1201 0000 0000 1300 -006 1210 -005 0007 1201 -005 1300 0041 0073 0084 0079 0057 //// //// //// //// 10287 ///// ///// ////
000000000000000000000000000000000000000000000000000000000000000000000000000000000000000000000000000000000000000000000000=
57080 344400 1125800 01652 01661 4
20100325130000 204 019 213 021 216 022 1258 173 021 215 040 1204 0000 0089 0102 1201 0089 1300 017 013 1201 019 -148 10070 10070 1259 10066 1201 0038 0054 1213 0033 1219 0044 0057 1201 0044 1300 0112 0127 0126 0118 0092 0088 0089 0119 //// 10274 ///// ///// ////
000000000000000000000000000000000000000000000000000000000000000000000000000000000000000000000000000000000000000000000000=
57082 342800 1130100 04271 04284 4
20100325130000 333 015 338 018 272 022 1215 344 019 353 040 1251 0000 0078 0086 1201 0075 1249 014 013 1215 015 -181 09760 09760 1259 09756 1201 0036 0065 1214 0025 1256 0040 0061 1201 0040 1259 0104 0123 0126 0122 0094 0097 0101 //// //// 10281 ///// ///// ////
000000000000000000000000000000000000000000000000000000000000000000000000000000000000000000000000000000000000000000000000=
57295 323700 1142100 00785 00802 4
20100325130000 180 016 178 015 135 020 1230 192 008 113 038 1225 0000 0075 0082 1209 0075 1300 052 048 1213 054 -017 10197 10198 1250 10193 1203 0024 0040 1226 0020 1258 0050 0060 1201 0050 1254 0086 0101 0106 0106 0097 0099 0103 0127 //// 10297 ///// ///// ////
000000000000000000000000000000000000000000000000000000000000000000000000000000000000000000000000000000000000000000000000=
57189 330800 1135700 00646 00655 4
20100325130000 171 015 176 012 159 025 1214 170 018 167 035 1205 0000 0050 0057 1201 0050 1300 077 074 1245 067 0013 10209 10212 1248 10207 1201 0015 0039 1205 0015 1300 0043 0055 1201 0043 1300 0081 0098 0105 0106 0095 0096 0099 0122 //// 10291 ///// ///// ////
000000000000000000000000000000000000000000000000000000000000000000000000000000000000000000000000000000000000000000000000=
57194 331700 1141600 00598 00609 4
20100325130000 175 023 170 023 172 026 1233 178 035 181 049 1249 0000 0071 0077 1201 0071 1300 058 056 1208 058 -006 10215 10215 1257 10211 1202 0049 0058 1220 0049 1257 0040 0048 1201 0040 1259 0083 0099 0104 0103 0094 0096 0098 0126 //// 10291 ///// ///// ////
000000000000000000000000000000000000000000000000000000000000000000000000000000000000000000000000000000000000000000000000=
57197 330000 1142000 00489 00545 4
20100325130000 170 020 178 023 147 028 1209 167 019 150 041 1225 0000 0063 0070 1211 0063 1300 067 065 1210 064 0006 10225 10226 1257 10220 1207 0006 0023 1212 0006 1300 0046 0054 1201 0046 1300 0082 0098 0106 0104 0101 0100 0101 0125 //// 10293 ///// ///// ////
000000000000000000000000000000000000000000000000000000000000000000000000000000000000000000000000000000000000000000000000=
57294 325000 1140100 00836 00846 4
20100325130000 193 032 206 021 163 024 1201 195 041 195 041 1300 0000 0070 0074 1246 0069 1223 066 060 1245 066 0011 10188 10189 1244 10182 1209 0062 0068 1241 0057 1254 0048 0055 1201 0048 1259 0079 0097 0103 0102 0097 0105 0102 0118 //// 10293 ///// ///// ////
000000000000000000000000000000000000000000000000000000000000000000000000000000000000000000000000000000000000000000000000=
57292 325800 1143800 00444 00453 4
20100325130000 170 021 169 024 169 024 1300 175 013 164 044 1257 0000 0075 0077 1203 0075 1217 058 057 1202 060 -002 10240 10240 1258 10236 1201 0048 0051 1245 0045 1201 0045 0050 1201 0045 1300 0075 0092 0100 0104 0100 0102 0106 0133 //// 10296 ///// ///// ////
000000000000000000000000000000000000000000000000000000000000000000000000000000000000000000000000000000000000000000000000=
57195 333700 1143700 00466 00476 4
20100325130000 145 010 131 011 107 019 1221 198 016 116 036 1233 0000 0078 0086 1201 0078 1300 046 040 1201 049 -031 10232 10232 1300 10224 1201 0047 0066 1221 0047 1249 0044 0057 1201 0044 1300 0082 0109 0118 0117 0101 0099 0102 0141 //// 10291 ///// ///// ////
000000000000000000000000000000000000000000000000000000000000000000000000000000000000000000000000000000000000000000000000=
57193 334700 1143100 00526 00541 4
20100325130000 143 015 146 016 104 023 1206 150 018 116 041 1215 0000 0070 0083 1201 0069 1257 051 044 1203 051 -024 10223 10224 1250 10217 1205 0019 0040 1211 0007 1254 0042 0053 1201 0042 1300 0089 0106 0114 0113 0102 0102 0105 0131 //// 10291 ///// ///// ////
000000000000000000000000000000000000000000000000000000000000000000000000000000000000000000000000000000000000000000000000=
58101 335200 1152900 00413 00428 4
20100325130000 152 008 141 009 137 010 1255 142 007 139 015 1205 0000 0031 0059 1223 0031 1300 071 058 1217 054 -016 10240 10241 1250 10239 1208 -027 -022 1207 -031 1249 0016 0030 1201 0016 1300 0078 0100 0108 0107 0098 0098 0100 0130 //// 10294 ///// ///// ////
000000000000000000000000000000000000000000000000000000000000000000000000000000000000000000000000000000000000000000000000=
57192 334400 1145100 00455 00466 4
20100325130000 137 017 124 019 112 034 1243 200 015 122 048 1241 0000 0077 0083 1201 0077 1300 047 046 1201 049 -029 10233 10233 1300 10229 1211 0047 0051 1243 0044 1249 0045 0057 1201 0045 1300 0103 0127 0129 0120 0107 0107 0108 0140 //// 10291 ///// ///// ////
000000000000000000000000000000000000000000000000000000000000000000000000000000000000000000000000000000000000000000000000=
57098 340500 1142400 00583 00593 4
20100325130000 151 021 147 020 138 025 1245 157 021 136 033 1245 0000 0053 0059 1223 0052 1251 059 056 1214 053 -021 10213 10213 1300 10208 1201 0017 0031 1217 0017 1300 0038 0049 1201 0038 1300 0068 0096 0108 0111 0102 0097 0098 0128 //// 10288 ///// ///// ////
000000000000000000000000000000000000000000000000000000000000000000000000000000000000000000000000000000000000000000000000=
57182 335100 1133000 00805 00814 4
20100325130000 183 025 184 024 185 026 1253 172 023 175 040 1252 0000 0073 0082 1201 0073 1300 058 053 1201 059 -004 10183 10184 1230 10180 1201 0058 0067 1201 0057 1252 0051 0063 1201 0051 1300 0114 0134 0135 0123 0106 0106 0108 0139 //// 10284 ///// ///// ////
000000000000000000000000000000000000000000000000000000000000000000000000000000000000000000000000000000000000000000000000=
57297 320800 1140300 01145 01154 4
20100325130000 113 023 122 027 106 032 1203 108 025 105 048 1237 0000 0085 0089 1201 0085 1259 045 043 1214 050 -027 10155 10157 1251 10152 1201 0059 0070 1201 0055 1234 0051 0062 1201 0051 1252 0077 0096 0107 0108 0109 0112 0116 //// //// 10298 ///// ///// ////
000000000000000000000000000000000000000000000000000000000000000000000000000000000000000000000000000000000000000000000000=
58207 321000 1150300 00428 00440 4
20100325130000 124 015 120 016 100 026 1201 136 014 132 026 1249 0000 0072 0077 1232 0072 1300 060 053 1233 061 0000 10243 10243 1300 10238 1201 0039 0059 1205 0039 1300 0082 0092 1201 0082 1300 0033 0102 0107 0107 0102 0110 0113 0137 //// 10298 ///// ///// ////
000000000000000000000000000000000000000000000000000000000000000000000000000000000000000000000000000000000000000000000000=
58208 321000 1153700 00429 00439 4
20100325130000 108 005 110 007 076 016 1225 104 005 101 025 1224 0000 0073 0082 1201 0073 1300 056 045 1201 057 -009 10248 10250 1207 10246 1216 0036 0065 1225 0036 1300 0045 0052 1201 0045 1300 0069 0089 0096 0100 0100 0108 0113 0139 //// 10303 ///// ///// ////
000000000000000000000000000000000000000000000000000000000000000000000000000000000000000000000000000000000000000000000000=
53989 350300 1135700 00766 00777 4
20100325130000 149 023 145 022 144 022 1258 150 033 139 042 1206 0000 0069 0076 1201 0069 1300 050 048 1201 050 -028 10181 10181 1300 10176 1201 0045 0058 1201 0036 1253 0035 0050 1201 0034 1256 0099 0119 0124 0120 0094 0092 0096 0123 //// 10278 ///// ///// ////
000000000000000000000000000000000000000000000000000000000000000000000000000000000000000000000000000000000000000000000000=
53997 350900 1141100 00711 00723 4
20100325130000 106 014 114 014 118 025 1204 113 015 118 036 1202 0000 0057 0067 1201 0057 1300 055 050 1201 050 -026 10188 10188 1300 10185 1201 -009 0010 1201 -011 1254 0037 0052 1201 0037 1300 0102 0122 0126 0121 0093 0094 0097 0124 //// 10279 ///// ///// ////
000000000000000000000000000000000000000000000000000000000000000000000000000000000000000000000000000000000000000000000000=
53986 351900 1135300 00732 00740 4
20100325130000 112 015 098 013 088 018 1238 091 017 122 034 1232 0000 0066 0074 1206 0066 1253 057 054 1205 056 -013 10189 10189 1242 10184 1201 0026 0042 1239 0007 1226 0033 0047 1201 0033 1300 0096 0113 0117 0115 0096 0094 0099 0127 //// 10282 ///// ///// ////
000000000000000000000000000000000000000000000000000000000000000000000000000000000000000000000000000000000000000000000000=
53994 352300 1140400 00700 00712 4
20100325130000 122 011 124 009 141 014 1203 124 008 152 023 1201 0000 0062 0070 1201 0061 1249 053 051 1201 050 -027 10192 10193 1240 10187 1201 -011 0040 1207 -017 1257 0008 0032 1201 0008 1300 0094 0119 0123 0114 0092 0090 0095 0127 //// 10281 ///// ///// ////
000000000000000000000000000000000000000000000000000000000000000000000000000000000000000000000000000000000000000000000000=
53985 352700 1134900 00964 00979 4
20100325130000 014 000 336 000 345 004 1240 026 003 141 008 1248 0000 0068 0077 1201 0068 1300 050 048 1201 049 -029 10160 10160 1300 10155 1201 0045 0065 1204 0045 1300 0030 0043 1201 0030 1300 0078 0093 0096 0094 0082 0080 0084 0118 //// 10282 ///// ///// ////
0000000000000000000000000000000000000000000000//000000000000000000000000000000000000000000000000000000000000000000000000=
53998 351200 1143900 00616 00625 4
20100325130000 146 024 146 027 144 031 1244 181 018 150 046 1215 0000 0065 0068 1201 0064 1255 048 048 1201 046 -037 10203 10203 1246 10200 1201 0037 0043 1208 0034 1232 0040 0050 1201 0040 1300 0097 0117 0120 0114 0100 0096 0096 0128 //// 10282 ///// ///// ////
000000000000000000000000000000000000000000000000000000000000000000000000000000000000000000000000000000000000000000000000=
57051 344800 1111200 04099 04117 4
20100325130000 100 012 101 012 101 013 1255 116 009 113 025 1258 0000 0067 0090 1201 0067 1300 028 015 1202 027 -105 09781 09781 1254 09777 1201 -016 0010 1205 -038 1231 0021 0042 1201 0021 1259 0095 0118 0121 0115 0088 0087 0087 0114 //// 10283 ///// ///// ////
000000000000000000000000000000000000000000000000000000000000000000000000000000000000000000000000000000000000000000000000=
57063 344600 1114600 05236 05236 4
20100325130000 003 016 349 016 360 034 1213 007 018 001 038 1209 0000 0016 0033 1201 0016 1259 025 023 1202 017 -163 09652 09653 1256 09648 1202 -057 -010 1211 -057 1300 -009 0013 1201 -009 1300 0077 0097 0097 0090 0073 0077 0084 0110 //// 10293 ///// ///// ////
000000000000000000000000000000000000000000000000000000000000000000000000000000000000000000000000000000000000000000000000=
57067 340300 1110200 05688 05699 4
20100325130000 226 005 228 004 174 010 1236 237 006 175 033 1213 0000 0022 0043 1211 0022 1300 046 029 1205 033 -082 09601 09601 1300 09595 1204 -021 0006 1213 -024 1251 0024 0042 1201 0024 1300 0082 0101 0096 0103 0085 0093 0096 0122 //// 10298 ///// ///// ////
000000000000000000000000000000000000000000000000000000000000000000000000000000000000000000000000000000000000000000000000=
57056 343200 1105300 03904 03909 4
20100325130000 023 012 034 009 052 012 1205 023 013 021 015 1257 0000 0032 0055 1201 0031 1251 033 021 1207 025 -115 09806 09807 1246 09803 1202 -060 -049 1204 -060 1300 0009 0028 1201 0009 1300 0094 0123 0123 0115 0087 0090 0093 0118 //// 10287 ///// ///// ////
000000000000000000000000000000000000000000000000000000000000000000000000000000000000000000000000000000000000000000000000=
58007 340400 1151800 00472 00532 4
20100325130000 143 007 130 007 134 009 1237 156 010 122 018 1250 0000 0055 0057 1201 0047 1225 054 054 1254 049 -031 10225 10226 1237 10224 1247 0019 0021 1259 -005 1214 0035 0046 1201 0035 1256 0092 0112 0116 0113 0101 0100 0103 0131 //// 10292 ///// ///// ////
000000000000000000000000000000000000000000000000000000000000000000000000000000000000000000000000000000000000000000000000=
58006 342300 1155300 00463 00506 4
20100325130000 185 004 143 003 103 015 1215 144 006 099 019 1209 0000 0026 0045 1203 0026 1256 059 049 1204 043 -046 10234 10234 1300 10231 1209 -026 -015 1205 -032 1256 0021 0037 1201 0021 1300 0077 0107 0116 0115 0095 0093 0098 0126 //// 10298 ///// ///// ////
000000000000000000000000000000000000000000000000000000000000000000000000000000000000000000000000000000000000000000000000=
58111 335800 1162700 00325 00325 4
20100325130000 107 013 099 012 082 014 1234 119 005 077 027 1227 0000 0060 0060 1203 0056 1226 042 041 1201 039 -059 10256 10256 1228 10254 1242 -009 -006 1253 -018 1229 0023 0030 1202 0023 1259 0061 0082 0092 0096 0093 0097 0105 0138 //// 10297 ///// ///// ////
000000000000000000000000000000000000000000000000000000000000000000000000000000000000000000000000000000000000000000000000=
58017 341500 1160800 00410 00420 4
20100325130000 101 014 097 015 095 019 1241 097 019 111 028 1240 0000 0058 0062 1215 0057 1252 046 044 1223 042 -049 10238 10240 1250 10238 1224 0002 0011 1214 -026 1201 0024 0031 1201 0024 1253 0078 0100 0108 0108 0098 0097 0103 0128 //// 10291 ///// ///// ////
000000000000000000000000000000000000000000000000000000000000000000000000000000000000000000000000000000000000000000000000=
58001 342600 1150600 00563 00569 4
20100325130000 146 024 150 019 143 020 1213 153 024 150 037 1258 0000 0058 0066 1201 0057 1254 051 048 1226 047 -035 10215 10216 1243 10213 1210 0027 0041 1214 0021 1251 0028 0040 1201 0028 1259 0068 0089 0098 0098 0090 0089 0094 0126 //// 10287 ///// ///// ////
000000000000000000000000000000000000000000000000000000000000000000000000000000000000000000000000000000000000000000000000=
58005 342700 1154000 00501 00511 4
20100325130000 139 016 140 015 140 015 1300 133 015 152 021 1257 0000 0043 0052 1201 0043 1300 054 049 1201 045 -042 10225 10226 1229 10224 1201 -049 -036 1201 -049 1300 0017 0032 1201 0017 1300 0082 0108 0113 0113 0099 0097 0103 0131 0000 10290 ///// ///// ////
000000000000000000000000000000000000000000000000000000000000000000000000000000000000000000000000000000000000000000000000
160 000 000 /// //// //////////////////////// /// //// 6///1 0//// 7//// 1//// 2//// 3//// /// /// /// // 911// 915// 919// 934// 939//=
58008 342800 1152000 00544 00592 4
20100325130000 141 009 129 010 126 016 1247 144 009 147 031 1244 0000 0053 0059 1205 0053 1300 051 048 1201 045 -040 10213 10214 1251 10212 1217 -012 -003 1253 -027 1217 0025 0033 1202 0025 1259 0063 0086 0097 0098 0094 0094 0098 0129 //// 10288 ///// ///// ////
000000000000000000000000000000000000000000000000000000000000000000000000000000000000000000000000000000000000000000000000=
58004 343900 1150900 00606 00616 4
20100325130000 141 012 142 011 137 014 1248 116 014 142 024 1249 0000 0054 0062 1202 0054 1258 051 047 1201 046 -039 10208 10208 1300 10207 1213 0005 0020 1227 0000 1212 0036 0050 1201 0036 1300 0087 0115 0119 0118 0101 0099 0102 0127 //// 10286 ///// ///// ////
000000000000000000000000000000000000000000000000000000000000000000000000000000000000000000000000000000000000000000000000=
54817 355900 1155200 00421 00434 4
20100325130000 148 018 152 019 152 019 1300 150 017 161 029 1239 0000 0048 0054 1205 0046 1238 046 040 1204 040 -058 10228 10229 1222 10227 1216 0023 0023 1259 -008 1201 0012 0023 1201 0012 1258 0063 0088 0096 0091 0081 0078 0088 0116 //// 10283 ///// ///// ////
000000000000000000000000000000000000000000000000000000000000000000000000000000000000000000000000000000000000000000000000=
54900 354200 1150100 00537 00541 4
20100325130000 160 023 167 020 167 020 1300 161 029 161 029 1300 0000 0049 0050 1221 0047 1203 057 057 1300 049 -029 10210 10211 1253 10208 1216 -004 -004 1300 -040 1201 0021 0030 1201 0021 1248 0087 0110 0114 0108 0088 0082 0083 0110 //// 10278 ///// ///// ////
000000000000000000000000000000000000000000000000000000000000000000000000000000000000000000000000000000000000000000000000=
54901 360500 1151000 00475 00478 4
20100325130000 144 024 144 023 149 025 1201 147 023 144 029 1239 0000 0038 0044 1201 0038 1300 054 050 1201 043 -046 10216 10217 1247 10215 1206 0016 0021 1245 0012 1234 0022 0035 1201 0022 1300 0074 0095 0101 0097 0085 0080 0077 0105 //// 10277 ///// ///// ////
000000000000000000000000000000000000000000000000000000000000000000000000000000000000000000000000000000000000000000000000=
54903 355100 1152900 00457 00506 4
20100325130000 165 012 164 011 153 012 1242 153 014 150 030 1214 0000 0053 0061 1201 0053 1300 045 041 1201 040 -057 10216 10216 1259 10214 1218 0025 0036 1218 0020 1253 0018 0029 1201 0018 1300 0076 0097 0101 0098 0083 0080 0090 0114 //// 10280 ///// ///// ////
000000000000000000000000000000000000000000000000000000000000000000000000000000000000000000000000000000000000000000000000=
57184 333800 1132200 00834 00847 4
20100325130000 146 021 141 024 136 026 1214 130 018 138 046 1221 0000 0064 0076 1201 0064 1300 063 058 1201 061 -001 10177 10178 1245 ///// //// 0049 0053 1209 0041 1247 0039 0050 1201 0039 1300 0089 0113 0118 0118 0099 0102 0104 0129 //// 10282 ///// ///// ////
000000000000000000000000000000000000000000000000000000000000000000000000000000000000000000000000000000000000000000000000=
57177 332000 1133200 00898 00913 4
20100325130000 132 024 132 022 142 036 1211 138 027 152 046 1203 0000 0059 0075 1216 0059 1300 063 057 1218 058 -006 10172 10173 1238 10169 1201 0010 0042 1213 0010 1300 0035 0046 1201 0035 1300 0055 0096 0098 0110 0101 0103 0105 0121 //// 10285 ///// ///// ////
000000000000000000000000000000000000000000000000000000000000000000000000000000000000000000000000000000000000000000000000=
57075 341000 1125200 02031 02043 4
20100325130000 278 011 272 011 168 025 1223 284 011 149 032 1217 0000 0054 0070 1211 0054 1300 044 027 1204 039 -059 10030 10030 1300 10025 1203 0002 0031 1240 0002 1300 0014 0035 1201 0014 1300 0082 0108 0114 0111 0100 0100 0097 0117 //// 10283 ///// ///// ////
000000000000000000000000000000000000000000000000000000000000000000000000000000000000000000000000000000000000000000000000=
57173 334500 1125300 01457 01468 4
20100325130000 088 017 092 016 089 023 1206 088 018 116 032 1222 0000 0062 0079 1235 0062 1300 060 031 1206 057 -010 10100 10101 1244 10094 1203 0013 0035 1249 0010 1215 0030 0042 1201 0030 1300 0093 0115 0120 0114 0100 0102 0104 0133 //// 10282 ///// ///// ////
000000000000000000000000000000000000000000000000000000000000000000000000000000000000000000000000000000000000000000000000=
57180 335900 1131200 01175 01186 4
20100325130000 183 018 184 020 188 027 1230 175 018 201 040 1228 0000 0077 0081 1231 0068 1214 042 027 1230 044 -044 10133 10134 1245 10125 1201 0033 0044 1256 -002 1219 0033 0044 1201 0033 1239 0095 0124 0129 0122 0100 0099 0102 0130 //// 10280 ///// ///// ////
000000000000000000000000000000000000000000000000000000000000000000000000000000000000000000000000000000000000000000000000=
57181 335300 1130300 01364 01380 4
20100325130000 209 013 190 018 169 039 1222 195 029 167 057 1217 0000 0046 0065 1222 0043 1208 064 043 1210 054 -016 10115 10115 1242 10110 1204 0000 0034 1222 -002 1208 0023 0036 1222 0023 1300 0085 0112 0120 0116 0098 0100 0102 0129 //// 10287 ///// ///// ////
000000000000000000000000000000000000000000000000000000000000000000000000000000000000000000000000000000000000000000000000=
57171 334600 1130700 01420 01430 4
20100325130000 116 040 117 041 120 052 1221 127 040 113 070 1217 0000 0079 0084 1201 0079 1300 059 055 1207 063 0004 10102 10103 1244 10100 1201 0074 0079 1214 0073 1258 0059 0068 1201 0059 1300 0099 0116 0121 0118 0109 0109 0114 0124 //// 10279 ///// ///// ////
000000000000000000000000000000000000000000000000000000000000000000000000000000000000000000000000000000000000000000000000=
57175 330300 1121400 01914 01922 4
20100325130000 039 009 069 011 123 019 1222 043 008 133 028 1216 0000 0075 0088 1227 0075 1300 053 041 1227 055 -015 10054 10054 1300 10049 1201 0006 0023 1201 0006 1300 0048 0068 1201 0048 1300 0110 0135 0139 0131 0105 0107 0111 0138 //// 10290 ///// ///// ////
000000000000000000000000000000000000000000000000000000000000000000000000000000000000000000000000000000000000000000000000=
57156 331800 1113000 02503 02523 4
20100325130000 327 009 325 006 221 013 1237 336 010 243 019 1233 0000 0085 0097 1201 0085 1300 035 030 1211 039 -061 09974 09974 1300 09967 1208 0037 0049 1210 0037 1300 0027 0042 1202 0027 1300 0096 0113 0118 0114 0101 0109 0117 0142 //// 10283 ///// ///// ////
000000000000000000000000000000000000000000000000000000000000000000000000000000000000000000000000000000000000000000000000=
57271 323300 1122300 00879 00897 4
20100325130000 199 009 145 015 072 027 1251 150 003 071 043 1247 0000 0082 0091 1217 0082 1300 053 044 1217 058 -008 10174 10174 1259 10169 1244 0041 0057 1252 0033 1237 0052 0058 1201 0052 1300 0095 0118 0125 0123 0102 0106 0114 0139 //// 10285 ///// ///// ////
000000000000000000000000000000000000000000000000000000000000000000000000000000000000000000000000000000000000000000000000=
57261 330700 1113100 02330 02345 4
20100325130000 169 006 177 007 279 011 1208 163 008 268 014 1206 0000 0090 0102 1201 0090 1300 034 028 1219 039 -060 09986 09986 1300 09981 1201 0019 0031 1201 0018 1259 0052 0066 1201 0052 1300 0099 0116 0120 0116 0111 0120 0128 //// //// 10273 ///// ///// ////
000000000000000000000000000000000000000000000000000000000000000000000000000000000000000000000000000000000000000000000000=
57285 322300 1132500 01530 01492 4
20100325130000 066 012 059 010 106 022 1211 060 014 122 042 1204 0000 0081 0088 1201 0081 1255 052 049 1206 056 -012 10112 10113 1249 10108 1203 0034 0056 1206 0016 1251 0062 0073 1201 0061 1246 0100 0116 0121 0120 0103 0107 0110 0135 //// ///// ///// ///// ////
////////////////////////////////////////////////////////////////////////////////////////////////////////////////////////=
57273 324100 1125100 01095 01105 4
20100325130000 139 036 141 033 131 040 1236 144 029 125 061 1246 0000 0078 0090 1201 0078 1300 054 037 1201 057 -009 10151 10152 1253 10146 1201 0062 0067 1238 0053 1217 0050 0055 1201 0049 1224 0091 0111 0116 0115 0108 0110 0112 0136 //// 10288 ///// ///// ////
000000000000000000000000000000000000000000000000000000000000000000000000000000000000000000000000000000000000000000000000=
57187 330400 1125600 01180 01193 4
20100325130000 130 026 128 026 128 030 1224 140 028 113 041 1249 0000 0075 0082 1201 0075 1300 061 058 1201 063 0005 10134 10134 1300 10127 1201 0058 0066 1203 0058 1300 0046 0057 1201 0046 1300 0089 0104 0114 0113 0108 0110 0110 0132 //// 10281 ///// ///// ////
000000000000000000000000000000000000000000000000000000000000000000000000000000000000000000000000000000000000000000000000=
57178 330200 1123500 01292 01305 4
20100325130000 129 018 128 015 130 022 1203 127 021 127 035 1225 0000 0079 0094 1201 0079 1300 044 040 1202 047 -036 10129 10129 1300 10122 1201 0005 0055 1201 0005 1300 0050 0061 1201 0050 1300 0092 0111 0115 0113 0108 0108 0110 0132 0001 10290 ///// ///// ////
00000000000000000000000000//00000000000000000000000000000000000000000000000000000000000000000000000000000000000000000000
200 000 000 /// //// //////////////////////// /// //// 6///1 0//// 7//// 1//// 2//// 3//// /// /// /// // 911// 915// 919// 934// 939//=
57169 330300 1115200 01591 01600 4
20100325130000 107 011 105 012 111 034 1201 097 010 119 048 1203 0000 0053 0090 1203 0053 1300 070 050 1202 062 0003 10090 10090 1300 10084 1210 0050 0070 1213 0050 1300 0040 0059 1201 0040 1300 0093 0113 0120 0118 0104 0105 0109 0133 //// 10288 ///// ///// ////
000000000000000000000000000000000000000000000000000000000000000000000000000000000000000000000000000000000000000000000000=
57176 332900 1122500 02311 02304 4
20100325130000 301 004 310 010 308 013 1257 302 003 324 015 1251 0000 0072 0096 1201 0072 1300 048 035 1202 049 -031 10010 10010 1255 10003 1201 0022 0048 1212 0022 1300 0044 0055 1201 0044 1300 0089 0109 0117 0119 0111 0111 0113 0130 //// 10292 ///// ///// ////
000000000000000000000000000000000000000000000000000000000000000000000000000000000000000000000000000000000000000000000000=
57179 331700 1130000 01604 01616 4
20100325130000 162 019 153 016 148 023 1204 156 020 142 038 1203 0000 0072 0088 1205 0068 1247 056 049 1204 057 -010 10088 10089 1256 10083 1205 0008 0027 1208 0001 1248 0036 0046 1201 0036 1300 0078 0096 0103 0103 0102 0104 0106 0132 //// 10287 ///// ///// ////
000000000000000000000000000000000000000000000000000000000000000000000000000000000000000000000000000000000000000000000000=
57274 324200 1120700 01076 01088 4
20100325130000 135 022 118 022 123 031 1201 142 020 116 041 1206 0000 0080 0093 1201 0080 1300 049 043 1203 053 -021 10149 10149 1300 10145 1212 0042 0071 1201 0039 1257 0062 0076 1201 0062 1300 0109 0126 0132 0130 0112 0114 0116 0140 //// 10284 ///// ///// ////
000000000000000000000000000000000000000000000000000000000000000000000000000000000000000000000000000000000000000000000000=
57065 343000 1121100 01949 01964 4
20100325130000 268 019 273 023 263 026 1249 263 026 246 040 1243 0000 0100 0109 1201 0096 1230 015 014 1202 018 -155 10038 10039 1254 10034 1226 0030 0036 1223 0028 1234 0044 0054 1201 0042 1229 0103 0123 0127 0122 0098 0103 0110 0138 //// 10279 ///// ///// ////
000000000000000000000000000000000000000000000000000000000000000000000000000000000000000000000000000000000000000000000000=
57074 342500 1122500 01973 01989 4
20100325130000 298 012 266 016 265 016 1257 274 016 246 039 1257 0000 0097 0104 1201 0094 1252 017 015 1227 020 -142 10035 10036 1257 10030 1201 0065 0069 1258 0030 1207 0051 0060 1201 0048 1246 0108 0124 0125 0119 0103 0102 0103 0125 //// 10279 ///// ///// ////
000000000000000000000000000000000000000000000000000000000000000000000000000000000000000000000000000000000000000000000000=
57070 344400 1120700 03640 03595 4
20100325130000 284 032 295 034 281 037 1243 268 024 293 048 1256 0000 0069 0076 1223 0067 1242 019 016 1201 019 -151 09841 09841 1300 09837 1203 0039 0051 1223 0033 1251 0032 0046 1201 0031 1257 0094 0113 0113 0105 0090 0092 0095 0122 //// 10281 ///// ///// ////
000000000000000000000000000000000000000000000000000000000000000000000000000000000000000000000000000000000000000000000000=
57162 340900 1120500 03258 03275 4
20100325130000 226 006 239 008 213 011 1250 254 005 209 017 1250 0000 0074 0090 1201 0074 1300 031 023 1201 032 -086 09881 09882 1247 09878 1201 0017 0038 1255 0001 1227 0036 0056 1201 0036 1300 0104 0125 0125 0116 0093 0097 0102 0131 //// 10281 ///// ///// ////
000000000000000000000000000000000000000000000000000000000000000000000000000000000000000000000000000000000000000000000000=
57078 340900 1122800 03365 03340 4
20100325130000 270 010 275 014 246 015 1245 257 008 246 025 1244 0000 0080 0095 1206 0080 1300 017 015 1231 018 -156 09873 09873 1259 09868 1201 -003 0031 1201 -006 1229 0027 0048 1201 0027 1300 0085 0108 0113 0108 0095 0098 0098 0118 //// 10281 ///// ///// ////
000000000000000000000000000000000000000000000000000000000000000000000000000000000000000000000000000000000000000000000000=
57071 344900 1122600 03333 03332 4
20100325130000 231 016 233 016 218 029 1209 246 011 220 045 1236 0000 0071 0086 1201 0071 1300 017 014 1202 017 -163 09871 09871 1300 09867 1202 0017 0057 1208 0017 1300 0028 0047 1202 0028 1300 0100 0118 0120 0112 0090 0088 0092 0119 //// 10279 ///// ///// ////
000000000000000000000000000000000000000000000000000000000000000000000000000000000000000000000000000000000000000000000000=
57066 342300 1114000 03283 03298 4
20100325130000 317 005 315 003 292 006 1238 313 005 293 022 1231 0000 0077 0094 1203 0077 1300 018 016 1216 019 -151 09880 09880 1256 09875 1201 0005 0037 1219 0003 1252 0023 0045 1203 0023 1300 0095 0116 0116 0107 0091 0090 0091 0115 //// 10283 ///// ///// ////
000000000000000000000000000000000000000000000000000000000000000000000000000000000000000000000000000000000000000000000000=
57077 334700 1113900 07424 07388 4
20100325130000 266 012 266 014 252 020 1246 268 013 260 025 1245 0000 0024 0045 1201 0024 1246 045 035 1202 033 -083 09409 09409 1252 09403 1201 -042 -026 1201 -044 1226 -007 0008 1201 -007 1300 0052 0078 0084 0083 0079 0086 0092 0115 //// 10301 ///// ///// ////
000000000000000000000000000000000000000000000000000000000000000000000000000000000000000000000000000000000000000000000000=
57183 334800 1135500 00600 00615 4
20100325130000 182 025 187 024 169 038 1201 187 023 187 044 1202 0000 0044 0060 1208 0042 1251 073 064 1208 061 0000 10207 10207 1253 10203 1201 0001 0024 1201 0001 1300 0053 0064 1202 0053 1300 0098 0115 0119 0117 0102 0099 0098 0122 //// 10284 ///// ///// ////
000000000000000000000000000000000000000000000000000000000000000000000000000000000000000000000000000000000000000000000000=
57186 333600 1140300 00587 00598 4
20100325130000 171 024 167 027 182 039 1242 189 026 157 057 1208 0000 0078 0086 1210 0075 1236 051 048 1203 054 -017 10213 10214 1225 10209 1201 0024 0043 1208 0023 1257 0049 0061 1201 0049 1300 0099 0120 0123 0120 0103 0102 0103 0133 //// 10287 ///// ///// ////
000000000000000000000000000000000000000000000000000000000000000000000000000000000000000000000000000000000000000000000000=
57191 342900 1142900 00634 00642 4
20100325130000 148 018 142 018 143 020 1242 164 016 164 037 1233 0000 0071 0078 1201 0071 1300 050 046 1201 050 -026 10205 10205 1300 10202 1201 0048 0058 1208 0048 1300 0040 0048 1201 0040 1300 0082 0096 0103 0103 0096 0093 0095 0124 //// 10286 ///// ///// ////
000000000000000000000000000000000000000000000000000000000000000000000000000000000000000000000000000000000000000000000000=
57096 343200 1144700 00597 00607 4
20100325130000 147 023 146 023 154 026 1242 138 025 161 042 1201 0000 0059 0067 1201 0059 1300 053 049 1201 049 -029 10204 10205 1228 10203 1205 0033 0042 1204 0032 1256 0023 0036 1201 0023 1300 0093 0120 0123 0117 0103 0099 0101 0128 //// 10280 ///// ///// ////
000000000000000000000000000000000000000000000000000000000000000000000000000000000000000000000000000000000000000000000000=
57091 344700 1141800 00737 00748 4
20100325130000 157 028 159 025 136 033 1202 144 025 121 056 1231 0000 0080 0083 1201 0080 1300 039 038 1201 042 -051 10188 10189 1236 10185 1201 0040 0046 1201 0032 1224 0051 0062 1201 0050 1248 0108 0126 0127 0114 0103 0101 0101 0122 //// 10282 ///// ///// ////
000000000000000000000000000000000000000000000000000000000000000000000000000000000000000000000000000000000000000000000000=
53978 350500 1123800 01401 01409 4
20100325130000 188 006 169 008 307 017 1203 206 008 308 022 1201 0000 0068 0106 1201 0068 1300 026 015 1227 026 -114 10097 10097 1253 10091 1201 -025 0010 1201 -025 1300 0038 0061 1201 0038 1300 0107 0130 0132 0127 0093 0092 0097 0125 //// 10271 ///// ///// ////
000000000000000000000000000000000000000000000000000000000000000000000000000000000000000000000000000000000000000000000000=
53987 350600 1132500 00910 00918 4
20100325130000 018 023 018 022 021 025 1250 023 023 015 038 1245 0000 0063 0069 1211 0063 1300 057 057 1220 054 -016 10162 10162 1259 10156 1201 0047 0052 1201 0043 1241 0054 0066 1201 0054 1300 0105 0124 0129 0127 0102 0098 0101 0127 //// 10277 ///// ///// ////
000000000000000000000000000000000000000000000000000000000000000000000000000000000000000000000000000000000000000000000000=
57079 345700 1130200 01064 01069 4
20100325130000 049 018 051 020 006 029 1211 046 019 029 043 1206 0000 0062 0078 1204 0062 1300 058 027 1202 055 -014 10139 10139 1300 10131 1201 0034 0059 1210 0030 1239 0032 0046 1210 0032 1300 0105 0118 0120 0115 0098 0095 0095 0119 //// 10272 ///// ///// ////
000000000000000000000000000000000000000000000000000000000000000000000000000000000000000000000000000000000000000000000000=
57072 345500 1124500 01275 01285 4
20100325130000 272 018 270 020 247 026 1214 284 014 273 035 1203 0000 0081 0096 1201 0077 1230 020 017 1201 022 -135 10114 10114 1300 10109 1201 0023 0063 1201 0001 1230 0020 0044 1201 0020 1300 0095 0118 0119 0112 0087 0086 0087 0113 //// 10273 ///// ///// ////
000000000000000000000000000000000000000000000000000000000000000000000000000000000000000000000000000000000000000000000000=
53982 351400 1131600 01120 01135 4
20100325130000 028 025 038 026 040 026 1259 274 020 051 044 1245 0000 0082 0087 1201 0082 1300 047 045 1201 051 -024 10135 10135 1300 10130 1201 0062 0064 1254 0059 1232 0056 0066 1201 0056 1259 0115 0131 0133 0127 0100 0098 0101 0131 //// 10275 ///// ///// ////
000000000000000000000000000000000000000000000000000000000000000000000000000000000000000000000000000000000000000000000000=
53979 350900 1130500 01200 01211 4
20100325130000 071 018 068 017 050 030 1201 061 018 048 044 1212 0000 0072 0085 1201 0072 1300 050 048 1208 051 -025 10126 10126 1300 10121 1203 0045 0072 1204 0044 1258 0023 0053 1201 0023 1300 0113 0132 0135 0126 0098 0099 0104 0132 //// 10276 ///// ///// ////
000000000000000000000000000000000000000000000000000000000000000000000000000000000000000000000000000000000000000000000000=
53974 353700 1141100 00723 00739 4
20100325130000 220 020 215 016 212 019 1243 237 035 237 035 1300 0000 0069 0073 1201 0069 1256 051 051 1214 051 -025 10188 10188 1254 10185 1202 0020 0024 1201 0009 1217 0043 0054 1201 0042 1258 0095 0116 0121 0117 0091 0091 0097 0124 //// 10281 ///// ///// ////
000000000000000000000000000000000000000000000000000000000000000000000000000000000000000000000000000000000000000000000000=
53990 354300 1141900 00795 00805 4
20100325130000 200 040 196 038 196 038 1300 200 044 200 044 1300 0000 0041 0052 1215 0041 1300 065 060 1212 053 -019 10177 10178 1240 10175 1207 0033 0043 1213 0031 1254 0019 0030 1201 0019 1259 0091 0110 0110 0106 0091 0085 0083 0110 //// 10279 ///// ///// ////
000000000000000000000000000000000000000000000000000000000000000000000000000000000000000000000000000000000000000000000000=
53991 355600 1142100 00743 00753 4
20100325130000 134 015 155 014 157 024 1206 116 014 153 041 1203 0000 0052 0065 1201 0052 1300 056 050 1201 050 -029 10182 10183 1256 10179 1201 0037 0055 1201 0028 1256 0035 0049 1201 0034 1258 0092 0112 0110 0110 0088 0084 0087 0118 //// 10277 ///// ///// ////
000000000000000000000000000000000000000000000000000000000000000000000000000000000000000000000000000000000000000000000000=
53993 355600 1145500 00516 00524 4
20100325130000 175 011 177 013 166 016 1201 172 012 161 028 1253 0000 0049 0058 1201 0047 1240 054 050 1201 047 -036 10211 10211 1300 10208 1201 0032 0035 1210 0021 1232 0021 0034 1201 0021 1300 0077 0100 0103 0097 0083 0076 0076 0108 //// 10277 ///// ///// ////
000000000000000000000000000000000000000000000000000000000000000000000000000000000000000000000000000000000000000000000000=
53889 360400 1134900 03068 03086 4
20100325130000 152 004 066 007 096 014 1220 207 005 082 018 1247 0000 0050 0060 1201 0050 1300 053 048 1201 046 -038 09893 09893 1300 09889 1201 0008 0042 1220 0006 1258 0032 0051 1201 0032 1300 0081 0100 0110 0114 0082 0075 0088 0098 //// 10276 ///// ///// ////
000000000000000000000000000000000000000000000000000000000000000000000000000000000000000000000000000000000000000000000000=
53995 353300 1143000 00625 00645 4
20100325130000 157 023 156 020 141 026 1201 150 015 125 038 1213 0000 0044 0054 1220 0041 1254 065 056 1219 054 -016 10198 10198 1300 10195 1202 0026 0035 1215 0014 1244 0033 0048 1201 0033 1259 0098 0122 0125 0121 0093 0087 0087 0116 //// 10279 ///// ///// ////
000000000000000000000000000000000000000000000000000000000000000000000000000000000000000000000000000000000000000000000000=
NNNN
