57090 344300 1135800 00781 00802 4
20100323180000 025 004 089 007 119 020 1710 057 005 130 038 1703 0000 0090 0093 1702 0090 1800 063 061 1701 072 0023 10111 10113 1701 10110 1749 0074 0082 1703 0074 1800 0076 0078 1701 0076 1753 0090 0098 0101 0103 0099 0092 0085 0119 //// 10209 ///// ///// ////
000000000000000000000000000000000000000000000000000000000000000000000000000000000000000000000000000000000000000000000000=
57083 344300 1133900 01104 01116 4
20100323180000 191 009 169 006 115 025 1704 211 013 096 039 1704 0000 0095 0100 1701 0095 1800 060 053 1709 071 0021 10076 10076 1800 10074 1702 0063 0073 1706 0063 1759 0075 0079 1705 0075 1800 0090 0096 0100 0105 0098 0098 0102 0126 0001 10212 ///// ///// ////
000000000000000000000000000000000000000000000000000000000000000000000000000000000000000000000000000000000000000000000000
110 010 000 010 3100 /////////////////////ACP 07/ 0000 6///1 0//// 7//// 10138 2//// 3//// /// /// /// // 911// 915// 919// 934// 939//=
57086 342300 1134300 01166 01168 4
20100323180000 157 011 152 010 104 016 1702 158 011 139 020 1738 0000 0084 0089 1701 0084 1759 063 058 1701 069 0018 10067 10071 1708 10066 1747 0075 0085 1702 0075 1756 0075 0077 1701 0075 1800 0086 0093 0098 0101 0099 0095 0092 0116 //// 10210 ///// ///// ////
000000000000000000000000000000000000000000000000000000000000000000000000000000000000000000000000000000000000000000000000=
57085 343200 1132000 02599 02648 4
20100323180000 332 012 329 012 312 016 1749 324 013 319 024 1747 0000 0079 0084 1701 0079 1800 056 051 1704 060 -003 09892 09892 1800 09889 1737 0074 0081 1712 0074 1800 0071 0074 1702 0071 1800 0087 0096 0101 0103 0103 0097 0092 0121 //// 10213 ///// ///// ////
000000000000000000000000000000000000000000000000000000000000000000000000000000000000000000000000000000000000000000000000=
57081 344800 1132600 01409 01419 4
20100323180000 034 003 347 003 139 008 1701 032 004 158 020 1707 0000 0092 0093 1734 0092 1800 045 041 1741 052 -021 10043 10043 1800 10038 1701 0060 0075 1703 0059 1757 0071 0072 1718 0071 1800 0085 0094 0101 0101 0091 0092 0095 0117 //// 10216 ///// ///// ////
000000000000000000000000000000000000000000000000000000000000000000000000000000000000000000000000000000000000000000000000=
57084 343000 1130300 11784 11790 4
20100323180000 294 022 332 021 078 061 1701 293 023 080 064 1704 0000 0015 0015 1800 0013 1701 055 055 1800 037 -066 08842 08843 1717 08838 1733 0012 0012 1800 0010 1723 0007 0007 1758 0005 1712 0020 0037 0050 0057 0062 //// //// //// //// 10213 ///// ///// ////
000000000000000000000000000000000000000000000000000000000000000000000000000000000000000000000000000000000000000000000000=
57080 344400 1125800 01652 01661 4
20100323180000 349 024 330 013 330 013 1800 333 016 015 039 1759 0000 0090 0095 1701 0089 1757 040 037 1702 046 -039 10013 10016 1754 10010 1733 0069 0069 1742 0062 1757 0070 0073 1701 0070 1800 0087 0096 0102 0103 0093 0087 0088 0119 //// 10215 ///// ///// ////
000000000000000000000000000000000000000000000000000000000000000000000000000000000000000000000000000000000000000000000000=
57082 342800 1130100 04271 04284 4
20100323180000 327 014 325 017 318 018 1756 310 013 333 025 1756 0000 0072 0078 1701 0071 1729 045 043 1701 046 -039 09700 09701 1755 09697 1731 0069 0070 1701 0066 1721 0057 0058 1701 0057 1758 0072 0083 0091 0096 0098 0099 0099 //// //// 10215 ///// ///// ////
000000000000000000000000000000000000000000000000000000000000000000000000000000000000000000000000000000000000000000000000=
57295 323700 1142100 00785 00802 4
20100323180000 356 017 351 010 001 014 1726 347 020 358 028 1724 0001 0058 0059 1701 0058 1800 086 084 1701 079 0036 10111 10119 1712 10108 1742 0057 0058 1706 0055 1746 0064 0065 1702 0064 1746 0082 0086 0091 0097 0102 0102 0101 0128 //// 10210 ///// ///// ////
000000000000000000000000000000000000000000000000000000000000000000000000000001000000000000000000000000000000000000000000=
57189 330800 1135700 00646 00655 4
20100323180000 136 012 144 009 187 011 1703 147 008 133 015 1759 0002 0065 0067 1701 0065 1800 096 096 1701 093 0059 10134 10142 1701 10130 1728 0064 0064 1736 0062 1712 0073 0074 1738 0073 1704 0085 0092 0096 0100 0098 0097 0097 0122 //// 10215 ///// ///// ////
000000000000000000000000000000000000010000000000000000000000000000000000000000000001000000000000000000000000000000000000=
57194 331700 1141600 00598 00609 4
20100323180000 300 005 286 007 231 011 1709 285 005 218 020 1705 0003 0063 0066 1706 0063 1735 092 089 1702 088 0051 10139 10147 1704 10134 1741 0060 0060 1757 0057 1734 0072 0072 1751 0071 1732 0084 0092 0096 0099 0097 0093 0097 0126 //// 10215 ///// ///// ////
000100000000000000000000000000000000000000000000000100000000000000000000000000000000000000000001000000000000000000000000=
57294 325000 1140100 00836 00846 4
20100323180000 036 007 021 006 138 011 1729 026 008 142 014 1729 0004 0059 0064 1703 0059 1759 094 090 1701 087 0050 10104 10118 1701 10104 1759 0055 0058 1719 0054 1739 0064 0066 1713 0064 1741 0076 0085 0093 0098 0102 0108 0102 0118 //// 10209 ///// ///// ////
000000010000000000000000000101000000000000000000000000000000000000000000000001000000000000000000000000000000000000000000=
57292 325800 1143800 00444 00453 4
20100323180000 000 000 000 000 000 000 1800 293 000 293 000 1800 0004 0058 0061 1701 0058 1800 091 088 1709 084 0044 10158 10168 1707 10155 1748 0055 0058 1701 0055 1800 0066 0067 1701 0065 1749 0078 0086 0093 0101 0104 0105 0104 0133 //// 10214 ///// ///// ////
010000000000000000000000000000000000000001000000000001000000000000000001000000000000000000000000000000000000000000000000=
57195 333700 1143700 00466 00476 4
20100323180000 312 008 289 008 247 016 1710 318 009 248 027 1708 0000 0073 0078 1703 0072 1757 089 087 1701 091 0056 10147 10167 1701 10144 1753 0064 0070 1702 0063 1750 0069 0074 1701 0068 1756 0081 0092 0100 0104 0103 0098 0101 0142 //// 10206 ///// ///// ////
000000000000000000000000000000000000000000000000000000000000000000000000000000000000000000000000000000000000000000000000=
57193 334700 1143100 00526 00541 4
20100323180000 181 012 170 010 173 013 1712 175 019 167 023 1708 0000 0080 0084 1701 0080 1800 085 084 1701 091 0056 10143 10158 1701 10142 1755 0072 0072 1750 0066 1708 0077 0079 1701 0076 1710 0091 0098 0103 0106 0105 0101 0104 0131 //// 10210 ///// ///// ////
000000000000000000000000000000000000000000000000000000000000000000000000000000000000000000000000000000000000000000000000
100 010 010 010 1000 /////////////////////SCP 5// 0000 6///1 0//// 7//// 10108 2//// 3//// /// /// /// // 911// 915// 919// 934// 939//=
57099 340400 1145100 00526 00536 4
20100323180000 125 014 125 014 125 021 1750 124 015 141 041 1747 0000 0083 0084 1720 0082 1701 080 080 1800 088 0051 10143 10155 1711 10142 1747 0072 0075 1712 0071 1703 0072 0074 1702 0072 1800 0085 0092 0095 0099 0101 0094 0097 0131 //// 10209 ///// ///// ////
000000000000000000000000000000000000000000000000000000000000000000000000000000000000000000000000000000000000000000000000=
58101 335200 1152900 00413 00428 4
20100323180000 118 017 118 019 119 019 1759 119 016 119 024 1759 0000 0067 0074 1701 0066 1736 077 075 1747 076 0030 10157 10173 1704 10157 1758 0058 0068 1701 0056 1738 0059 0066 1701 0059 1800 0082 0088 0093 0097 0100 0098 0099 0131 //// 10210 ///// ///// ////
000000000000000000000000000000000000000000000000000000000000000000000000000000000000000000000000000000000000000000000000=
57098 340500 1142400 00583 00593 4
20100323180000 198 017 203 018 134 024 1701 189 016 133 031 1721 0000 0080 0082 1701 0079 1755 088 088 1800 094 0061 10139 10145 1701 10134 1726 0074 0078 1701 0074 1748 0077 0079 1701 0077 1759 0084 0091 0096 0100 0102 0096 0096 0129 //// 10212 ///// ///// ////
000000000000000000000000000000000000000000000000000000000000000000000000000000000000000000000000000000000000000000000000=
57182 335100 1133000 00805 00814 4
20100323180000 183 017 185 017 187 018 1759 208 017 186 029 1751 0000 0084 0087 1701 0084 1800 084 071 1710 093 0059 10110 10113 1701 10108 1742 0078 0080 1710 0073 1736 0077 0078 1701 0077 1800 0091 0101 0109 0110 0108 0104 0107 0139 //// 10210 ///// ///// ////
000000000000000000000000000000000000000000000000000000000000000000000000000000000000000000000000000000000000000000000000=
57390 314800 1140400 07335 07347 4
20100323180000 026 065 029 058 029 058 1800 034 079 076 154 1731 0014 0007 0012 1701 0007 1800 100 100 1800 064 0007 09310 09327 1701 09310 1800 0010 0014 1702 0009 1715 0017 0019 1702 0014 1715 0030 0042 0055 0066 0085 0094 //// //// //// 10197 ///// ///// ////
000000000000000000000001000102010000010001000000020000010000000001000000000000010000000000000000000000020000000000000000=
58207 321000 1150300 00428 00440 4
20100323180000 063 041 060 037 060 037 1800 054 049 054 049 1800 0022 0057 0060 1701 0057 1800 090 087 1701 082 0042 10146 10158 1710 10146 1800 0051 0055 1703 0051 1800 0066 0067 1701 0066 1800 0054 0077 0084 0092 0109 0113 0111 0137 //// 10201 ///// ///// ////
000000000000000000000000000100000001000100010001000001000001000100000100010001000001010001000001000200010001000101000001=
58208 321000 1153700 00429 00439 4
20100323180000 050 019 057 019 061 030 1708 056 020 076 052 1705 0011 0058 0061 1715 0058 1800 081 078 1701 075 0028 10157 10158 1701 10155 1707 0052 0056 1725 0052 1746 0057 0059 1719 0057 1758 0066 0078 0085 0094 0108 0112 0111 0139 //// 10212 ///// ///// ////
000000000000000000000000000000000000000000000000000000000000000000000000000000000001010101000101000001000001000101010000
080 010 010 010 1200 /////////////////////SCP 5// 6060 60011 0//// 7//// 10092 2//// 3//// /// /// /// // 911// 915// 919// 934// 939//=
53986 351900 1135300 00732 00740 4
20100323180000 PPC 001 223 004 209 012 1734 PPC 002 153 024 1707 0000 0099 0101 1713 0098 1756 055 053 1712 067 0013 10127 10129 1741 10119 1705 0080 0089 1708 0078 1747 0075 0077 1701 0075 1758 0091 0098 0102 0105 0097 0093 0097 0127 //// 10217 ///// ///// ////
000000000000000000000000000000000000000000000000000000000000000000000000000000000000000000000000000000000000000000000000
120 010 000 010 2800 /////////////////////ACP 07/ 0000 6///1 0//// 7//// 10140 2//// 3//// /// /// /// // 911// 915// 919// 934// 939//=
53994 352300 1140400 00700 00712 4
20100323180000 302 013 285 013 270 014 1752 301 012 268 025 1752 0000 0094 0094 1800 0090 1719 055 054 1758 065 0008 10130 10131 1759 10121 1703 0069 0074 1753 0061 1708 0068 0070 1701 0068 1739 0088 0099 0105 0105 0093 0088 0093 0127 //// 10217 ///// ///// ////
000000000000000000000000000000000000000000000000000000000000000000000000000000000000000000000000000000000000000000000000=
57051 344800 1111200 04099 04117 4
20100323180000 257 003 PPC 002 089 003 1720 330 004 035 015 1759 0000 0082 0085 1701 0082 1800 038 036 1702 041 -053 09719 09725 1708 09718 1740 0063 0064 1753 0056 1715 0070 0073 1701 0070 1800 0088 0098 0103 0104 0091 0086 0085 0114 //// 10212 ///// ///// ////
000000000000000000000000000000000000000000000000000000000000000000000000000000000000000000000000000000000000000000000000
100 010 000 010 3800 /////////////////////ASP 02/ 0000 6///1 0//// 7//// 10126 2//// 3//// /// /// /// // 911// 915// 919// 934// 939//=
57063 344600 1114600 05236 05236 4
20100323180000 020 008 048 009 048 024 1718 015 005 049 035 1714 0000 0070 0071 1747 0068 1701 036 035 1746 036 -070 09592 09597 1707 09588 1753 0045 0058 1720 0045 1800 0050 0052 1720 0050 1800 0069 0078 0083 0085 0076 0076 0083 0110 //// 10219 ///// ///// ////
000000000000000000000000000000000000000000000000000000000000000000000000000000000000000000000000000000000000000000000000=
57067 340300 1110200 05688 05699 4
20100323180000 197 010 209 009 193 009 1747 206 007 223 014 1758 0000 0046 0052 1701 0046 1759 071 064 1719 060 -002 09539 09540 1757 09534 1723 0052 0055 1724 0050 1754 0059 0061 1719 0059 1800 0075 0084 0092 0090 0092 0097 0094 0122 //// 10226 ///// ///// ////
000000000000000000000000000000000000000000000000000000000000000000000000000000000000000000000000000000000000000000000000
100 010 000 010 3600 /////////////////////ACP 07/ 0000 6///1 0//// 7//// 10076 2//// 3//// /// /// /// // 911// 915// 919// 934// 939//=
57056 343200 1105300 03904 03909 4
20100323180000 132 018 143 021 134 035 1720 136 024 167 056 1705 0000 0089 0094 1707 0088 1750 039 036 1707 044 -043 09747 09749 1701 09741 1728 0076 0083 1707 0073 1746 0076 0080 1704 0075 1753 0089 0098 0102 0103 0091 0089 0092 0118 //// 10215 ///// ///// ////
000000000000000000000000000000000000000000000000000000000000000000000000000000000000000000000000000000000000000000000000=
58007 340400 1151800 00472 00532 4
20100323180000 113 013 112 012 071 014 1701 108 010 113 031 1711 0000 0078 0085 1702 0078 1800 070 066 1703 074 0027 10142 10157 1701 10142 1800 0069 0077 1701 0068 1756 0070 0072 1702 0070 1800 0087 0095 0101 0103 0103 0099 0101 0131 //// 10208 ///// ///// ////
000000000000000000000000000000000000000000000000000000000000000000000000000000000000000000000000000000000000000000000000=
58006 342300 1155300 00463 00506 4
20100323180000 133 019 133 016 133 016 1800 128 018 130 028 1756 0000 0067 0067 1759 0065 1736 063 063 1757 062 0002 10152 10164 1701 10152 1800 0056 0056 1758 0051 1709 0059 0060 1718 0059 1800 0072 0084 0090 0095 0095 0092 0096 0127 //// 10214 ///// ///// ////
000000000000000000000000000000000000000000000000000000000000000000000000000000000000000000000000000000000000000000000000=
58111 335800 1162700 00325 00325 4
20100323180000 102 013 086 011 078 018 1705 097 018 032 034 1706 0000 0066 0069 1702 0066 1754 064 061 1701 062 0003 10177 10182 1729 10175 1701 0046 0056 1701 0046 1800 0054 0057 1701 0054 1800 0069 0079 0086 0091 0096 0097 0104 0138 //// 10217 ///// ///// ////
000000000000000000000000000000000000000000000000000000000000000000000000000000000000000000000000000000000000000000000000
130 000 000 000 //// //////////////////////// /// 0000 6///1 0//// 7//// 10110 2//// 3//// /// /// /// // 911// 915// 919// 934// 939//=
58017 341500 1160800 00410 00420 4
20100323180000 082 004 070 007 064 011 1749 071 005 068 020 1747 0000 0070 0070 1750 0067 1701 066 066 1744 066 0011 10164 10168 1707 10163 1746 0056 0057 1757 0051 1701 0059 0060 1740 0059 1756 0077 0087 0094 0098 0099 0096 0102 0128 //// 10216 ///// ///// ////
000000000000000000000000000000000000000000000000000000000000000000000000000000000000000000000000000000000000000000000000=
58001 342600 1150600 00563 00569 4
20100323180000 169 007 158 014 143 030 1744 164 001 147 044 1740 0000 0078 0081 1708 0078 1758 071 071 1800 075 0029 10137 10147 1701 10135 1749 0072 0075 1725 0072 1757 0067 0069 1725 0067 1757 0076 0084 0089 0092 0090 0087 0093 0126 //// 10207 ///// ///// ////
000000000000000000000000000000000000000000000000000000000000000000000000000000000000000000000000000000000000000000000000=
58005 342700 1154000 00501 00511 4
20100323180000 133 029 142 026 142 026 1800 141 028 155 035 1745 0000 0074 0075 1732 0073 1701 059 057 1750 061 -001 10143 10155 1701 10143 1800 0063 0064 1742 0056 1706 0058 0062 1706 0058 1800 0078 0089 0093 0096 0098 0095 0102 0132 0001 10206 ///// ///// ////
000000000000000000000000000000000000000000000000000000000000000000000000000000000000000000000000000000000000000000000000
140 010 000 010 2800 //////////////////ACRASR 07/ 0000 6///1 0//// 7//// 10123 2//// 3//// /// /// /// // 911// 915// 919// 934// 939//=
58008 342800 1152000 00544 00592 4
20100323180000 128 028 125 023 125 023 1800 125 038 170 045 1759 0000 0075 0079 1725 0075 1800 067 065 1723 069 0018 10129 10144 1710 10129 1759 0064 0064 1752 0058 1701 0065 0068 1719 0065 1800 0073 0082 0087 0091 0094 0092 0097 0129 //// 10202 ///// ///// ////
000000000000000000000000000000000000000000000000000000000000000000000000000000000000000000000000000000000000000000000000=
58004 343900 1150900 00606 00616 4
20100323180000 152 009 155 014 126 014 1722 091 005 147 031 1747 0000 0082 0083 1701 0081 1728 065 064 1703 071 0020 10130 10138 1704 10129 1748 0073 0073 1753 0068 1745 0069 0072 1702 0069 1800 0083 0096 0098 0101 0101 0098 0101 0127 //// 10205 ///// ///// ////
000000000000000000000000000000000000000000000000000000000000000000000000000000000000000000000000000000000000000000000000=
54817 355900 1155200 00421 00434 4
20100323180000 000 000 122 002 219 007 1701 265 000 209 010 1712 0000 0060 0086 1701 0060 1800 064 047 1701 060 -003 10156 10162 1701 10151 1752 0024 0058 1701 0022 1747 0034 0049 1701 0034 1800 0064 0079 0086 0086 0082 0075 0087 0116 //// 10209 ///// ///// ////
000000000000000000000000000000000000000000000000000000000000000000000000000000000000000000000000000000000000000000000000=
54900 354200 1150100 00537 00541 4
20100323180000 230 015 224 014 224 014 1800 237 015 181 022 1708 0000 0082 0086 1701 0077 1738 055 054 1701 060 -003 10146 10146 1705 10136 1724 0057 0057 1759 0024 1731 0057 0058 1701 0050 1731 0080 0092 0096 0097 0088 0079 0082 0110 //// 10212 ///// ///// ////
000000000000000000000000000000000000000000000000000000000000000000000000000000000000000000000000000000000000000000000000=
54901 360500 1151000 00475 00478 4
20100323180000 192 013 199 010 199 010 1800 195 014 195 014 1800 0000 0056 0069 1728 0056 1800 063 055 1729 057 -009 10152 10155 1702 10145 1723 0023 0030 1701 0017 1725 0031 0039 1701 0030 1757 0064 0080 0088 0090 0086 0077 0075 0105 //// 10211 ///// ///// ////
000000000000000000000000000000000000000000000000000000000000000000000000000000000000000000000000000000000000000000000000=
54903 355100 1152900 00457 00506 4
20100323180000 248 004 250 003 306 005 1721 237 004 313 008 1717 0000 0066 0081 1701 0066 1800 060 051 1735 058 -006 10148 10151 1701 10141 1735 0027 0051 1701 0027 1800 0037 0054 1701 0037 1759 0072 0086 0090 0091 0083 0077 0089 0114 //// 10210 ///// ///// ////
000000000000000000000000000000000000000000000000000000000000000000000000000000000000000000000000000000000000000000000000=
57184 333800 1132200 00834 00847 4
20100323180000 174 006 166 007 152 016 1714 279 005 138 024 1738 0000 0084 0084 1800 0082 1709 081 081 1800 089 0053 10104 10108 1706 10103 1736 0081 0085 1712 0080 1742 0081 0082 1702 0081 1748 0094 0104 0108 0112 0101 0101 0102 0129 //// 10208 ///// ///// ////
000000000000000000000000000000000000000000000000000000000000000000000000000000000000000000000000000000000000000000000000=
57177 332000 1133200 00898 00913 4
20100323180000 155 006 166 009 058 018 1703 166 006 002 029 1704 0000 0077 0078 1701 0074 1723 086 086 1800 090 0055 10099 10104 1736 10095 1743 0071 0073 1738 0067 1729 0078 0078 1701 0077 1745 0068 0093 0091 0105 0106 0104 0103 0121 //// 10212 ///// ///// ////
000000000000000000000000000000000000000000000000000000000000000000000000000000000000000000000000000000000000000000000000=
57075 341000 1125200 02031 02043 4
20100323180000 350 026 347 023 347 023 1800 352 028 352 028 1800 0000 0072 0077 1702 0072 1800 083 078 1702 084 0045 09964 09968 1702 09963 1721 0068 0071 1702 0067 1752 0069 0072 1701 0069 1800 0084 0094 0100 0102 0106 0102 0095 0117 //// 10213 ///// ///// ////
000000000000000000000000000000000000000000000000000000000000000000000000000000000000000000000000000000000000000000000000=
57173 334500 1125300 01457 01468 4
20100323180000 283 010 282 009 281 012 1734 291 010 271 015 1731 0000 0078 0083 1714 0078 1800 081 073 1701 086 0047 10028 10035 1701 10028 1800 0072 0074 1712 0072 1759 0074 0076 1701 0074 1800 0089 0099 0105 0106 0105 0102 0103 0133 //// 10208 ///// ///// ////
000000000000000000000000000000000000000000000000000000000000000000000000000000000000000000000000000000000000000000000000=
57180 335900 1131200 01175 01186 4
20100323180000 215 014 210 013 210 013 1800 214 016 214 016 1800 0000 0083 0086 1721 0083 1800 076 073 1750 083 0043 10065 10067 1701 10063 1748 0072 0072 1800 0069 1701 0072 0074 1703 0072 1800 0084 0094 0100 0104 0101 0098 0100 0131 //// 10210 ///// ///// ////
000000000000000000000000000000000000000000000000000000000000000000000000000000000000000000000000000000000000000000000000=
57181 335300 1130300 01364 01380 4
20100323180000 226 006 217 004 230 004 1701 223 004 226 008 1759 0000 0076 0078 1716 0076 1743 082 077 1711 086 0047 10046 10049 1713 10045 1751 0067 0069 1713 0067 1800 0074 0075 1721 0074 1800 0085 0097 0103 0107 0103 0100 0101 0129 //// 10215 ///// ///// ////
000000000000000000000000000000000000000000000000000000000000000000000000000000000000000000000000000000000000000000000000
060 010 000 010 3600 /////////////////////ACP 07/ 1000 6///1 0//// 7//// 10118 2//// 3//// /// /// /// // 911// 915// 919// 934// 939//=
57171 334600 1130700 01420 01430 4
20100323180000 300 015 294 015 274 019 1739 287 017 282 025 1738 0000 0088 0090 1701 0085 1725 066 065 1752 075 0028 10032 10036 1704 10031 1728 0083 0085 1753 0081 1706 0076 0078 1701 0076 1800 0088 0097 0104 0108 0112 0113 0113 0124 //// 10207 ///// ///// ////
000000000000000000000000000000000000000000000000000000000000000000000000000000000000000000000000000000000000000000000000=
57175 330300 1121400 01914 01922 4
20100323180000 310 014 333 011 115 023 1702 271 013 133 025 1702 0000 0072 0080 1702 0072 1800 086 069 1728 087 0050 09982 09988 1722 09982 1752 0065 0068 1735 0063 1701 0071 0071 1732 0069 1704 0087 0100 0109 0114 0110 0108 0109 0138 //// 10218 ///// ///// ////
000000000000000000000000000000000000000000000000000000000000000000000000000000000000000000000000000000000000000000000000=
57156 331800 1113000 02503 02523 4
20100323180000 255 007 266 008 292 012 1708 271 011 288 021 1701 0000 0075 0077 1710 0075 1800 079 073 1710 082 0041 09913 09921 1708 09913 1800 0073 0074 1751 0070 1728 0067 0067 1703 0067 1747 0084 0092 0101 0106 0105 0112 0116 0142 //// 10221 ///// ///// ////
000000000000000000000000000000000000000000000000000000000000000000000000000000000000000000000000000000000000000000000000
100 010 000 010 3300 /////////////////////ACP 07/ 0000 6///1 0//// 7//// 10096 2//// 3//// /// /// /// // 911// 915// 919// 934// 939//=
57271 323300 1122300 00879 00897 4
20100323180000 031 013 018 008 045 020 1710 043 018 046 036 1704 0000 0081 0083 1708 0081 1800 078 076 1710 084 0045 10103 10113 1724 10103 1800 0070 0074 1709 0068 1745 0074 0076 1702 0074 1751 0087 0098 0106 0112 0106 0107 0112 0139 //// 10214 ///// ///// ////
000000000000000000000000000000000000000000000000000000000000000000000000000000000000000000000000000000000000000000000000=
57261 330700 1113100 02330 02345 4
20100323180000 268 007 257 006 298 012 1722 242 007 332 018 1718 0000 0077 0079 1701 0077 1800 087 081 1702 091 0057 09925 09934 1703 09925 1800 0071 0073 1742 0070 1709 0076 0076 1800 0075 1720 0088 0098 0104 0108 0120 0123 0126 //// //// 10212 ///// ///// ////
000000000000000000000000000000000000000000000000000000000000000000000000000000000000000000000000000000000000000000000000=
57285 322300 1132500 01530 01492 4
20100323180000 022 008 037 012 057 017 1702 341 005 063 024 1744 0001 0060 0062 1715 0060 1754 083 083 1749 078 0033 10028 10035 1724 10028 1800 0052 0054 1714 0052 1756 0064 0065 1716 0064 1753 0079 0088 0096 0103 0108 0109 0108 0135 //// 10212 ///// ///// ////
000000000000000000000000000000000000000000000100000000000000000000000000000000000000000000000000000000000000000000000000
060 010 000 010 3300 /////////////////////ACP 07/ 6060 69921 0//// 7//// 10082 2//// 3//// /// /// /// // 911// 915// 919// 934// 939//=
57273 324100 1125100 01095 01105 4
20100323180000 000 000 000 000 080 010 1710 347 000 102 015 1704 0000 0069 0071 1701 0068 1742 085 083 1701 085 0046 10080 10083 1746 10078 1733 0064 0065 1701 0063 1742 0075 0075 1702 0074 1738 0088 0098 0105 0111 0113 0112 0111 0136 //// 10216 ///// ///// ////
000000000000000000000000000000000000000000000000000000000000000000000000000000000000000000000000000000000000000000000000=
57187 330400 1125600 01180 01193 4
20100323180000 229 020 223 021 182 025 1740 226 020 197 036 1737 0000 0076 0077 1745 0073 1701 083 082 1743 087 0049 10063 10064 1713 10057 1725 0071 0073 1741 0065 1707 0076 0077 1701 0076 1707 0089 0095 0105 0110 0116 0112 0108 0132 //// 10210 ///// ///// ////
000000000000000000000000000000000000000000000000000000000000000000000000000000000000000000000000000000000000000000000000=
57169 330300 1115200 01591 01600 4
20100323180000 282 007 282 004 037 022 1701 279 008 023 025 1701 0000 0080 0085 1707 0080 1756 076 071 1719 081 0040 10025 10030 1720 10023 1736 0078 0079 1748 0070 1701 0074 0075 1725 0074 1702 0090 0100 0107 0111 0108 0106 0107 0133 //// 10221 ///// ///// ////
000000000000000000000000000000000000000000000000000000000000000000000000000000000000000000000000000000000000000000000000=
57176 332900 1122500 02311 02304 4
20100323180000 232 011 238 012 238 012 1800 234 010 102 017 1709 0000 0083 0090 1701 0083 1800 059 048 1714 065 0008 09932 09941 1736 09932 1800 0072 0077 1711 0071 1749 0074 0076 1750 0074 1713 0090 0100 0107 0112 0114 0113 0111 0130 //// 10213 ///// ///// ////
000000000000000000000000000000000000000000000000000000000000000000000000000000000000000000000000000000000000000000000000=
57179 331700 1130000 01604 01616 4
20100323180000 239 018 235 018 201 022 1750 257 019 203 031 1748 0000 0076 0079 1701 0076 1759 089 086 1701 093 0059 10018 10020 1719 10012 1728 0067 0067 1757 0060 1710 0075 0076 1733 0074 1708 0087 0095 0100 0104 0105 0103 0104 0132 //// 10216 ///// ///// ////
000000000000000000000000000000000000000000000000000000000000000000000000000000000000000000000000000000000000000000000000=
57274 324200 1120700 01076 01088 4
20100323180000 349 015 120 008 120 008 1800 004 023 004 023 1800 0000 0077 0078 1710 0077 1738 082 082 1800 086 0048 10083 10090 1724 10082 1758 0072 0075 1708 0072 1753 0081 0083 1711 0081 1800 0096 0102 0110 0116 0120 0118 0114 0140 //// 10217 ///// ///// ////
000000000000000000000000000000000000000000000000000000000000000000000000000000000000000000000000000000000000000000000000=
57065 343000 1121100 01949 01964 4
20100323180000 000 000 183 002 283 015 1717 203 000 293 024 1715 0000 0088 0090 1737 0088 1800 047 042 1747 053 -019 09974 09981 1731 09974 1758 0069 0072 1701 0068 1721 0070 0073 1705 0070 1800 0090 0100 0105 0108 0102 0103 0109 0138 //// 10213 ///// ///// ////
000000000000000000000000000000000000000000000000000000000000000000000000000000000000000000000000000000000000000000000000=
57074 342500 1122500 01973 01989 4
20100323180000 300 007 155 001 103 005 1713 299 014 299 014 1800 0000 0084 0087 1703 0084 1750 071 068 1701 078 0035 09973 09978 1734 09973 1800 0070 0078 1701 0070 1753 0075 0075 1705 0075 1754 0091 0100 0105 0108 0105 0103 0101 0125 //// 10215 ///// ///// ////
000000000000000000000000000000000000000000000000000000000000000000000000000000000000000000000000000000000000000000000000=
57070 344400 1120700 03640 03595 4
20100323180000 018 029 017 029 010 033 1751 012 030 001 044 1744 0000 0078 0080 1712 0078 1759 045 042 1709 048 -034 09777 09786 1703 09777 1800 0069 0071 1749 0069 1705 0060 0061 1701 0060 1800 0076 0088 0093 0095 0093 0091 0094 0123 //// 10210 ///// ///// ////
000000000000000000000000000000000000000000000000000000000000000000000000000000000000000000000000000000000000000000000000=
57162 340900 1120500 03258 03275 4
20100323180000 212 007 186 006 246 012 1714 212 008 209 020 1707 0000 0076 0079 1706 0076 1800 063 060 1701 066 0010 09816 09821 1702 09813 1752 0061 0070 1710 0060 1758 0063 0064 1701 0062 1725 0078 0087 0094 0099 0097 0097 0100 0132 //// 10213 ///// ///// ////
000000000000000000000000000000000000000000000000000000000000000000000000000000000000000000000000000000000000000000000000=
57078 340900 1122800 03365 03340 4
20100323180000 007 010 350 008 299 015 1729 012 005 302 019 1728 0000 0076 0076 1800 0074 1731 058 058 1800 061 -001 09806 09812 1738 09806 1800 0061 0062 1742 0060 1754 0057 0060 1705 0057 1800 0072 0082 0090 0095 0098 0098 0096 0118 //// 10210 ///// ///// ////
000000000000000000000000000000000000000000000000000000000000000000000000000000000000000000000000000000000000000000000000=
57071 344900 1122600 03333 03332 4
20100323180000 297 020 294 015 267 015 1709 308 029 308 029 1800 0000 0079 0082 1701 0079 1800 041 039 1701 044 -045 09812 09819 1709 09812 1800 0064 0066 1708 0061 1739 0057 0059 1701 0057 1800 0076 0086 0092 0095 0092 0088 0090 0119 //// 10215 ///// ///// ////
000000000000000000000000000000000000000000000000000000000000000000000000000000000000000000000000000000000000000000000000
120 010 000 010 3400 /////////////////////ACP 07/ 0000 6///1 0//// 7//// 10115 2//// 3//// /// /// /// // 911// 915// 919// 934// 939//=
57066 342300 1114000 03283 03298 4
20100323180000 160 009 175 009 310 011 1703 192 011 173 021 1753 0000 0082 0085 1708 0082 1800 053 045 1746 058 -008 09818 09820 1716 09813 1744 0065 0068 1744 0065 1732 0061 0064 1701 0061 1800 0077 0087 0093 0096 0094 0091 0089 0116 //// 10216 ///// ///// ////
000000000000000000000000000000000000000000000000000000000000000000000000000000000000000000000000000000000000000000000000=
57077 334700 1113900 07424 07388 4
20100323180000 209 006 181 007 227 016 1706 212 006 226 020 1703 0000 0041 0042 1743 0041 1701 079 077 1741 065 0008 09344 09350 1709 09340 1740 0032 0033 1736 0032 1800 0037 0038 1728 0037 1759 0048 0058 0064 0069 0085 0088 0090 0116 //// 10227 ///// ///// ////
000000000000000000000000000000000000000000000000000000000000000000000000000000000000000000000000000000000000000000000000
070 010 010 010 1600 /////////////////////SCP 5// 1060 69901 0//// 7//// 10065 2//// 3//// /// /// /// // 911// 915// 919// 934// 939//=
57185 332700 1133500 00911 00921 4
20100323180000 184 018 178 019 157 020 1748 186 015 167 028 1756 0000 0079 0080 1734 0077 1701 076 076 1800 081 0039 10099 10100 1701 10092 1748 0070 0070 1736 0067 1701 0074 0076 1715 0074 1800 0088 0093 0100 0096 0108 0104 0100 0123 //// 10213 ///// ///// ////
000000000000000000000000000000000000000000000000000000000000000000000000000000000000000000000000000000000000000000000000=
57183 334800 1135500 00600 00615 4
20100323180000 231 012 240 008 215 021 1708 243 015 218 030 1707 0000 0073 0076 1701 0073 1800 089 088 1721 091 0056 10132 10141 1701 10130 1733 0066 0071 1710 0066 1759 0079 0081 1701 0079 1748 0091 0099 0105 0107 0104 0099 0096 0123 //// 10208 ///// ///// ////
000000000000000000000000000000000000000000000000000000000000000000000000000000000000000000000000000000000000000000000000=
57186 333600 1140300 00587 00598 4
20100323180000 191 029 201 026 182 029 1708 192 030 195 039 1705 0000 0078 0082 1725 0078 1800 083 079 1728 088 0051 10136 10144 1702 10134 1734 0069 0073 1730 0069 1800 0079 0081 1701 0079 1800 0091 0100 0104 0108 0106 0102 0101 0134 //// 10210 ///// ///// ////
000000000000000000000000000000000000000000000000000000000000000000000000000000000000000000000000000000000000000000000000=
57091 344700 1141800 00737 00748 4
20100323180000 186 023 176 024 141 027 1702 184 026 178 047 1732 0000 0092 0096 1701 0092 1800 062 053 1701 072 0023 10119 10122 1701 10118 1716 0079 0081 1731 0079 1709 0080 0081 1730 0080 1759 0093 0100 0105 0099 0103 0100 0100 0123 //// 10211 ///// ///// ////
000000000000000000000000000000000000000000000000000000000000000000000000000000000000000000000000000000000000000000000000
130 010 000 010 3200 /////////////////////ASP 02/ 0000 6///1 0//// 7//// 10138 2//// 3//// /// /// /// // 911// 915// 919// 934// 939//=
53978 350500 1123800 01401 01409 4
20100323180000 323 010 329 010 314 017 1706 308 008 305 021 1716 0000 0097 0100 1720 0097 1701 038 037 1713 046 -039 10042 10049 1706 10042 1800 0070 0076 1721 0068 1707 0072 0074 1704 0072 1759 0089 0099 0103 0108 0094 0091 0095 0125 //// 10213 ///// ///// ////
000000000000000000000000000000000000000000000000000000000000000000000000000000000000000000000000000000000000000000000000=
53984 351400 1132800 00827 00837 4
20100323180000 329 007 334 009 320 015 1731 322 006 319 018 1729 0000 0081 0082 1720 0077 1705 058 055 1715 063 0003 10114 10117 1727 10111 1701 0057 0063 1707 0057 1800 0070 0071 1701 0070 1730 0089 0098 0099 0103 0097 0094 0094 0120 //// 10216 ///// ///// ////
000000000000000000000000000000000000000000000000000000000000000000000000000000000000000000000000000000000000000000000000=
53987 350600 1132500 00910 00918 4
20100323180000 344 010 356 010 331 014 1733 350 009 341 019 1717 0000 0092 0097 1737 0092 1800 053 048 1732 062 0001 10106 10107 1740 10099 1701 0077 0085 1735 0070 1704 0077 0081 1704 0077 1754 0091 0099 0104 0107 0101 0097 0099 0127 //// 10218 ///// ///// ////
000000000000000000000000000000000000000000000000000000000000000000000000000000000000000000000000000000000000000000000000=
57079 345700 1130200 01064 01069 4
20100323180000 001 011 349 011 341 017 1721 010 011 333 022 1721 0000 0083 0084 1710 0079 1724 057 055 1741 062 0003 10085 10086 1755 10082 1707 0069 0071 1750 0067 1701 0069 0071 1701 0069 1800 0087 0093 0099 0101 0099 0095 0094 0120 //// 10216 ///// ///// ////
000000000000000000000000000000000000000000000000000000000000000000000000000000000000000000000000000000000000000000000000=
57072 345500 1124500 01275 01285 4
20100323180000 347 009 335 009 326 018 1719 352 008 313 024 1704 0000 0077 0080 1717 0076 1701 062 056 1713 065 0009 10057 10063 1705 10057 1800 0059 0072 1710 0059 1800 0063 0065 1701 0063 1759 0079 0090 0096 0097 0090 0086 0085 0113 //// 10214 ///// ///// ////
000000000000000000000000000000000000000000000000000000000000000000000000000000000000000000000000000000000000000000000000=
53982 351400 1131600 01120 01135 4
20100323180000 337 006 318 008 312 009 1758 319 005 308 011 1747 0000 0101 0101 1800 0096 1723 038 038 1800 047 -036 10077 10080 1722 10075 1701 0070 0071 1741 0070 1723 0077 0079 1701 0077 1758 0096 0105 0109 0112 0100 0097 0099 0131 //// 10215 ///// ///// ////
000000000000000000000000000000000000000000000000000000000000000000000000000000000000000000000000000000000000000000000000=
53979 350900 1130500 01200 01211 4
20100323180000 319 010 324 011 326 016 1750 324 008 301 020 1717 0000 0100 0102 1722 0095 1701 041 040 1712 050 -026 10071 10074 1708 10070 1701 0078 0086 1713 0074 1701 0064 0067 1711 0064 1800 0090 0100 0107 0109 0099 0098 0103 0132 //// 10218 ///// ///// ////
000000000000000000000000000000000000000000000000000000000000000000000000000000000000000000000000000000000000000000000000=
53974 353700 1141100 00723 00739 4
20100323180000 215 015 216 016 223 018 1739 206 010 237 031 1739 0000 0104 0106 1705 0104 1800 045 043 1736 057 -010 10126 10128 1747 10119 1705 0078 0080 1748 0070 1712 0079 0081 1701 0079 1714 0093 0103 0108 0108 0092 0089 0096 0124 //// 10216 ///// ///// ////
000000000000000000000000000000000000000000000000000000000000000000000000000000000000000000000000000000000000000000000000=
53990 354300 1141900 00795 00805 4
20100323180000 199 025 203 026 206 026 1758 209 024 217 035 1751 0000 0085 0085 1800 0081 1735 059 059 1800 065 0010 10116 10119 1744 10109 1701 0079 0080 1758 0071 1710 0067 0067 1757 0063 1711 0089 0099 0100 0103 0092 0082 0081 0110 //// 10214 ///// ///// ////
000000000000000000000000000000000000000000000000000000000000000000000000000000000000000000000000000000000000000000000000=
53889 360400 1134900 03068 03086 4
20100323180000 214 009 197 008 251 014 1732 215 008 241 020 1729 0000 0073 0075 1729 0069 1707 047 044 1701 048 -033 09839 09842 1728 09835 1711 0054 0065 1730 0032 1701 0058 0058 1751 0051 1701 0073 0082 0090 0096 0082 0073 0087 0098 //// 10212 ///// ///// ////
000000000000000000000000000000000000000000000000000000000000000000000000000000000000000000000000000000000000000000000000=
53995 353300 1143000 00625 00645 4
20100323180000 242 013 241 014 174 017 1717 254 009 167 024 1716 0000 0085 0090 1701 0085 1755 058 055 1701 064 0007 10135 10137 1757 10126 1713 0074 0078 1705 0073 1738 0074 0077 1701 0074 1800 0094 0104 0105 0106 0091 0085 0085 0116 //// 10214 ///// ///// ////
000000000000000000000000000000000000000000000000000000000000000000000000000000000000000000000000000000000000000000000000=
NNNN
