57090 344300 1135800 00781 00802 4
20100325160000 157 021 160 019 158 020 1556 150 023 147 039 1548 0000 0055 0060 1501 0055 1600 056 053 1505 051 -026 10176 10179 1501 10176 1558 0026 0033 1502 0021 1548 0026 0032 1501 0025 1555 0078 0102 0110 0114 0104 0093 0087 0119 //// 10276 ///// ///// ////
000000000000000000000000000000000000000000000000000000000000000000000000000000000000000000000000000000000000000000000000=
57083 344300 1133900 01104 01116 4
20100325160000 187 027 182 030 169 042 1512 175 026 169 059 1510 0000 0066 0075 1501 0066 1600 052 047 1501 051 -025 10135 10137 1501 10135 1600 0007 0025 1511 0000 1546 0034 0044 1501 0033 1548 0087 0103 0112 0117 0101 0099 0104 0126 0000 10273 ///// ///// ////
000000000000000000000000000000000000000000000000000000000000000000000000000000000000000000000000000000000000000000000000
120 000 000 /// //// //////////////////////// /// //// 6///1 0//// 7//// 1//// 2//// 3//// /// /// /// // 911// 915// 919// 934// 939//=
57086 342300 1134300 01166 01168 4
20100325160000 190 014 190 018 195 029 1502 237 006 203 046 1506 0000 0044 0050 1505 0044 1559 061 059 1501 051 -025 10137 10138 1542 10137 1558 0011 0023 1506 0007 1555 0029 0038 1505 0029 1600 0075 0099 0110 0113 0102 0095 0094 0116 //// 10283 ///// ///// ////
000000000000000000000000000000000000000000000000000000000000000000000000000000000000000000000000000000000000000000000000=
57085 343200 1132000 02599 02648 4
20100325160000 359 014 348 013 350 015 1554 350 015 001 019 1546 0000 0049 0052 1511 0044 1526 042 026 1508 036 -069 09948 09951 1543 09948 1600 0022 0024 1510 0010 1539 0008 0013 1501 0008 1547 0066 0095 0108 0112 0106 0098 0095 0121 //// 10273 ///// ///// ////
000000000000000000000000000000000000000000000000000000000000000000000000000000000000000000000000000000000000000000000000=
57081 344800 1132600 01409 01419 4
20100325160000 155 013 150 010 150 010 1600 170 013 167 019 1558 0000 0056 0063 1528 0053 1553 048 043 1511 044 -045 10095 10096 1528 10095 1600 -028 -012 1530 -038 1553 0012 0019 1501 0012 1559 0075 0098 0112 0112 0091 0094 0096 0117 //// 10271 ///// ///// ////
000000000000000000000000000000000000000000000000000000000000000000000000000000000000000000000000000000000000000000000000=
57080 344400 1125800 01652 01661 4
20100325160000 315 002 249 006 174 013 1509 296 000 178 019 1501 0000 0040 0071 1506 0040 1600 029 018 1504 024 -124 10065 10069 1503 10065 1600 -051 -004 1504 -051 1600 0002 0016 1501 0002 1600 0078 0102 0112 0112 0093 0088 0089 0119 //// 10270 ///// ///// ////
000000000000000000000000000000000000000000000000000000000000000000000000000000000000000000000000000000000000000000000000=
57082 342800 1130100 04271 04284 4
20100325160000 093 031 111 023 111 023 1600 102 030 102 039 1559 0000 0048 0057 1501 0047 1517 049 023 1501 042 -050 09754 09758 1528 09754 1558 0026 0030 1501 0000 1541 0017 0018 1502 0013 1541 0070 0094 0107 0111 0095 0097 0101 //// //// 10276 ///// ///// ////
000000000000000000000000000000000000000000000000000000000000000000000000000000000000000000000000000000000000000000000000=
57295 323700 1142100 00785 00802 4
20100325160000 199 014 193 013 174 020 1503 212 008 167 034 1516 0000 0059 0069 1501 0059 1600 059 054 1501 055 -015 10192 10193 1511 10190 1548 -007 0017 1501 -013 1540 0030 0038 1502 0030 1556 0067 0084 0093 0100 0098 0099 0103 0128 //// 10291 ///// ///// ////
000000000000000000000000000000000000000000000000000000000000000000000000000000000000000000000000000000000000000000000000=
57189 330800 1135700 00646 00655 4
20100325160000 178 019 175 020 168 028 1514 189 014 167 040 1508 0000 0034 0040 1513 0034 1559 077 075 1515 060 -002 10205 10207 1516 10205 1537 0007 0023 1510 0007 1600 0019 0026 1509 0019 1600 0056 0078 0090 0097 0095 0096 0099 0122 //// 10287 ///// ///// ////
000000000000000000000000000000000000000000000000000000000000000000000000000000000000000000000000000000000000000000000000=
57194 331700 1141600 00598 00609 4
20100325160000 183 030 185 035 187 039 1554 184 027 184 058 1549 0000 0056 0061 1501 0055 1539 068 064 1501 062 0002 10209 10212 1510 10209 1552 0039 0044 1502 0030 1522 0025 0028 1502 0024 1533 0067 0083 0093 0097 0095 0095 0099 0126 //// 10285 ///// ///// ////
000000000000000000000000000000000000000000000000000000000000000000000000000000000000000000000000000000000000000000000000=
57294 325000 1140100 00836 00846 4
20100325160000 232 016 227 018 231 020 1553 232 020 234 029 1545 0000 0043 0049 1503 0038 1519 075 074 1505 062 0003 10181 10184 1504 10181 1557 0028 0035 1502 0012 1518 0016 0024 1501 0016 1600 0054 0078 0092 0097 0097 0105 0103 0118 //// 10286 ///// ///// ////
000000000000000000000000000000000000000000000000000000000000000000000000000000000000000000000000000000000000000000000000=
57292 325800 1143800 00444 00453 4
20100325160000 173 029 172 022 182 026 1516 161 023 164 047 1508 0000 0057 0064 1514 0057 1600 063 061 1513 058 -008 10235 10238 1521 10235 1600 0025 0042 1511 0025 1600 0024 0031 1501 0024 1559 0057 0077 0089 0098 0100 0102 0106 0133 //// 10292 ///// ///// ////
000000000000000000000000000000000000000000000000000000000000000000000000000000000000000000000000000000000000000000000000=
57195 333700 1143700 00466 00476 4
20100325160000 236 012 241 011 227 012 1515 262 009 189 027 1551 0000 0059 0064 1501 0059 1600 059 056 1501 055 -015 10227 10231 1513 10227 1600 0034 0039 1515 0026 1539 0021 0027 1501 0021 1555 0055 0084 0101 0108 0102 0099 0102 0141 //// 10286 ///// ///// ////
000000000000000000000000000000000000000000000000000000000000000000000000000000000000000000000000000000000000000000000000=
57193 334700 1143100 00526 00541 4
20100325160000 168 017 178 013 171 017 1510 153 016 173 040 1521 0000 0053 0056 1509 0053 1600 062 060 1514 055 -014 10220 10223 1506 10220 1559 0007 0017 1554 0001 1501 0020 0025 1508 0020 1600 0066 0086 0098 0105 0103 0102 0105 0131 //// 10288 ///// ///// ////
000000000000000000000000000000000000000000000000000000000000000000000000000000000000000000000000000000000000000000000000=
57099 340400 1145100 00526 00536 4
20100325160000 171 015 173 014 181 018 1528 161 017 169 033 1504 0000 0051 0056 1505 0051 1600 057 054 1501 050 -027 10220 10224 1501 10220 1600 0027 0036 1514 0025 1545 0009 0017 1505 0009 1600 0055 0081 0094 0101 0100 0096 0098 0131 //// 10287 ///// ///// ////
000000000000000000000000000000000000000000000000000000000000000000000000000000000000000000000000000000000000000000000000=
58101 335200 1152900 00413 00428 4
20100325160000 168 015 173 013 169 019 1501 156 011 195 028 1502 0000 0039 0045 1502 0039 1559 064 061 1502 052 -023 10237 10240 1502 10237 1554 -008 0017 1504 -013 1534 -004 0006 1501 -004 1600 0051 0076 0092 0100 0099 0098 0100 0130 //// 10291 ///// ///// ////
000000000000000000000000000000000000000000000000000000000000000000000000000000000000000000000000000000000000000000000000=
57098 340500 1142400 00583 00593 4
20100325160000 165 017 167 018 173 021 1545 144 014 166 034 1545 0000 0038 0038 1600 0033 1507 068 066 1501 055 -016 10210 10213 1501 10210 1600 0000 0004 1501 -013 1528 0013 0020 1501 0013 1600 0041 0070 0089 0099 0103 0097 0098 0128 //// 10284 ///// ///// ////
000000000000000000000000000000000000000000000000000000000000000000000000000000000000000000000000000000000000000000000000=
57088 340900 1133000 01161 01177 4
20100325160000 094 013 106 013 130 014 1556 091 013 144 021 1521 0000 0042 0050 1501 0042 1600 071 067 1501 059 -006 10137 10139 1501 10137 1600 -002 0003 1507 -014 1545 -003 0009 1501 -003 1600 0063 0096 0112 0115 0100 0100 0103 0126 //// 10283 ///// ///// ////
000000000000000000000000000000000000000000000000000000000000000000000000000000000000000000000000000000000000000000000000=
57182 335100 1133000 00805 00814 4
20100325160000 183 020 189 024 195 031 1506 169 016 197 047 1501 0000 0052 0061 1501 0052 1600 067 061 1501 059 -004 10178 10181 1501 10178 1600 0034 0046 1503 0034 1600 0022 0033 1502 0022 1600 0082 0110 0122 0120 0107 0106 0108 0139 //// 10279 ///// ///// ////
000000000000000000000000000000000000000000000000000000000000000000000000000000000000000000000000000000000000000000000000=
57390 314800 1140400 07335 07347 4
20100325160000 114 011 155 012 037 018 1503 096 012 037 029 1514 0000 0038 0040 1551 0025 1501 041 035 1547 033 -082 09412 09412 1600 09410 1527 0006 0026 1551 -001 1511 -001 0003 1504 -002 1559 0035 0058 0072 0078 0075 0086 //// //// //// 10289 ///// ///// ////
000000000000000000000000000000000000000000000000000000000000000000000000000000000000000000000000000000000000000000000000=
58207 321000 1150300 00428 00440 4
20100325160000 113 010 125 009 205 009 1538 104 010 211 013 1532 0000 0050 0064 1501 0050 1600 082 065 1501 071 0022 10240 10242 1501 10240 1600 0016 0016 1600 -003 1535 0057 0065 1501 0057 1600 0014 0082 0093 0100 0103 0110 0113 0136 //// 10295 ///// ///// ////
000000000000000000000000000000000000000000000000000000000000000000000000000000000000000000000000000000000000000000000000=
58208 321000 1153700 00429 00439 4
20100325160000 205 002 186 002 152 013 1530 177 004 154 018 1518 0000 0052 0067 1501 0052 1600 068 058 1501 060 -002 10245 10245 1600 10242 1523 0003 0049 1501 -001 1554 0024 0034 1501 0024 1600 0051 0074 0085 0094 0101 0107 0113 0139 //// 10300 ///// ///// ////
000000000000000000000000000000000000000000000000000000000000000000000000000000000000000000000000000000000000000000000000=
53989 350300 1135700 00766 00777 4
20100325160000 164 024 160 024 155 030 1532 182 023 170 049 1525 0000 0055 0060 1501 0055 1600 056 053 1501 051 -026 10175 10178 1503 10175 1600 0031 0038 1511 0029 1547 0015 0021 1513 0015 1559 0071 0094 0106 0110 0095 0092 0096 0123 //// 10272 ///// ///// ////
000000000000000000000000000000000000000000000000000000000000000000000000000000000000000000000000000000000000000000000000=
53986 351900 1135300 00732 00740 4
20100325160000 079 004 071 008 066 012 1555 074 000 066 020 1551 0000 0038 0044 1509 0038 1556 068 066 1510 055 -016 10182 10186 1502 10182 1600 -034 -015 1514 -036 1547 -002 0006 1501 -002 1600 0066 0089 0101 0107 0097 0094 0099 0127 //// 10275 ///// ///// ////
000000000000000000000000000000000000000000000000000000000000000000000000000000000000000000000000000000000000000000000000=
53994 352300 1140400 00700 00712 4
20100325160000 058 012 057 012 053 015 1544 051 011 032 021 1536 0000 0049 0053 1503 0048 1554 060 057 1501 052 -022 10186 10190 1501 10186 1600 -032 -009 1544 -042 1513 -021 -017 1544 -022 1554 0056 0090 0105 0107 0093 0090 0095 0127 //// 10275 ///// ///// ////
000000000000000000000000000000000000000000000000000000000000000000000000000000000000000000000000000000000000000000000000=
53998 351200 1143900 00616 00625 4
20100325160000 161 027 158 026 154 029 1501 164 029 161 038 1554 0000 0048 0054 1501 0048 1600 055 051 1501 047 -035 10198 10202 1515 10198 1600 0020 0027 1501 0018 1555 0017 0024 1501 0017 1559 0070 0094 0105 0108 0101 0096 0096 0128 //// 10276 ///// ///// ////
000000000000000000000000000000000000000000000000000000000000000000000000000000000000000000000000000000000000000000000000=
57051 344800 1111200 04099 04117 4
20100325160000 000 000 000 000 104 021 1511 094 000 119 036 1505 0000 0033 0050 1512 0033 1600 031 021 1514 024 -122 09769 09773 1501 09769 1559 -055 -018 1510 -055 1600 -009 0001 1509 -009 1600 0062 0091 0104 0107 0088 0086 0087 0114 //// 10271 ///// ///// ////
000000000000000000000000000000000000000000000000000000000000000000000000000000000000000000000000000000000000000000000000=
57063 344600 1114600 05236 05236 4
20100325160000 314 019 316 017 353 022 1546 319 022 355 024 1539 0000 -022 -007 1501 -022 1556 039 034 1514 020 -143 09639 09644 1522 09639 1556 -074 -066 1545 -095 1531 -043 -036 1502 -043 1600 0042 0071 0084 0086 0074 0077 0084 0110 //// 10280 ///// ///// ////
000000000000000000000000000000000000000000000000000000000000000000000000000000000000000000000000000000000000000000000000=
57067 340300 1110200 05688 05699 4
20100325160000 226 003 216 007 252 012 1521 215 000 263 014 1519 0000 -017 -009 1501 -017 1600 061 058 1514 033 -082 09594 09599 1502 09594 1600 -042 -039 1552 -050 1535 -003 0001 1507 -003 1558 0051 0078 0093 0091 0086 0093 0096 0122 //// 10291 ///// ///// ////
000000000000000000000000000000000000000000000000000000000000000000000000000000000000000000000000000000000000000000000000=
57056 343200 1105300 03904 03909 4
20100325160000 028 008 007 013 002 019 1526 358 004 001 029 1555 0000 0010 0014 1501 0004 1533 037 034 1505 024 -121 09791 09797 1503 09791 1557 -071 -070 1549 -077 1522 -027 -020 1501 -027 1600 0050 0088 0104 0107 0088 0090 0093 0118 //// 10271 ///// ///// ////
000000000000000000000000000000000000000000000000000000000000000000000000000000000000000000000000000000000000000000000000=
58007 340400 1151800 00472 00532 4
20100325160000 169 010 171 010 153 017 1504 189 009 156 027 1502 0000 0037 0046 1501 0037 1600 059 055 1502 047 -036 10221 10225 1513 10221 1600 0002 0014 1534 0000 1558 0009 0017 1501 0009 1559 0065 0090 0102 0107 0101 0100 0103 0131 //// 10288 ///// ///// ////
000000000000000000000000000000000000000000000000000000000000000000000000000000000000000000000000000000000000000000000000=
58006 342300 1155300 00463 00506 4
20100325160000 174 011 170 011 141 017 1517 173 011 144 029 1514 0000 0013 0014 1552 0009 1501 061 060 1551 041 -054 10229 10232 1513 10229 1600 -055 -043 1526 -055 1600 -009 -002 1501 -009 1600 0041 0075 0093 0102 0096 0093 0098 0126 //// 10293 ///// ///// ////
000000000000000000000000000000000000000000000000000000000000000000000000000000000000000000000000000000000000000000000000=
58111 335800 1162700 00325 00325 4
20100325160000 146 008 146 008 140 015 1549 150 004 142 030 1542 0000 0046 0052 1501 0046 1520 050 047 1539 042 -049 10250 10256 1520 10250 1554 -026 -021 1501 -027 1520 0004 0010 1501 0004 1600 0042 0064 0078 0088 0093 0097 0105 0138 //// 10291 ///// ///// ////
000000000000000000000000000000000000000000000000000000000000000000000000000000000000000000000000000000000000000000000000=
58017 341500 1160800 00410 00420 4
20100325160000 142 012 136 016 136 019 1529 153 024 153 036 1522 0000 0048 0052 1524 0047 1556 049 046 1523 042 -050 10234 10239 1509 10234 1556 -012 0005 1527 -023 1504 0006 0010 1501 0006 1558 0056 0081 0094 0101 0098 0097 0103 0128 //// 10287 ///// ///// ////
000000000000000000000000000000000000000000000000000000000000000000000000000000000000000000000000000000000000000000000000=
58001 342600 1150600 00563 00569 4
20100325160000 179 022 175 020 175 020 1600 192 018 170 035 1558 0000 0035 0042 1502 0035 1554 060 057 1501 047 -035 10212 10216 1506 10212 1554 0013 0018 1510 0006 1538 0009 0014 1501 0007 1552 0044 0067 0082 0090 0090 0089 0094 0126 //// 10283 ///// ///// ////
000000000000000000000000000000000000000000000000000000000000000000000000000000000000000000000000000000000000000000000000=
58005 342700 1154000 00501 00511 4
20100325160000 164 026 165 024 172 026 1549 164 031 192 035 1546 0000 0041 0042 1549 0034 1532 053 052 1547 043 -046 10221 10223 1501 10221 1600 -011 -006 1552 -052 1532 0001 0004 1501 -004 1534 0054 0083 0095 0103 0099 0097 0103 0132 0001 10285 ///// ///// ////
000000000000000000000000000000000000000000000000000000000000000000000000000000000000000000000000000000000000000000000000
160 000 000 /// //// //////////////////////// /// //// 6///1 0//// 7//// 1//// 2//// 3//// /// /// /// // 911// 915// 919// 934// 939//=
58008 342800 1152000 00544 00592 4
20100325160000 181 014 177 014 166 019 1517 181 005 167 034 1540 0000 0041 0045 1515 0041 1600 055 053 1519 045 -041 10210 10213 1514 10210 1600 -003 0000 1502 -012 1549 0008 0014 1501 0007 1555 0038 0064 0079 0090 0094 0094 0098 0129 //// 10284 ///// ///// ////
000000000000000000000000000000000000000000000000000000000000000000000000000000000000000000000000000000000000000000000000=
58004 343900 1150900 00606 00616 4
20100325160000 165 013 170 012 165 018 1520 181 019 150 037 1523 0000 0037 0044 1501 0037 1559 058 056 1501 046 -038 10204 10207 1504 10204 1600 -004 0012 1538 -004 1559 0011 0018 1501 0011 1600 0057 0088 0100 0106 0101 0099 0102 0127 //// 10281 ///// ///// ////
000000000000000000000000000000000000000000000000000000000000000000000000000000000000000000000000000000000000000000000000=
54817 355900 1155200 00421 00434 4
20100325160000 195 022 195 022 193 024 1513 184 024 195 044 1508 0000 0041 0044 1525 0041 1559 048 046 1546 039 -059 10223 10227 1502 10223 1557 0020 0023 1538 0013 1530 -004 0001 1501 -004 1559 0037 0064 0079 0083 0082 0078 0088 0116 //// 10278 ///// ///// ////
000000000000000000000000000000000000000000000000000000000000000000000000000000000000000000000000000000000000000000000000=
54902 355400 1150700 00495 00499 4
20100325160000 188 035 189 037 189 038 1556 192 033 192 055 1548 0000 0035 0044 1510 0035 1600 061 056 1510 048 -033 10209 10214 1501 10209 1558 0016 0025 1537 0015 1556 0000 0003 1549 0000 1559 0050 0074 0087 0092 0081 0074 0080 0111 //// 10272 ///// ///// ////
000000000000000000000000000000000000000000000000000000000000000000000000000000000000000000000000000000000000000000000000=
54900 354200 1150100 00537 00541 4
20100325160000 180 027 177 025 178 025 1554 187 037 187 037 1600 0000 0037 0038 1551 0033 1516 061 061 1552 049 -031 10208 10211 1506 10208 1559 0006 0006 1600 -051 1508 0004 0004 1600 -002 1509 0057 0083 0096 0100 0088 0082 0084 0110 //// 10276 ///// ///// ////
000000000000000000000000000000000000000000000000000000000000000000000000000000000000000000000000000000000000000000000000=
54901 360500 1151000 00475 00478 4
20100325160000 171 039 172 038 172 038 1600 173 043 175 049 1559 0000 0030 0034 1518 0029 1549 060 058 1520 045 -040 10211 10217 1506 10211 1600 0015 0018 1520 0008 1549 0004 0007 1501 0003 1554 0046 0071 0084 0089 0086 0080 0077 0105 //// 10271 ///// ///// ////
000000000000000000000000000000000000000000000000000000000000000000000000000000000000000000000000000000000000000000000000=
54903 355100 1152900 00457 00506 4
20100325160000 171 016 174 019 176 024 1543 184 022 173 039 1537 0000 0039 0046 1501 0039 1536 049 045 1501 040 -058 10211 10216 1502 10211 1600 0024 0030 1502 0020 1533 0008 0014 1501 0006 1534 0053 0076 0087 0090 0083 0080 0090 0114 //// 10275 ///// ///// ////
000000000000000000000000000000000000000000000000000000000000000000000000000000000000000000000000000000000000000000000000=
57184 333800 1132200 00834 00847 4
20100325160000 100 007 101 008 114 016 1501 113 007 144 016 1521 0000 0039 0056 1501 0039 1600 074 067 1501 060 -003 10174 10177 1501 10174 1600 -003 0032 1501 -003 1600 0010 0023 1501 0010 1600 0064 0093 0103 0110 0100 0102 0104 0129 //// 10279 ///// ///// ////
000000000000000000000000000000000000000000000000000000000000000000000000000000000000000000000000000000000000000000000000=
57177 332000 1133200 00898 00913 4
20100325160000 021 009 035 009 097 014 1534 024 009 094 017 1528 0000 0028 0042 1516 0028 1600 078 069 1518 058 -006 10168 10169 1516 10167 1552 -009 0001 1520 -012 1510 0010 0017 1501 0010 1600 0029 0074 0083 0102 0102 0103 0105 0121 //// 10282 ///// ///// ////
000000000000000000000000000000000000000000000000000000000000000000000000000000000000000000000000000000000000000000000000=
57075 341000 1125200 02031 02043 4
20100325160000 078 024 078 024 077 025 1549 076 023 073 032 1545 0000 0021 0024 1534 0016 1501 069 058 1507 049 -030 10026 10030 1501 10026 1600 0006 0010 1531 -008 1521 -007 -005 1531 -008 1521 0050 0081 0096 0101 0101 0100 0097 0117 //// 10279 ///// ///// ////
000000000000000000000000000000000000000000000000000000000000000000000000000000000000000000000000000000000000000000000000=
57173 334500 1125300 01457 01468 4
20100325160000 184 020 181 024 178 029 1550 184 019 174 045 1550 0000 0070 0072 1550 0028 1501 051 050 1537 051 -024 10096 10099 1501 10096 1600 0030 0037 1552 -015 1501 0016 0019 1550 0010 1511 0065 0091 0105 0107 0102 0103 0105 0133 //// 10277 ///// ///// ////
000000000000000000000000000000000000000000000000000000000000000000000000000000000000000000000000000000000000000000000000=
57180 335900 1131200 01175 01186 4
20100325160000 063 014 066 013 067 013 1554 062 016 054 018 1553 0000 0013 0042 1512 0013 1600 077 066 1514 052 -023 10131 10136 1501 10131 1600 -024 -019 1514 -027 1543 -003 0006 1501 -003 1600 0060 0094 0110 0114 0100 0099 0102 0130 //// 10279 ///// ///// ////
000000000000000000000000000000000000000000000000000000000000000000000000000000000000000000000000000000000000000000000000=
57181 335300 1130300 01364 01380 4
20100325160000 192 019 186 021 174 025 1551 195 023 173 032 1542 0000 0012 0033 1501 0012 1600 081 076 1544 054 -017 10110 10113 1515 10110 1556 -024 -013 1522 -024 1600 -006 0003 1501 -006 1600 0050 0086 0101 0107 0099 0100 0102 0129 //// 10282 ///// ///// ////
000000000000000000000000000000000000000000000000000000000000000000000000000000000000000000000000000000000000000000000000=
57171 334600 1130700 01420 01430 4
20100325160000 181 029 177 025 177 025 1600 172 037 172 037 1600 0000 0065 0068 1553 0063 1505 067 061 1552 065 0008 10099 10102 1518 10099 1600 0054 0061 1552 0053 1513 0038 0040 1501 0038 1559 0075 0095 0106 0111 0111 0110 0115 0125 //// 10275 ///// ///// ////
000000000000000000000000000000000000000000000000000000000000000000000000000000000000000000000000000000000000000000000000=
57175 330300 1121400 01914 01922 4
20100325160000 000 000 041 002 338 008 1544 043 000 001 010 1548 0000 0016 0016 1600 0011 1533 081 080 1501 056 -013 10052 10054 1532 10052 1555 -017 -015 1519 -017 1550 0012 0020 1501 0012 1600 0071 0103 0119 0123 0105 0107 0111 0138 //// 10289 ///// ///// ////
000000000000000000000000000000000000000000000000000000000000000000000000000000000000000000000000000000000000000000000000=
57156 331800 1113000 02503 02523 4
20100325160000 326 015 328 016 329 016 1558 319 013 327 023 1557 0000 0057 0064 1531 0057 1600 052 047 1531 048 -034 09981 09982 1533 09981 1512 0037 0037 1600 0026 1534 0010 0011 1557 0005 1538 0068 0090 0104 0109 0101 0109 0117 0142 //// 10290 ///// ///// ////
000000000000000000000000000000000000000000000000000000000000000000000000000000000000000000000000000000000000000000000000=
57271 323300 1122300 00879 00897 4
20100325160000 160 016 157 014 170 019 1537 173 017 164 028 1536 0000 0061 0064 1541 0057 1502 062 057 1517 058 -006 10174 10176 1513 10174 1553 -017 -007 1540 -022 1524 0021 0027 1501 0021 1600 0068 0095 0110 0115 0102 0106 0114 0139 //// 10285 ///// ///// ////
000000000000000000000000000000000000000000000000000000000000000000000000000000000000000000000000000000000000000000000000=
57261 330700 1113100 02330 02345 4
20100325160000 294 008 311 008 104 014 1523 313 007 113 018 1511 0000 0059 0079 1501 0059 1600 056 040 1501 052 -022 09991 09993 1526 09991 1600 0002 0019 1522 0002 1600 0027 0035 1501 0027 1600 0072 0094 0105 0109 0112 0120 0128 //// //// 10278 ///// ///// ////
000000000000000000000000000000000000000000000000000000000000000000000000000000000000000000000000000000000000000000000000=
57285 322300 1132500 01530 01492 4
20100325160000 036 007 035 006 049 008 1501 052 011 052 011 1600 0000 0051 0065 1502 0051 1600 071 058 1501 062 0003 10107 10109 1545 10106 1507 -009 0005 1501 -010 1531 0028 0038 1501 0028 1600 0073 0094 0105 0111 0104 0107 0110 0135 //// ///// ///// ///// ////
////////////////////////////////////////////////////////////////////////////////////////////////////////////////////////=
57273 324100 1125100 01095 01105 4
20100325160000 163 018 163 017 125 024 1533 144 016 136 038 1532 0000 0054 0059 1511 0053 1545 063 061 1515 056 -011 10148 10150 1524 10148 1550 0025 0036 1503 0024 1559 0026 0032 1501 0026 1600 0069 0091 0103 0110 0109 0110 0112 0136 //// 10284 ///// ///// ////
000000000000000000000000000000000000000000000000000000000000000000000000000000000000000000000000000000000000000000000000=
57187 330400 1125600 01180 01193 4
20100325160000 127 024 127 025 130 028 1546 119 016 139 039 1546 0000 0049 0051 1501 0046 1534 071 070 1550 061 0001 10129 10131 1530 10129 1600 0036 0039 1506 0025 1532 0021 0028 1501 0021 1557 0062 0083 0099 0105 0110 0110 0110 0131 //// 10276 ///// ///// ////
000000000000000000000000000000000000000000000000000000000000000000000000000000000000000000000000000000000000000000000000=
57178 330200 1123500 01292 01305 4
20100325160000 PPC 000 PPC 000 105 015 1501 PPC 000 133 016 1524 0000 0051 0054 1528 0050 1517 069 067 1530 061 -001 10129 10130 1540 10127 1501 -021 -006 1521 -023 1556 0027 0033 1501 0027 1559 0068 0091 0101 0104 0109 0108 0110 0132 0001 10290 ///// ///// ////
000000000000000000000000000000000000000000000000000000000000000000000000000000000000000000000000000000000000000000000000
170 000 000 /// //// //////////////////////// /// //// 6///1 0//// 7//// 1//// 2//// 3//// /// /// /// // 911// 915// 919// 934// 939//=
57169 330300 1115200 01591 01600 4
20100325160000 020 011 026 012 026 014 1553 012 009 029 018 1551 0000 0041 0046 1521 0030 1504 073 072 1524 060 -003 10091 10093 1536 10091 1551 0026 0031 1544 0022 1513 0010 0017 1501 0010 1600 0063 0089 0103 0110 0103 0105 0109 0133 //// 10288 ///// ///// ////
000000000000000000000000000000000000000000000000000000000000000000000000000000000000000000000000000000000000000000000000=
57176 332900 1122500 02311 02304 4
20100325160000 255 011 235 011 353 016 1523 260 010 001 020 1523 0000 0044 0057 1501 0044 1600 061 055 1501 051 -025 10007 10008 1553 10007 1529 0005 0010 1555 -003 1536 0018 0024 1501 0018 1600 0062 0085 0099 0108 0112 0111 0113 0130 //// 10289 ///// ///// ////
000000000000000000000000000000000000000000000000000000000000000000000000000000000000000000000000000000000000000000000000=
57179 331700 1130000 01604 01616 4
20100325160000 208 023 190 026 161 040 1502 246 016 142 069 1506 0000 0066 0071 1501 0066 1600 061 059 1545 059 -004 10085 10086 1503 10084 1541 0023 0039 1501 0021 1555 0025 0031 1501 0025 1600 0062 0081 0092 0098 0103 0104 0106 0132 //// 10284 ///// ///// ////
000000000000000000000000000000000000000000000000000000000000000000000000000000000000000000000000000000000000000000000000=
57274 324200 1120700 01076 01088 4
20100325160000 036 006 055 006 033 013 1523 015 006 032 019 1521 0000 0037 0049 1501 0037 1600 073 066 1503 058 -007 10149 10152 1504 10149 1555 -001 0006 1525 -001 1553 0033 0041 1502 0033 1600 0080 0100 0114 0120 0114 0114 0116 0140 //// 10283 ///// ///// ////
000000000000000000000000000000000000000000000000000000000000000000000000000000000000000000000000000000000000000000000000=
57065 343000 1121100 01949 01964 4
20100325160000 255 037 256 035 256 035 1600 257 051 257 051 1600 0000 0047 0062 1508 0047 1600 025 019 1501 021 -137 10030 10033 1501 10030 1559 0008 0013 1502 0006 1516 0014 0018 1527 0008 1504 0074 0099 0111 0115 0098 0103 0111 0138 //// 10272 ///// ///// ////
000000000000000000000000000000000000000000000000000000000000000000000000000000000000000000000000000000000000000000000000=
57074 342500 1122500 01973 01989 4
20100325160000 192 007 195 007 198 015 1521 164 009 184 024 1521 0000 0046 0059 1524 0046 1557 036 030 1523 031 -092 10028 10032 1508 10028 1600 0003 0025 1525 -010 1553 0011 0021 1525 0011 1557 0077 0101 0112 0114 0103 0102 0103 0125 //// 10273 ///// ///// ////
000000000000000000000000000000000000000000000000000000000000000000000000000000000000000000000000000000000000000000000000=
57070 344400 1120700 03640 03595 4
20100325160000 274 023 271 025 252 028 1525 291 021 268 039 1537 0000 0049 0057 1501 0049 1600 026 022 1511 023 -130 09829 09833 1501 09829 1600 0023 0028 1523 0017 1501 0007 0009 1511 0007 1538 0064 0091 0101 0101 0091 0091 0095 0122 //// 10267 ///// ///// ////
000000000000000000000000000000000000000000000000000000000000000000000000000000000000000000000000000000000000000000000000=
57162 340900 1120500 03258 03275 4
20100325160000 238 009 237 009 264 011 1515 263 014 274 017 1551 0000 0042 0049 1501 0042 1600 042 035 1501 035 -076 09874 09878 1501 09874 1600 -006 0014 1516 -023 1534 0004 0013 1503 0004 1600 0070 0098 0110 0111 0094 0097 0102 0131 //// 10274 ///// ///// ////
000000000000000000000000000000000000000000000000000000000000000000000000000000000000000000000000000000000000000000000000=
57078 340900 1122800 03365 03340 4
20100325160000 000 000 000 000 235 012 1530 350 001 257 023 1521 0000 0042 0056 1501 0042 1600 033 029 1501 027 -106 09865 09869 1502 09865 1559 -043 -016 1531 -043 1600 -010 0004 1501 -010 1600 0050 0080 0095 0101 0095 0098 0098 0118 //// 10274 ///// ///// ////
000000000000000000000000000000000000000000000000000000000000000000000000000000000000000000000000000000000000000000000000=
57071 344900 1122600 03333 03332 4
20100325160000 249 024 250 024 243 032 1520 257 026 240 044 1513 0000 0072 0075 1549 0068 1513 015 015 1548 015 -177 09862 09866 1504 09862 1600 0030 0039 1546 0025 1503 0010 0015 1518 0010 1600 0069 0092 0103 0106 0091 0088 0092 0119 //// 10268 ///// ///// ////
000000000000000000000000000000000000000000000000000000000000000000000000000000000000000000000000000000000000000000000000=
57066 342300 1114000 03283 03298 4
20100325160000 239 006 249 005 319 008 1506 243 008 282 019 1519 0000 0038 0050 1501 0038 1559 029 026 1502 023 -126 09870 09874 1502 09870 1600 -016 0000 1514 -018 1558 -009 0003 1502 -009 1558 0058 0086 0100 0102 0092 0090 0091 0115 //// 10273 ///// ///// ////
000000000000000000000000000000000000000000000000000000000000000000000000000000000000000000000000000000000000000000000000=
57077 334700 1113900 07424 07388 4
20100325160000 258 025 255 024 244 032 1501 260 032 246 043 1535 0000 0013 0021 1502 0012 1549 051 046 1502 034 -077 09401 09405 1511 09401 1557 -021 -011 1502 -024 1531 -012 -007 1501 -012 1600 0033 0058 0071 0077 0080 0086 0092 0115 //// 10291 ///// ///// ////
000000000000000000000000000000000000000000000000000000000000000000000000000000000000000000000000000000000000000000000000=
57183 334800 1135500 00600 00615 4
20100325160000 179 027 179 026 176 027 1552 187 026 192 040 1559 0000 0029 0037 1513 0029 1540 076 071 1513 057 -009 10204 10207 1523 10204 1600 -013 -011 1552 -016 1523 0027 0034 1501 0027 1600 0072 0093 0105 0109 0103 0099 0098 0122 //// 10281 ///// ///// ////
000000000000000000000000000000000000000000000000000000000000000000000000000000000000000000000000000000000000000000000000=
57186 333600 1140300 00587 00598 4
20100325160000 178 052 178 047 176 048 1515 173 061 170 073 1514 0000 0061 0066 1501 0061 1600 058 056 1513 055 -015 10209 10211 1501 10209 1600 0021 0032 1515 0021 1600 0026 0033 1502 0026 1600 0071 0096 0107 0113 0105 0102 0103 0133 //// 10283 ///// ///// ////
000000000000000000000000000000000000000000000000000000000000000000000000000000000000000000000000000000000000000000000000=
57096 343200 1144700 00597 00607 4
20100325160000 192 019 192 019 203 023 1530 170 016 170 037 1516 0000 0043 0052 1501 0043 1600 057 053 1501 047 -035 10203 10205 1501 10202 1552 0025 0038 1501 0024 1554 0006 0014 1501 0005 1554 0063 0094 0109 0111 0104 0100 0101 0128 //// 10279 ///// ///// ////
000000000000000000000000000000000000000000000000000000000000000000000000000000000000000000000000000000000000000000000000=
57091 344700 1141800 00737 00748 4
20100325160000 186 036 187 037 198 049 1527 184 029 181 071 1525 0000 0065 0068 1507 0065 1600 048 045 1502 046 -037 10186 10190 1521 10186 1600 0033 0040 1539 0033 1558 0036 0041 1501 0036 1600 0083 0105 0114 0109 0104 0101 0101 0122 //// 10279 ///// ///// ////
000000000000000000000000000000000000000000000000000000000000000000000000000000000000000000000000000000000000000000000000=
53978 350500 1123800 01401 01409 4
20100325160000 104 002 137 005 086 016 1501 097 001 158 020 1533 0000 0034 0051 1505 0034 1600 062 057 1506 048 -032 10096 10098 1505 10096 1518 -043 -027 1528 -043 1559 0008 0018 1501 0008 1600 0071 0099 0112 0118 0094 0092 0097 0125 //// 10270 ///// ///// ////
000000000000000000000000000000000000000000000000000000000000000000000000000000000000000000000000000000000000000000000000=
53984 351400 1132800 00827 00837 4
20100325160000 004 013 011 012 041 018 1530 002 012 040 022 1528 0000 0012 0018 1501 0010 1532 076 071 1501 051 -026 10169 10172 1502 10168 1542 -045 -028 1501 -045 1558 -004 0006 1501 -004 1600 0076 0099 0106 0110 0100 0095 0096 0120 //// 10274 ///// ///// ////
000000000000000000000000000000000000000000000000000000000000000000000000000000000000000000000000000000000000000000000000=
53987 350600 1132500 00910 00918 4
20100325160000 340 018 059 010 043 018 1516 341 016 046 030 1514 0000 0040 0047 1501 0040 1558 065 062 1501 053 -020 10157 10161 1502 10157 1600 -008 0017 1530 -008 1600 0025 0034 1501 0025 1600 0075 0098 0110 0116 0103 0098 0101 0127 //// 10272 ///// ///// ////
000000000000000000000000000000000000000000000000000000000000000000000000000000000000000000000000000000000000000000000000=
57079 345700 1130200 01064 01069 4
20100325160000 082 011 086 013 040 017 1501 085 013 091 023 1541 0000 0041 0049 1501 0038 1523 063 062 1501 052 -023 10135 10139 1519 10135 1600 -017 0005 1501 -020 1544 0000 0011 1501 0000 1600 0077 0095 0106 0109 0100 0096 0096 0120 //// 10267 ///// ///// ////
000000000000000000000000000000000000000000000000000000000000000000000000000000000000000000000000000000000000000000000000=
53972 350700 1125500 01196 01210 4
20100325160000 104 008 127 010 096 015 1534 124 007 094 022 1532 0000 0066 0070 1501 0065 1542 052 051 1501 051 -025 10121 10125 1501 10121 1600 -025 0006 1533 -025 1600 0018 0027 1509 0018 1600 0086 0109 0121 0124 0099 0098 0109 0136 //// 10270 ///// ///// ////
000000000000000000000000000000000000000000000000000000000000000000000000000000000000000000000000000000000000000000000000=
57072 345500 1124500 01275 01285 4
20100325160000 358 015 008 017 009 018 1558 346 013 316 029 1549 0000 0020 0026 1501 0013 1542 071 064 1501 050 -027 10110 10115 1501 10110 1600 -024 -014 1552 -039 1546 -013 -006 1501 -014 1546 0060 0091 0103 0105 0089 0086 0087 0113 //// 10270 ///// ///// ////
000000000000000000000000000000000000000000000000000000000000000000000000000000000000000000000000000000000000000000000000=
53982 351400 1131600 01120 01135 4
20100325160000 092 012 083 013 026 022 1501 088 010 029 035 1514 0000 0063 0074 1501 0063 1600 050 046 1502 048 -034 10130 10131 1501 10129 1536 0039 0048 1512 0037 1547 0025 0038 1501 0025 1600 0087 0107 0118 0120 0101 0098 0101 0131 //// 10270 ///// ///// ////
000000000000000000000000000000000000000000000000000000000000000000000000000000000000000000000000000000000000000000000000=
53979 350900 1130500 01200 01211 4
20100325160000 033 011 035 009 130 011 1527 048 011 149 015 1523 0000 0039 0061 1501 0039 1600 063 054 1501 051 -025 10122 10125 1501 10122 1600 -020 0018 1501 -023 1555 -026 -003 1501 -026 1600 0075 0105 0119 0120 0099 0099 0104 0131 //// 10272 ///// ///// ////
000000000000000000000000000000000000000000000000000000000000000000000000000000000000000000000000000000000000000000000000=
53974 353700 1141100 00723 00739 4
20100325160000 229 024 226 024 226 024 1600 237 037 237 037 1600 0000 0062 0062 1557 0059 1507 050 050 1556 047 -034 10184 10188 1501 10184 1559 0018 0020 1502 0007 1528 0024 0028 1501 0023 1538 0068 0092 0105 0108 0091 0091 0097 0124 //// 10276 ///// ///// ////
000000000000000000000000000000000000000000000000000000000000000000000000000000000000000000000000000000000000000000000000=
53990 354300 1141900 00795 00805 4
20100325160000 210 042 211 041 211 043 1544 214 044 217 053 1547 0000 0036 0037 1545 0031 1501 065 064 1553 051 -024 10174 10177 1501 10174 1600 0025 0028 1550 0020 1509 0002 0003 1501 0001 1523 0065 0089 0097 0102 0093 0085 0083 0110 //// 10275 ///// ///// ////
000000000000000000000000000000000000000000000000000000000000000000000000000000000000000000000000000000000000000000000000=
53991 355600 1142100 00743 00753 4
20100325160000 144 014 150 013 231 016 1529 127 018 170 039 1534 0000 0036 0039 1501 0036 1600 063 062 1501 050 -028 10178 10181 1501 10178 1600 0014 0023 1544 0011 1558 0010 0016 1501 0009 1558 0063 0088 0095 0102 0089 0084 0088 0118 //// 10272 ///// ///// ////
000000000000000000000000000000000000000000000000000000000000000000000000000000000000000000000000000000000000000000000000=
53993 355600 1145500 00516 00524 4
20100325160000 186 025 190 023 190 023 //// 191 021 217 034 1557 0000 0037 0040 1501 0036 1528 059 058 1501 047 -036 10206 10211 1501 10206 1600 0017 0020 1558 0011 1510 0000 0004 1502 -001 1552 0049 0076 0088 0090 0085 0076 0076 0108 //// 10272 ///// ///// ////
000000000000000000000000000000000000000000000000000000000000000000000000000000000000000000000000000000000000000000000000=
53889 360400 1134900 03068 03086 4
20100325160000 269 018 254 015 236 015 1534 286 019 207 025 1523 0000 0031 0041 1501 0028 1550 059 056 1501 045 -041 09889 09891 1501 09888 1556 0000 0017 1504 -016 1550 0002 0010 1504 0002 1600 0047 0067 0081 0091 0082 0075 0088 0098 //// 10271 ///// ///// ////
000000000000000000000000000000000000000000000000000000000000000000000000000000000000000000000000000000000000000000000000=
53995 353300 1143000 00625 00645 4
20100325160000 170 023 170 021 170 024 1547 170 022 178 034 1540 0000 0040 0041 1554 0027 1501 057 057 1600 046 -037 10194 10198 1502 10193 1554 0008 0010 1557 -009 1505 0006 0011 1501 0006 1559 0065 0093 0103 0108 0093 0087 0087 0116 //// 10275 ///// ///// ////
000000000000000000000000000000000000000000000000000000000000000000000000000000000000000000000000000000000000000000000000=
NNNN
