2011020912 53898 3605 11440 0005 0011=
2011020912 53995 3555 11450 0050 0012=
2011020912 53889 3607 11382 0023 0014=
2011020912 53993 3593 11492 0004 0008=
2011020912 53991 3593 11435 0013 0009=
2011020912 53974 3562 11418 0020 0009=
2011020912 53992 3565 11452 0023 0019=
2011020912 53979 3515 11308 0042 0004=
2011020912 53982 3523 11327 0031 0005=
2011020912 57072 3492 11275 0035 0005=
2011020912 53972 3512 11292 0039 0012=
2011020912 57079 3495 11303 0028 0005=
2011020912 53987 3510 11342 0059 0004=
2011020912 53984 3523 11347 0042 0002=
2011020912 53978 3508 11263 0003 0011=
2011020912 57091 3478 11430 0015 0013=
2011020912 57093 3485 11482 0030 0018=
2011020912 57096 3453 11478 0000 0020=
2011020912 57191 3448 11448 0014 0010=
2011020912 57094 3440 11422 0009 0007=
2011020912 57186 3360 11405 0002 0018=
2011020912 57183 3380 11392 0019 0015=
2011020912 57185 3345 11358 0027 0008=
2011020912 57066 3438 11167 0020 0003=
2011020912 57071 3482 11243 0045 0005=
2011020912 57078 3415 11247 0004 0008=
2011020912 57162 3415 11208 0014 0004=
2011020912 57070 3473 11212 0027 0006=
2011020912 57076 3473 11278 0017 0004=
2011020912 57074 3442 11240 0024 0009=
2011020912 57065 3450 11218 0014 0006=
2011020912 57179 3328 11300 0008 0000=
2011020912 57187 3307 11293 0009 0003=
2011020912 57181 3388 11305 0025 0014=
2011020912 57180 3398 11320 0022 0011=
2011020912 57173 3375 11288 0023 0011=
2011020912 57075 3417 11287 0013 0011=
2011020912 57177 3333 11353 0000 0012=
2011020912 57184 3363 11337 0010 0010=
2011020912 54903 3585 11548 0009 0017=
2011020912 54901 3608 11517 0003 0003=
2011020912 54900 3570 11502 0020 0009=
2011020912 54902 3590 11512 0001 0014=
2011020912 58004 3465 11515 0027 0014=
2011020912 58008 3447 11533 0005 0012=
2011020912 58005 3445 11567 0007 0011=
2011020912 58017 3425 11613 0009 0009=
2011020912 58006 3438 11588 0013 0005=
2011020912 57067 3405 11103 0020 0006=
2011020912 57063 3477 11177 0037 0003=
2011020912 53998 3520 11465 0016 0019=
2011020912 53983 3503 11442 0001 0018=
2011020912 53985 3545 11382 0011 0004=
2011020912 53988 3527 11367 0018 0004=
2011020912 53994 3538 11407 0022 0015=
2011020912 53986 3532 11388 0042 0010=
2011020912 53997 3515 11418 0012 0010=
2011020912 53989 3505 11395 0019 0014=
2011020912 57087 3420 11380 0023 0005=
2011020912 57089 3403 11387 0042 0007=
2011020912 57095 3412 11415 0018 0010=
2011020912 57088 3415 11350 0014 0003=
2011020912 57195 3362 11462 0016 0015=
2011020912 58100 3365 11517 0016 0019=
2011020912 57190 3375 11440 0031 0014=
2011020912 57098 3408 11440 0000 0002=
2011020912 57192 3373 11485 0041 0012=
2011020912 58101 3387 11548 0026 0008=
2011020912 57198 3355 11462 0028 0026=
2011020912 58104 3340 11507 0014 0015=
2011020912 57099 3407 11485 0001 0007=
2011020912 57196 3347 11487 0015 0014=
2011020912 57193 3378 11452 0033 0022=
2011020912 57082 3447 11302 0024 0004=
2011020912 57080 3473 11297 0010 0007=
2011020912 57084 3450 11305 0067 0015=
2011020912 57081 3480 11343 0031 0008=
2011020912 57085 3453 11333 0009 0010=
2011020912 57086 3438 11372 0040 0011=
2011020912 57083 3472 11365 0027 0012=
2011020912 57090 3472 11397 0018 0008=
2011020912 57292 3297 11463 0013 0021=
2011020912 57294 3283 11402 0030 0047=
2011020912 57197 3300 11433 0038 0036=
2011020912 57194 3328 11427 0010 0019=
2011020912 57189 3313 11395 0015 0018=
2011020912 57188 3337 11403 0017 0019=
2011020912 57290 3300 11402 0020 0023=
NNNN
