2011021006 53995 3555 11450 0021 0000=
2011021006 53889 3607 11382 0028 0000=
2011021006 53974 3562 11418 0020 0000=
2011021006 53992 3565 11452 0018 0000=
2011021006 57072 3492 11275 0010 0000=
2011021006 53987 3510 11342 0021 0000=
2011021006 53978 3508 11263 0025 0000=
2011021006 57093 3485 11482 0040 0001=
2011021006 57191 3448 11448 0000 0000=
2011021006 57066 3438 11167 0022 0000=
2011021006 57071 3482 11243 0020 0000=
2011021006 57070 3473 11212 0030 0000=
2011021006 57074 3442 11240 0015 0000=
2011021006 57065 3450 11218 0010 0000=
2011021006 57285 3238 11342 0013 0000=
2011021006 54903 3585 11548 0008 0000=
2011021006 58017 3425 11613 0001 0000=
2011021006 57063 3477 11177 0025 0000=
2011021006 53985 3545 11382 0021 0000=
2011021006 53988 3527 11367 0003 0000=
2011021006 53994 3538 11407 0018 0000=
2011021006 53986 3532 11388 0032 0000=
2011021006 53989 3505 11395 0015 0000=
2011021006 57390 3180 11407 0020 0000=
2011021006 57396 3163 11485 0000 0000=
2011021006 57297 3213 11405 0012 0000=
2011021006 57087 3420 11380 0005 0000=
2011021006 57089 3403 11387 0020 0000=
2011021006 57192 3373 11485 0000 0000=
2011021006 58101 3387 11548 0008 0000=
2011021006 57198 3355 11462 0005 0000=
2011021006 57099 3407 11485 0000 0000=
2011021006 57196 3347 11487 0003 0000=
2011021006 57086 3438 11372 0030 0000=
2011021006 57083 3472 11365 0011 0000=
2011021006 57090 3472 11397 0010 0000=
2011021006 57292 3297 11463 0010 0000=
2011021006 57188 3337 11403 0000 0000=
2011021006 57295 3262 11435 0045 0000=
2011021006 57290 3300 11402 0021 0000=
NNNN
