120.960000000000	31.8000000000000
120.770000000000	31.9500000000000
120.600000000000	32.0500000000000
120.370000000000	32.0300000000000
120.351700000000	31.9782800000000
120.245600000000	31.9588300000000
120.025800000000	31.9774600000000
119.902700000000	32.0611700000000
119.842300000000	32.2986900000000
119.674400000000	32.1777300000000
119.531100000000	32.2218200000000
119.316600000000	32.2060300000000
119.182000000000	32.2408500000000
118.892600000000	32.1729500000000
118.719100000000	32.0756200000000
118.619700000000	31.9279200000000
118.489900000000	31.8638200000000
118.385700000000	31.7121800000000
118.351400000000	31.5188500000000
118.360900000000	31.3224000000000
118.109300000000	31.2501000000000
117.988500000000	31.1114500000000
117.861500000000	31.1607400000000
117.787200000000	31.0962900000000
117.760400000000	30.9144600000000
117.709800000000	30.8402400000000
117.483300000000	30.7528100000000
117.247600000000	30.6655300000000
117.210900000000	30.5208600000000
117.060700000000	30.4606100000000
116.957600000000	30.4422800000000
116.926100000000	30.2359400000000
116.823000000000	30.0949900000000
116.512800000000	29.9411800000000
116.251700000000	29.7880200000000
116.141900000000	29.7285200000000
115.954100000000	29.7137900000000
115.794100000000	29.7545400000000
115.658100000000	29.7979800000000
115.405200000000	29.8140900000000
115.323200000000	30.0341800000000
115.229100000000	30.1445100000000
115.108100000000	30.2110600000000
115.101400000000	30.3377600000000
114.907300000000	30.3990500000000
114.792600000000	30.5872000000000
114.642200000000	30.5769300000000
114.479400000000	30.6973100000000
114.240000000000	30.4617200000000
114.171000000000	30.3378400000000
114.119500000000	30.2703800000000
113.936500000000	30.2685000000000
113.884800000000	30.1927800000000
114.067400000000	30.0887300000000
113.939300000000	30.0197100000000
113.794200000000	29.8899300000000
113.642600000000	29.9314700000000
113.426300000000	29.7993500000000
113.275700000000	29.6201000000000
113.117600000000	29.4775400000000
112.931300000000	29.4660800000000
113.018200000000	29.6311500000000
112.928600000000	29.6660900000000
112.914600000000	29.8132800000000
112.754500000000	29.7478400000000
112.699500000000	29.8225400000000
112.595900000000	29.7229400000000
112.531000000000	29.7936900000000
112.460800000000	29.6810100000000
112.375800000000	29.7194800000000
112.399400000000	29.8780300000000
112.359400000000	29.9889300000000
112.178900000000	30.0576400000000
112.236900000000	30.2521400000000
112.039900000000	30.2638700000000
111.829800000000	30.3365900000000
111.739200000000	30.3786900000000
111.574500000000	30.3321500000000
111.481700000000	30.2600300000000
111.365800000000	30.5261500000000
111.205100000000	30.7639900000000
111.114300000000	30.8503200000000
110.882000000000	30.8766900000000
110.698600000000	30.9633500000000
110.437000000000	31.0296900000000
110.145600000000	31.0182000000000
109.888400000000	31.0060400000000
109.728300000000	30.9813800000000
109.572800000000	31.0297300000000
109.345000000000	30.9758100000000
109.151300000000	30.9420300000000
108.904100000000	30.9237200000000
108.657100000000	30.9049100000000
108.468900000000	30.8578700000000
108.360300000000	30.7139800000000
108.290700000000	30.5705100000000
108.077800000000	30.3758400000000
108.084900000000	30.2782000000000
107.942200000000	30.2065300000000
107.787300000000	30.0651600000000
107.743100000000	29.9216500000000
107.494200000000	29.9124900000000
107.388200000000	29.7756000000000
107.203200000000	29.7264400000000
107.075700000000	29.8171200000000
106.940400000000	29.7198300000000
106.858800000000	29.5993300000000
106.591300000000	29.5999500000000
106.577200000000	29.4770900000000
106.421600000000	29.3213400000000
106.182800000000	29.2320200000000
106.137600000000	29.0752800000000
105.868600000000	29.0414300000000
105.909800000000	28.8753100000000
105.831600000000	28.8275400000000
105.748200000000	28.8858100000000
105.669000000000	28.9523500000000
105.416600000000	28.8853300000000
105.277200000000	28.7488100000000
105.114100000000	28.7051600000000
104.988100000000	28.8388100000000
104.699200000000	28.7603900000000
104.563100000000	28.6680700000000
104.471900000000	28.6146000000000
104.205700000000	28.6382800000000
103.861000000000	28.6981100000000
103.837600000000	28.4961800000000
103.830500000000	28.3974800000000
103.937500000000	28.2843900000000
103.755200000000	28.2663500000000
103.456900000000	28.1635000000000
103.504200000000	28.0349900000000
103.607800000000	27.9670400000000
103.505400000000	27.8299300000000
103.410200000000	27.6643400000000
103.294800000000	27.5836300000000
103.194900000000	27.4872800000000
103.093500000000	27.4112600000000
102.950900000000	27.3859900000000
102.975400000000	27.2559800000000
102.911900000000	27.0052300000000
103.018500000000	26.7732700000000
103.083100000000	26.6002600000000
103.019200000000	26.4726900000000
103.040100000000	26.3833700000000
102.883500000000	26.3239700000000
102.676500000000	26.2074000000000
102.674500000000	26.3433300000000
102.522200000000	26.3455200000000
102.267700000000	26.2497000000000
102.208300000000	26.1919000000000
102.136500000000	26.0671500000000
102.029200000000	25.9810200000000
101.862300000000	25.9977300000000
101.858300000000	26.0923900000000
101.952300000000	26.2725900000000
101.974400000000	26.3855500000000
101.910100000000	26.5334400000000
101.852400000000	26.6075500000000
101.685500000000	26.5622100000000
101.548400000000	26.5931000000000
101.514000000000	26.4213800000000
101.330900000000	26.3577000000000
101.174800000000	26.3495000000000
100.926000000000	26.2096400000000
100.712000000000	26.1836100000000
100.468300000000	26.2206900000000
100.469200000000	26.4272600000000
100.457900000000	26.5749000000000
100.385600000000	26.7708800000000
100.504200000000	26.8759100000000
100.521600000000	27.0587900000000
100.662800000000	27.2190000000000
100.707900000000	27.3216000000000
100.577600000000	27.4466400000000
100.577000000000	27.7552600000000
100.527600000000	27.7346600000000
100.419500000000	27.6514700000000
100.246600000000	27.5213500000000
100.356900000000	27.3702500000000
100.284500000000	27.2651300000000
100.127800000000	27.1648800000000
100.101900000000	26.9811800000000
100.033400000000	26.8884400000000
99.9742800000000	26.9986600000000
99.9035600000000	27.0871400000000
99.8413400000000	27.2217100000000
99.6703400000000	27.3256400000000
99.6449100000000	27.5005200000000
99.5441200000000	27.6766000000000
99.5246800000000	27.8765900000000
99.4112200000000	28.0348200000000
99.2852600000000	28.1382200000000
99.2169200000000	28.3827600000000
99.1903300000000	28.5940800000000
99.1139700000000	28.7841600000000
99.1585800000000	28.9199000000000
99.1840200000000	29.0948300000000
99.1266300000000	29.2824200000000
99.1848400000000	29.5013400000000
99.0796500000000	29.6473700000000
99.1109600000000	29.8143900000000
99.0386400000000	30.0741200000000
99.0185100000000	30.2279800000000
98.9945600000000	30.4469900000000
98.9630000000000	30.6856800000000
98.8993600000000	30.7615900000000
98.7500300000000	31.0012500000000
98.7462600000000	31.1728100000000
98.7807700000000	31.3152200000000
98.8774800000000	31.3979600000000
98.7602900000000	31.5014500000000
98.5918200000000	31.6530900000000
98.4450400000000	31.7862000000000
98.3697600000000	31.9342700000000
98.3763700000000	32.0616800000000
98.2548000000000	32.1152300000000
98.1674900000000	32.2047700000000
98.0401200000000	32.3965600000000
97.8953200000000	32.5006300000000
97.7752100000000	32.5375500000000
97.6458000000000	32.6347500000000
97.5031200000000	32.7509000000000
97.4228100000000	32.8815800000000
97.2885600000000	32.8757100000000
97.1518300000000	33.0739400000000
97.0399200000000	33.1765200000000
96.9993400000000	33.3030300000000
96.9185500000000	33.3352500000000
96.7254400000000	33.3756800000000
96.6763400000000	33.4889300000000
96.4727600000000	33.6178400000000
96.3592200000000	33.7197400000000
96.1364800000000	33.7478600000000
95.9761400000000	33.8523200000000
95.7505100000000	34.0063600000000
95.5736900000000	34.2231000000000
95.5158200000000	34.3718400000000
95.3676800000000	34.4812400000000
95.1196900000000	34.4924900000000
94.9650900000000	34.6580400000000
94.8133900000000	34.6722600000000
94.6997800000000	34.7278800000000
94.5383400000000	34.7119000000000
94.3324100000000	34.6613600000000
94.2571900000000	34.5492800000000
94.1063700000000	34.5586400000000
93.9279600000000	34.3508700000000
93.6825100000000	34.1748300000000
93.4410800000000	34.1794000000000
93.1852900000000	34.2267500000000
93.0821300000000	34.1344700000000
92.9269800000000	34.0471400000000
92.7717600000000	34.0788200000000
92.6210400000000	34.2055700000000
92.3687800000000	34.2559100000000
92.2052100000000	34.2528400000000
91.9763600000000	34.1535000000000
91.8321400000000	34.2227700000000
91.6339600000000	34.2796900000000
91.2756500000000	34.2295200000000
91.0654900000000	34.2054200000000
90.9069200000000	34.1807400000000
90.9208400000000	34.0384900000000
90.9018300000000	33.8415300000000
90.9017600000000	33.6722700000000
90.8689900000000	33.4482500000000
