ZCZC
FSCI50 BFLB 212050
2011082200时洛阳市气象台订正预报产品
SPCC 2011082200
1
57073 112.25 34.40 154.5 6 21
12 999.9 999.9 999.9 999.9 999.9 999.9 999.9 999.9 999.9 999.9 999.9 999.9 999.9 999.9 999.9 999.9 999.9 999.9 0.0 0.0 0.0
24 999.9 999.9 999.9 999.9 999.9 999.9 999.9 999.9 999.9 999.9 32.0 21.0 999.9 999.9 999.9 999.9 999.9 999.9 0.0 0.0 0.0
36 999.9 999.9 999.9 999.9 999.9 999.9 999.9 999.9 999.9 999.9 999.9 999.9 999.9 999.9 999.9 999.9 999.9 999.9 0.0 0.0 0.0
48 999.9 999.9 999.9 999.9 999.9 999.9 999.9 999.9 999.9 999.9 32.0 21.0 999.9 999.9 999.9 999.9 999.9 999.9 0.0 0.0 0.0
60 999.9 999.9 999.9 999.9 999.9 999.9 999.9 999.9 999.9 999.9 999.9 999.9 999.9 999.9 999.9 999.9 999.9 999.9 0.0 0.0 0.0
72 999.9 999.9 999.9 999.9 999.9 999.9 999.9 999.9 999.9 999.9 32.0 21.0 999.9 999.9 999.9 999.9 999.9 999.9 0.0 0.0 0.0
NNNN